Timeinterval Start Loc;Timeinterval End Loc;Isp;Quantity Measurement Unit Name;Afrr Down;Afrr Up;Incident Reserve Down;Incident Reserve Up;Absolute Total Volume;Total Volume
01/01/2024 00:00;01/01/2024 00:15;1;kWh;-3235;3196;0;0;6431;-39
01/01/2024 00:15;01/01/2024 00:30;2;kWh;0;2927;0;0;2927;2927
01/01/2024 00:30;01/01/2024 00:45;3;kWh;0;1863;0;0;1863;1863
01/01/2024 00:45;01/01/2024 01:00;4;kWh;0;1892;0;0;1892;1892
01/01/2024 01:00;01/01/2024 01:15;5;kWh;0;12778;0;0;12778;12778
01/01/2024 01:15;01/01/2024 01:30;6;kWh;-210;7630;0;0;7840;7420
01/01/2024 01:30;01/01/2024 01:45;7;kWh;-395;3469;0;0;3864;3074
01/01/2024 01:45;01/01/2024 02:00;8;kWh;-1891;6194;0;0;8085;4303
01/01/2024 02:00;01/01/2024 02:15;9;kWh;-5079;12310;0;0;17389;7231
01/01/2024 02:15;01/01/2024 02:30;10;kWh;-4;6334;0;0;6338;6330
01/01/2024 02:30;01/01/2024 02:45;11;kWh;-319;0;0;0;319;-319
01/01/2024 02:45;01/01/2024 03:00;12;kWh;-350;9805;0;0;10155;9455
01/01/2024 03:00;01/01/2024 03:15;13;kWh;0;2214;0;0;2214;2214
01/01/2024 03:15;01/01/2024 03:30;14;kWh;0;192;0;0;192;192
01/01/2024 03:30;01/01/2024 03:45;15;kWh;-1109;0;0;0;1109;-1109
01/01/2024 03:45;01/01/2024 04:00;16;kWh;-5928;562;0;0;6490;-5366
01/01/2024 04:00;01/01/2024 04:15;17;kWh;-5987;2986;0;0;8973;-3001
01/01/2024 04:15;01/01/2024 04:30;18;kWh;0;0;0;0;0;0
01/01/2024 04:30;01/01/2024 04:45;19;kWh;-202;947;0;0;1149;745
01/01/2024 04:45;01/01/2024 05:00;20;kWh;-394;3;0;0;397;-391
01/01/2024 05:00;01/01/2024 05:15;21;kWh;-7;0;0;0;7;-7
01/01/2024 05:15;01/01/2024 05:30;22;kWh;-1435;0;0;0;1435;-1435
01/01/2024 05:30;01/01/2024 05:45;23;kWh;-909;0;0;0;909;-909
01/01/2024 05:45;01/01/2024 06:00;24;kWh;-707;0;0;0;707;-707
01/01/2024 06:00;01/01/2024 06:15;25;kWh;-610;659;0;0;1269;49
01/01/2024 06:15;01/01/2024 06:30;26;kWh;0;0;0;0;0;0
01/01/2024 06:30;01/01/2024 06:45;27;kWh;0;3648;0;0;3648;3648
01/01/2024 06:45;01/01/2024 07:00;28;kWh;0;15125;0;0;15125;15125
01/01/2024 07:00;01/01/2024 07:15;29;kWh;0;3012;0;0;3012;3012
01/01/2024 07:15;01/01/2024 07:30;30;kWh;-180;1097;0;0;1277;917
01/01/2024 07:30;01/01/2024 07:45;31;kWh;-780;0;0;0;780;-780
01/01/2024 07:45;01/01/2024 08:00;32;kWh;0;29;0;0;29;29
01/01/2024 08:00;01/01/2024 08:15;33;kWh;-12405;131;0;0;12536;-12274
01/01/2024 08:15;01/01/2024 08:30;34;kWh;-10799;0;0;0;10799;-10799
01/01/2024 08:30;01/01/2024 08:45;35;kWh;-6333;0;0;0;6333;-6333
01/01/2024 08:45;01/01/2024 09:00;36;kWh;-15875;0;0;0;15875;-15875
01/01/2024 09:00;01/01/2024 09:15;37;kWh;-5185;0;0;0;5185;-5185
01/01/2024 09:15;01/01/2024 09:30;38;kWh;0;0;0;0;0;0
01/01/2024 09:30;01/01/2024 09:45;39;kWh;-44;0;0;0;44;-44
01/01/2024 09:45;01/01/2024 10:00;40;kWh;-2897;0;0;0;2897;-2897
01/01/2024 10:00;01/01/2024 10:15;41;kWh;-470;0;0;0;470;-470
01/01/2024 10:15;01/01/2024 10:30;42;kWh;-206;0;0;0;206;-206
01/01/2024 10:30;01/01/2024 10:45;43;kWh;-1295;0;0;0;1295;-1295
01/01/2024 10:45;01/01/2024 11:00;44;kWh;-1289;0;0;0;1289;-1289
01/01/2024 11:00;01/01/2024 11:15;45;kWh;-110;0;0;0;110;-110
01/01/2024 11:15;01/01/2024 11:30;46;kWh;-880;0;0;0;880;-880
01/01/2024 11:30;01/01/2024 11:45;47;kWh;-2447;0;0;0;2447;-2447
01/01/2024 11:45;01/01/2024 12:00;48;kWh;-577;0;0;0;577;-577
01/01/2024 12:00;01/01/2024 12:15;49;kWh;-449;0;0;0;449;-449
01/01/2024 12:15;01/01/2024 12:30;50;kWh;0;0;0;0;0;0
01/01/2024 12:30;01/01/2024 12:45;51;kWh;0;0;0;0;0;0
01/01/2024 12:45;01/01/2024 13:00;52;kWh;0;0;0;0;0;0
01/01/2024 13:00;01/01/2024 13:15;53;kWh;0;0;0;0;0;0
01/01/2024 13:15;01/01/2024 13:30;54;kWh;-272;0;0;0;272;-272
01/01/2024 13:30;01/01/2024 13:45;55;kWh;-1503;4;0;0;1507;-1499
01/01/2024 13:45;01/01/2024 14:00;56;kWh;0;170;0;0;170;170
01/01/2024 14:00;01/01/2024 14:15;57;kWh;0;0;0;0;0;0
01/01/2024 14:15;01/01/2024 14:30;58;kWh;0;0;0;0;0;0
01/01/2024 14:30;01/01/2024 14:45;59;kWh;0;0;0;0;0;0
01/01/2024 14:45;01/01/2024 15:00;60;kWh;0;0;0;0;0;0
01/01/2024 15:00;01/01/2024 15:15;61;kWh;0;0;0;0;0;0
01/01/2024 15:15;01/01/2024 15:30;62;kWh;0;8566;0;0;8566;8566
01/01/2024 15:30;01/01/2024 15:45;63;kWh;0;25652;0;0;25652;25652
01/01/2024 15:45;01/01/2024 16:00;64;kWh;0;44977;0;0;44977;44977
01/01/2024 16:00;01/01/2024 16:15;65;kWh;-5471;2474;0;0;7945;-2997
01/01/2024 16:15;01/01/2024 16:30;66;kWh;-1411;704;0;0;2115;-707
01/01/2024 16:30;01/01/2024 16:45;67;kWh;0;1101;0;0;1101;1101
01/01/2024 16:45;01/01/2024 17:00;68;kWh;0;2747;0;0;2747;2747
01/01/2024 17:00;01/01/2024 17:15;69;kWh;0;667;0;0;667;667
01/01/2024 17:15;01/01/2024 17:30;70;kWh;0;8757;0;0;8757;8757
01/01/2024 17:30;01/01/2024 17:45;71;kWh;0;35318;0;0;35318;35318
01/01/2024 17:45;01/01/2024 18:00;72;kWh;-878;45778;0;0;46656;44900
01/01/2024 18:00;01/01/2024 18:15;73;kWh;-12158;2693;0;0;14851;-9465
01/01/2024 18:15;01/01/2024 18:30;74;kWh;-711;0;0;0;711;-711
01/01/2024 18:30;01/01/2024 18:45;75;kWh;-1;0;0;0;1;-1
01/01/2024 18:45;01/01/2024 19:00;76;kWh;-6204;2482;0;0;8686;-3722
01/01/2024 19:00;01/01/2024 19:15;77;kWh;-18904;1323;0;0;20227;-17581
01/01/2024 19:15;01/01/2024 19:30;78;kWh;-23890;0;0;0;23890;-23890
01/01/2024 19:30;01/01/2024 19:45;79;kWh;-4900;0;0;0;4900;-4900
01/01/2024 19:45;01/01/2024 20:00;80;kWh;-3683;2453;0;0;6136;-1230
01/01/2024 20:00;01/01/2024 20:15;81;kWh;0;48716;0;0;48716;48716
01/01/2024 20:15;01/01/2024 20:30;82;kWh;0;57839;0;0;57839;57839
01/01/2024 20:30;01/01/2024 20:45;83;kWh;0;1447;0;0;1447;1447
01/01/2024 20:45;01/01/2024 21:00;84;kWh;-4979;0;0;0;4979;-4979
01/01/2024 21:00;01/01/2024 21:15;85;kWh;-3198;0;0;0;3198;-3198
01/01/2024 21:15;01/01/2024 21:30;86;kWh;-10557;0;0;0;10557;-10557
01/01/2024 21:30;01/01/2024 21:45;87;kWh;-23338;297;0;0;23635;-23041
01/01/2024 21:45;01/01/2024 22:00;88;kWh;-23918;522;0;0;24440;-23396
01/01/2024 22:00;01/01/2024 22:15;89;kWh;-20896;0;0;0;20896;-20896
01/01/2024 22:15;01/01/2024 22:30;90;kWh;-24947;0;0;0;24947;-24947
01/01/2024 22:30;01/01/2024 22:45;91;kWh;-13295;0;0;0;13295;-13295
01/01/2024 22:45;01/01/2024 23:00;92;kWh;-20010;0;0;0;20010;-20010
01/01/2024 23:00;01/01/2024 23:15;93;kWh;-3029;0;0;0;3029;-3029
01/01/2024 23:15;01/01/2024 23:30;94;kWh;-12159;0;0;0;12159;-12159
01/01/2024 23:30;01/01/2024 23:45;95;kWh;-18862;0;0;0;18862;-18862
01/01/2024 23:45;02/01/2024 00:00;96;kWh;-33161;0;0;0;33161;-33161
02/01/2024 00:00;02/01/2024 00:15;1;kWh;-148168;0;0;0;148168;-148168
02/01/2024 00:15;02/01/2024 00:30;2;kWh;-164494;0;0;0;164494;-164494
02/01/2024 00:30;02/01/2024 00:45;3;kWh;-142584;0;0;0;142584;-142584
02/01/2024 00:45;02/01/2024 01:00;4;kWh;-186518;0;0;0;186518;-186518
02/01/2024 01:00;02/01/2024 01:15;5;kWh;-112627;0;0;0;112627;-112627
02/01/2024 01:15;02/01/2024 01:30;6;kWh;-117919;0;0;0;117919;-117919
02/01/2024 01:30;02/01/2024 01:45;7;kWh;-148210;0;0;0;148210;-148210
02/01/2024 01:45;02/01/2024 02:00;8;kWh;-158903;0;0;0;158903;-158903
02/01/2024 02:00;02/01/2024 02:15;9;kWh;-47210;0;0;0;47210;-47210
02/01/2024 02:15;02/01/2024 02:30;10;kWh;-78994;0;0;0;78994;-78994
02/01/2024 02:30;02/01/2024 02:45;11;kWh;-103715;0;0;0;103715;-103715
02/01/2024 02:45;02/01/2024 03:00;12;kWh;-99829;0;0;0;99829;-99829
02/01/2024 03:00;02/01/2024 03:15;13;kWh;-74087;0;0;0;74087;-74087
02/01/2024 03:15;02/01/2024 03:30;14;kWh;-61855;0;0;0;61855;-61855
02/01/2024 03:30;02/01/2024 03:45;15;kWh;-66567;0;0;0;66567;-66567
02/01/2024 03:45;02/01/2024 04:00;16;kWh;-81145;0;0;0;81145;-81145
02/01/2024 04:00;02/01/2024 04:15;17;kWh;-56768;0;0;0;56768;-56768
02/01/2024 04:15;02/01/2024 04:30;18;kWh;-71103;0;0;0;71103;-71103
02/01/2024 04:30;02/01/2024 04:45;19;kWh;-51449;0;0;0;51449;-51449
02/01/2024 04:45;02/01/2024 05:00;20;kWh;-46201;0;0;0;46201;-46201
02/01/2024 05:00;02/01/2024 05:15;21;kWh;-44124;0;0;0;44124;-44124
02/01/2024 05:15;02/01/2024 05:30;22;kWh;-16897;0;0;0;16897;-16897
02/01/2024 05:30;02/01/2024 05:45;23;kWh;-36;0;0;0;36;-36
02/01/2024 05:45;02/01/2024 06:00;24;kWh;-51033;0;0;0;51033;-51033
02/01/2024 06:00;02/01/2024 06:15;25;kWh;-163153;0;0;0;163153;-163153
02/01/2024 06:15;02/01/2024 06:30;26;kWh;-102176;0;0;0;102176;-102176
02/01/2024 06:30;02/01/2024 06:45;27;kWh;-57461;0;0;0;57461;-57461
02/01/2024 06:45;02/01/2024 07:00;28;kWh;-44900;0;0;0;44900;-44900
02/01/2024 07:00;02/01/2024 07:15;29;kWh;-96418;0;0;0;96418;-96418
02/01/2024 07:15;02/01/2024 07:30;30;kWh;-60074;0;0;0;60074;-60074
02/01/2024 07:30;02/01/2024 07:45;31;kWh;-48057;0;0;0;48057;-48057
02/01/2024 07:45;02/01/2024 08:00;32;kWh;-17315;0;0;0;17315;-17315
02/01/2024 08:00;02/01/2024 08:15;33;kWh;-35891;0;0;0;35891;-35891
02/01/2024 08:15;02/01/2024 08:30;34;kWh;-18335;0;0;0;18335;-18335
02/01/2024 08:30;02/01/2024 08:45;35;kWh;-17042;0;0;0;17042;-17042
02/01/2024 08:45;02/01/2024 09:00;36;kWh;-7390;0;0;0;7390;-7390
02/01/2024 09:00;02/01/2024 09:15;37;kWh;-1558;0;0;0;1558;-1558
02/01/2024 09:15;02/01/2024 09:30;38;kWh;-472;0;0;0;472;-472
02/01/2024 09:30;02/01/2024 09:45;39;kWh;-34925;0;0;0;34925;-34925
02/01/2024 09:45;02/01/2024 10:00;40;kWh;-54744;0;0;0;54744;-54744
02/01/2024 10:00;02/01/2024 10:15;41;kWh;-21603;0;0;0;21603;-21603
02/01/2024 10:15;02/01/2024 10:30;42;kWh;-20322;0;0;0;20322;-20322
02/01/2024 10:30;02/01/2024 10:45;43;kWh;-17070;0;0;0;17070;-17070
02/01/2024 10:45;02/01/2024 11:00;44;kWh;-11103;0;0;0;11103;-11103
02/01/2024 11:00;02/01/2024 11:15;45;kWh;-870;0;0;0;870;-870
02/01/2024 11:15;02/01/2024 11:30;46;kWh;0;342;0;0;342;342
02/01/2024 11:30;02/01/2024 11:45;47;kWh;0;1453;0;0;1453;1453
02/01/2024 11:45;02/01/2024 12:00;48;kWh;0;0;0;0;0;0
02/01/2024 12:00;02/01/2024 12:15;49;kWh;0;0;0;0;0;0
02/01/2024 12:15;02/01/2024 12:30;50;kWh;0;0;0;0;0;0
02/01/2024 12:30;02/01/2024 12:45;51;kWh;0;0;0;0;0;0
02/01/2024 12:45;02/01/2024 13:00;52;kWh;0;0;0;0;0;0
02/01/2024 13:00;02/01/2024 13:15;53;kWh;0;35362;0;0;35362;35362
02/01/2024 13:15;02/01/2024 13:30;54;kWh;0;50206;0;0;50206;50206
02/01/2024 13:30;02/01/2024 13:45;55;kWh;0;33882;0;0;33882;33882
02/01/2024 13:45;02/01/2024 14:00;56;kWh;0;4666;0;0;4666;4666
02/01/2024 14:00;02/01/2024 14:15;57;kWh;0;0;0;0;0;0
02/01/2024 14:15;02/01/2024 14:30;58;kWh;0;0;0;0;0;0
02/01/2024 14:30;02/01/2024 14:45;59;kWh;0;0;0;0;0;0
02/01/2024 14:45;02/01/2024 15:00;60;kWh;-750;0;0;0;750;-750
02/01/2024 15:00;02/01/2024 15:15;61;kWh;-16528;0;0;0;16528;-16528
02/01/2024 15:15;02/01/2024 15:30;62;kWh;-2;0;0;0;2;-2
02/01/2024 15:30;02/01/2024 15:45;63;kWh;0;0;0;0;0;0
02/01/2024 15:45;02/01/2024 16:00;64;kWh;-2907;0;0;0;2907;-2907
02/01/2024 16:00;02/01/2024 16:15;65;kWh;-25644;0;0;0;25644;-25644
02/01/2024 16:15;02/01/2024 16:30;66;kWh;-12207;0;0;0;12207;-12207
02/01/2024 16:30;02/01/2024 16:45;67;kWh;-3903;0;0;0;3903;-3903
02/01/2024 16:45;02/01/2024 17:00;68;kWh;-4425;0;0;0;4425;-4425
02/01/2024 17:00;02/01/2024 17:15;69;kWh;-16928;6;0;0;16934;-16922
02/01/2024 17:15;02/01/2024 17:30;70;kWh;0;5443;0;0;5443;5443
02/01/2024 17:30;02/01/2024 17:45;71;kWh;-705;0;0;0;705;-705
02/01/2024 17:45;02/01/2024 18:00;72;kWh;-1767;0;0;0;1767;-1767
02/01/2024 18:00;02/01/2024 18:15;73;kWh;-10904;0;0;0;10904;-10904
02/01/2024 18:15;02/01/2024 18:30;74;kWh;-1825;0;0;0;1825;-1825
02/01/2024 18:30;02/01/2024 18:45;75;kWh;-10994;0;0;0;10994;-10994
02/01/2024 18:45;02/01/2024 19:00;76;kWh;-1730;0;0;0;1730;-1730
02/01/2024 19:00;02/01/2024 19:15;77;kWh;-147;0;0;0;147;-147
02/01/2024 19:15;02/01/2024 19:30;78;kWh;-499;0;0;0;499;-499
02/01/2024 19:30;02/01/2024 19:45;79;kWh;-5352;0;0;0;5352;-5352
02/01/2024 19:45;02/01/2024 20:00;80;kWh;-5678;2193;0;0;7871;-3485
02/01/2024 20:00;02/01/2024 20:15;81;kWh;0;60001;0;0;60001;60001
02/01/2024 20:15;02/01/2024 20:30;82;kWh;-1578;9544;0;0;11122;7966
02/01/2024 20:30;02/01/2024 20:45;83;kWh;-4896;2334;0;0;7230;-2562
02/01/2024 20:45;02/01/2024 21:00;84;kWh;-17932;0;0;0;17932;-17932
02/01/2024 21:00;02/01/2024 21:15;85;kWh;-5475;0;0;0;5475;-5475
02/01/2024 21:15;02/01/2024 21:30;86;kWh;-2216;0;0;0;2216;-2216
02/01/2024 21:30;02/01/2024 21:45;87;kWh;-13414;0;0;0;13414;-13414
02/01/2024 21:45;02/01/2024 22:00;88;kWh;0;3262;0;0;3262;3262
02/01/2024 22:00;02/01/2024 22:15;89;kWh;0;57752;0;0;57752;57752
02/01/2024 22:15;02/01/2024 22:30;90;kWh;-1115;1345;0;0;2460;230
02/01/2024 22:30;02/01/2024 22:45;91;kWh;-4202;0;0;0;4202;-4202
02/01/2024 22:45;02/01/2024 23:00;92;kWh;-893;2537;0;0;3430;1644
02/01/2024 23:00;02/01/2024 23:15;93;kWh;0;44917;0;0;44917;44917
02/01/2024 23:15;02/01/2024 23:30;94;kWh;0;23189;0;0;23189;23189
02/01/2024 23:30;02/01/2024 23:45;95;kWh;0;0;0;0;0;0
02/01/2024 23:45;03/01/2024 00:00;96;kWh;-4040;0;0;0;4040;-4040
03/01/2024 00:00;03/01/2024 00:15;1;kWh;-5332;56101;0;0;61433;50769
03/01/2024 00:15;03/01/2024 00:30;2;kWh;-655;36156;0;0;36811;35501
03/01/2024 00:30;03/01/2024 00:45;3;kWh;-27;21534;0;0;21561;21507
03/01/2024 00:45;03/01/2024 01:00;4;kWh;0;27127;0;0;27127;27127
03/01/2024 01:00;03/01/2024 01:15;5;kWh;0;60158;0;0;60158;60158
03/01/2024 01:15;03/01/2024 01:30;6;kWh;0;23077;0;0;23077;23077
03/01/2024 01:30;03/01/2024 01:45;7;kWh;0;15655;0;0;15655;15655
03/01/2024 01:45;03/01/2024 02:00;8;kWh;-1947;965;0;0;2912;-982
03/01/2024 02:00;03/01/2024 02:15;9;kWh;0;9445;0;0;9445;9445
03/01/2024 02:15;03/01/2024 02:30;10;kWh;-709;2060;0;0;2769;1351
03/01/2024 02:30;03/01/2024 02:45;11;kWh;-9002;1841;0;0;10843;-7161
03/01/2024 02:45;03/01/2024 03:00;12;kWh;-13761;8136;0;0;21897;-5625
03/01/2024 03:00;03/01/2024 03:15;13;kWh;-12921;1591;0;0;14512;-11330
03/01/2024 03:15;03/01/2024 03:30;14;kWh;-19904;0;0;0;19904;-19904
03/01/2024 03:30;03/01/2024 03:45;15;kWh;-16702;0;0;0;16702;-16702
03/01/2024 03:45;03/01/2024 04:00;16;kWh;-3832;0;0;0;3832;-3832
03/01/2024 04:00;03/01/2024 04:15;17;kWh;-6205;0;0;0;6205;-6205
03/01/2024 04:15;03/01/2024 04:30;18;kWh;-6427;0;0;0;6427;-6427
03/01/2024 04:30;03/01/2024 04:45;19;kWh;-8068;0;0;0;8068;-8068
03/01/2024 04:45;03/01/2024 05:00;20;kWh;-9089;0;0;0;9089;-9089
03/01/2024 05:00;03/01/2024 05:15;21;kWh;-10714;0;0;0;10714;-10714
03/01/2024 05:15;03/01/2024 05:30;22;kWh;-9378;0;0;0;9378;-9378
03/01/2024 05:30;03/01/2024 05:45;23;kWh;-1646;1519;0;0;3165;-127
03/01/2024 05:45;03/01/2024 06:00;24;kWh;-4425;1977;0;0;6402;-2448
03/01/2024 06:00;03/01/2024 06:15;25;kWh;-25018;540;0;0;25558;-24478
03/01/2024 06:15;03/01/2024 06:30;26;kWh;-3373;0;0;0;3373;-3373
03/01/2024 06:30;03/01/2024 06:45;27;kWh;-282;0;0;0;282;-282
03/01/2024 06:45;03/01/2024 07:00;28;kWh;0;0;0;0;0;0
03/01/2024 07:00;03/01/2024 07:15;29;kWh;-1135;0;0;0;1135;-1135
03/01/2024 07:15;03/01/2024 07:30;30;kWh;-2083;0;0;0;2083;-2083
03/01/2024 07:30;03/01/2024 07:45;31;kWh;-1587;1868;0;0;3455;281
03/01/2024 07:45;03/01/2024 08:00;32;kWh;-1109;244;0;0;1353;-865
03/01/2024 08:00;03/01/2024 08:15;33;kWh;-4252;377;0;0;4629;-3875
03/01/2024 08:15;03/01/2024 08:30;34;kWh;0;2012;0;0;2012;2012
03/01/2024 08:30;03/01/2024 08:45;35;kWh;0;0;0;0;0;0
03/01/2024 08:45;03/01/2024 09:00;36;kWh;-58;0;0;0;58;-58
03/01/2024 09:00;03/01/2024 09:15;37;kWh;-900;0;0;0;900;-900
03/01/2024 09:15;03/01/2024 09:30;38;kWh;-397;0;0;0;397;-397
03/01/2024 09:30;03/01/2024 09:45;39;kWh;-2609;0;0;0;2609;-2609
03/01/2024 09:45;03/01/2024 10:00;40;kWh;-7361;1147;0;0;8508;-6214
03/01/2024 10:00;03/01/2024 10:15;41;kWh;-4690;704;0;0;5394;-3986
03/01/2024 10:15;03/01/2024 10:30;42;kWh;-5933;753;0;0;6686;-5180
03/01/2024 10:30;03/01/2024 10:45;43;kWh;-7336;3;0;0;7339;-7333
03/01/2024 10:45;03/01/2024 11:00;44;kWh;-2519;0;0;0;2519;-2519
03/01/2024 11:00;03/01/2024 11:15;45;kWh;-1244;0;0;0;1244;-1244
03/01/2024 11:15;03/01/2024 11:30;46;kWh;0;1040;0;0;1040;1040
03/01/2024 11:30;03/01/2024 11:45;47;kWh;0;27;0;0;27;27
03/01/2024 11:45;03/01/2024 12:00;48;kWh;0;1610;0;0;1610;1610
03/01/2024 12:00;03/01/2024 12:15;49;kWh;0;1997;0;0;1997;1997
03/01/2024 12:15;03/01/2024 12:30;50;kWh;0;0;0;0;0;0
03/01/2024 12:30;03/01/2024 12:45;51;kWh;-2812;0;0;0;2812;-2812
03/01/2024 12:45;03/01/2024 13:00;52;kWh;-9971;503;0;0;10474;-9468
03/01/2024 13:00;03/01/2024 13:15;53;kWh;-12739;0;0;0;12739;-12739
03/01/2024 13:15;03/01/2024 13:30;54;kWh;-17758;0;0;0;17758;-17758
03/01/2024 13:30;03/01/2024 13:45;55;kWh;-21338;41;0;0;21379;-21297
03/01/2024 13:45;03/01/2024 14:00;56;kWh;-1859;199;0;0;2058;-1660
03/01/2024 14:00;03/01/2024 14:15;57;kWh;-7518;1349;0;0;8867;-6169
03/01/2024 14:15;03/01/2024 14:30;58;kWh;-925;137;0;0;1062;-788
03/01/2024 14:30;03/01/2024 14:45;59;kWh;-489;65;0;0;554;-424
03/01/2024 14:45;03/01/2024 15:00;60;kWh;0;38790;0;0;38790;38790
03/01/2024 15:00;03/01/2024 15:15;61;kWh;-725;3409;0;0;4134;2684
03/01/2024 15:15;03/01/2024 15:30;62;kWh;-2160;0;0;0;2160;-2160
03/01/2024 15:30;03/01/2024 15:45;63;kWh;0;0;0;0;0;0
03/01/2024 15:45;03/01/2024 16:00;64;kWh;0;3849;0;0;3849;3849
03/01/2024 16:00;03/01/2024 16:15;65;kWh;-16882;1719;0;0;18601;-15163
03/01/2024 16:15;03/01/2024 16:30;66;kWh;-16930;292;0;0;17222;-16638
03/01/2024 16:30;03/01/2024 16:45;67;kWh;-3553;298;0;0;3851;-3255
03/01/2024 16:45;03/01/2024 17:00;68;kWh;0;10333;0;0;10333;10333
03/01/2024 17:00;03/01/2024 17:15;69;kWh;-3058;7147;0;0;10205;4089
03/01/2024 17:15;03/01/2024 17:30;70;kWh;-2;2199;0;0;2201;2197
03/01/2024 17:30;03/01/2024 17:45;71;kWh;0;52151;0;0;52151;52151
03/01/2024 17:45;03/01/2024 18:00;72;kWh;0;33479;0;0;33479;33479
03/01/2024 18:00;03/01/2024 18:15;73;kWh;0;6546;0;0;6546;6546
03/01/2024 18:15;03/01/2024 18:30;74;kWh;0;4577;0;0;4577;4577
03/01/2024 18:30;03/01/2024 18:45;75;kWh;0;2390;0;0;2390;2390
03/01/2024 18:45;03/01/2024 19:00;76;kWh;0;0;0;0;0;0
03/01/2024 19:00;03/01/2024 19:15;77;kWh;-495;0;0;0;495;-495
03/01/2024 19:15;03/01/2024 19:30;78;kWh;-1593;0;0;0;1593;-1593
03/01/2024 19:30;03/01/2024 19:45;79;kWh;-1298;0;0;0;1298;-1298
03/01/2024 19:45;03/01/2024 20:00;80;kWh;-481;0;0;0;481;-481
03/01/2024 20:00;03/01/2024 20:15;81;kWh;0;179;0;0;179;179
03/01/2024 20:15;03/01/2024 20:30;82;kWh;0;8303;0;0;8303;8303
03/01/2024 20:30;03/01/2024 20:45;83;kWh;0;1286;0;0;1286;1286
03/01/2024 20:45;03/01/2024 21:00;84;kWh;-375;0;0;0;375;-375
03/01/2024 21:00;03/01/2024 21:15;85;kWh;-3038;0;0;0;3038;-3038
03/01/2024 21:15;03/01/2024 21:30;86;kWh;0;9271;0;0;9271;9271
03/01/2024 21:30;03/01/2024 21:45;87;kWh;0;8828;0;0;8828;8828
03/01/2024 21:45;03/01/2024 22:00;88;kWh;0;2336;0;0;2336;2336
03/01/2024 22:00;03/01/2024 22:15;89;kWh;0;19325;0;0;19325;19325
03/01/2024 22:15;03/01/2024 22:30;90;kWh;0;22595;0;0;22595;22595
03/01/2024 22:30;03/01/2024 22:45;91;kWh;0;7;0;0;7;7
03/01/2024 22:45;03/01/2024 23:00;92;kWh;-148;0;0;0;148;-148
03/01/2024 23:00;03/01/2024 23:15;93;kWh;-5576;893;0;0;6469;-4683
03/01/2024 23:15;03/01/2024 23:30;94;kWh;-475;1603;0;0;2078;1128
03/01/2024 23:30;03/01/2024 23:45;95;kWh;0;1184;0;0;1184;1184
03/01/2024 23:45;04/01/2024 00:00;96;kWh;0;0;0;0;0;0
04/01/2024 00:00;04/01/2024 00:15;1;kWh;-29;0;0;0;29;-29
04/01/2024 00:15;04/01/2024 00:30;2;kWh;-817;0;0;0;817;-817
04/01/2024 00:30;04/01/2024 00:45;3;kWh;-7720;0;0;0;7720;-7720
04/01/2024 00:45;04/01/2024 01:00;4;kWh;-26349;0;0;0;26349;-26349
04/01/2024 01:00;04/01/2024 01:15;5;kWh;-11013;0;0;0;11013;-11013
04/01/2024 01:15;04/01/2024 01:30;6;kWh;-10077;0;0;0;10077;-10077
04/01/2024 01:30;04/01/2024 01:45;7;kWh;-16331;0;0;0;16331;-16331
04/01/2024 01:45;04/01/2024 02:00;8;kWh;-19908;0;0;0;19908;-19908
04/01/2024 02:00;04/01/2024 02:15;9;kWh;-19849;0;0;0;19849;-19849
04/01/2024 02:15;04/01/2024 02:30;10;kWh;-11248;0;0;0;11248;-11248
04/01/2024 02:30;04/01/2024 02:45;11;kWh;-10708;0;0;0;10708;-10708
04/01/2024 02:45;04/01/2024 03:00;12;kWh;-8471;0;0;0;8471;-8471
04/01/2024 03:00;04/01/2024 03:15;13;kWh;-2071;0;0;0;2071;-2071
04/01/2024 03:15;04/01/2024 03:30;14;kWh;-16473;0;0;0;16473;-16473
04/01/2024 03:30;04/01/2024 03:45;15;kWh;-8058;0;0;0;8058;-8058
04/01/2024 03:45;04/01/2024 04:00;16;kWh;0;0;0;0;0;0
04/01/2024 04:00;04/01/2024 04:15;17;kWh;0;0;0;0;0;0
04/01/2024 04:15;04/01/2024 04:30;18;kWh;0;0;0;0;0;0
04/01/2024 04:30;04/01/2024 04:45;19;kWh;-789;0;0;0;789;-789
04/01/2024 04:45;04/01/2024 05:00;20;kWh;0;0;0;0;0;0
04/01/2024 05:00;04/01/2024 05:15;21;kWh;0;7687;0;0;7687;7687
04/01/2024 05:15;04/01/2024 05:30;22;kWh;0;1493;0;0;1493;1493
04/01/2024 05:30;04/01/2024 05:45;23;kWh;0;13108;0;0;13108;13108
04/01/2024 05:45;04/01/2024 06:00;24;kWh;0;34502;0;0;34502;34502
04/01/2024 06:00;04/01/2024 06:15;25;kWh;-4157;4663;0;0;8820;506
04/01/2024 06:15;04/01/2024 06:30;26;kWh;0;7066;0;0;7066;7066
04/01/2024 06:30;04/01/2024 06:45;27;kWh;0;5259;0;0;5259;5259
04/01/2024 06:45;04/01/2024 07:00;28;kWh;0;0;0;0;0;0
04/01/2024 07:00;04/01/2024 07:15;29;kWh;-17145;0;0;0;17145;-17145
04/01/2024 07:15;04/01/2024 07:30;30;kWh;-26985;0;0;0;26985;-26985
04/01/2024 07:30;04/01/2024 07:45;31;kWh;-26581;0;0;0;26581;-26581
04/01/2024 07:45;04/01/2024 08:00;32;kWh;-1882;0;0;0;1882;-1882
04/01/2024 08:00;04/01/2024 08:15;33;kWh;-14430;0;0;0;14430;-14430
04/01/2024 08:15;04/01/2024 08:30;34;kWh;-15;0;0;0;15;-15
04/01/2024 08:30;04/01/2024 08:45;35;kWh;0;0;0;0;0;0
04/01/2024 08:45;04/01/2024 09:00;36;kWh;-9029;0;0;0;9029;-9029
04/01/2024 09:00;04/01/2024 09:15;37;kWh;-3291;0;0;0;3291;-3291
04/01/2024 09:15;04/01/2024 09:30;38;kWh;-8398;0;0;0;8398;-8398
04/01/2024 09:30;04/01/2024 09:45;39;kWh;-20285;0;0;0;20285;-20285
04/01/2024 09:45;04/01/2024 10:00;40;kWh;-30246;0;0;0;30246;-30246
04/01/2024 10:00;04/01/2024 10:15;41;kWh;-1512;21659;0;0;23171;20147
04/01/2024 10:15;04/01/2024 10:30;42;kWh;0;43241;0;0;43241;43241
04/01/2024 10:30;04/01/2024 10:45;43;kWh;0;44052;0;0;44052;44052
04/01/2024 10:45;04/01/2024 11:00;44;kWh;0;47745;0;0;47745;47745
04/01/2024 11:00;04/01/2024 11:15;45;kWh;0;34512;0;0;34512;34512
04/01/2024 11:15;04/01/2024 11:30;46;kWh;0;1562;0;0;1562;1562
04/01/2024 11:30;04/01/2024 11:45;47;kWh;0;0;0;0;0;0
04/01/2024 11:45;04/01/2024 12:00;48;kWh;-631;1100;0;0;1731;469
04/01/2024 12:00;04/01/2024 12:15;49;kWh;-2941;0;0;0;2941;-2941
04/01/2024 12:15;04/01/2024 12:30;50;kWh;-1017;0;0;0;1017;-1017
04/01/2024 12:30;04/01/2024 12:45;51;kWh;-4641;0;0;0;4641;-4641
04/01/2024 12:45;04/01/2024 13:00;52;kWh;-687;0;0;0;687;-687
04/01/2024 13:00;04/01/2024 13:15;53;kWh;-303;3548;0;0;3851;3245
04/01/2024 13:15;04/01/2024 13:30;54;kWh;0;18448;0;0;18448;18448
04/01/2024 13:30;04/01/2024 13:45;55;kWh;0;10675;0;0;10675;10675
04/01/2024 13:45;04/01/2024 14:00;56;kWh;0;0;0;0;0;0
04/01/2024 14:00;04/01/2024 14:15;57;kWh;0;14439;0;0;14439;14439
04/01/2024 14:15;04/01/2024 14:30;58;kWh;0;10693;0;0;10693;10693
04/01/2024 14:30;04/01/2024 14:45;59;kWh;-986;315;0;0;1301;-671
04/01/2024 14:45;04/01/2024 15:00;60;kWh;-6040;0;0;0;6040;-6040
04/01/2024 15:00;04/01/2024 15:15;61;kWh;-3697;0;0;0;3697;-3697
04/01/2024 15:15;04/01/2024 15:30;62;kWh;-17156;0;0;0;17156;-17156
04/01/2024 15:30;04/01/2024 15:45;63;kWh;-167;0;0;0;167;-167
04/01/2024 15:45;04/01/2024 16:00;64;kWh;0;0;0;0;0;0
04/01/2024 16:00;04/01/2024 16:15;65;kWh;-27602;0;0;0;27602;-27602
04/01/2024 16:15;04/01/2024 16:30;66;kWh;-6176;0;0;0;6176;-6176
04/01/2024 16:30;04/01/2024 16:45;67;kWh;-4;1276;0;0;1280;1272
04/01/2024 16:45;04/01/2024 17:00;68;kWh;0;39648;0;0;39648;39648
04/01/2024 17:00;04/01/2024 17:15;69;kWh;0;39125;0;0;39125;39125
04/01/2024 17:15;04/01/2024 17:30;70;kWh;0;0;0;0;0;0
04/01/2024 17:30;04/01/2024 17:45;71;kWh;0;2317;0;0;2317;2317
04/01/2024 17:45;04/01/2024 18:00;72;kWh;0;0;0;0;0;0
04/01/2024 18:00;04/01/2024 18:15;73;kWh;0;0;0;0;0;0
04/01/2024 18:15;04/01/2024 18:30;74;kWh;0;0;0;0;0;0
04/01/2024 18:30;04/01/2024 18:45;75;kWh;0;213;0;0;213;213
04/01/2024 18:45;04/01/2024 19:00;76;kWh;0;17673;0;0;17673;17673
04/01/2024 19:00;04/01/2024 19:15;77;kWh;0;13328;0;0;13328;13328
04/01/2024 19:15;04/01/2024 19:30;78;kWh;0;29453;0;0;29453;29453
04/01/2024 19:30;04/01/2024 19:45;79;kWh;-36;2867;0;0;2903;2831
04/01/2024 19:45;04/01/2024 20:00;80;kWh;-17663;0;0;0;17663;-17663
04/01/2024 20:00;04/01/2024 20:15;81;kWh;-22769;11511;0;0;34280;-11258
04/01/2024 20:15;04/01/2024 20:30;82;kWh;0;8236;0;0;8236;8236
04/01/2024 20:30;04/01/2024 20:45;83;kWh;-316;2288;0;0;2604;1972
04/01/2024 20:45;04/01/2024 21:00;84;kWh;-28961;2;0;0;28963;-28959
04/01/2024 21:00;04/01/2024 21:15;85;kWh;-7040;0;0;0;7040;-7040
04/01/2024 21:15;04/01/2024 21:30;86;kWh;0;717;0;0;717;717
04/01/2024 21:30;04/01/2024 21:45;87;kWh;-6398;0;0;0;6398;-6398
04/01/2024 21:45;04/01/2024 22:00;88;kWh;-13989;0;0;0;13989;-13989
04/01/2024 22:00;04/01/2024 22:15;89;kWh;-337;16967;0;0;17304;16630
04/01/2024 22:15;04/01/2024 22:30;90;kWh;-1241;10867;0;0;12108;9626
04/01/2024 22:30;04/01/2024 22:45;91;kWh;-1407;0;0;0;1407;-1407
04/01/2024 22:45;04/01/2024 23:00;92;kWh;0;3836;0;0;3836;3836
04/01/2024 23:00;04/01/2024 23:15;93;kWh;-18497;0;0;0;18497;-18497
04/01/2024 23:15;04/01/2024 23:30;94;kWh;-12723;0;0;0;12723;-12723
04/01/2024 23:30;04/01/2024 23:45;95;kWh;-1642;0;0;0;1642;-1642
04/01/2024 23:45;05/01/2024 00:00;96;kWh;-34700;0;0;0;34700;-34700
05/01/2024 00:00;05/01/2024 00:15;1;kWh;-2007;24231;0;0;26238;22224
05/01/2024 00:15;05/01/2024 00:30;2;kWh;0;40049;0;0;40049;40049
05/01/2024 00:30;05/01/2024 00:45;3;kWh;0;9453;0;0;9453;9453
05/01/2024 00:45;05/01/2024 01:00;4;kWh;-604;96;0;0;700;-508
05/01/2024 01:00;05/01/2024 01:15;5;kWh;-735;0;0;0;735;-735
05/01/2024 01:15;05/01/2024 01:30;6;kWh;-4295;0;0;0;4295;-4295
05/01/2024 01:30;05/01/2024 01:45;7;kWh;-19695;0;0;0;19695;-19695
05/01/2024 01:45;05/01/2024 02:00;8;kWh;-22300;0;0;0;22300;-22300
05/01/2024 02:00;05/01/2024 02:15;9;kWh;-6133;0;0;0;6133;-6133
05/01/2024 02:15;05/01/2024 02:30;10;kWh;-5627;0;0;0;5627;-5627
05/01/2024 02:30;05/01/2024 02:45;11;kWh;-7382;0;0;0;7382;-7382
05/01/2024 02:45;05/01/2024 03:00;12;kWh;-32086;0;0;0;32086;-32086
05/01/2024 03:00;05/01/2024 03:15;13;kWh;-5766;1574;0;0;7340;-4192
05/01/2024 03:15;05/01/2024 03:30;14;kWh;0;5210;0;0;5210;5210
05/01/2024 03:30;05/01/2024 03:45;15;kWh;-9;191;0;0;200;182
05/01/2024 03:45;05/01/2024 04:00;16;kWh;-15521;0;0;0;15521;-15521
05/01/2024 04:00;05/01/2024 04:15;17;kWh;-9227;0;0;0;9227;-9227
05/01/2024 04:15;05/01/2024 04:30;18;kWh;-372;0;0;0;372;-372
05/01/2024 04:30;05/01/2024 04:45;19;kWh;0;0;0;0;0;0
05/01/2024 04:45;05/01/2024 05:00;20;kWh;0;0;0;0;0;0
05/01/2024 05:00;05/01/2024 05:15;21;kWh;-8771;0;0;0;8771;-8771
05/01/2024 05:15;05/01/2024 05:30;22;kWh;-28890;0;0;0;28890;-28890
05/01/2024 05:30;05/01/2024 05:45;23;kWh;-30750;0;0;0;30750;-30750
05/01/2024 05:45;05/01/2024 06:00;24;kWh;-7972;0;0;0;7972;-7972
05/01/2024 06:00;05/01/2024 06:15;25;kWh;-31023;0;0;0;31023;-31023
05/01/2024 06:15;05/01/2024 06:30;26;kWh;-13429;0;0;0;13429;-13429
05/01/2024 06:30;05/01/2024 06:45;27;kWh;-1512;2342;0;0;3854;830
05/01/2024 06:45;05/01/2024 07:00;28;kWh;0;28621;0;0;28621;28621
05/01/2024 07:00;05/01/2024 07:15;29;kWh;0;6103;0;0;6103;6103
05/01/2024 07:15;05/01/2024 07:30;30;kWh;0;3484;0;0;3484;3484
05/01/2024 07:30;05/01/2024 07:45;31;kWh;0;0;0;0;0;0
05/01/2024 07:45;05/01/2024 08:00;32;kWh;0;0;0;0;0;0
05/01/2024 08:00;05/01/2024 08:15;33;kWh;-12908;0;0;0;12908;-12908
05/01/2024 08:15;05/01/2024 08:30;34;kWh;-5237;0;0;0;5237;-5237
05/01/2024 08:30;05/01/2024 08:45;35;kWh;-215;0;0;0;215;-215
05/01/2024 08:45;05/01/2024 09:00;36;kWh;0;10;0;0;10;10
05/01/2024 09:00;05/01/2024 09:15;37;kWh;0;43208;0;0;43208;43208
05/01/2024 09:15;05/01/2024 09:30;38;kWh;0;11112;0;0;11112;11112
05/01/2024 09:30;05/01/2024 09:45;39;kWh;0;12992;0;0;12992;12992
05/01/2024 09:45;05/01/2024 10:00;40;kWh;0;14003;0;0;14003;14003
05/01/2024 10:00;05/01/2024 10:15;41;kWh;0;8425;0;0;8425;8425
05/01/2024 10:15;05/01/2024 10:30;42;kWh;0;12512;0;0;12512;12512
05/01/2024 10:30;05/01/2024 10:45;43;kWh;0;37462;0;0;37462;37462
05/01/2024 10:45;05/01/2024 11:00;44;kWh;0;36207;0;0;36207;36207
05/01/2024 11:00;05/01/2024 11:15;45;kWh;0;6087;0;0;6087;6087
05/01/2024 11:15;05/01/2024 11:30;46;kWh;0;2171;0;0;2171;2171
05/01/2024 11:30;05/01/2024 11:45;47;kWh;0;22615;0;0;22615;22615
05/01/2024 11:45;05/01/2024 12:00;48;kWh;0;34952;0;0;34952;34952
05/01/2024 12:00;05/01/2024 12:15;49;kWh;0;41824;0;0;41824;41824
05/01/2024 12:15;05/01/2024 12:30;50;kWh;0;45380;0;0;45380;45380
05/01/2024 12:30;05/01/2024 12:45;51;kWh;0;57912;0;0;57912;57912
05/01/2024 12:45;05/01/2024 13:00;52;kWh;0;46164;0;0;46164;46164
05/01/2024 13:00;05/01/2024 13:15;53;kWh;-6644;4776;0;0;11420;-1868
05/01/2024 13:15;05/01/2024 13:30;54;kWh;-553;354;0;0;907;-199
05/01/2024 13:30;05/01/2024 13:45;55;kWh;0;15693;0;0;15693;15693
05/01/2024 13:45;05/01/2024 14:00;56;kWh;0;17293;0;0;17293;17293
05/01/2024 14:00;05/01/2024 14:15;57;kWh;0;14215;0;0;14215;14215
05/01/2024 14:15;05/01/2024 14:30;58;kWh;0;7182;0;0;7182;7182
05/01/2024 14:30;05/01/2024 14:45;59;kWh;0;22564;0;0;22564;22564
05/01/2024 14:45;05/01/2024 15:00;60;kWh;0;33689;0;0;33689;33689
05/01/2024 15:00;05/01/2024 15:15;61;kWh;0;12153;0;0;12153;12153
05/01/2024 15:15;05/01/2024 15:30;62;kWh;0;47612;0;0;47612;47612
05/01/2024 15:30;05/01/2024 15:45;63;kWh;0;27182;0;0;27182;27182
05/01/2024 15:45;05/01/2024 16:00;64;kWh;0;20637;0;0;20637;20637
05/01/2024 16:00;05/01/2024 16:15;65;kWh;0;2068;0;0;2068;2068
05/01/2024 16:15;05/01/2024 16:30;66;kWh;0;2257;0;0;2257;2257
05/01/2024 16:30;05/01/2024 16:45;67;kWh;0;631;0;0;631;631
05/01/2024 16:45;05/01/2024 17:00;68;kWh;0;0;0;0;0;0
05/01/2024 17:00;05/01/2024 17:15;69;kWh;-156;0;0;0;156;-156
05/01/2024 17:15;05/01/2024 17:30;70;kWh;-8;0;0;0;8;-8
05/01/2024 17:30;05/01/2024 17:45;71;kWh;-28506;0;0;0;28506;-28506
05/01/2024 17:45;05/01/2024 18:00;72;kWh;-877;0;0;0;877;-877
05/01/2024 18:00;05/01/2024 18:15;73;kWh;0;996;0;0;996;996
05/01/2024 18:15;05/01/2024 18:30;74;kWh;0;2248;0;0;2248;2248
05/01/2024 18:30;05/01/2024 18:45;75;kWh;0;29348;0;0;29348;29348
05/01/2024 18:45;05/01/2024 19:00;76;kWh;0;24237;0;0;24237;24237
05/01/2024 19:00;05/01/2024 19:15;77;kWh;0;35427;0;0;35427;35427
05/01/2024 19:15;05/01/2024 19:30;78;kWh;0;40551;0;0;40551;40551
05/01/2024 19:30;05/01/2024 19:45;79;kWh;0;41391;0;0;41391;41391
05/01/2024 19:45;05/01/2024 20:00;80;kWh;0;12065;0;0;12065;12065
05/01/2024 20:00;05/01/2024 20:15;81;kWh;-1181;492;0;0;1673;-689
05/01/2024 20:15;05/01/2024 20:30;82;kWh;-442;0;0;0;442;-442
05/01/2024 20:30;05/01/2024 20:45;83;kWh;0;1696;0;0;1696;1696
05/01/2024 20:45;05/01/2024 21:00;84;kWh;0;0;0;0;0;0
05/01/2024 21:00;05/01/2024 21:15;85;kWh;-912;2;0;0;914;-910
05/01/2024 21:15;05/01/2024 21:30;86;kWh;0;953;0;0;953;953
05/01/2024 21:30;05/01/2024 21:45;87;kWh;0;23;0;0;23;23
05/01/2024 21:45;05/01/2024 22:00;88;kWh;0;0;0;0;0;0
05/01/2024 22:00;05/01/2024 22:15;89;kWh;0;26343;0;0;26343;26343
05/01/2024 22:15;05/01/2024 22:30;90;kWh;0;42829;0;0;42829;42829
05/01/2024 22:30;05/01/2024 22:45;91;kWh;0;32177;0;0;32177;32177
05/01/2024 22:45;05/01/2024 23:00;92;kWh;0;3121;0;0;3121;3121
05/01/2024 23:00;05/01/2024 23:15;93;kWh;0;14842;0;0;14842;14842
05/01/2024 23:15;05/01/2024 23:30;94;kWh;0;4077;0;0;4077;4077
05/01/2024 23:30;05/01/2024 23:45;95;kWh;0;0;0;0;0;0
05/01/2024 23:45;06/01/2024 00:00;96;kWh;-233;0;0;0;233;-233
06/01/2024 00:00;06/01/2024 00:15;1;kWh;-423;23717;0;0;24140;23294
06/01/2024 00:15;06/01/2024 00:30;2;kWh;0;41089;0;0;41089;41089
06/01/2024 00:30;06/01/2024 00:45;3;kWh;0;47945;0;0;47945;47945
06/01/2024 00:45;06/01/2024 01:00;4;kWh;0;39224;0;0;39224;39224
06/01/2024 01:00;06/01/2024 01:15;5;kWh;0;14275;0;0;14275;14275
06/01/2024 01:15;06/01/2024 01:30;6;kWh;0;31957;0;0;31957;31957
06/01/2024 01:30;06/01/2024 01:45;7;kWh;0;2171;0;0;2171;2171
06/01/2024 01:45;06/01/2024 02:00;8;kWh;0;0;0;0;0;0
06/01/2024 02:00;06/01/2024 02:15;9;kWh;0;51172;0;0;51172;51172
06/01/2024 02:15;06/01/2024 02:30;10;kWh;0;14362;0;0;14362;14362
06/01/2024 02:30;06/01/2024 02:45;11;kWh;0;16645;0;0;16645;16645
06/01/2024 02:45;06/01/2024 03:00;12;kWh;0;5605;0;0;5605;5605
06/01/2024 03:00;06/01/2024 03:15;13;kWh;0;19386;0;0;19386;19386
06/01/2024 03:15;06/01/2024 03:30;14;kWh;0;5470;0;0;5470;5470
06/01/2024 03:30;06/01/2024 03:45;15;kWh;0;38;0;0;38;38
06/01/2024 03:45;06/01/2024 04:00;16;kWh;-512;0;0;0;512;-512
06/01/2024 04:00;06/01/2024 04:15;17;kWh;-300;0;0;0;300;-300
06/01/2024 04:15;06/01/2024 04:30;18;kWh;0;469;0;0;469;469
06/01/2024 04:30;06/01/2024 04:45;19;kWh;0;5349;0;0;5349;5349
06/01/2024 04:45;06/01/2024 05:00;20;kWh;0;10044;0;0;10044;10044
06/01/2024 05:00;06/01/2024 05:15;21;kWh;0;7580;0;0;7580;7580
06/01/2024 05:15;06/01/2024 05:30;22;kWh;0;16618;0;0;16618;16618
06/01/2024 05:30;06/01/2024 05:45;23;kWh;0;8373;0;0;8373;8373
06/01/2024 05:45;06/01/2024 06:00;24;kWh;0;295;0;0;295;295
06/01/2024 06:00;06/01/2024 06:15;25;kWh;0;3706;0;0;3706;3706
06/01/2024 06:15;06/01/2024 06:30;26;kWh;0;5139;0;0;5139;5139
06/01/2024 06:30;06/01/2024 06:45;27;kWh;0;0;0;0;0;0
06/01/2024 06:45;06/01/2024 07:00;28;kWh;0;0;0;0;0;0
06/01/2024 07:00;06/01/2024 07:15;29;kWh;0;0;0;0;0;0
06/01/2024 07:15;06/01/2024 07:30;30;kWh;0;0;0;0;0;0
06/01/2024 07:30;06/01/2024 07:45;31;kWh;0;0;0;0;0;0
06/01/2024 07:45;06/01/2024 08:00;32;kWh;0;0;0;0;0;0
06/01/2024 08:00;06/01/2024 08:15;33;kWh;0;0;0;0;0;0
06/01/2024 08:15;06/01/2024 08:30;34;kWh;-11763;0;0;0;11763;-11763
06/01/2024 08:30;06/01/2024 08:45;35;kWh;-5035;0;0;0;5035;-5035
06/01/2024 08:45;06/01/2024 09:00;36;kWh;-5840;0;0;0;5840;-5840
06/01/2024 09:00;06/01/2024 09:15;37;kWh;-6638;0;0;0;6638;-6638
06/01/2024 09:15;06/01/2024 09:30;38;kWh;-3112;0;0;0;3112;-3112
06/01/2024 09:30;06/01/2024 09:45;39;kWh;0;649;0;0;649;649
06/01/2024 09:45;06/01/2024 10:00;40;kWh;0;2426;0;0;2426;2426
06/01/2024 10:00;06/01/2024 10:15;41;kWh;0;24710;0;0;24710;24710
06/01/2024 10:15;06/01/2024 10:30;42;kWh;0;32438;0;0;32438;32438
06/01/2024 10:30;06/01/2024 10:45;43;kWh;0;33241;0;0;33241;33241
06/01/2024 10:45;06/01/2024 11:00;44;kWh;0;31413;0;0;31413;31413
06/01/2024 11:00;06/01/2024 11:15;45;kWh;-1743;72;0;0;1815;-1671
06/01/2024 11:15;06/01/2024 11:30;46;kWh;0;1068;0;0;1068;1068
06/01/2024 11:30;06/01/2024 11:45;47;kWh;0;16511;0;0;16511;16511
06/01/2024 11:45;06/01/2024 12:00;48;kWh;0;24947;0;0;24947;24947
06/01/2024 12:00;06/01/2024 12:15;49;kWh;0;19690;0;0;19690;19690
06/01/2024 12:15;06/01/2024 12:30;50;kWh;0;32779;0;0;32779;32779
06/01/2024 12:30;06/01/2024 12:45;51;kWh;0;39140;0;0;39140;39140
06/01/2024 12:45;06/01/2024 13:00;52;kWh;0;22021;0;0;22021;22021
06/01/2024 13:00;06/01/2024 13:15;53;kWh;0;9731;0;0;9731;9731
06/01/2024 13:15;06/01/2024 13:30;54;kWh;0;7285;0;0;7285;7285
06/01/2024 13:30;06/01/2024 13:45;55;kWh;0;12830;0;0;12830;12830
06/01/2024 13:45;06/01/2024 14:00;56;kWh;-2423;0;0;0;2423;-2423
06/01/2024 14:00;06/01/2024 14:15;57;kWh;-9748;0;0;0;9748;-9748
06/01/2024 14:15;06/01/2024 14:30;58;kWh;-1672;0;0;0;1672;-1672
06/01/2024 14:30;06/01/2024 14:45;59;kWh;0;0;0;0;0;0
06/01/2024 14:45;06/01/2024 15:00;60;kWh;-1;289;0;0;290;288
06/01/2024 15:00;06/01/2024 15:15;61;kWh;0;12395;0;0;12395;12395
06/01/2024 15:15;06/01/2024 15:30;62;kWh;0;11857;0;0;11857;11857
06/01/2024 15:30;06/01/2024 15:45;63;kWh;0;21422;0;0;21422;21422
06/01/2024 15:45;06/01/2024 16:00;64;kWh;0;15324;0;0;15324;15324
06/01/2024 16:00;06/01/2024 16:15;65;kWh;0;2350;0;0;2350;2350
06/01/2024 16:15;06/01/2024 16:30;66;kWh;0;2257;0;0;2257;2257
06/01/2024 16:30;06/01/2024 16:45;67;kWh;0;33464;0;0;33464;33464
06/01/2024 16:45;06/01/2024 17:00;68;kWh;0;59513;0;0;59513;59513
06/01/2024 17:00;06/01/2024 17:15;69;kWh;0;20181;0;0;20181;20181
06/01/2024 17:15;06/01/2024 17:30;70;kWh;0;22860;0;0;22860;22860
06/01/2024 17:30;06/01/2024 17:45;71;kWh;0;45445;0;0;45445;45445
06/01/2024 17:45;06/01/2024 18:00;72;kWh;0;36335;0;0;36335;36335
06/01/2024 18:00;06/01/2024 18:15;73;kWh;0;5711;0;0;5711;5711
06/01/2024 18:15;06/01/2024 18:30;74;kWh;0;9432;0;0;9432;9432
06/01/2024 18:30;06/01/2024 18:45;75;kWh;0;4756;0;0;4756;4756
06/01/2024 18:45;06/01/2024 19:00;76;kWh;0;18;0;0;18;18
06/01/2024 19:00;06/01/2024 19:15;77;kWh;0;1072;0;0;1072;1072
06/01/2024 19:15;06/01/2024 19:30;78;kWh;0;517;0;0;517;517
06/01/2024 19:30;06/01/2024 19:45;79;kWh;0;6409;0;0;6409;6409
06/01/2024 19:45;06/01/2024 20:00;80;kWh;0;1005;0;0;1005;1005
06/01/2024 20:00;06/01/2024 20:15;81;kWh;0;13332;0;0;13332;13332
06/01/2024 20:15;06/01/2024 20:30;82;kWh;0;19219;0;0;19219;19219
06/01/2024 20:30;06/01/2024 20:45;83;kWh;0;21636;0;0;21636;21636
06/01/2024 20:45;06/01/2024 21:00;84;kWh;0;1218;0;0;1218;1218
06/01/2024 21:00;06/01/2024 21:15;85;kWh;-4405;0;0;0;4405;-4405
06/01/2024 21:15;06/01/2024 21:30;86;kWh;-891;0;0;0;891;-891
06/01/2024 21:30;06/01/2024 21:45;87;kWh;-835;0;0;0;835;-835
06/01/2024 21:45;06/01/2024 22:00;88;kWh;-15535;0;0;0;15535;-15535
06/01/2024 22:00;06/01/2024 22:15;89;kWh;-2990;1018;0;0;4008;-1972
06/01/2024 22:15;06/01/2024 22:30;90;kWh;-31;903;0;0;934;872
06/01/2024 22:30;06/01/2024 22:45;91;kWh;-1255;0;0;0;1255;-1255
06/01/2024 22:45;06/01/2024 23:00;92;kWh;-5274;0;0;0;5274;-5274
06/01/2024 23:00;06/01/2024 23:15;93;kWh;-1027;0;0;0;1027;-1027
06/01/2024 23:15;06/01/2024 23:30;94;kWh;0;0;0;0;0;0
06/01/2024 23:30;06/01/2024 23:45;95;kWh;0;0;0;0;0;0
06/01/2024 23:45;07/01/2024 00:00;96;kWh;-114;0;0;0;114;-114
07/01/2024 00:00;07/01/2024 00:15;1;kWh;-5782;1956;0;0;7738;-3826
07/01/2024 00:15;07/01/2024 00:30;2;kWh;0;11771;0;0;11771;11771
07/01/2024 00:30;07/01/2024 00:45;3;kWh;0;8860;0;0;8860;8860
07/01/2024 00:45;07/01/2024 01:00;4;kWh;0;16174;0;0;16174;16174
07/01/2024 01:00;07/01/2024 01:15;5;kWh;0;18831;0;0;18831;18831
07/01/2024 01:15;07/01/2024 01:30;6;kWh;0;1970;0;0;1970;1970
07/01/2024 01:30;07/01/2024 01:45;7;kWh;0;0;0;0;0;0
07/01/2024 01:45;07/01/2024 02:00;8;kWh;0;0;0;0;0;0
07/01/2024 02:00;07/01/2024 02:15;9;kWh;0;0;0;0;0;0
07/01/2024 02:15;07/01/2024 02:30;10;kWh;-1649;0;0;0;1649;-1649
07/01/2024 02:30;07/01/2024 02:45;11;kWh;-5677;0;0;0;5677;-5677
07/01/2024 02:45;07/01/2024 03:00;12;kWh;-9197;0;0;0;9197;-9197
07/01/2024 03:00;07/01/2024 03:15;13;kWh;-16852;0;0;0;16852;-16852
07/01/2024 03:15;07/01/2024 03:30;14;kWh;0;0;0;0;0;0
07/01/2024 03:30;07/01/2024 03:45;15;kWh;0;0;0;0;0;0
07/01/2024 03:45;07/01/2024 04:00;16;kWh;-904;0;0;0;904;-904
07/01/2024 04:00;07/01/2024 04:15;17;kWh;-700;0;0;0;700;-700
07/01/2024 04:15;07/01/2024 04:30;18;kWh;0;0;0;0;0;0
07/01/2024 04:30;07/01/2024 04:45;19;kWh;0;1061;0;0;1061;1061
07/01/2024 04:45;07/01/2024 05:00;20;kWh;0;599;0;0;599;599
07/01/2024 05:00;07/01/2024 05:15;21;kWh;0;18273;0;0;18273;18273
07/01/2024 05:15;07/01/2024 05:30;22;kWh;0;460;0;0;460;460
07/01/2024 05:30;07/01/2024 05:45;23;kWh;0;6106;0;0;6106;6106
07/01/2024 05:45;07/01/2024 06:00;24;kWh;0;103;0;0;103;103
07/01/2024 06:00;07/01/2024 06:15;25;kWh;-807;0;0;0;807;-807
07/01/2024 06:15;07/01/2024 06:30;26;kWh;-5687;0;0;0;5687;-5687
07/01/2024 06:30;07/01/2024 06:45;27;kWh;-12133;0;0;0;12133;-12133
07/01/2024 06:45;07/01/2024 07:00;28;kWh;-2671;0;0;0;2671;-2671
07/01/2024 07:00;07/01/2024 07:15;29;kWh;-2447;0;0;0;2447;-2447
07/01/2024 07:15;07/01/2024 07:30;30;kWh;-1622;0;0;0;1622;-1622
07/01/2024 07:30;07/01/2024 07:45;31;kWh;-109;0;0;0;109;-109
07/01/2024 07:45;07/01/2024 08:00;32;kWh;0;0;0;0;0;0
07/01/2024 08:00;07/01/2024 08:15;33;kWh;-21826;0;0;0;21826;-21826
07/01/2024 08:15;07/01/2024 08:30;34;kWh;-851;0;0;0;851;-851
07/01/2024 08:30;07/01/2024 08:45;35;kWh;-1441;0;0;0;1441;-1441
07/01/2024 08:45;07/01/2024 09:00;36;kWh;0;0;0;0;0;0
07/01/2024 09:00;07/01/2024 09:15;37;kWh;-1665;0;0;0;1665;-1665
07/01/2024 09:15;07/01/2024 09:30;38;kWh;-11;0;0;0;11;-11
07/01/2024 09:30;07/01/2024 09:45;39;kWh;0;1962;0;0;1962;1962
07/01/2024 09:45;07/01/2024 10:00;40;kWh;0;1084;0;0;1084;1084
07/01/2024 10:00;07/01/2024 10:15;41;kWh;0;0;0;0;0;0
07/01/2024 10:15;07/01/2024 10:30;42;kWh;0;0;0;0;0;0
07/01/2024 10:30;07/01/2024 10:45;43;kWh;0;418;0;0;418;418
07/01/2024 10:45;07/01/2024 11:00;44;kWh;0;0;0;0;0;0
07/01/2024 11:00;07/01/2024 11:15;45;kWh;-1879;0;0;0;1879;-1879
07/01/2024 11:15;07/01/2024 11:30;46;kWh;-31;0;0;0;31;-31
07/01/2024 11:30;07/01/2024 11:45;47;kWh;0;0;0;0;0;0
07/01/2024 11:45;07/01/2024 12:00;48;kWh;-8;0;0;0;8;-8
07/01/2024 12:00;07/01/2024 12:15;49;kWh;-435;1375;0;0;1810;940
07/01/2024 12:15;07/01/2024 12:30;50;kWh;-3870;0;0;0;3870;-3870
07/01/2024 12:30;07/01/2024 12:45;51;kWh;-2252;0;0;0;2252;-2252
07/01/2024 12:45;07/01/2024 13:00;52;kWh;-1230;0;0;0;1230;-1230
07/01/2024 13:00;07/01/2024 13:15;53;kWh;-512;0;0;0;512;-512
07/01/2024 13:15;07/01/2024 13:30;54;kWh;-15;0;0;0;15;-15
07/01/2024 13:30;07/01/2024 13:45;55;kWh;-2241;0;0;0;2241;-2241
07/01/2024 13:45;07/01/2024 14:00;56;kWh;-1485;0;0;0;1485;-1485
07/01/2024 14:00;07/01/2024 14:15;57;kWh;-10020;0;0;0;10020;-10020
07/01/2024 14:15;07/01/2024 14:30;58;kWh;-2843;0;0;0;2843;-2843
07/01/2024 14:30;07/01/2024 14:45;59;kWh;-1647;0;0;0;1647;-1647
07/01/2024 14:45;07/01/2024 15:00;60;kWh;0;0;0;0;0;0
07/01/2024 15:00;07/01/2024 15:15;61;kWh;0;0;0;0;0;0
07/01/2024 15:15;07/01/2024 15:30;62;kWh;0;0;0;0;0;0
07/01/2024 15:30;07/01/2024 15:45;63;kWh;0;0;0;0;0;0
07/01/2024 15:45;07/01/2024 16:00;64;kWh;0;0;0;0;0;0
07/01/2024 16:00;07/01/2024 16:15;65;kWh;-2933;0;0;0;2933;-2933
07/01/2024 16:15;07/01/2024 16:30;66;kWh;-136;0;0;0;136;-136
07/01/2024 16:30;07/01/2024 16:45;67;kWh;-34;0;0;0;34;-34
07/01/2024 16:45;07/01/2024 17:00;68;kWh;0;0;0;0;0;0
07/01/2024 17:00;07/01/2024 17:15;69;kWh;-10700;417;0;0;11117;-10283
07/01/2024 17:15;07/01/2024 17:30;70;kWh;0;112;0;0;112;112
07/01/2024 17:30;07/01/2024 17:45;71;kWh;0;0;0;0;0;0
07/01/2024 17:45;07/01/2024 18:00;72;kWh;-333;0;0;0;333;-333
07/01/2024 18:00;07/01/2024 18:15;73;kWh;-1569;0;0;0;1569;-1569
07/01/2024 18:15;07/01/2024 18:30;74;kWh;0;0;0;0;0;0
07/01/2024 18:30;07/01/2024 18:45;75;kWh;0;0;0;0;0;0
07/01/2024 18:45;07/01/2024 19:00;76;kWh;-533;0;0;0;533;-533
07/01/2024 19:00;07/01/2024 19:15;77;kWh;-6381;0;0;0;6381;-6381
07/01/2024 19:15;07/01/2024 19:30;78;kWh;-5473;0;0;0;5473;-5473
07/01/2024 19:30;07/01/2024 19:45;79;kWh;-12347;0;0;0;12347;-12347
07/01/2024 19:45;07/01/2024 20:00;80;kWh;-24751;0;0;0;24751;-24751
07/01/2024 20:00;07/01/2024 20:15;81;kWh;-12340;0;0;0;12340;-12340
07/01/2024 20:15;07/01/2024 20:30;82;kWh;-27344;0;0;0;27344;-27344
07/01/2024 20:30;07/01/2024 20:45;83;kWh;-23891;0;0;0;23891;-23891
07/01/2024 20:45;07/01/2024 21:00;84;kWh;-18280;0;0;0;18280;-18280
07/01/2024 21:00;07/01/2024 21:15;85;kWh;-7859;0;0;0;7859;-7859
07/01/2024 21:15;07/01/2024 21:30;86;kWh;-4587;0;0;0;4587;-4587
07/01/2024 21:30;07/01/2024 21:45;87;kWh;-5667;0;0;0;5667;-5667
07/01/2024 21:45;07/01/2024 22:00;88;kWh;0;0;0;0;0;0
07/01/2024 22:00;07/01/2024 22:15;89;kWh;0;5425;0;0;5425;5425
07/01/2024 22:15;07/01/2024 22:30;90;kWh;0;0;0;0;0;0
07/01/2024 22:30;07/01/2024 22:45;91;kWh;-957;0;0;0;957;-957
07/01/2024 22:45;07/01/2024 23:00;92;kWh;-30271;0;0;0;30271;-30271
07/01/2024 23:00;07/01/2024 23:15;93;kWh;-14252;0;0;0;14252;-14252
07/01/2024 23:15;07/01/2024 23:30;94;kWh;-30823;0;0;0;30823;-30823
07/01/2024 23:30;07/01/2024 23:45;95;kWh;-46836;0;0;0;46836;-46836
07/01/2024 23:45;08/01/2024 00:00;96;kWh;-56211;0;0;0;56211;-56211
08/01/2024 00:00;08/01/2024 00:15;1;kWh;-25048;0;0;0;25048;-25048
08/01/2024 00:15;08/01/2024 00:30;2;kWh;-29818;0;0;0;29818;-29818
08/01/2024 00:30;08/01/2024 00:45;3;kWh;-18943;0;0;0;18943;-18943
08/01/2024 00:45;08/01/2024 01:00;4;kWh;-13217;0;0;0;13217;-13217
08/01/2024 01:00;08/01/2024 01:15;5;kWh;-7694;0;0;0;7694;-7694
08/01/2024 01:15;08/01/2024 01:30;6;kWh;-2595;0;0;0;2595;-2595
08/01/2024 01:30;08/01/2024 01:45;7;kWh;-616;0;0;0;616;-616
08/01/2024 01:45;08/01/2024 02:00;8;kWh;-8251;0;0;0;8251;-8251
08/01/2024 02:00;08/01/2024 02:15;9;kWh;-1829;2394;0;0;4223;565
08/01/2024 02:15;08/01/2024 02:30;10;kWh;-3296;141;0;0;3437;-3155
08/01/2024 02:30;08/01/2024 02:45;11;kWh;-8881;0;0;0;8881;-8881
08/01/2024 02:45;08/01/2024 03:00;12;kWh;-16433;0;0;0;16433;-16433
08/01/2024 03:00;08/01/2024 03:15;13;kWh;-11602;0;0;0;11602;-11602
08/01/2024 03:15;08/01/2024 03:30;14;kWh;-25750;0;0;0;25750;-25750
08/01/2024 03:30;08/01/2024 03:45;15;kWh;-28884;0;0;0;28884;-28884
08/01/2024 03:45;08/01/2024 04:00;16;kWh;-32004;0;0;0;32004;-32004
08/01/2024 04:00;08/01/2024 04:15;17;kWh;-29176;0;0;0;29176;-29176
08/01/2024 04:15;08/01/2024 04:30;18;kWh;-22101;0;0;0;22101;-22101
08/01/2024 04:30;08/01/2024 04:45;19;kWh;-19049;0;0;0;19049;-19049
08/01/2024 04:45;08/01/2024 05:00;20;kWh;-9529;0;0;0;9529;-9529
08/01/2024 05:00;08/01/2024 05:15;21;kWh;-17838;0;0;0;17838;-17838
08/01/2024 05:15;08/01/2024 05:30;22;kWh;-23393;0;0;0;23393;-23393
08/01/2024 05:30;08/01/2024 05:45;23;kWh;-8833;0;0;0;8833;-8833
08/01/2024 05:45;08/01/2024 06:00;24;kWh;0;31;0;0;31;31
08/01/2024 06:00;08/01/2024 06:15;25;kWh;0;4698;0;0;4698;4698
08/01/2024 06:15;08/01/2024 06:30;26;kWh;0;3;0;0;3;3
08/01/2024 06:30;08/01/2024 06:45;27;kWh;-708;0;0;0;708;-708
08/01/2024 06:45;08/01/2024 07:00;28;kWh;-24;82;0;0;106;58
08/01/2024 07:00;08/01/2024 07:15;29;kWh;-42;111;0;0;153;69
08/01/2024 07:15;08/01/2024 07:30;30;kWh;-4212;0;0;0;4212;-4212
08/01/2024 07:30;08/01/2024 07:45;31;kWh;-785;0;0;0;785;-785
08/01/2024 07:45;08/01/2024 08:00;32;kWh;-1421;0;0;0;1421;-1421
08/01/2024 08:00;08/01/2024 08:15;33;kWh;-32751;0;0;0;32751;-32751
08/01/2024 08:15;08/01/2024 08:30;34;kWh;-18067;0;0;0;18067;-18067
08/01/2024 08:30;08/01/2024 08:45;35;kWh;-31680;0;0;0;31680;-31680
08/01/2024 08:45;08/01/2024 09:00;36;kWh;-230;0;0;0;230;-230
08/01/2024 09:00;08/01/2024 09:15;37;kWh;0;18;0;0;18;18
08/01/2024 09:15;08/01/2024 09:30;38;kWh;0;3051;0;0;3051;3051
08/01/2024 09:30;08/01/2024 09:45;39;kWh;-11093;8694;0;0;19787;-2399
08/01/2024 09:45;08/01/2024 10:00;40;kWh;-9147;0;0;0;9147;-9147
08/01/2024 10:00;08/01/2024 10:15;41;kWh;-330;3916;0;0;4246;3586
08/01/2024 10:15;08/01/2024 10:30;42;kWh;0;27803;0;0;27803;27803
08/01/2024 10:30;08/01/2024 10:45;43;kWh;0;23681;0;0;23681;23681
08/01/2024 10:45;08/01/2024 11:00;44;kWh;0;9675;0;0;9675;9675
08/01/2024 11:00;08/01/2024 11:15;45;kWh;-2304;0;0;0;2304;-2304
08/01/2024 11:15;08/01/2024 11:30;46;kWh;-19841;0;0;0;19841;-19841
08/01/2024 11:30;08/01/2024 11:45;47;kWh;-23388;0;0;0;23388;-23388
08/01/2024 11:45;08/01/2024 12:00;48;kWh;-42597;0;0;0;42597;-42597
08/01/2024 12:00;08/01/2024 12:15;49;kWh;-35494;0;0;0;35494;-35494
08/01/2024 12:15;08/01/2024 12:30;50;kWh;-31089;0;0;0;31089;-31089
08/01/2024 12:30;08/01/2024 12:45;51;kWh;-40443;0;0;0;40443;-40443
08/01/2024 12:45;08/01/2024 13:00;52;kWh;-40228;0;0;0;40228;-40228
08/01/2024 13:00;08/01/2024 13:15;53;kWh;-17704;0;0;0;17704;-17704
08/01/2024 13:15;08/01/2024 13:30;54;kWh;-47411;0;0;0;47411;-47411
08/01/2024 13:30;08/01/2024 13:45;55;kWh;-73015;0;0;0;73015;-73015
08/01/2024 13:45;08/01/2024 14:00;56;kWh;-63399;0;0;0;63399;-63399
08/01/2024 14:00;08/01/2024 14:15;57;kWh;-45556;0;0;0;45556;-45556
08/01/2024 14:15;08/01/2024 14:30;58;kWh;-32764;0;0;0;32764;-32764
08/01/2024 14:30;08/01/2024 14:45;59;kWh;-25928;0;0;0;25928;-25928
08/01/2024 14:45;08/01/2024 15:00;60;kWh;-19450;0;0;0;19450;-19450
08/01/2024 15:00;08/01/2024 15:15;61;kWh;-35908;0;0;0;35908;-35908
08/01/2024 15:15;08/01/2024 15:30;62;kWh;-2502;0;0;0;2502;-2502
08/01/2024 15:30;08/01/2024 15:45;63;kWh;0;4760;0;0;4760;4760
08/01/2024 15:45;08/01/2024 16:00;64;kWh;0;10639;0;0;10639;10639
08/01/2024 16:00;08/01/2024 16:15;65;kWh;-30536;0;0;0;30536;-30536
08/01/2024 16:15;08/01/2024 16:30;66;kWh;-24326;0;0;0;24326;-24326
08/01/2024 16:30;08/01/2024 16:45;67;kWh;-55153;0;0;0;55153;-55153
08/01/2024 16:45;08/01/2024 17:00;68;kWh;-32087;0;0;0;32087;-32087
08/01/2024 17:00;08/01/2024 17:15;69;kWh;-26182;0;0;0;26182;-26182
08/01/2024 17:15;08/01/2024 17:30;70;kWh;-3075;0;0;0;3075;-3075
08/01/2024 17:30;08/01/2024 17:45;71;kWh;-11596;0;0;0;11596;-11596
08/01/2024 17:45;08/01/2024 18:00;72;kWh;-17160;0;0;0;17160;-17160
08/01/2024 18:00;08/01/2024 18:15;73;kWh;-10123;0;0;0;10123;-10123
08/01/2024 18:15;08/01/2024 18:30;74;kWh;-1166;0;0;0;1166;-1166
08/01/2024 18:30;08/01/2024 18:45;75;kWh;-970;0;0;0;970;-970
08/01/2024 18:45;08/01/2024 19:00;76;kWh;-408;616;0;0;1024;208
08/01/2024 19:00;08/01/2024 19:15;77;kWh;0;1435;0;0;1435;1435
08/01/2024 19:15;08/01/2024 19:30;78;kWh;-1063;0;0;0;1063;-1063
08/01/2024 19:30;08/01/2024 19:45;79;kWh;-141;2492;0;0;2633;2351
08/01/2024 19:45;08/01/2024 20:00;80;kWh;0;2218;0;0;2218;2218
08/01/2024 20:00;08/01/2024 20:15;81;kWh;0;56;0;0;56;56
08/01/2024 20:15;08/01/2024 20:30;82;kWh;0;702;0;0;702;702
08/01/2024 20:30;08/01/2024 20:45;83;kWh;-209;1841;0;0;2050;1632
08/01/2024 20:45;08/01/2024 21:00;84;kWh;-1510;0;0;0;1510;-1510
08/01/2024 21:00;08/01/2024 21:15;85;kWh;-11370;0;0;0;11370;-11370
08/01/2024 21:15;08/01/2024 21:30;86;kWh;-12241;0;0;0;12241;-12241
08/01/2024 21:30;08/01/2024 21:45;87;kWh;-14845;0;0;0;14845;-14845
08/01/2024 21:45;08/01/2024 22:00;88;kWh;-11940;0;0;0;11940;-11940
08/01/2024 22:00;08/01/2024 22:15;89;kWh;-11099;0;0;0;11099;-11099
08/01/2024 22:15;08/01/2024 22:30;90;kWh;-3312;0;0;0;3312;-3312
08/01/2024 22:30;08/01/2024 22:45;91;kWh;-28138;0;0;0;28138;-28138
08/01/2024 22:45;08/01/2024 23:00;92;kWh;-45470;0;0;0;45470;-45470
08/01/2024 23:00;08/01/2024 23:15;93;kWh;-10993;0;0;0;10993;-10993
08/01/2024 23:15;08/01/2024 23:30;94;kWh;-7517;0;0;0;7517;-7517
08/01/2024 23:30;08/01/2024 23:45;95;kWh;-5941;3584;0;0;9525;-2357
08/01/2024 23:45;09/01/2024 00:00;96;kWh;-1432;980;0;0;2412;-452
09/01/2024 00:00;09/01/2024 00:15;1;kWh;-30285;0;0;0;30285;-30285
09/01/2024 00:15;09/01/2024 00:30;2;kWh;-3076;0;0;0;3076;-3076
09/01/2024 00:30;09/01/2024 00:45;3;kWh;-1085;461;0;0;1546;-624
09/01/2024 00:45;09/01/2024 01:00;4;kWh;-1265;0;0;0;1265;-1265
09/01/2024 01:00;09/01/2024 01:15;5;kWh;-2698;2402;0;0;5100;-296
09/01/2024 01:15;09/01/2024 01:30;6;kWh;-12587;1617;0;0;14204;-10970
09/01/2024 01:30;09/01/2024 01:45;7;kWh;-21841;0;0;0;21841;-21841
09/01/2024 01:45;09/01/2024 02:00;8;kWh;-15486;0;0;0;15486;-15486
09/01/2024 02:00;09/01/2024 02:15;9;kWh;-33881;0;0;0;33881;-33881
09/01/2024 02:15;09/01/2024 02:30;10;kWh;-3519;0;0;0;3519;-3519
09/01/2024 02:30;09/01/2024 02:45;11;kWh;-4327;0;0;0;4327;-4327
09/01/2024 02:45;09/01/2024 03:00;12;kWh;-2194;362;0;0;2556;-1832
09/01/2024 03:00;09/01/2024 03:15;13;kWh;-2466;110;0;0;2576;-2356
09/01/2024 03:15;09/01/2024 03:30;14;kWh;-15645;0;0;0;15645;-15645
09/01/2024 03:30;09/01/2024 03:45;15;kWh;-12702;0;0;0;12702;-12702
09/01/2024 03:45;09/01/2024 04:00;16;kWh;-15038;0;0;0;15038;-15038
09/01/2024 04:00;09/01/2024 04:15;17;kWh;-12577;0;0;0;12577;-12577
09/01/2024 04:15;09/01/2024 04:30;18;kWh;-15935;0;0;0;15935;-15935
09/01/2024 04:30;09/01/2024 04:45;19;kWh;-23100;0;0;0;23100;-23100
09/01/2024 04:45;09/01/2024 05:00;20;kWh;-7934;0;0;0;7934;-7934
09/01/2024 05:00;09/01/2024 05:15;21;kWh;-1202;0;0;0;1202;-1202
09/01/2024 05:15;09/01/2024 05:30;22;kWh;0;6976;0;0;6976;6976
09/01/2024 05:30;09/01/2024 05:45;23;kWh;0;7664;0;0;7664;7664
09/01/2024 05:45;09/01/2024 06:00;24;kWh;0;1522;0;0;1522;1522
09/01/2024 06:00;09/01/2024 06:15;25;kWh;-21918;0;0;0;21918;-21918
09/01/2024 06:15;09/01/2024 06:30;26;kWh;-19794;0;0;0;19794;-19794
09/01/2024 06:30;09/01/2024 06:45;27;kWh;-17942;0;0;0;17942;-17942
09/01/2024 06:45;09/01/2024 07:00;28;kWh;-26625;0;0;0;26625;-26625
09/01/2024 07:00;09/01/2024 07:15;29;kWh;-52116;798;0;0;52914;-51318
09/01/2024 07:15;09/01/2024 07:30;30;kWh;-50;1495;0;0;1545;1445
09/01/2024 07:30;09/01/2024 07:45;31;kWh;0;30481;0;0;30481;30481
09/01/2024 07:45;09/01/2024 08:00;32;kWh;0;42370;0;0;42370;42370
09/01/2024 08:00;09/01/2024 08:15;33;kWh;0;33434;0;0;33434;33434
09/01/2024 08:15;09/01/2024 08:30;34;kWh;0;9778;0;0;9778;9778
09/01/2024 08:30;09/01/2024 08:45;35;kWh;0;7275;0;0;7275;7275
09/01/2024 08:45;09/01/2024 09:00;36;kWh;0;6553;0;0;6553;6553
09/01/2024 09:00;09/01/2024 09:15;37;kWh;0;8234;0;0;8234;8234
09/01/2024 09:15;09/01/2024 09:30;38;kWh;0;0;0;0;0;0
09/01/2024 09:30;09/01/2024 09:45;39;kWh;0;0;0;0;0;0
09/01/2024 09:45;09/01/2024 10:00;40;kWh;-14466;0;0;0;14466;-14466
09/01/2024 10:00;09/01/2024 10:15;41;kWh;-6569;212;0;0;6781;-6357
09/01/2024 10:15;09/01/2024 10:30;42;kWh;-2524;0;0;0;2524;-2524
09/01/2024 10:30;09/01/2024 10:45;43;kWh;-34342;0;0;0;34342;-34342
09/01/2024 10:45;09/01/2024 11:00;44;kWh;-63649;0;0;0;63649;-63649
09/01/2024 11:00;09/01/2024 11:15;45;kWh;-36119;0;0;0;36119;-36119
09/01/2024 11:15;09/01/2024 11:30;46;kWh;-15672;0;0;0;15672;-15672
09/01/2024 11:30;09/01/2024 11:45;47;kWh;-72213;0;0;0;72213;-72213
09/01/2024 11:45;09/01/2024 12:00;48;kWh;-84211;0;0;0;84211;-84211
09/01/2024 12:00;09/01/2024 12:15;49;kWh;-26387;0;0;0;26387;-26387
09/01/2024 12:15;09/01/2024 12:30;50;kWh;-48647;0;0;0;48647;-48647
09/01/2024 12:30;09/01/2024 12:45;51;kWh;-48758;0;0;0;48758;-48758
09/01/2024 12:45;09/01/2024 13:00;52;kWh;-56037;0;0;0;56037;-56037
09/01/2024 13:00;09/01/2024 13:15;53;kWh;-58729;0;0;0;58729;-58729
09/01/2024 13:15;09/01/2024 13:30;54;kWh;-48008;0;0;0;48008;-48008
09/01/2024 13:30;09/01/2024 13:45;55;kWh;-53011;0;0;0;53011;-53011
09/01/2024 13:45;09/01/2024 14:00;56;kWh;-48330;0;0;0;48330;-48330
09/01/2024 14:00;09/01/2024 14:15;57;kWh;-70173;0;0;0;70173;-70173
09/01/2024 14:15;09/01/2024 14:30;58;kWh;-69231;0;0;0;69231;-69231
09/01/2024 14:30;09/01/2024 14:45;59;kWh;-78861;0;0;0;78861;-78861
09/01/2024 14:45;09/01/2024 15:00;60;kWh;-47703;0;0;0;47703;-47703
09/01/2024 15:00;09/01/2024 15:15;61;kWh;-48944;51;0;0;48995;-48893
09/01/2024 15:15;09/01/2024 15:30;62;kWh;-19797;420;0;0;20217;-19377
09/01/2024 15:30;09/01/2024 15:45;63;kWh;-881;7146;0;0;8027;6265
09/01/2024 15:45;09/01/2024 16:00;64;kWh;-249;16617;0;0;16866;16368
09/01/2024 16:00;09/01/2024 16:15;65;kWh;-20143;2905;0;0;23048;-17238
09/01/2024 16:15;09/01/2024 16:30;66;kWh;-5322;0;0;0;5322;-5322
09/01/2024 16:30;09/01/2024 16:45;67;kWh;-2794;0;0;0;2794;-2794
09/01/2024 16:45;09/01/2024 17:00;68;kWh;-1455;0;0;0;1455;-1455
09/01/2024 17:00;09/01/2024 17:15;69;kWh;-16833;0;0;0;16833;-16833
09/01/2024 17:15;09/01/2024 17:30;70;kWh;-2471;0;0;0;2471;-2471
09/01/2024 17:30;09/01/2024 17:45;71;kWh;-4079;0;0;0;4079;-4079
09/01/2024 17:45;09/01/2024 18:00;72;kWh;-14195;0;0;0;14195;-14195
09/01/2024 18:00;09/01/2024 18:15;73;kWh;-8697;0;0;0;8697;-8697
09/01/2024 18:15;09/01/2024 18:30;74;kWh;-8258;0;0;0;8258;-8258
09/01/2024 18:30;09/01/2024 18:45;75;kWh;-26950;0;0;0;26950;-26950
09/01/2024 18:45;09/01/2024 19:00;76;kWh;-11194;0;0;0;11194;-11194
09/01/2024 19:00;09/01/2024 19:15;77;kWh;-249;3851;0;0;4100;3602
09/01/2024 19:15;09/01/2024 19:30;78;kWh;-3133;393;0;0;3526;-2740
09/01/2024 19:30;09/01/2024 19:45;79;kWh;-1040;0;0;0;1040;-1040
09/01/2024 19:45;09/01/2024 20:00;80;kWh;-249;0;0;0;249;-249
09/01/2024 20:00;09/01/2024 20:15;81;kWh;-249;2335;0;0;2584;2086
09/01/2024 20:15;09/01/2024 20:30;82;kWh;-249;3749;0;0;3998;3500
09/01/2024 20:30;09/01/2024 20:45;83;kWh;-1123;34;0;0;1157;-1089
09/01/2024 20:45;09/01/2024 21:00;84;kWh;-5639;0;0;0;5639;-5639
09/01/2024 21:00;09/01/2024 21:15;85;kWh;-5866;0;0;0;5866;-5866
09/01/2024 21:15;09/01/2024 21:30;86;kWh;-4056;0;0;0;4056;-4056
09/01/2024 21:30;09/01/2024 21:45;87;kWh;-3505;0;0;0;3505;-3505
09/01/2024 21:45;09/01/2024 22:00;88;kWh;-4675;0;0;0;4675;-4675
09/01/2024 22:00;09/01/2024 22:15;89;kWh;-8073;0;0;0;8073;-8073
09/01/2024 22:15;09/01/2024 22:30;90;kWh;-2167;0;0;0;2167;-2167
09/01/2024 22:30;09/01/2024 22:45;91;kWh;-7251;0;0;0;7251;-7251
09/01/2024 22:45;09/01/2024 23:00;92;kWh;-33937;0;0;0;33937;-33937
09/01/2024 23:00;09/01/2024 23:15;93;kWh;-31786;0;0;0;31786;-31786
09/01/2024 23:15;09/01/2024 23:30;94;kWh;-10933;0;0;0;10933;-10933
09/01/2024 23:30;09/01/2024 23:45;95;kWh;-303;12362;0;0;12665;12059
09/01/2024 23:45;10/01/2024 00:00;96;kWh;-847;433;0;0;1280;-414
10/01/2024 00:00;10/01/2024 00:15;1;kWh;-12410;5308;0;0;17718;-7102
10/01/2024 00:15;10/01/2024 00:30;2;kWh;0;42510;0;0;42510;42510
10/01/2024 00:30;10/01/2024 00:45;3;kWh;0;50368;0;0;50368;50368
10/01/2024 00:45;10/01/2024 01:00;4;kWh;0;17750;0;0;17750;17750
10/01/2024 01:00;10/01/2024 01:15;5;kWh;0;48059;0;0;48059;48059
10/01/2024 01:15;10/01/2024 01:30;6;kWh;0;49701;0;0;49701;49701
10/01/2024 01:30;10/01/2024 01:45;7;kWh;0;29670;0;0;29670;29670
10/01/2024 01:45;10/01/2024 02:00;8;kWh;0;26413;0;0;26413;26413
10/01/2024 02:00;10/01/2024 02:15;9;kWh;0;62519;0;0;62519;62519
10/01/2024 02:15;10/01/2024 02:30;10;kWh;0;22873;0;0;22873;22873
10/01/2024 02:30;10/01/2024 02:45;11;kWh;0;10768;0;0;10768;10768
10/01/2024 02:45;10/01/2024 03:00;12;kWh;0;5014;0;0;5014;5014
10/01/2024 03:00;10/01/2024 03:15;13;kWh;0;0;0;0;0;0
10/01/2024 03:15;10/01/2024 03:30;14;kWh;0;0;0;0;0;0
10/01/2024 03:30;10/01/2024 03:45;15;kWh;-52;0;0;0;52;-52
10/01/2024 03:45;10/01/2024 04:00;16;kWh;-2024;0;0;0;2024;-2024
10/01/2024 04:00;10/01/2024 04:15;17;kWh;-1284;0;0;0;1284;-1284
10/01/2024 04:15;10/01/2024 04:30;18;kWh;-2475;0;0;0;2475;-2475
10/01/2024 04:30;10/01/2024 04:45;19;kWh;-8769;0;0;0;8769;-8769
10/01/2024 04:45;10/01/2024 05:00;20;kWh;-856;565;0;0;1421;-291
10/01/2024 05:00;10/01/2024 05:15;21;kWh;0;469;0;0;469;469
10/01/2024 05:15;10/01/2024 05:30;22;kWh;0;154;0;0;154;154
10/01/2024 05:30;10/01/2024 05:45;23;kWh;-21151;0;0;0;21151;-21151
10/01/2024 05:45;10/01/2024 06:00;24;kWh;-56379;0;0;0;56379;-56379
10/01/2024 06:00;10/01/2024 06:15;25;kWh;-55448;0;0;0;55448;-55448
10/01/2024 06:15;10/01/2024 06:30;26;kWh;-28653;0;0;0;28653;-28653
10/01/2024 06:30;10/01/2024 06:45;27;kWh;-30603;0;0;0;30603;-30603
10/01/2024 06:45;10/01/2024 07:00;28;kWh;-3768;612;0;0;4380;-3156
10/01/2024 07:00;10/01/2024 07:15;29;kWh;-40927;646;0;0;41573;-40281
10/01/2024 07:15;10/01/2024 07:30;30;kWh;-20339;859;0;0;21198;-19480
10/01/2024 07:30;10/01/2024 07:45;31;kWh;-33209;0;0;0;33209;-33209
10/01/2024 07:45;10/01/2024 08:00;32;kWh;-2815;19394;0;0;22209;16579
10/01/2024 08:00;10/01/2024 08:15;33;kWh;0;82477;0;0;82477;82477
10/01/2024 08:15;10/01/2024 08:30;34;kWh;0;88497;0;0;88497;88497
10/01/2024 08:30;10/01/2024 08:45;35;kWh;0;76415;0;0;76415;76415
10/01/2024 08:45;10/01/2024 09:00;36;kWh;0;87353;0;0;87353;87353
10/01/2024 09:00;10/01/2024 09:15;37;kWh;0;80478;0;0;80478;80478
10/01/2024 09:15;10/01/2024 09:30;38;kWh;0;81310;0;0;81310;81310
10/01/2024 09:30;10/01/2024 09:45;39;kWh;0;40078;0;0;40078;40078
10/01/2024 09:45;10/01/2024 10:00;40;kWh;-1136;865;0;0;2001;-271
10/01/2024 10:00;10/01/2024 10:15;41;kWh;0;0;0;0;0;0
10/01/2024 10:15;10/01/2024 10:30;42;kWh;-23342;0;0;0;23342;-23342
10/01/2024 10:30;10/01/2024 10:45;43;kWh;-84702;0;0;0;84702;-84702
10/01/2024 10:45;10/01/2024 11:00;44;kWh;-82655;0;0;0;82655;-82655
10/01/2024 11:00;10/01/2024 11:15;45;kWh;-1462;0;0;0;1462;-1462
10/01/2024 11:15;10/01/2024 11:30;46;kWh;0;3232;0;0;3232;3232
10/01/2024 11:30;10/01/2024 11:45;47;kWh;-6862;2245;0;0;9107;-4617
10/01/2024 11:45;10/01/2024 12:00;48;kWh;-9303;0;0;0;9303;-9303
10/01/2024 12:00;10/01/2024 12:15;49;kWh;-6999;7668;0;0;14667;669
10/01/2024 12:15;10/01/2024 12:30;50;kWh;-5757;1386;0;0;7143;-4371
10/01/2024 12:30;10/01/2024 12:45;51;kWh;-6796;0;0;0;6796;-6796
10/01/2024 12:45;10/01/2024 13:00;52;kWh;-13534;0;0;0;13534;-13534
10/01/2024 13:00;10/01/2024 13:15;53;kWh;-41715;0;0;0;41715;-41715
10/01/2024 13:15;10/01/2024 13:30;54;kWh;-34909;0;0;0;34909;-34909
10/01/2024 13:30;10/01/2024 13:45;55;kWh;-18550;0;0;0;18550;-18550
10/01/2024 13:45;10/01/2024 14:00;56;kWh;-4352;0;0;0;4352;-4352
10/01/2024 14:00;10/01/2024 14:15;57;kWh;-43854;208;0;0;44062;-43646
10/01/2024 14:15;10/01/2024 14:30;58;kWh;-19323;536;0;0;19859;-18787
10/01/2024 14:30;10/01/2024 14:45;59;kWh;-4292;966;0;0;5258;-3326
10/01/2024 14:45;10/01/2024 15:00;60;kWh;0;23841;0;0;23841;23841
10/01/2024 15:00;10/01/2024 15:15;61;kWh;-32334;2592;0;0;34926;-29742
10/01/2024 15:15;10/01/2024 15:30;62;kWh;-8260;4474;0;0;12734;-3786
10/01/2024 15:30;10/01/2024 15:45;63;kWh;0;46297;0;0;46297;46297
10/01/2024 15:45;10/01/2024 16:00;64;kWh;0;57792;0;0;57792;57792
10/01/2024 16:00;10/01/2024 16:15;65;kWh;-564;10305;0;0;10869;9741
10/01/2024 16:15;10/01/2024 16:30;66;kWh;0;0;0;0;0;0
10/01/2024 16:30;10/01/2024 16:45;67;kWh;0;0;0;0;0;0
10/01/2024 16:45;10/01/2024 17:00;68;kWh;0;23;0;0;23;23
10/01/2024 17:00;10/01/2024 17:15;69;kWh;0;3592;0;0;3592;3592
10/01/2024 17:15;10/01/2024 17:30;70;kWh;0;1753;0;0;1753;1753
10/01/2024 17:30;10/01/2024 17:45;71;kWh;0;339;0;0;339;339
10/01/2024 17:45;10/01/2024 18:00;72;kWh;0;0;0;0;0;0
10/01/2024 18:00;10/01/2024 18:15;73;kWh;-3235;0;0;0;3235;-3235
10/01/2024 18:15;10/01/2024 18:30;74;kWh;-120;0;0;0;120;-120
10/01/2024 18:30;10/01/2024 18:45;75;kWh;0;0;0;0;0;0
10/01/2024 18:45;10/01/2024 19:00;76;kWh;0;0;0;0;0;0
10/01/2024 19:00;10/01/2024 19:15;77;kWh;0;21461;0;0;21461;21461
10/01/2024 19:15;10/01/2024 19:30;78;kWh;0;19995;0;0;19995;19995
10/01/2024 19:30;10/01/2024 19:45;79;kWh;0;20528;0;0;20528;20528
10/01/2024 19:45;10/01/2024 20:00;80;kWh;0;3499;0;0;3499;3499
10/01/2024 20:00;10/01/2024 20:15;81;kWh;0;84045;0;0;84045;84045
10/01/2024 20:15;10/01/2024 20:30;82;kWh;0;115023;0;0;115023;115023
10/01/2024 20:30;10/01/2024 20:45;83;kWh;0;85193;0;0;85193;85193
10/01/2024 20:45;10/01/2024 21:00;84;kWh;0;38975;0;0;38975;38975
10/01/2024 21:00;10/01/2024 21:15;85;kWh;0;70718;0;0;70718;70718
10/01/2024 21:15;10/01/2024 21:30;86;kWh;0;45218;0;0;45218;45218
10/01/2024 21:30;10/01/2024 21:45;87;kWh;0;16115;0;0;16115;16115
10/01/2024 21:45;10/01/2024 22:00;88;kWh;0;5012;0;0;5012;5012
10/01/2024 22:00;10/01/2024 22:15;89;kWh;0;0;0;0;0;0
10/01/2024 22:15;10/01/2024 22:30;90;kWh;0;1326;0;0;1326;1326
10/01/2024 22:30;10/01/2024 22:45;91;kWh;0;2034;0;0;2034;2034
10/01/2024 22:45;10/01/2024 23:00;92;kWh;0;0;0;0;0;0
10/01/2024 23:00;10/01/2024 23:15;93;kWh;0;4597;0;0;4597;4597
10/01/2024 23:15;10/01/2024 23:30;94;kWh;0;4551;0;0;4551;4551
10/01/2024 23:30;10/01/2024 23:45;95;kWh;0;44557;0;0;44557;44557
10/01/2024 23:45;11/01/2024 00:00;96;kWh;0;24780;0;0;24780;24780
11/01/2024 00:00;11/01/2024 00:15;1;kWh;0;28729;0;0;28729;28729
11/01/2024 00:15;11/01/2024 00:30;2;kWh;0;89689;0;0;89689;89689
11/01/2024 00:30;11/01/2024 00:45;3;kWh;0;71001;0;0;71001;71001
11/01/2024 00:45;11/01/2024 01:00;4;kWh;0;38638;0;0;38638;38638
11/01/2024 01:00;11/01/2024 01:15;5;kWh;0;81947;0;0;81947;81947
11/01/2024 01:15;11/01/2024 01:30;6;kWh;0;80773;0;0;80773;80773
11/01/2024 01:30;11/01/2024 01:45;7;kWh;0;77298;0;0;77298;77298
11/01/2024 01:45;11/01/2024 02:00;8;kWh;0;88082;0;0;88082;88082
11/01/2024 02:00;11/01/2024 02:15;9;kWh;0;67086;0;0;67086;67086
11/01/2024 02:15;11/01/2024 02:30;10;kWh;0;46653;0;0;46653;46653
11/01/2024 02:30;11/01/2024 02:45;11;kWh;0;90542;0;0;90542;90542
11/01/2024 02:45;11/01/2024 03:00;12;kWh;0;42662;0;0;42662;42662
11/01/2024 03:00;11/01/2024 03:15;13;kWh;0;39857;0;0;39857;39857
11/01/2024 03:15;11/01/2024 03:30;14;kWh;0;48191;0;0;48191;48191
11/01/2024 03:30;11/01/2024 03:45;15;kWh;0;43437;0;0;43437;43437
11/01/2024 03:45;11/01/2024 04:00;16;kWh;0;41327;0;0;41327;41327
11/01/2024 04:00;11/01/2024 04:15;17;kWh;0;34450;0;0;34450;34450
11/01/2024 04:15;11/01/2024 04:30;18;kWh;0;35240;0;0;35240;35240
11/01/2024 04:30;11/01/2024 04:45;19;kWh;0;39933;0;0;39933;39933
11/01/2024 04:45;11/01/2024 05:00;20;kWh;0;23073;0;0;23073;23073
11/01/2024 05:00;11/01/2024 05:15;21;kWh;-9143;2082;0;0;11225;-7061
11/01/2024 05:15;11/01/2024 05:30;22;kWh;-1187;471;0;0;1658;-716
11/01/2024 05:30;11/01/2024 05:45;23;kWh;-1256;0;0;0;1256;-1256
11/01/2024 05:45;11/01/2024 06:00;24;kWh;-2673;0;0;0;2673;-2673
11/01/2024 06:00;11/01/2024 06:15;25;kWh;-7830;0;0;0;7830;-7830
11/01/2024 06:15;11/01/2024 06:30;26;kWh;-762;41;0;0;803;-721
11/01/2024 06:30;11/01/2024 06:45;27;kWh;0;13983;0;0;13983;13983
11/01/2024 06:45;11/01/2024 07:00;28;kWh;0;30053;0;0;30053;30053
11/01/2024 07:00;11/01/2024 07:15;29;kWh;0;1032;0;0;1032;1032
11/01/2024 07:15;11/01/2024 07:30;30;kWh;0;0;0;0;0;0
11/01/2024 07:30;11/01/2024 07:45;31;kWh;0;10029;0;0;10029;10029
11/01/2024 07:45;11/01/2024 08:00;32;kWh;0;55925;0;0;55925;55925
11/01/2024 08:00;11/01/2024 08:15;33;kWh;0;13992;0;0;13992;13992
11/01/2024 08:15;11/01/2024 08:30;34;kWh;0;11520;0;0;11520;11520
11/01/2024 08:30;11/01/2024 08:45;35;kWh;0;7119;0;0;7119;7119
11/01/2024 08:45;11/01/2024 09:00;36;kWh;0;8594;0;0;8594;8594
11/01/2024 09:00;11/01/2024 09:15;37;kWh;0;42920;0;0;42920;42920
11/01/2024 09:15;11/01/2024 09:30;38;kWh;0;9847;0;0;9847;9847
11/01/2024 09:30;11/01/2024 09:45;39;kWh;0;2047;0;0;2047;2047
11/01/2024 09:45;11/01/2024 10:00;40;kWh;0;0;0;0;0;0
11/01/2024 10:00;11/01/2024 10:15;41;kWh;0;29114;0;0;29114;29114
11/01/2024 10:15;11/01/2024 10:30;42;kWh;0;37718;0;0;37718;37718
11/01/2024 10:30;11/01/2024 10:45;43;kWh;0;401;0;0;401;401
11/01/2024 10:45;11/01/2024 11:00;44;kWh;0;74;0;0;74;74
11/01/2024 11:00;11/01/2024 11:15;45;kWh;0;44429;0;0;44429;44429
11/01/2024 11:15;11/01/2024 11:30;46;kWh;0;39183;0;0;39183;39183
11/01/2024 11:30;11/01/2024 11:45;47;kWh;0;0;0;0;0;0
11/01/2024 11:45;11/01/2024 12:00;48;kWh;0;9638;0;0;9638;9638
11/01/2024 12:00;11/01/2024 12:15;49;kWh;0;64701;0;0;64701;64701
11/01/2024 12:15;11/01/2024 12:30;50;kWh;0;56113;0;0;56113;56113
11/01/2024 12:30;11/01/2024 12:45;51;kWh;0;25002;0;0;25002;25002
11/01/2024 12:45;11/01/2024 13:00;52;kWh;0;12958;0;0;12958;12958
11/01/2024 13:00;11/01/2024 13:15;53;kWh;0;9853;0;0;9853;9853
11/01/2024 13:15;11/01/2024 13:30;54;kWh;0;9881;0;0;9881;9881
11/01/2024 13:30;11/01/2024 13:45;55;kWh;0;13891;0;0;13891;13891
11/01/2024 13:45;11/01/2024 14:00;56;kWh;0;31255;0;0;31255;31255
11/01/2024 14:00;11/01/2024 14:15;57;kWh;0;1471;0;0;1471;1471
11/01/2024 14:15;11/01/2024 14:30;58;kWh;0;19776;0;0;19776;19776
11/01/2024 14:30;11/01/2024 14:45;59;kWh;0;19400;0;0;19400;19400
11/01/2024 14:45;11/01/2024 15:00;60;kWh;0;39079;0;0;39079;39079
11/01/2024 15:00;11/01/2024 15:15;61;kWh;0;909;0;0;909;909
11/01/2024 15:15;11/01/2024 15:30;62;kWh;0;5638;0;0;5638;5638
11/01/2024 15:30;11/01/2024 15:45;63;kWh;0;25759;0;0;25759;25759
11/01/2024 15:45;11/01/2024 16:00;64;kWh;0;32562;0;0;32562;32562
11/01/2024 16:00;11/01/2024 16:15;65;kWh;0;24928;0;0;24928;24928
11/01/2024 16:15;11/01/2024 16:30;66;kWh;0;8861;0;0;8861;8861
11/01/2024 16:30;11/01/2024 16:45;67;kWh;0;12227;0;0;12227;12227
11/01/2024 16:45;11/01/2024 17:00;68;kWh;0;8252;0;0;8252;8252
11/01/2024 17:00;11/01/2024 17:15;69;kWh;0;17301;0;0;17301;17301
11/01/2024 17:15;11/01/2024 17:30;70;kWh;0;14747;0;0;14747;14747
11/01/2024 17:30;11/01/2024 17:45;71;kWh;0;9692;0;0;9692;9692
11/01/2024 17:45;11/01/2024 18:00;72;kWh;0;20888;0;0;20888;20888
11/01/2024 18:00;11/01/2024 18:15;73;kWh;0;828;0;0;828;828
11/01/2024 18:15;11/01/2024 18:30;74;kWh;0;16503;0;0;16503;16503
11/01/2024 18:30;11/01/2024 18:45;75;kWh;0;24690;0;0;24690;24690
11/01/2024 18:45;11/01/2024 19:00;76;kWh;0;48464;0;0;48464;48464
11/01/2024 19:00;11/01/2024 19:15;77;kWh;0;43370;0;0;43370;43370
11/01/2024 19:15;11/01/2024 19:30;78;kWh;0;36995;0;0;36995;36995
11/01/2024 19:30;11/01/2024 19:45;79;kWh;0;28393;0;0;28393;28393
11/01/2024 19:45;11/01/2024 20:00;80;kWh;0;537;0;0;537;537
11/01/2024 20:00;11/01/2024 20:15;81;kWh;0;12892;0;0;12892;12892
11/01/2024 20:15;11/01/2024 20:30;82;kWh;0;27608;0;0;27608;27608
11/01/2024 20:30;11/01/2024 20:45;83;kWh;0;23536;0;0;23536;23536
11/01/2024 20:45;11/01/2024 21:00;84;kWh;0;57;0;0;57;57
11/01/2024 21:00;11/01/2024 21:15;85;kWh;0;33489;0;0;33489;33489
11/01/2024 21:15;11/01/2024 21:30;86;kWh;0;70712;0;0;70712;70712
11/01/2024 21:30;11/01/2024 21:45;87;kWh;0;39748;0;0;39748;39748
11/01/2024 21:45;11/01/2024 22:00;88;kWh;0;394;0;0;394;394
11/01/2024 22:00;11/01/2024 22:15;89;kWh;0;72592;0;0;72592;72592
11/01/2024 22:15;11/01/2024 22:30;90;kWh;0;74777;0;0;74777;74777
11/01/2024 22:30;11/01/2024 22:45;91;kWh;0;37751;0;0;37751;37751
11/01/2024 22:45;11/01/2024 23:00;92;kWh;0;37051;0;0;37051;37051
11/01/2024 23:00;11/01/2024 23:15;93;kWh;0;15733;0;0;15733;15733
11/01/2024 23:15;11/01/2024 23:30;94;kWh;0;14803;0;0;14803;14803
11/01/2024 23:30;11/01/2024 23:45;95;kWh;0;22147;0;0;22147;22147
11/01/2024 23:45;12/01/2024 00:00;96;kWh;-5;643;0;0;648;638
12/01/2024 00:00;12/01/2024 00:15;1;kWh;-1063;18283;0;0;19346;17220
12/01/2024 00:15;12/01/2024 00:30;2;kWh;0;56547;0;0;56547;56547
12/01/2024 00:30;12/01/2024 00:45;3;kWh;0;25727;0;0;25727;25727
12/01/2024 00:45;12/01/2024 01:00;4;kWh;0;1097;0;0;1097;1097
12/01/2024 01:00;12/01/2024 01:15;5;kWh;0;6939;0;0;6939;6939
12/01/2024 01:15;12/01/2024 01:30;6;kWh;0;3770;0;0;3770;3770
12/01/2024 01:30;12/01/2024 01:45;7;kWh;0;0;0;0;0;0
12/01/2024 01:45;12/01/2024 02:00;8;kWh;-21;0;0;0;21;-21
12/01/2024 02:00;12/01/2024 02:15;9;kWh;-7574;0;0;0;7574;-7574
12/01/2024 02:15;12/01/2024 02:30;10;kWh;0;0;0;0;0;0
12/01/2024 02:30;12/01/2024 02:45;11;kWh;0;3281;0;0;3281;3281
12/01/2024 02:45;12/01/2024 03:00;12;kWh;0;378;0;0;378;378
12/01/2024 03:00;12/01/2024 03:15;13;kWh;0;15441;0;0;15441;15441
12/01/2024 03:15;12/01/2024 03:30;14;kWh;0;20087;0;0;20087;20087
12/01/2024 03:30;12/01/2024 03:45;15;kWh;0;0;0;0;0;0
12/01/2024 03:45;12/01/2024 04:00;16;kWh;0;0;0;0;0;0
12/01/2024 04:00;12/01/2024 04:15;17;kWh;0;793;0;0;793;793
12/01/2024 04:15;12/01/2024 04:30;18;kWh;0;7093;0;0;7093;7093
12/01/2024 04:30;12/01/2024 04:45;19;kWh;0;4387;0;0;4387;4387
12/01/2024 04:45;12/01/2024 05:00;20;kWh;0;13817;0;0;13817;13817
12/01/2024 05:00;12/01/2024 05:15;21;kWh;0;0;0;0;0;0
12/01/2024 05:15;12/01/2024 05:30;22;kWh;0;0;0;0;0;0
12/01/2024 05:30;12/01/2024 05:45;23;kWh;0;6827;0;0;6827;6827
12/01/2024 05:45;12/01/2024 06:00;24;kWh;0;22221;0;0;22221;22221
12/01/2024 06:00;12/01/2024 06:15;25;kWh;0;3495;0;0;3495;3495
12/01/2024 06:15;12/01/2024 06:30;26;kWh;0;28951;0;0;28951;28951
12/01/2024 06:30;12/01/2024 06:45;27;kWh;0;34798;0;0;34798;34798
12/01/2024 06:45;12/01/2024 07:00;28;kWh;0;32184;0;0;32184;32184
12/01/2024 07:00;12/01/2024 07:15;29;kWh;0;10442;0;0;10442;10442
12/01/2024 07:15;12/01/2024 07:30;30;kWh;0;3929;0;0;3929;3929
12/01/2024 07:30;12/01/2024 07:45;31;kWh;0;8406;0;0;8406;8406
12/01/2024 07:45;12/01/2024 08:00;32;kWh;0;42664;0;0;42664;42664
12/01/2024 08:00;12/01/2024 08:15;33;kWh;0;15824;0;0;15824;15824
12/01/2024 08:15;12/01/2024 08:30;34;kWh;0;0;0;0;0;0
12/01/2024 08:30;12/01/2024 08:45;35;kWh;0;9928;0;0;9928;9928
12/01/2024 08:45;12/01/2024 09:00;36;kWh;0;14126;0;0;14126;14126
12/01/2024 09:00;12/01/2024 09:15;37;kWh;-94;0;0;0;94;-94
12/01/2024 09:15;12/01/2024 09:30;38;kWh;0;14680;0;0;14680;14680
12/01/2024 09:30;12/01/2024 09:45;39;kWh;0;29739;0;0;29739;29739
12/01/2024 09:45;12/01/2024 10:00;40;kWh;0;1556;0;0;1556;1556
12/01/2024 10:00;12/01/2024 10:15;41;kWh;0;44790;0;0;44790;44790
12/01/2024 10:15;12/01/2024 10:30;42;kWh;0;55612;0;0;55612;55612
12/01/2024 10:30;12/01/2024 10:45;43;kWh;0;50232;0;0;50232;50232
12/01/2024 10:45;12/01/2024 11:00;44;kWh;0;10149;0;0;10149;10149
12/01/2024 11:00;12/01/2024 11:15;45;kWh;0;65222;0;0;65222;65222
12/01/2024 11:15;12/01/2024 11:30;46;kWh;0;58921;0;0;58921;58921
12/01/2024 11:30;12/01/2024 11:45;47;kWh;0;79915;0;0;79915;79915
12/01/2024 11:45;12/01/2024 12:00;48;kWh;0;55891;0;0;55891;55891
12/01/2024 12:00;12/01/2024 12:15;49;kWh;0;26845;0;0;26845;26845
12/01/2024 12:15;12/01/2024 12:30;50;kWh;0;41330;0;0;41330;41330
12/01/2024 12:30;12/01/2024 12:45;51;kWh;0;37807;0;0;37807;37807
12/01/2024 12:45;12/01/2024 13:00;52;kWh;0;10375;0;0;10375;10375
12/01/2024 13:00;12/01/2024 13:15;53;kWh;0;20487;0;0;20487;20487
12/01/2024 13:15;12/01/2024 13:30;54;kWh;0;21435;0;0;21435;21435
12/01/2024 13:30;12/01/2024 13:45;55;kWh;0;6655;0;0;6655;6655
12/01/2024 13:45;12/01/2024 14:00;56;kWh;0;2260;0;0;2260;2260
12/01/2024 14:00;12/01/2024 14:15;57;kWh;0;17901;0;0;17901;17901
12/01/2024 14:15;12/01/2024 14:30;58;kWh;0;38300;0;0;38300;38300
12/01/2024 14:30;12/01/2024 14:45;59;kWh;0;36319;0;0;36319;36319
12/01/2024 14:45;12/01/2024 15:00;60;kWh;0;65047;0;0;65047;65047
12/01/2024 15:00;12/01/2024 15:15;61;kWh;0;33398;0;0;33398;33398
12/01/2024 15:15;12/01/2024 15:30;62;kWh;0;63501;0;0;63501;63501
12/01/2024 15:30;12/01/2024 15:45;63;kWh;0;67219;0;0;67219;67219
12/01/2024 15:45;12/01/2024 16:00;64;kWh;0;49269;0;0;49269;49269
12/01/2024 16:00;12/01/2024 16:15;65;kWh;0;7528;0;0;7528;7528
12/01/2024 16:15;12/01/2024 16:30;66;kWh;0;8288;0;0;8288;8288
12/01/2024 16:30;12/01/2024 16:45;67;kWh;0;6595;0;0;6595;6595
12/01/2024 16:45;12/01/2024 17:00;68;kWh;0;3395;0;0;3395;3395
12/01/2024 17:00;12/01/2024 17:15;69;kWh;0;7721;0;0;7721;7721
12/01/2024 17:15;12/01/2024 17:30;70;kWh;0;32386;0;0;32386;32386
12/01/2024 17:30;12/01/2024 17:45;71;kWh;0;41660;0;0;41660;41660
12/01/2024 17:45;12/01/2024 18:00;72;kWh;0;75530;0;0;75530;75530
12/01/2024 18:00;12/01/2024 18:15;73;kWh;0;23898;0;0;23898;23898
12/01/2024 18:15;12/01/2024 18:30;74;kWh;0;0;0;0;0;0
12/01/2024 18:30;12/01/2024 18:45;75;kWh;0;1400;0;0;1400;1400
12/01/2024 18:45;12/01/2024 19:00;76;kWh;0;12133;0;0;12133;12133
12/01/2024 19:00;12/01/2024 19:15;77;kWh;0;473;0;0;473;473
12/01/2024 19:15;12/01/2024 19:30;78;kWh;0;1539;0;0;1539;1539
12/01/2024 19:30;12/01/2024 19:45;79;kWh;0;107;0;0;107;107
12/01/2024 19:45;12/01/2024 20:00;80;kWh;0;0;0;0;0;0
12/01/2024 20:00;12/01/2024 20:15;81;kWh;0;11348;0;0;11348;11348
12/01/2024 20:15;12/01/2024 20:30;82;kWh;0;750;0;0;750;750
12/01/2024 20:30;12/01/2024 20:45;83;kWh;0;1124;0;0;1124;1124
12/01/2024 20:45;12/01/2024 21:00;84;kWh;0;0;0;0;0;0
12/01/2024 21:00;12/01/2024 21:15;85;kWh;0;50776;0;0;50776;50776
12/01/2024 21:15;12/01/2024 21:30;86;kWh;0;24954;0;0;24954;24954
12/01/2024 21:30;12/01/2024 21:45;87;kWh;0;10772;0;0;10772;10772
12/01/2024 21:45;12/01/2024 22:00;88;kWh;0;9681;0;0;9681;9681
12/01/2024 22:00;12/01/2024 22:15;89;kWh;0;7031;0;0;7031;7031
12/01/2024 22:15;12/01/2024 22:30;90;kWh;0;23049;0;0;23049;23049
12/01/2024 22:30;12/01/2024 22:45;91;kWh;0;28051;0;0;28051;28051
12/01/2024 22:45;12/01/2024 23:00;92;kWh;0;41612;0;0;41612;41612
12/01/2024 23:00;12/01/2024 23:15;93;kWh;0;3112;0;0;3112;3112
12/01/2024 23:15;12/01/2024 23:30;94;kWh;0;1621;0;0;1621;1621
12/01/2024 23:30;12/01/2024 23:45;95;kWh;0;0;0;0;0;0
12/01/2024 23:45;13/01/2024 00:00;96;kWh;-1181;0;0;0;1181;-1181
13/01/2024 00:00;13/01/2024 00:15;1;kWh;-10747;0;0;0;10747;-10747
13/01/2024 00:15;13/01/2024 00:30;2;kWh;0;4932;0;0;4932;4932
13/01/2024 00:30;13/01/2024 00:45;3;kWh;0;19268;0;0;19268;19268
13/01/2024 00:45;13/01/2024 01:00;4;kWh;0;1254;0;0;1254;1254
13/01/2024 01:00;13/01/2024 01:15;5;kWh;0;4336;0;0;4336;4336
13/01/2024 01:15;13/01/2024 01:30;6;kWh;0;18;0;0;18;18
13/01/2024 01:30;13/01/2024 01:45;7;kWh;0;19300;0;0;19300;19300
13/01/2024 01:45;13/01/2024 02:00;8;kWh;0;6152;0;0;6152;6152
13/01/2024 02:00;13/01/2024 02:15;9;kWh;0;32901;0;0;32901;32901
13/01/2024 02:15;13/01/2024 02:30;10;kWh;0;40619;0;0;40619;40619
13/01/2024 02:30;13/01/2024 02:45;11;kWh;0;39595;0;0;39595;39595
13/01/2024 02:45;13/01/2024 03:00;12;kWh;0;8356;0;0;8356;8356
13/01/2024 03:00;13/01/2024 03:15;13;kWh;0;48164;0;0;48164;48164
13/01/2024 03:15;13/01/2024 03:30;14;kWh;0;71479;0;0;71479;71479
13/01/2024 03:30;13/01/2024 03:45;15;kWh;0;43780;0;0;43780;43780
13/01/2024 03:45;13/01/2024 04:00;16;kWh;0;979;0;0;979;979
13/01/2024 04:00;13/01/2024 04:15;17;kWh;0;0;0;0;0;0
13/01/2024 04:15;13/01/2024 04:30;18;kWh;0;0;0;0;0;0
13/01/2024 04:30;13/01/2024 04:45;19;kWh;0;2319;0;0;2319;2319
13/01/2024 04:45;13/01/2024 05:00;20;kWh;-326;44;0;0;370;-282
13/01/2024 05:00;13/01/2024 05:15;21;kWh;-4799;0;0;0;4799;-4799
13/01/2024 05:15;13/01/2024 05:30;22;kWh;-188;0;0;0;188;-188
13/01/2024 05:30;13/01/2024 05:45;23;kWh;-239;1307;0;0;1546;1068
13/01/2024 05:45;13/01/2024 06:00;24;kWh;-4403;3;0;0;4406;-4400
13/01/2024 06:00;13/01/2024 06:15;25;kWh;-509;0;0;0;509;-509
13/01/2024 06:15;13/01/2024 06:30;26;kWh;0;0;0;0;0;0
13/01/2024 06:30;13/01/2024 06:45;27;kWh;0;4793;0;0;4793;4793
13/01/2024 06:45;13/01/2024 07:00;28;kWh;0;17303;0;0;17303;17303
13/01/2024 07:00;13/01/2024 07:15;29;kWh;0;879;0;0;879;879
13/01/2024 07:15;13/01/2024 07:30;30;kWh;0;149;0;0;149;149
13/01/2024 07:30;13/01/2024 07:45;31;kWh;0;0;0;0;0;0
13/01/2024 07:45;13/01/2024 08:00;32;kWh;0;0;0;0;0;0
13/01/2024 08:00;13/01/2024 08:15;33;kWh;-3840;0;0;0;3840;-3840
13/01/2024 08:15;13/01/2024 08:30;34;kWh;-2;0;0;0;2;-2
13/01/2024 08:30;13/01/2024 08:45;35;kWh;0;0;0;0;0;0
13/01/2024 08:45;13/01/2024 09:00;36;kWh;0;0;0;0;0;0
13/01/2024 09:00;13/01/2024 09:15;37;kWh;0;2080;0;0;2080;2080
13/01/2024 09:15;13/01/2024 09:30;38;kWh;0;21045;0;0;21045;21045
13/01/2024 09:30;13/01/2024 09:45;39;kWh;0;26474;0;0;26474;26474
13/01/2024 09:45;13/01/2024 10:00;40;kWh;0;44943;0;0;44943;44943
13/01/2024 10:00;13/01/2024 10:15;41;kWh;0;78633;0;0;78633;78633
13/01/2024 10:15;13/01/2024 10:30;42;kWh;0;67981;0;0;67981;67981
13/01/2024 10:30;13/01/2024 10:45;43;kWh;0;54795;0;0;54795;54795
13/01/2024 10:45;13/01/2024 11:00;44;kWh;0;67321;0;0;67321;67321
13/01/2024 11:00;13/01/2024 11:15;45;kWh;0;59816;0;0;59816;59816
13/01/2024 11:15;13/01/2024 11:30;46;kWh;0;78897;0;0;78897;78897
13/01/2024 11:30;13/01/2024 11:45;47;kWh;0;81000;0;0;81000;81000
13/01/2024 11:45;13/01/2024 12:00;48;kWh;0;70412;0;0;70412;70412
13/01/2024 12:00;13/01/2024 12:15;49;kWh;-882;53;0;0;935;-829
13/01/2024 12:15;13/01/2024 12:30;50;kWh;0;2352;0;0;2352;2352
13/01/2024 12:30;13/01/2024 12:45;51;kWh;0;793;0;0;793;793
13/01/2024 12:45;13/01/2024 13:00;52;kWh;0;8863;0;0;8863;8863
13/01/2024 13:00;13/01/2024 13:15;53;kWh;0;1354;0;0;1354;1354
13/01/2024 13:15;13/01/2024 13:30;54;kWh;0;0;0;0;0;0
13/01/2024 13:30;13/01/2024 13:45;55;kWh;0;0;0;0;0;0
13/01/2024 13:45;13/01/2024 14:00;56;kWh;0;1907;0;0;1907;1907
13/01/2024 14:00;13/01/2024 14:15;57;kWh;0;3700;0;0;3700;3700
13/01/2024 14:15;13/01/2024 14:30;58;kWh;0;9979;0;0;9979;9979
13/01/2024 14:30;13/01/2024 14:45;59;kWh;0;2787;0;0;2787;2787
13/01/2024 14:45;13/01/2024 15:00;60;kWh;-1085;0;0;0;1085;-1085
13/01/2024 15:00;13/01/2024 15:15;61;kWh;0;0;0;0;0;0
13/01/2024 15:15;13/01/2024 15:30;62;kWh;-1087;0;0;0;1087;-1087
13/01/2024 15:30;13/01/2024 15:45;63;kWh;-247;0;0;0;247;-247
13/01/2024 15:45;13/01/2024 16:00;64;kWh;-76;0;0;0;76;-76
13/01/2024 16:00;13/01/2024 16:15;65;kWh;-1674;0;0;0;1674;-1674
13/01/2024 16:15;13/01/2024 16:30;66;kWh;-737;0;0;0;737;-737
13/01/2024 16:30;13/01/2024 16:45;67;kWh;-13936;0;0;0;13936;-13936
13/01/2024 16:45;13/01/2024 17:00;68;kWh;-306;0;0;0;306;-306
13/01/2024 17:00;13/01/2024 17:15;69;kWh;-3166;0;0;0;3166;-3166
13/01/2024 17:15;13/01/2024 17:30;70;kWh;-1486;0;0;0;1486;-1486
13/01/2024 17:30;13/01/2024 17:45;71;kWh;0;3296;0;0;3296;3296
13/01/2024 17:45;13/01/2024 18:00;72;kWh;-2996;87;0;0;3083;-2909
13/01/2024 18:00;13/01/2024 18:15;73;kWh;-18474;0;0;0;18474;-18474
13/01/2024 18:15;13/01/2024 18:30;74;kWh;-4276;0;0;0;4276;-4276
13/01/2024 18:30;13/01/2024 18:45;75;kWh;-2874;0;0;0;2874;-2874
13/01/2024 18:45;13/01/2024 19:00;76;kWh;-18565;0;0;0;18565;-18565
13/01/2024 19:00;13/01/2024 19:15;77;kWh;-4547;0;0;0;4547;-4547
13/01/2024 19:15;13/01/2024 19:30;78;kWh;-3392;0;0;0;3392;-3392
13/01/2024 19:30;13/01/2024 19:45;79;kWh;-25412;0;0;0;25412;-25412
13/01/2024 19:45;13/01/2024 20:00;80;kWh;-16430;0;0;0;16430;-16430
13/01/2024 20:00;13/01/2024 20:15;81;kWh;-41155;0;0;0;41155;-41155
13/01/2024 20:15;13/01/2024 20:30;82;kWh;-30253;0;0;0;30253;-30253
13/01/2024 20:30;13/01/2024 20:45;83;kWh;-31065;0;0;0;31065;-31065
13/01/2024 20:45;13/01/2024 21:00;84;kWh;-14964;0;0;0;14964;-14964
13/01/2024 21:00;13/01/2024 21:15;85;kWh;-12036;0;0;0;12036;-12036
13/01/2024 21:15;13/01/2024 21:30;86;kWh;-2687;0;0;0;2687;-2687
13/01/2024 21:30;13/01/2024 21:45;87;kWh;0;0;0;0;0;0
13/01/2024 21:45;13/01/2024 22:00;88;kWh;0;0;0;0;0;0
13/01/2024 22:00;13/01/2024 22:15;89;kWh;0;0;0;0;0;0
13/01/2024 22:15;13/01/2024 22:30;90;kWh;0;0;0;0;0;0
13/01/2024 22:30;13/01/2024 22:45;91;kWh;0;1651;0;0;1651;1651
13/01/2024 22:45;13/01/2024 23:00;92;kWh;-31;418;0;0;449;387
13/01/2024 23:00;13/01/2024 23:15;93;kWh;-5710;0;0;0;5710;-5710
13/01/2024 23:15;13/01/2024 23:30;94;kWh;-4314;0;0;0;4314;-4314
13/01/2024 23:30;13/01/2024 23:45;95;kWh;-414;0;0;0;414;-414
13/01/2024 23:45;14/01/2024 00:00;96;kWh;-948;0;0;0;948;-948
14/01/2024 00:00;14/01/2024 00:15;1;kWh;-6835;0;0;0;6835;-6835
14/01/2024 00:15;14/01/2024 00:30;2;kWh;-6868;0;0;0;6868;-6868
14/01/2024 00:30;14/01/2024 00:45;3;kWh;-22904;0;0;0;22904;-22904
14/01/2024 00:45;14/01/2024 01:00;4;kWh;-47499;0;0;0;47499;-47499
14/01/2024 01:00;14/01/2024 01:15;5;kWh;-30370;0;0;0;30370;-30370
14/01/2024 01:15;14/01/2024 01:30;6;kWh;-4551;0;0;0;4551;-4551
14/01/2024 01:30;14/01/2024 01:45;7;kWh;-442;0;0;0;442;-442
14/01/2024 01:45;14/01/2024 02:00;8;kWh;0;0;0;0;0;0
14/01/2024 02:00;14/01/2024 02:15;9;kWh;0;6864;0;0;6864;6864
14/01/2024 02:15;14/01/2024 02:30;10;kWh;0;59;0;0;59;59
14/01/2024 02:30;14/01/2024 02:45;11;kWh;-9166;0;0;0;9166;-9166
14/01/2024 02:45;14/01/2024 03:00;12;kWh;-26579;0;0;0;26579;-26579
14/01/2024 03:00;14/01/2024 03:15;13;kWh;-18979;0;0;0;18979;-18979
14/01/2024 03:15;14/01/2024 03:30;14;kWh;-4471;0;0;0;4471;-4471
14/01/2024 03:30;14/01/2024 03:45;15;kWh;-7532;0;0;0;7532;-7532
14/01/2024 03:45;14/01/2024 04:00;16;kWh;-32455;0;0;0;32455;-32455
14/01/2024 04:00;14/01/2024 04:15;17;kWh;-9889;0;0;0;9889;-9889
14/01/2024 04:15;14/01/2024 04:30;18;kWh;0;0;0;0;0;0
14/01/2024 04:30;14/01/2024 04:45;19;kWh;0;0;0;0;0;0
14/01/2024 04:45;14/01/2024 05:00;20;kWh;0;0;0;0;0;0
14/01/2024 05:00;14/01/2024 05:15;21;kWh;0;0;0;0;0;0
14/01/2024 05:15;14/01/2024 05:30;22;kWh;0;1116;0;0;1116;1116
14/01/2024 05:30;14/01/2024 05:45;23;kWh;0;22912;0;0;22912;22912
14/01/2024 05:45;14/01/2024 06:00;24;kWh;0;23467;0;0;23467;23467
14/01/2024 06:00;14/01/2024 06:15;25;kWh;-1043;42;0;0;1085;-1001
14/01/2024 06:15;14/01/2024 06:30;26;kWh;-12504;0;0;0;12504;-12504
14/01/2024 06:30;14/01/2024 06:45;27;kWh;-4828;0;0;0;4828;-4828
14/01/2024 06:45;14/01/2024 07:00;28;kWh;0;264;0;0;264;264
14/01/2024 07:00;14/01/2024 07:15;29;kWh;-10094;0;0;0;10094;-10094
14/01/2024 07:15;14/01/2024 07:30;30;kWh;-8;0;0;0;8;-8
14/01/2024 07:30;14/01/2024 07:45;31;kWh;0;0;0;0;0;0
14/01/2024 07:45;14/01/2024 08:00;32;kWh;0;0;0;0;0;0
14/01/2024 08:00;14/01/2024 08:15;33;kWh;-46255;0;0;0;46255;-46255
14/01/2024 08:15;14/01/2024 08:30;34;kWh;-59848;0;0;0;59848;-59848
14/01/2024 08:30;14/01/2024 08:45;35;kWh;-46953;0;0;0;46953;-46953
14/01/2024 08:45;14/01/2024 09:00;36;kWh;-45757;0;0;0;45757;-45757
14/01/2024 09:00;14/01/2024 09:15;37;kWh;-45584;0;0;0;45584;-45584
14/01/2024 09:15;14/01/2024 09:30;38;kWh;-17625;0;0;0;17625;-17625
14/01/2024 09:30;14/01/2024 09:45;39;kWh;-41335;0;0;0;41335;-41335
14/01/2024 09:45;14/01/2024 10:00;40;kWh;-12878;0;0;0;12878;-12878
14/01/2024 10:00;14/01/2024 10:15;41;kWh;-1144;0;0;0;1144;-1144
14/01/2024 10:15;14/01/2024 10:30;42;kWh;0;0;0;0;0;0
14/01/2024 10:30;14/01/2024 10:45;43;kWh;0;0;0;0;0;0
14/01/2024 10:45;14/01/2024 11:00;44;kWh;-984;0;0;0;984;-984
14/01/2024 11:00;14/01/2024 11:15;45;kWh;-374;3314;0;0;3688;2940
14/01/2024 11:15;14/01/2024 11:30;46;kWh;0;4467;0;0;4467;4467
14/01/2024 11:30;14/01/2024 11:45;47;kWh;0;16349;0;0;16349;16349
14/01/2024 11:45;14/01/2024 12:00;48;kWh;0;18695;0;0;18695;18695
14/01/2024 12:00;14/01/2024 12:15;49;kWh;0;39478;0;0;39478;39478
14/01/2024 12:15;14/01/2024 12:30;50;kWh;0;10963;0;0;10963;10963
14/01/2024 12:30;14/01/2024 12:45;51;kWh;0;38552;0;0;38552;38552
14/01/2024 12:45;14/01/2024 13:00;52;kWh;0;63101;0;0;63101;63101
14/01/2024 13:00;14/01/2024 13:15;53;kWh;0;14699;0;0;14699;14699
14/01/2024 13:15;14/01/2024 13:30;54;kWh;0;3719;0;0;3719;3719
14/01/2024 13:30;14/01/2024 13:45;55;kWh;0;5822;0;0;5822;5822
14/01/2024 13:45;14/01/2024 14:00;56;kWh;0;5984;0;0;5984;5984
14/01/2024 14:00;14/01/2024 14:15;57;kWh;0;12391;0;0;12391;12391
14/01/2024 14:15;14/01/2024 14:30;58;kWh;0;7768;0;0;7768;7768
14/01/2024 14:30;14/01/2024 14:45;59;kWh;0;8390;0;0;8390;8390
14/01/2024 14:45;14/01/2024 15:00;60;kWh;0;7484;0;0;7484;7484
14/01/2024 15:00;14/01/2024 15:15;61;kWh;0;2946;0;0;2946;2946
14/01/2024 15:15;14/01/2024 15:30;62;kWh;0;2315;0;0;2315;2315
14/01/2024 15:30;14/01/2024 15:45;63;kWh;0;366;0;0;366;366
14/01/2024 15:45;14/01/2024 16:00;64;kWh;0;4706;0;0;4706;4706
14/01/2024 16:00;14/01/2024 16:15;65;kWh;-625;206;0;0;831;-419
14/01/2024 16:15;14/01/2024 16:30;66;kWh;-2453;0;0;0;2453;-2453
14/01/2024 16:30;14/01/2024 16:45;67;kWh;0;13034;0;0;13034;13034
14/01/2024 16:45;14/01/2024 17:00;68;kWh;0;13195;0;0;13195;13195
14/01/2024 17:00;14/01/2024 17:15;69;kWh;0;321;0;0;321;321
14/01/2024 17:15;14/01/2024 17:30;70;kWh;0;0;0;0;0;0
14/01/2024 17:30;14/01/2024 17:45;71;kWh;0;0;0;0;0;0
14/01/2024 17:45;14/01/2024 18:00;72;kWh;0;0;0;0;0;0
14/01/2024 18:00;14/01/2024 18:15;73;kWh;-7602;0;0;0;7602;-7602
14/01/2024 18:15;14/01/2024 18:30;74;kWh;0;96;0;0;96;96
14/01/2024 18:30;14/01/2024 18:45;75;kWh;0;458;0;0;458;458
14/01/2024 18:45;14/01/2024 19:00;76;kWh;-61;0;0;0;61;-61
14/01/2024 19:00;14/01/2024 19:15;77;kWh;0;0;0;0;0;0
14/01/2024 19:15;14/01/2024 19:30;78;kWh;0;0;0;0;0;0
14/01/2024 19:30;14/01/2024 19:45;79;kWh;0;660;0;0;660;660
14/01/2024 19:45;14/01/2024 20:00;80;kWh;0;0;0;0;0;0
14/01/2024 20:00;14/01/2024 20:15;81;kWh;0;11250;0;0;11250;11250
14/01/2024 20:15;14/01/2024 20:30;82;kWh;0;1080;0;0;1080;1080
14/01/2024 20:30;14/01/2024 20:45;83;kWh;0;7052;0;0;7052;7052
14/01/2024 20:45;14/01/2024 21:00;84;kWh;0;0;0;0;0;0
14/01/2024 21:00;14/01/2024 21:15;85;kWh;-131;0;0;0;131;-131
14/01/2024 21:15;14/01/2024 21:30;86;kWh;-10158;0;0;0;10158;-10158
14/01/2024 21:30;14/01/2024 21:45;87;kWh;-3906;324;0;0;4230;-3582
14/01/2024 21:45;14/01/2024 22:00;88;kWh;-75;0;0;0;75;-75
14/01/2024 22:00;14/01/2024 22:15;89;kWh;-690;43;0;0;733;-647
14/01/2024 22:15;14/01/2024 22:30;90;kWh;-1148;0;0;0;1148;-1148
14/01/2024 22:30;14/01/2024 22:45;91;kWh;0;1210;0;0;1210;1210
14/01/2024 22:45;14/01/2024 23:00;92;kWh;-13;0;0;0;13;-13
14/01/2024 23:00;14/01/2024 23:15;93;kWh;-190;0;0;0;190;-190
14/01/2024 23:15;14/01/2024 23:30;94;kWh;-1496;0;0;0;1496;-1496
14/01/2024 23:30;14/01/2024 23:45;95;kWh;0;0;0;0;0;0
14/01/2024 23:45;15/01/2024 00:00;96;kWh;0;0;0;0;0;0
15/01/2024 00:00;15/01/2024 00:15;1;kWh;0;8250;0;0;8250;8250
15/01/2024 00:15;15/01/2024 00:30;2;kWh;0;28273;0;0;28273;28273
15/01/2024 00:30;15/01/2024 00:45;3;kWh;0;15682;0;0;15682;15682
15/01/2024 00:45;15/01/2024 01:00;4;kWh;0;44;0;0;44;44
15/01/2024 01:00;15/01/2024 01:15;5;kWh;0;1647;0;0;1647;1647
15/01/2024 01:15;15/01/2024 01:30;6;kWh;-2284;60;0;0;2344;-2224
15/01/2024 01:30;15/01/2024 01:45;7;kWh;-5542;0;0;0;5542;-5542
15/01/2024 01:45;15/01/2024 02:00;8;kWh;-8706;0;0;0;8706;-8706
15/01/2024 02:00;15/01/2024 02:15;9;kWh;0;1533;0;0;1533;1533
15/01/2024 02:15;15/01/2024 02:30;10;kWh;0;751;0;0;751;751
15/01/2024 02:30;15/01/2024 02:45;11;kWh;0;0;0;0;0;0
15/01/2024 02:45;15/01/2024 03:00;12;kWh;0;0;0;0;0;0
15/01/2024 03:00;15/01/2024 03:15;13;kWh;0;3567;0;0;3567;3567
15/01/2024 03:15;15/01/2024 03:30;14;kWh;0;2761;0;0;2761;2761
15/01/2024 03:30;15/01/2024 03:45;15;kWh;0;1224;0;0;1224;1224
15/01/2024 03:45;15/01/2024 04:00;16;kWh;-10;0;0;0;10;-10
15/01/2024 04:00;15/01/2024 04:15;17;kWh;-1885;0;0;0;1885;-1885
15/01/2024 04:15;15/01/2024 04:30;18;kWh;0;1491;0;0;1491;1491
15/01/2024 04:30;15/01/2024 04:45;19;kWh;0;28091;0;0;28091;28091
15/01/2024 04:45;15/01/2024 05:00;20;kWh;0;41569;0;0;41569;41569
15/01/2024 05:00;15/01/2024 05:15;21;kWh;0;14003;0;0;14003;14003
15/01/2024 05:15;15/01/2024 05:30;22;kWh;0;24286;0;0;24286;24286
15/01/2024 05:30;15/01/2024 05:45;23;kWh;0;57492;0;0;57492;57492
15/01/2024 05:45;15/01/2024 06:00;24;kWh;0;13177;0;0;13177;13177
15/01/2024 06:00;15/01/2024 06:15;25;kWh;-3307;0;0;0;3307;-3307
15/01/2024 06:15;15/01/2024 06:30;26;kWh;0;14102;0;0;14102;14102
15/01/2024 06:30;15/01/2024 06:45;27;kWh;0;25466;0;0;25466;25466
15/01/2024 06:45;15/01/2024 07:00;28;kWh;0;282;0;0;282;282
15/01/2024 07:00;15/01/2024 07:15;29;kWh;0;8053;0;0;8053;8053
15/01/2024 07:15;15/01/2024 07:30;30;kWh;0;18445;0;0;18445;18445
15/01/2024 07:30;15/01/2024 07:45;31;kWh;0;32466;0;0;32466;32466
15/01/2024 07:45;15/01/2024 08:00;32;kWh;0;25474;0;0;25474;25474
15/01/2024 08:00;15/01/2024 08:15;33;kWh;0;52958;0;0;52958;52958
15/01/2024 08:15;15/01/2024 08:30;34;kWh;0;39135;0;0;39135;39135
15/01/2024 08:30;15/01/2024 08:45;35;kWh;0;14567;0;0;14567;14567
15/01/2024 08:45;15/01/2024 09:00;36;kWh;0;55370;0;0;55370;55370
15/01/2024 09:00;15/01/2024 09:15;37;kWh;0;29099;0;0;29099;29099
15/01/2024 09:15;15/01/2024 09:30;38;kWh;0;5380;0;0;5380;5380
15/01/2024 09:30;15/01/2024 09:45;39;kWh;0;3098;0;0;3098;3098
15/01/2024 09:45;15/01/2024 10:00;40;kWh;0;1243;0;0;1243;1243
15/01/2024 10:00;15/01/2024 10:15;41;kWh;0;26105;0;0;26105;26105
15/01/2024 10:15;15/01/2024 10:30;42;kWh;0;29151;0;0;29151;29151
15/01/2024 10:30;15/01/2024 10:45;43;kWh;0;10671;0;0;10671;10671
15/01/2024 10:45;15/01/2024 11:00;44;kWh;-557;0;0;0;557;-557
15/01/2024 11:00;15/01/2024 11:15;45;kWh;-1343;1;0;0;1344;-1342
15/01/2024 11:15;15/01/2024 11:30;46;kWh;0;5551;0;0;5551;5551
15/01/2024 11:30;15/01/2024 11:45;47;kWh;0;2264;0;0;2264;2264
15/01/2024 11:45;15/01/2024 12:00;48;kWh;0;0;0;0;0;0
15/01/2024 12:00;15/01/2024 12:15;49;kWh;0;19224;0;0;19224;19224
15/01/2024 12:15;15/01/2024 12:30;50;kWh;0;53108;0;0;53108;53108
15/01/2024 12:30;15/01/2024 12:45;51;kWh;0;52225;0;0;52225;52225
15/01/2024 12:45;15/01/2024 13:00;52;kWh;0;99605;0;0;99605;99605
15/01/2024 13:00;15/01/2024 13:15;53;kWh;0;80652;0;0;80652;80652
15/01/2024 13:15;15/01/2024 13:30;54;kWh;0;36472;0;0;36472;36472
15/01/2024 13:30;15/01/2024 13:45;55;kWh;0;55572;0;0;55572;55572
15/01/2024 13:45;15/01/2024 14:00;56;kWh;0;41487;0;0;41487;41487
15/01/2024 14:00;15/01/2024 14:15;57;kWh;-24;12;0;0;36;-12
15/01/2024 14:15;15/01/2024 14:30;58;kWh;-3261;0;0;0;3261;-3261
15/01/2024 14:30;15/01/2024 14:45;59;kWh;-8472;0;0;0;8472;-8472
15/01/2024 14:45;15/01/2024 15:00;60;kWh;-16398;0;0;0;16398;-16398
15/01/2024 15:00;15/01/2024 15:15;61;kWh;-25376;0;0;0;25376;-25376
15/01/2024 15:15;15/01/2024 15:30;62;kWh;-27908;0;0;0;27908;-27908
15/01/2024 15:30;15/01/2024 15:45;63;kWh;-35780;0;0;0;35780;-35780
15/01/2024 15:45;15/01/2024 16:00;64;kWh;-3967;0;0;0;3967;-3967
15/01/2024 16:00;15/01/2024 16:15;65;kWh;0;0;0;0;0;0
15/01/2024 16:15;15/01/2024 16:30;66;kWh;0;0;0;0;0;0
15/01/2024 16:30;15/01/2024 16:45;67;kWh;-763;0;0;0;763;-763
15/01/2024 16:45;15/01/2024 17:00;68;kWh;0;0;0;0;0;0
15/01/2024 17:00;15/01/2024 17:15;69;kWh;-1620;0;0;0;1620;-1620
15/01/2024 17:15;15/01/2024 17:30;70;kWh;0;9964;0;0;9964;9964
15/01/2024 17:30;15/01/2024 17:45;71;kWh;0;13830;0;0;13830;13830
15/01/2024 17:45;15/01/2024 18:00;72;kWh;0;35665;0;0;35665;35665
15/01/2024 18:00;15/01/2024 18:15;73;kWh;0;55107;0;0;55107;55107
15/01/2024 18:15;15/01/2024 18:30;74;kWh;0;57390;0;0;57390;57390
15/01/2024 18:30;15/01/2024 18:45;75;kWh;0;76429;0;0;76429;76429
15/01/2024 18:45;15/01/2024 19:00;76;kWh;0;72654;0;0;72654;72654
15/01/2024 19:00;15/01/2024 19:15;77;kWh;0;51463;0;0;51463;51463
15/01/2024 19:15;15/01/2024 19:30;78;kWh;0;73078;0;0;73078;73078
15/01/2024 19:30;15/01/2024 19:45;79;kWh;0;23793;0;0;23793;23793
15/01/2024 19:45;15/01/2024 20:00;80;kWh;0;11050;0;0;11050;11050
15/01/2024 20:00;15/01/2024 20:15;81;kWh;0;4110;0;0;4110;4110
15/01/2024 20:15;15/01/2024 20:30;82;kWh;0;24810;0;0;24810;24810
15/01/2024 20:30;15/01/2024 20:45;83;kWh;0;18889;0;0;18889;18889
15/01/2024 20:45;15/01/2024 21:00;84;kWh;0;3;0;0;3;3
15/01/2024 21:00;15/01/2024 21:15;85;kWh;0;52787;0;0;52787;52787
15/01/2024 21:15;15/01/2024 21:30;86;kWh;0;4890;0;0;4890;4890
15/01/2024 21:30;15/01/2024 21:45;87;kWh;0;12305;0;0;12305;12305
15/01/2024 21:45;15/01/2024 22:00;88;kWh;0;19301;0;0;19301;19301
15/01/2024 22:00;15/01/2024 22:15;89;kWh;0;48152;0;0;48152;48152
15/01/2024 22:15;15/01/2024 22:30;90;kWh;0;57674;0;0;57674;57674
15/01/2024 22:30;15/01/2024 22:45;91;kWh;0;36588;0;0;36588;36588
15/01/2024 22:45;15/01/2024 23:00;92;kWh;0;886;0;0;886;886
15/01/2024 23:00;15/01/2024 23:15;93;kWh;0;249;0;0;249;249
15/01/2024 23:15;15/01/2024 23:30;94;kWh;0;249;0;0;249;249
15/01/2024 23:30;15/01/2024 23:45;95;kWh;0;922;0;0;922;922
15/01/2024 23:45;16/01/2024 00:00;96;kWh;-11442;249;0;0;11691;-11193
16/01/2024 00:00;16/01/2024 00:15;1;kWh;-22612;1939;0;0;24551;-20673
16/01/2024 00:15;16/01/2024 00:30;2;kWh;0;3983;0;0;3983;3983
16/01/2024 00:30;16/01/2024 00:45;3;kWh;0;18090;0;0;18090;18090
16/01/2024 00:45;16/01/2024 01:00;4;kWh;0;1523;0;0;1523;1523
16/01/2024 01:00;16/01/2024 01:15;5;kWh;0;18062;0;0;18062;18062
16/01/2024 01:15;16/01/2024 01:30;6;kWh;0;13949;0;0;13949;13949
16/01/2024 01:30;16/01/2024 01:45;7;kWh;0;24516;0;0;24516;24516
16/01/2024 01:45;16/01/2024 02:00;8;kWh;0;9568;0;0;9568;9568
16/01/2024 02:00;16/01/2024 02:15;9;kWh;0;24069;0;0;24069;24069
16/01/2024 02:15;16/01/2024 02:30;10;kWh;0;43196;0;0;43196;43196
16/01/2024 02:30;16/01/2024 02:45;11;kWh;0;22758;0;0;22758;22758
16/01/2024 02:45;16/01/2024 03:00;12;kWh;0;57703;0;0;57703;57703
16/01/2024 03:00;16/01/2024 03:15;13;kWh;0;30005;0;0;30005;30005
16/01/2024 03:15;16/01/2024 03:30;14;kWh;0;5864;0;0;5864;5864
16/01/2024 03:30;16/01/2024 03:45;15;kWh;-9768;0;0;0;9768;-9768
16/01/2024 03:45;16/01/2024 04:00;16;kWh;-29826;0;0;0;29826;-29826
16/01/2024 04:00;16/01/2024 04:15;17;kWh;-21065;0;0;0;21065;-21065
16/01/2024 04:15;16/01/2024 04:30;18;kWh;0;0;0;0;0;0
16/01/2024 04:30;16/01/2024 04:45;19;kWh;0;4780;0;0;4780;4780
16/01/2024 04:45;16/01/2024 05:00;20;kWh;0;6519;0;0;6519;6519
16/01/2024 05:00;16/01/2024 05:15;21;kWh;-343;0;0;0;343;-343
16/01/2024 05:15;16/01/2024 05:30;22;kWh;-442;0;0;0;442;-442
16/01/2024 05:30;16/01/2024 05:45;23;kWh;-14588;0;0;0;14588;-14588
16/01/2024 05:45;16/01/2024 06:00;24;kWh;-28225;0;0;0;28225;-28225
16/01/2024 06:00;16/01/2024 06:15;25;kWh;-23342;70;0;0;23412;-23272
16/01/2024 06:15;16/01/2024 06:30;26;kWh;0;7976;0;0;7976;7976
16/01/2024 06:30;16/01/2024 06:45;27;kWh;0;55893;0;0;55893;55893
16/01/2024 06:45;16/01/2024 07:00;28;kWh;0;72349;0;0;72349;72349
16/01/2024 07:00;16/01/2024 07:15;29;kWh;0;37493;0;0;37493;37493
16/01/2024 07:15;16/01/2024 07:30;30;kWh;0;10023;0;0;10023;10023
16/01/2024 07:30;16/01/2024 07:45;31;kWh;0;18164;0;0;18164;18164
16/01/2024 07:45;16/01/2024 08:00;32;kWh;0;34779;0;0;34779;34779
16/01/2024 08:00;16/01/2024 08:15;33;kWh;-15406;3249;0;0;18655;-12157
16/01/2024 08:15;16/01/2024 08:30;34;kWh;-4642;0;0;0;4642;-4642
16/01/2024 08:30;16/01/2024 08:45;35;kWh;-9771;0;0;0;9771;-9771
16/01/2024 08:45;16/01/2024 09:00;36;kWh;-32919;0;0;0;32919;-32919
16/01/2024 09:00;16/01/2024 09:15;37;kWh;-4910;0;0;0;4910;-4910
16/01/2024 09:15;16/01/2024 09:30;38;kWh;0;1116;0;0;1116;1116
16/01/2024 09:30;16/01/2024 09:45;39;kWh;0;2523;0;0;2523;2523
16/01/2024 09:45;16/01/2024 10:00;40;kWh;0;0;0;0;0;0
16/01/2024 10:00;16/01/2024 10:15;41;kWh;0;28776;0;0;28776;28776
16/01/2024 10:15;16/01/2024 10:30;42;kWh;0;71865;0;0;71865;71865
16/01/2024 10:30;16/01/2024 10:45;43;kWh;0;80140;0;0;80140;80140
16/01/2024 10:45;16/01/2024 11:00;44;kWh;0;60302;0;0;60302;60302
16/01/2024 11:00;16/01/2024 11:15;45;kWh;0;49811;0;0;49811;49811
16/01/2024 11:15;16/01/2024 11:30;46;kWh;0;19841;0;0;19841;19841
16/01/2024 11:30;16/01/2024 11:45;47;kWh;0;270;0;0;270;270
16/01/2024 11:45;16/01/2024 12:00;48;kWh;-7079;0;0;0;7079;-7079
16/01/2024 12:00;16/01/2024 12:15;49;kWh;-67974;0;0;0;67974;-67974
16/01/2024 12:15;16/01/2024 12:30;50;kWh;-55950;0;0;0;55950;-55950
16/01/2024 12:30;16/01/2024 12:45;51;kWh;-50016;0;0;0;50016;-50016
16/01/2024 12:45;16/01/2024 13:00;52;kWh;-54036;0;0;0;54036;-54036
16/01/2024 13:00;16/01/2024 13:15;53;kWh;-6266;0;0;0;6266;-6266
16/01/2024 13:15;16/01/2024 13:30;54;kWh;0;0;0;0;0;0
16/01/2024 13:30;16/01/2024 13:45;55;kWh;0;1325;0;0;1325;1325
16/01/2024 13:45;16/01/2024 14:00;56;kWh;-1958;10;0;0;1968;-1948
16/01/2024 14:00;16/01/2024 14:15;57;kWh;-2586;0;0;0;2586;-2586
16/01/2024 14:15;16/01/2024 14:30;58;kWh;0;0;0;0;0;0
16/01/2024 14:30;16/01/2024 14:45;59;kWh;0;0;0;0;0;0
16/01/2024 14:45;16/01/2024 15:00;60;kWh;0;0;0;0;0;0
16/01/2024 15:00;16/01/2024 15:15;61;kWh;-222;0;0;0;222;-222
16/01/2024 15:15;16/01/2024 15:30;62;kWh;0;12903;0;0;12903;12903
16/01/2024 15:30;16/01/2024 15:45;63;kWh;0;32847;0;0;32847;32847
16/01/2024 15:45;16/01/2024 16:00;64;kWh;0;20581;0;0;20581;20581
16/01/2024 16:00;16/01/2024 16:15;65;kWh;0;6224;0;0;6224;6224
16/01/2024 16:15;16/01/2024 16:30;66;kWh;0;13957;0;0;13957;13957
16/01/2024 16:30;16/01/2024 16:45;67;kWh;-1995;7688;0;0;9683;5693
16/01/2024 16:45;16/01/2024 17:00;68;kWh;-1970;0;0;0;1970;-1970
16/01/2024 17:00;16/01/2024 17:15;69;kWh;-13232;0;0;0;13232;-13232
16/01/2024 17:15;16/01/2024 17:30;70;kWh;-18771;0;0;0;18771;-18771
16/01/2024 17:30;16/01/2024 17:45;71;kWh;-22246;0;0;0;22246;-22246
16/01/2024 17:45;16/01/2024 18:00;72;kWh;-9020;0;0;0;9020;-9020
16/01/2024 18:00;16/01/2024 18:15;73;kWh;-88875;0;0;0;88875;-88875
16/01/2024 18:15;16/01/2024 18:30;74;kWh;-75217;0;0;0;75217;-75217
16/01/2024 18:30;16/01/2024 18:45;75;kWh;-62848;0;0;0;62848;-62848
16/01/2024 18:45;16/01/2024 19:00;76;kWh;-55325;0;0;0;55325;-55325
16/01/2024 19:00;16/01/2024 19:15;77;kWh;-54444;0;0;0;54444;-54444
16/01/2024 19:15;16/01/2024 19:30;78;kWh;-75186;0;0;0;75186;-75186
16/01/2024 19:30;16/01/2024 19:45;79;kWh;-84299;0;0;0;84299;-84299
16/01/2024 19:45;16/01/2024 20:00;80;kWh;-54107;0;0;0;54107;-54107
16/01/2024 20:00;16/01/2024 20:15;81;kWh;-10670;1081;0;0;11751;-9589
16/01/2024 20:15;16/01/2024 20:30;82;kWh;-31089;86;0;0;31175;-31003
16/01/2024 20:30;16/01/2024 20:45;83;kWh;-78558;0;0;0;78558;-78558
16/01/2024 20:45;16/01/2024 21:00;84;kWh;-55491;0;0;0;55491;-55491
16/01/2024 21:00;16/01/2024 21:15;85;kWh;-68884;0;0;0;68884;-68884
16/01/2024 21:15;16/01/2024 21:30;86;kWh;-20824;0;0;0;20824;-20824
16/01/2024 21:30;16/01/2024 21:45;87;kWh;-10921;0;0;0;10921;-10921
16/01/2024 21:45;16/01/2024 22:00;88;kWh;-1965;0;0;0;1965;-1965
16/01/2024 22:00;16/01/2024 22:15;89;kWh;-1225;9559;0;0;10784;8334
16/01/2024 22:15;16/01/2024 22:30;90;kWh;-249;22927;0;0;23176;22678
16/01/2024 22:30;16/01/2024 22:45;91;kWh;-249;18314;0;0;18563;18065
16/01/2024 22:45;16/01/2024 23:00;92;kWh;-266;0;0;0;266;-266
16/01/2024 23:00;16/01/2024 23:15;93;kWh;-18278;0;0;0;18278;-18278
16/01/2024 23:15;16/01/2024 23:30;94;kWh;-27895;0;0;0;27895;-27895
16/01/2024 23:30;16/01/2024 23:45;95;kWh;-23010;0;0;0;23010;-23010
16/01/2024 23:45;17/01/2024 00:00;96;kWh;-46525;0;0;0;46525;-46525
17/01/2024 00:00;17/01/2024 00:15;1;kWh;-13316;6889;0;0;20205;-6427
17/01/2024 00:15;17/01/2024 00:30;2;kWh;0;46888;0;0;46888;46888
17/01/2024 00:30;17/01/2024 00:45;3;kWh;0;46665;0;0;46665;46665
17/01/2024 00:45;17/01/2024 01:00;4;kWh;0;5692;0;0;5692;5692
17/01/2024 01:00;17/01/2024 01:15;5;kWh;0;1943;0;0;1943;1943
17/01/2024 01:15;17/01/2024 01:30;6;kWh;0;4185;0;0;4185;4185
17/01/2024 01:30;17/01/2024 01:45;7;kWh;0;2270;0;0;2270;2270
17/01/2024 01:45;17/01/2024 02:00;8;kWh;-4110;0;0;0;4110;-4110
17/01/2024 02:00;17/01/2024 02:15;9;kWh;-3030;249;0;0;3279;-2781
17/01/2024 02:15;17/01/2024 02:30;10;kWh;-7692;0;0;0;7692;-7692
17/01/2024 02:30;17/01/2024 02:45;11;kWh;0;0;0;0;0;0
17/01/2024 02:45;17/01/2024 03:00;12;kWh;-1997;0;0;0;1997;-1997
17/01/2024 03:00;17/01/2024 03:15;13;kWh;-5591;454;0;0;6045;-5137
17/01/2024 03:15;17/01/2024 03:30;14;kWh;0;42;0;0;42;42
17/01/2024 03:30;17/01/2024 03:45;15;kWh;0;124;0;0;124;124
17/01/2024 03:45;17/01/2024 04:00;16;kWh;0;1504;0;0;1504;1504
17/01/2024 04:00;17/01/2024 04:15;17;kWh;0;12100;0;0;12100;12100
17/01/2024 04:15;17/01/2024 04:30;18;kWh;0;36548;0;0;36548;36548
17/01/2024 04:30;17/01/2024 04:45;19;kWh;0;28843;0;0;28843;28843
17/01/2024 04:45;17/01/2024 05:00;20;kWh;0;27067;0;0;27067;27067
17/01/2024 05:00;17/01/2024 05:15;21;kWh;0;934;0;0;934;934
17/01/2024 05:15;17/01/2024 05:30;22;kWh;0;5098;0;0;5098;5098
17/01/2024 05:30;17/01/2024 05:45;23;kWh;0;53332;0;0;53332;53332
17/01/2024 05:45;17/01/2024 06:00;24;kWh;0;22622;0;0;22622;22622
17/01/2024 06:00;17/01/2024 06:15;25;kWh;0;21204;0;0;21204;21204
17/01/2024 06:15;17/01/2024 06:30;26;kWh;0;18059;0;0;18059;18059
17/01/2024 06:30;17/01/2024 06:45;27;kWh;0;33128;0;0;33128;33128
17/01/2024 06:45;17/01/2024 07:00;28;kWh;0;21043;0;0;21043;21043
17/01/2024 07:00;17/01/2024 07:15;29;kWh;-10078;7;0;0;10085;-10071
17/01/2024 07:15;17/01/2024 07:30;30;kWh;-6958;0;0;0;6958;-6958
17/01/2024 07:30;17/01/2024 07:45;31;kWh;0;0;0;0;0;0
17/01/2024 07:45;17/01/2024 08:00;32;kWh;-13;0;0;0;13;-13
17/01/2024 08:00;17/01/2024 08:15;33;kWh;-51080;0;0;0;51080;-51080
17/01/2024 08:15;17/01/2024 08:30;34;kWh;-80354;0;0;0;80354;-80354
17/01/2024 08:30;17/01/2024 08:45;35;kWh;-35762;0;0;0;35762;-35762
17/01/2024 08:45;17/01/2024 09:00;36;kWh;-18721;0;0;0;18721;-18721
17/01/2024 09:00;17/01/2024 09:15;37;kWh;-14353;0;0;0;14353;-14353
17/01/2024 09:15;17/01/2024 09:30;38;kWh;-207;0;0;0;207;-207
17/01/2024 09:30;17/01/2024 09:45;39;kWh;0;8262;0;0;8262;8262
17/01/2024 09:45;17/01/2024 10:00;40;kWh;0;14715;0;0;14715;14715
17/01/2024 10:00;17/01/2024 10:15;41;kWh;0;32409;0;0;32409;32409
17/01/2024 10:15;17/01/2024 10:30;42;kWh;0;16529;0;0;16529;16529
17/01/2024 10:30;17/01/2024 10:45;43;kWh;0;14189;0;0;14189;14189
17/01/2024 10:45;17/01/2024 11:00;44;kWh;0;6157;0;0;6157;6157
17/01/2024 11:00;17/01/2024 11:15;45;kWh;0;16551;0;0;16551;16551
17/01/2024 11:15;17/01/2024 11:30;46;kWh;0;29178;0;0;29178;29178
17/01/2024 11:30;17/01/2024 11:45;47;kWh;0;28660;0;0;28660;28660
17/01/2024 11:45;17/01/2024 12:00;48;kWh;0;39128;0;0;39128;39128
17/01/2024 12:00;17/01/2024 12:15;49;kWh;0;13629;0;0;13629;13629
17/01/2024 12:15;17/01/2024 12:30;50;kWh;0;11871;0;0;11871;11871
17/01/2024 12:30;17/01/2024 12:45;51;kWh;0;4924;0;0;4924;4924
17/01/2024 12:45;17/01/2024 13:00;52;kWh;0;1166;0;0;1166;1166
17/01/2024 13:00;17/01/2024 13:15;53;kWh;0;7793;0;0;7793;7793
17/01/2024 13:15;17/01/2024 13:30;54;kWh;0;18491;0;0;18491;18491
17/01/2024 13:30;17/01/2024 13:45;55;kWh;0;22470;0;0;22470;22470
17/01/2024 13:45;17/01/2024 14:00;56;kWh;0;27079;0;0;27079;27079
17/01/2024 14:00;17/01/2024 14:15;57;kWh;0;52041;0;0;52041;52041
17/01/2024 14:15;17/01/2024 14:30;58;kWh;0;53359;0;0;53359;53359
17/01/2024 14:30;17/01/2024 14:45;59;kWh;0;55023;0;0;55023;55023
17/01/2024 14:45;17/01/2024 15:00;60;kWh;0;58953;0;0;58953;58953
17/01/2024 15:00;17/01/2024 15:15;61;kWh;0;4491;0;0;4491;4491
17/01/2024 15:15;17/01/2024 15:30;62;kWh;0;0;0;0;0;0
17/01/2024 15:30;17/01/2024 15:45;63;kWh;0;5589;0;0;5589;5589
17/01/2024 15:45;17/01/2024 16:00;64;kWh;0;16805;0;0;16805;16805
17/01/2024 16:00;17/01/2024 16:15;65;kWh;-2707;1081;0;0;3788;-1626
17/01/2024 16:15;17/01/2024 16:30;66;kWh;-2692;0;0;0;2692;-2692
17/01/2024 16:30;17/01/2024 16:45;67;kWh;0;0;0;0;0;0
17/01/2024 16:45;17/01/2024 17:00;68;kWh;0;0;0;0;0;0
17/01/2024 17:00;17/01/2024 17:15;69;kWh;0;0;0;0;0;0
17/01/2024 17:15;17/01/2024 17:30;70;kWh;0;0;0;0;0;0
17/01/2024 17:30;17/01/2024 17:45;71;kWh;0;0;0;0;0;0
17/01/2024 17:45;17/01/2024 18:00;72;kWh;0;5030;0;0;5030;5030
17/01/2024 18:00;17/01/2024 18:15;73;kWh;0;38141;0;0;38141;38141
17/01/2024 18:15;17/01/2024 18:30;74;kWh;0;2066;0;0;2066;2066
17/01/2024 18:30;17/01/2024 18:45;75;kWh;-405;0;0;0;405;-405
17/01/2024 18:45;17/01/2024 19:00;76;kWh;-1617;0;0;0;1617;-1617
17/01/2024 19:00;17/01/2024 19:15;77;kWh;-2559;0;0;0;2559;-2559
17/01/2024 19:15;17/01/2024 19:30;78;kWh;-7851;0;0;0;7851;-7851
17/01/2024 19:30;17/01/2024 19:45;79;kWh;-50495;0;0;0;50495;-50495
17/01/2024 19:45;17/01/2024 20:00;80;kWh;-88263;0;0;0;88263;-88263
17/01/2024 20:00;17/01/2024 20:15;81;kWh;-9999;0;0;0;9999;-9999
17/01/2024 20:15;17/01/2024 20:30;82;kWh;-5120;106;0;0;5226;-5014
17/01/2024 20:30;17/01/2024 20:45;83;kWh;-5164;0;0;0;5164;-5164
17/01/2024 20:45;17/01/2024 21:00;84;kWh;-33140;0;0;0;33140;-33140
17/01/2024 21:00;17/01/2024 21:15;85;kWh;-5759;0;0;0;5759;-5759
17/01/2024 21:15;17/01/2024 21:30;86;kWh;0;0;0;0;0;0
17/01/2024 21:30;17/01/2024 21:45;87;kWh;-7210;0;0;0;7210;-7210
17/01/2024 21:45;17/01/2024 22:00;88;kWh;-33130;0;0;0;33130;-33130
17/01/2024 22:00;17/01/2024 22:15;89;kWh;-18648;0;0;0;18648;-18648
17/01/2024 22:15;17/01/2024 22:30;90;kWh;-808;0;0;0;808;-808
17/01/2024 22:30;17/01/2024 22:45;91;kWh;0;0;0;0;0;0
17/01/2024 22:45;17/01/2024 23:00;92;kWh;0;0;0;0;0;0
17/01/2024 23:00;17/01/2024 23:15;93;kWh;0;0;0;0;0;0
17/01/2024 23:15;17/01/2024 23:30;94;kWh;-3;0;0;0;3;-3
17/01/2024 23:30;17/01/2024 23:45;95;kWh;-11046;0;0;0;11046;-11046
17/01/2024 23:45;18/01/2024 00:00;96;kWh;-52195;0;0;0;52195;-52195
18/01/2024 00:00;18/01/2024 00:15;1;kWh;-21647;0;0;0;21647;-21647
18/01/2024 00:15;18/01/2024 00:30;2;kWh;0;0;0;0;0;0
18/01/2024 00:30;18/01/2024 00:45;3;kWh;-4212;0;0;0;4212;-4212
18/01/2024 00:45;18/01/2024 01:00;4;kWh;-4858;0;0;0;4858;-4858
18/01/2024 01:00;18/01/2024 01:15;5;kWh;0;1347;0;0;1347;1347
18/01/2024 01:15;18/01/2024 01:30;6;kWh;0;0;0;0;0;0
18/01/2024 01:30;18/01/2024 01:45;7;kWh;0;0;0;0;0;0
18/01/2024 01:45;18/01/2024 02:00;8;kWh;0;0;0;0;0;0
18/01/2024 02:00;18/01/2024 02:15;9;kWh;0;12486;0;0;12486;12486
18/01/2024 02:15;18/01/2024 02:30;10;kWh;0;1097;0;0;1097;1097
18/01/2024 02:30;18/01/2024 02:45;11;kWh;-3004;0;0;0;3004;-3004
18/01/2024 02:45;18/01/2024 03:00;12;kWh;-13413;0;0;0;13413;-13413
18/01/2024 03:00;18/01/2024 03:15;13;kWh;-1099;504;0;0;1603;-595
18/01/2024 03:15;18/01/2024 03:30;14;kWh;-4754;528;0;0;5282;-4226
18/01/2024 03:30;18/01/2024 03:45;15;kWh;-17283;0;0;0;17283;-17283
18/01/2024 03:45;18/01/2024 04:00;16;kWh;-30644;0;0;0;30644;-30644
18/01/2024 04:00;18/01/2024 04:15;17;kWh;-302;4999;0;0;5301;4697
18/01/2024 04:15;18/01/2024 04:30;18;kWh;0;29713;0;0;29713;29713
18/01/2024 04:30;18/01/2024 04:45;19;kWh;0;45900;0;0;45900;45900
18/01/2024 04:45;18/01/2024 05:00;20;kWh;0;47681;0;0;47681;47681
18/01/2024 05:00;18/01/2024 05:15;21;kWh;0;5902;0;0;5902;5902
18/01/2024 05:15;18/01/2024 05:30;22;kWh;0;7941;0;0;7941;7941
18/01/2024 05:30;18/01/2024 05:45;23;kWh;0;23763;0;0;23763;23763
18/01/2024 05:45;18/01/2024 06:00;24;kWh;0;9025;0;0;9025;9025
18/01/2024 06:00;18/01/2024 06:15;25;kWh;-8933;1799;0;0;10732;-7134
18/01/2024 06:15;18/01/2024 06:30;26;kWh;0;13125;0;0;13125;13125
18/01/2024 06:30;18/01/2024 06:45;27;kWh;0;65774;0;0;65774;65774
18/01/2024 06:45;18/01/2024 07:00;28;kWh;0;22959;0;0;22959;22959
18/01/2024 07:00;18/01/2024 07:15;29;kWh;0;3360;0;0;3360;3360
18/01/2024 07:15;18/01/2024 07:30;30;kWh;0;0;0;0;0;0
18/01/2024 07:30;18/01/2024 07:45;31;kWh;0;27288;0;0;27288;27288
18/01/2024 07:45;18/01/2024 08:00;32;kWh;0;33576;0;0;33576;33576
18/01/2024 08:00;18/01/2024 08:15;33;kWh;-4;890;0;0;894;886
18/01/2024 08:15;18/01/2024 08:30;34;kWh;0;0;0;0;0;0
18/01/2024 08:30;18/01/2024 08:45;35;kWh;0;5330;0;0;5330;5330
18/01/2024 08:45;18/01/2024 09:00;36;kWh;0;41031;0;0;41031;41031
18/01/2024 09:00;18/01/2024 09:15;37;kWh;0;42050;0;0;42050;42050
18/01/2024 09:15;18/01/2024 09:30;38;kWh;0;29616;0;0;29616;29616
18/01/2024 09:30;18/01/2024 09:45;39;kWh;0;526;0;0;526;526
18/01/2024 09:45;18/01/2024 10:00;40;kWh;-9555;0;0;0;9555;-9555
18/01/2024 10:00;18/01/2024 10:15;41;kWh;-4773;94;0;0;4867;-4679
18/01/2024 10:15;18/01/2024 10:30;42;kWh;0;0;0;0;0;0
18/01/2024 10:30;18/01/2024 10:45;43;kWh;0;4752;0;0;4752;4752
18/01/2024 10:45;18/01/2024 11:00;44;kWh;0;16122;0;0;16122;16122
18/01/2024 11:00;18/01/2024 11:15;45;kWh;0;24260;0;0;24260;24260
18/01/2024 11:15;18/01/2024 11:30;46;kWh;0;32386;0;0;32386;32386
18/01/2024 11:30;18/01/2024 11:45;47;kWh;0;3648;0;0;3648;3648
18/01/2024 11:45;18/01/2024 12:00;48;kWh;-1860;0;0;0;1860;-1860
18/01/2024 12:00;18/01/2024 12:15;49;kWh;-2753;0;0;0;2753;-2753
18/01/2024 12:15;18/01/2024 12:30;50;kWh;0;0;0;0;0;0
18/01/2024 12:30;18/01/2024 12:45;51;kWh;-12551;0;0;0;12551;-12551
18/01/2024 12:45;18/01/2024 13:00;52;kWh;-38156;0;0;0;38156;-38156
18/01/2024 13:00;18/01/2024 13:15;53;kWh;-6027;0;0;0;6027;-6027
18/01/2024 13:15;18/01/2024 13:30;54;kWh;-5662;0;0;0;5662;-5662
18/01/2024 13:30;18/01/2024 13:45;55;kWh;-21040;0;0;0;21040;-21040
18/01/2024 13:45;18/01/2024 14:00;56;kWh;-2324;0;0;0;2324;-2324
18/01/2024 14:00;18/01/2024 14:15;57;kWh;0;0;0;0;0;0
18/01/2024 14:15;18/01/2024 14:30;58;kWh;0;0;0;0;0;0
18/01/2024 14:30;18/01/2024 14:45;59;kWh;0;689;0;0;689;689
18/01/2024 14:45;18/01/2024 15:00;60;kWh;0;28741;0;0;28741;28741
18/01/2024 15:00;18/01/2024 15:15;61;kWh;-533;3209;0;0;3742;2676
18/01/2024 15:15;18/01/2024 15:30;62;kWh;0;0;0;0;0;0
18/01/2024 15:30;18/01/2024 15:45;63;kWh;0;1293;0;0;1293;1293
18/01/2024 15:45;18/01/2024 16:00;64;kWh;0;19074;0;0;19074;19074
18/01/2024 16:00;18/01/2024 16:15;65;kWh;-9900;2999;0;0;12899;-6901
18/01/2024 16:15;18/01/2024 16:30;66;kWh;-19;0;0;0;19;-19
18/01/2024 16:30;18/01/2024 16:45;67;kWh;0;3734;0;0;3734;3734
18/01/2024 16:45;18/01/2024 17:00;68;kWh;0;22836;0;0;22836;22836
18/01/2024 17:00;18/01/2024 17:15;69;kWh;0;6807;0;0;6807;6807
18/01/2024 17:15;18/01/2024 17:30;70;kWh;0;21567;0;0;21567;21567
18/01/2024 17:30;18/01/2024 17:45;71;kWh;0;29892;0;0;29892;29892
18/01/2024 17:45;18/01/2024 18:00;72;kWh;0;20664;0;0;20664;20664
18/01/2024 18:00;18/01/2024 18:15;73;kWh;0;6474;0;0;6474;6474
18/01/2024 18:15;18/01/2024 18:30;74;kWh;0;21251;0;0;21251;21251
18/01/2024 18:30;18/01/2024 18:45;75;kWh;0;12390;0;0;12390;12390
18/01/2024 18:45;18/01/2024 19:00;76;kWh;0;1387;0;0;1387;1387
18/01/2024 19:00;18/01/2024 19:15;77;kWh;0;3143;0;0;3143;3143
18/01/2024 19:15;18/01/2024 19:30;78;kWh;0;13477;0;0;13477;13477
18/01/2024 19:30;18/01/2024 19:45;79;kWh;0;32371;0;0;32371;32371
18/01/2024 19:45;18/01/2024 20:00;80;kWh;0;825;0;0;825;825
18/01/2024 20:00;18/01/2024 20:15;81;kWh;-629;852;0;0;1481;223
18/01/2024 20:15;18/01/2024 20:30;82;kWh;-4206;0;0;0;4206;-4206
18/01/2024 20:30;18/01/2024 20:45;83;kWh;-4048;0;0;0;4048;-4048
18/01/2024 20:45;18/01/2024 21:00;84;kWh;-486;0;0;0;486;-486
18/01/2024 21:00;18/01/2024 21:15;85;kWh;-3380;0;0;0;3380;-3380
18/01/2024 21:15;18/01/2024 21:30;86;kWh;0;395;0;0;395;395
18/01/2024 21:30;18/01/2024 21:45;87;kWh;0;1615;0;0;1615;1615
18/01/2024 21:45;18/01/2024 22:00;88;kWh;0;15775;0;0;15775;15775
18/01/2024 22:00;18/01/2024 22:15;89;kWh;0;16780;0;0;16780;16780
18/01/2024 22:15;18/01/2024 22:30;90;kWh;0;38512;0;0;38512;38512
18/01/2024 22:30;18/01/2024 22:45;91;kWh;0;9966;0;0;9966;9966
18/01/2024 22:45;18/01/2024 23:00;92;kWh;-36;0;0;0;36;-36
18/01/2024 23:00;18/01/2024 23:15;93;kWh;-7533;0;0;0;7533;-7533
18/01/2024 23:15;18/01/2024 23:30;94;kWh;-81197;0;0;0;81197;-81197
18/01/2024 23:30;18/01/2024 23:45;95;kWh;-59506;0;0;0;59506;-59506
18/01/2024 23:45;19/01/2024 00:00;96;kWh;-50482;0;0;0;50482;-50482
19/01/2024 00:00;19/01/2024 00:15;1;kWh;-24652;5510;0;0;30162;-19142
19/01/2024 00:15;19/01/2024 00:30;2;kWh;-30094;5;0;0;30099;-30089
19/01/2024 00:30;19/01/2024 00:45;3;kWh;-56892;0;0;0;56892;-56892
19/01/2024 00:45;19/01/2024 01:00;4;kWh;-63992;0;0;0;63992;-63992
19/01/2024 01:00;19/01/2024 01:15;5;kWh;-10320;1232;0;0;11552;-9088
19/01/2024 01:15;19/01/2024 01:30;6;kWh;-249;861;0;0;1110;612
19/01/2024 01:30;19/01/2024 01:45;7;kWh;-2967;64;0;0;3031;-2903
19/01/2024 01:45;19/01/2024 02:00;8;kWh;-9616;0;0;0;9616;-9616
19/01/2024 02:00;19/01/2024 02:15;9;kWh;-8828;0;0;0;8828;-8828
19/01/2024 02:15;19/01/2024 02:30;10;kWh;-9385;0;0;0;9385;-9385
19/01/2024 02:30;19/01/2024 02:45;11;kWh;-422;843;0;0;1265;421
19/01/2024 02:45;19/01/2024 03:00;12;kWh;-249;15567;0;0;15816;15318
19/01/2024 03:00;19/01/2024 03:15;13;kWh;-249;32384;0;0;32633;32135
19/01/2024 03:15;19/01/2024 03:30;14;kWh;-249;28070;0;0;28319;27821
19/01/2024 03:30;19/01/2024 03:45;15;kWh;-249;25752;0;0;26001;25503
19/01/2024 03:45;19/01/2024 04:00;16;kWh;-249;24486;0;0;24735;24237
19/01/2024 04:00;19/01/2024 04:15;17;kWh;-249;22975;0;0;23224;22726
19/01/2024 04:15;19/01/2024 04:30;18;kWh;-11419;162;0;0;11581;-11257
19/01/2024 04:30;19/01/2024 04:45;19;kWh;-1547;4705;0;0;6252;3158
19/01/2024 04:45;19/01/2024 05:00;20;kWh;-249;26685;0;0;26934;26436
19/01/2024 05:00;19/01/2024 05:15;21;kWh;-249;55366;0;0;55615;55117
19/01/2024 05:15;19/01/2024 05:30;22;kWh;-249;22221;0;0;22470;21972
19/01/2024 05:30;19/01/2024 05:45;23;kWh;-249;41828;0;0;42077;41579
19/01/2024 05:45;19/01/2024 06:00;24;kWh;-249;62137;0;0;62386;61888
19/01/2024 06:00;19/01/2024 06:15;25;kWh;-249;6923;0;0;7172;6674
19/01/2024 06:15;19/01/2024 06:30;26;kWh;-249;3645;0;0;3894;3396
19/01/2024 06:30;19/01/2024 06:45;27;kWh;-638;1167;0;0;1805;529
19/01/2024 06:45;19/01/2024 07:00;28;kWh;-1810;372;0;0;2182;-1438
19/01/2024 07:00;19/01/2024 07:15;29;kWh;-1049;1062;0;0;2111;13
19/01/2024 07:15;19/01/2024 07:30;30;kWh;-10193;2758;0;0;12951;-7435
19/01/2024 07:30;19/01/2024 07:45;31;kWh;-1332;770;0;0;2102;-562
19/01/2024 07:45;19/01/2024 08:00;32;kWh;-249;33350;0;0;33599;33101
19/01/2024 08:00;19/01/2024 08:15;33;kWh;-249;12682;0;0;12931;12433
19/01/2024 08:15;19/01/2024 08:30;34;kWh;-249;20397;0;0;20646;20148
19/01/2024 08:30;19/01/2024 08:45;35;kWh;-249;6452;0;0;6701;6203
19/01/2024 08:45;19/01/2024 09:00;36;kWh;-249;9950;0;0;10199;9701
19/01/2024 09:00;19/01/2024 09:15;37;kWh;-249;18968;0;0;19217;18719
19/01/2024 09:15;19/01/2024 09:30;38;kWh;-249;24314;0;0;24563;24065
19/01/2024 09:30;19/01/2024 09:45;39;kWh;-249;25690;0;0;25939;25441
19/01/2024 09:45;19/01/2024 10:00;40;kWh;-249;334;0;0;583;85
19/01/2024 10:00;19/01/2024 10:15;41;kWh;-249;40278;0;0;40527;40029
19/01/2024 10:15;19/01/2024 10:30;42;kWh;-249;84;0;0;333;-165
19/01/2024 10:30;19/01/2024 10:45;43;kWh;-249;7906;0;0;8155;7657
19/01/2024 10:45;19/01/2024 11:00;44;kWh;-2322;0;0;0;2322;-2322
19/01/2024 11:00;19/01/2024 11:15;45;kWh;-24522;0;0;0;24522;-24522
19/01/2024 11:15;19/01/2024 11:30;46;kWh;-45899;0;0;0;45899;-45899
19/01/2024 11:30;19/01/2024 11:45;47;kWh;-29341;0;0;0;29341;-29341
19/01/2024 11:45;19/01/2024 12:00;48;kWh;-73427;0;0;0;73427;-73427
19/01/2024 12:00;19/01/2024 12:15;49;kWh;-23819;758;0;0;24577;-23061
19/01/2024 12:15;19/01/2024 12:30;50;kWh;-9767;0;0;0;9767;-9767
19/01/2024 12:30;19/01/2024 12:45;51;kWh;-50753;0;0;0;50753;-50753
19/01/2024 12:45;19/01/2024 13:00;52;kWh;-77845;0;0;0;77845;-77845
19/01/2024 13:00;19/01/2024 13:15;53;kWh;-16976;0;0;0;16976;-16976
19/01/2024 13:15;19/01/2024 13:30;54;kWh;-249;24313;0;0;24562;24064
19/01/2024 13:30;19/01/2024 13:45;55;kWh;-249;29954;0;0;30203;29705
19/01/2024 13:45;19/01/2024 14:00;56;kWh;-249;1762;0;0;2011;1513
19/01/2024 14:00;19/01/2024 14:15;57;kWh;-3886;0;0;0;3886;-3886
19/01/2024 14:15;19/01/2024 14:30;58;kWh;-27425;0;0;0;27425;-27425
19/01/2024 14:30;19/01/2024 14:45;59;kWh;-89561;0;0;0;89561;-89561
19/01/2024 14:45;19/01/2024 15:00;60;kWh;-69847;0;0;0;69847;-69847
19/01/2024 15:00;19/01/2024 15:15;61;kWh;-57199;0;0;0;57199;-57199
19/01/2024 15:15;19/01/2024 15:30;62;kWh;-28036;0;0;0;28036;-28036
19/01/2024 15:30;19/01/2024 15:45;63;kWh;-1212;579;0;0;1791;-633
19/01/2024 15:45;19/01/2024 16:00;64;kWh;-249;8110;0;0;8359;7861
19/01/2024 16:00;19/01/2024 16:15;65;kWh;-249;1607;0;0;1856;1358
19/01/2024 16:15;19/01/2024 16:30;66;kWh;-249;38308;0;0;38557;38059
19/01/2024 16:30;19/01/2024 16:45;67;kWh;-249;11499;0;0;11748;11250
19/01/2024 16:45;19/01/2024 17:00;68;kWh;-249;12231;0;0;12480;11982
19/01/2024 17:00;19/01/2024 17:15;69;kWh;-32307;2470;0;0;34777;-29837
19/01/2024 17:15;19/01/2024 17:30;70;kWh;-16709;0;0;0;16709;-16709
19/01/2024 17:30;19/01/2024 17:45;71;kWh;-813;0;0;0;813;-813
19/01/2024 17:45;19/01/2024 18:00;72;kWh;-334;0;0;0;334;-334
19/01/2024 18:00;19/01/2024 18:15;73;kWh;-1444;0;0;0;1444;-1444
19/01/2024 18:15;19/01/2024 18:30;74;kWh;-390;0;0;0;390;-390
19/01/2024 18:30;19/01/2024 18:45;75;kWh;-4289;0;0;0;4289;-4289
19/01/2024 18:45;19/01/2024 19:00;76;kWh;-13003;0;0;0;13003;-13003
19/01/2024 19:00;19/01/2024 19:15;77;kWh;-33418;0;0;0;33418;-33418
19/01/2024 19:15;19/01/2024 19:30;78;kWh;-40265;0;0;0;40265;-40265
19/01/2024 19:30;19/01/2024 19:45;79;kWh;-52582;0;0;0;52582;-52582
19/01/2024 19:45;19/01/2024 20:00;80;kWh;-56928;0;0;0;56928;-56928
19/01/2024 20:00;19/01/2024 20:15;81;kWh;-62051;0;0;0;62051;-62051
19/01/2024 20:15;19/01/2024 20:30;82;kWh;-22696;0;0;0;22696;-22696
19/01/2024 20:30;19/01/2024 20:45;83;kWh;-4967;0;0;0;4967;-4967
19/01/2024 20:45;19/01/2024 21:00;84;kWh;-4188;0;0;0;4188;-4188
19/01/2024 21:00;19/01/2024 21:15;85;kWh;-26659;11;0;0;26670;-26648
19/01/2024 21:15;19/01/2024 21:30;86;kWh;-249;5773;0;0;6022;5524
19/01/2024 21:30;19/01/2024 21:45;87;kWh;-249;0;0;0;249;-249
19/01/2024 21:45;19/01/2024 22:00;88;kWh;-256;0;0;0;256;-256
19/01/2024 22:00;19/01/2024 22:15;89;kWh;-3104;811;0;0;3915;-2293
19/01/2024 22:15;19/01/2024 22:30;90;kWh;-754;623;0;0;1377;-131
19/01/2024 22:30;19/01/2024 22:45;91;kWh;-7143;0;0;0;7143;-7143
19/01/2024 22:45;19/01/2024 23:00;92;kWh;-13680;0;0;0;13680;-13680
19/01/2024 23:00;19/01/2024 23:15;93;kWh;-673;793;0;0;1466;120
19/01/2024 23:15;19/01/2024 23:30;94;kWh;-249;5863;0;0;6112;5614
19/01/2024 23:30;19/01/2024 23:45;95;kWh;-553;1140;0;0;1693;587
19/01/2024 23:45;20/01/2024 00:00;96;kWh;-9426;0;0;0;9426;-9426
20/01/2024 00:00;20/01/2024 00:15;1;kWh;-779;0;0;0;779;-779
20/01/2024 00:15;20/01/2024 00:30;2;kWh;0;13099;0;0;13099;13099
20/01/2024 00:30;20/01/2024 00:45;3;kWh;0;4;0;0;4;4
20/01/2024 00:45;20/01/2024 01:00;4;kWh;-471;0;0;0;471;-471
20/01/2024 01:00;20/01/2024 01:15;5;kWh;-1486;0;0;0;1486;-1486
20/01/2024 01:15;20/01/2024 01:30;6;kWh;0;0;0;0;0;0
20/01/2024 01:30;20/01/2024 01:45;7;kWh;0;0;0;0;0;0
20/01/2024 01:45;20/01/2024 02:00;8;kWh;0;0;0;0;0;0
20/01/2024 02:00;20/01/2024 02:15;9;kWh;0;19086;0;0;19086;19086
20/01/2024 02:15;20/01/2024 02:30;10;kWh;0;9926;0;0;9926;9926
20/01/2024 02:30;20/01/2024 02:45;11;kWh;0;12723;0;0;12723;12723
20/01/2024 02:45;20/01/2024 03:00;12;kWh;0;5664;0;0;5664;5664
20/01/2024 03:00;20/01/2024 03:15;13;kWh;0;33948;0;0;33948;33948
20/01/2024 03:15;20/01/2024 03:30;14;kWh;0;34224;0;0;34224;34224
20/01/2024 03:30;20/01/2024 03:45;15;kWh;0;31363;0;0;31363;31363
20/01/2024 03:45;20/01/2024 04:00;16;kWh;0;38844;0;0;38844;38844
20/01/2024 04:00;20/01/2024 04:15;17;kWh;0;15170;0;0;15170;15170
20/01/2024 04:15;20/01/2024 04:30;18;kWh;0;20398;0;0;20398;20398
20/01/2024 04:30;20/01/2024 04:45;19;kWh;0;21666;0;0;21666;21666
20/01/2024 04:45;20/01/2024 05:00;20;kWh;0;26027;0;0;26027;26027
20/01/2024 05:00;20/01/2024 05:15;21;kWh;0;2245;0;0;2245;2245
20/01/2024 05:15;20/01/2024 05:30;22;kWh;0;250;0;0;250;250
20/01/2024 05:30;20/01/2024 05:45;23;kWh;0;915;0;0;915;915
20/01/2024 05:45;20/01/2024 06:00;24;kWh;0;14541;0;0;14541;14541
20/01/2024 06:00;20/01/2024 06:15;25;kWh;-3509;445;0;0;3954;-3064
20/01/2024 06:15;20/01/2024 06:30;26;kWh;0;1369;0;0;1369;1369
20/01/2024 06:30;20/01/2024 06:45;27;kWh;0;8892;0;0;8892;8892
20/01/2024 06:45;20/01/2024 07:00;28;kWh;0;5297;0;0;5297;5297
20/01/2024 07:00;20/01/2024 07:15;29;kWh;0;3426;0;0;3426;3426
20/01/2024 07:15;20/01/2024 07:30;30;kWh;0;1453;0;0;1453;1453
20/01/2024 07:30;20/01/2024 07:45;31;kWh;-214;0;0;0;214;-214
20/01/2024 07:45;20/01/2024 08:00;32;kWh;0;0;0;0;0;0
20/01/2024 08:00;20/01/2024 08:15;33;kWh;0;6340;0;0;6340;6340
20/01/2024 08:15;20/01/2024 08:30;34;kWh;0;5485;0;0;5485;5485
20/01/2024 08:30;20/01/2024 08:45;35;kWh;0;1026;0;0;1026;1026
20/01/2024 08:45;20/01/2024 09:00;36;kWh;0;2066;0;0;2066;2066
20/01/2024 09:00;20/01/2024 09:15;37;kWh;0;1038;0;0;1038;1038
20/01/2024 09:15;20/01/2024 09:30;38;kWh;0;0;0;0;0;0
20/01/2024 09:30;20/01/2024 09:45;39;kWh;0;2110;0;0;2110;2110
20/01/2024 09:45;20/01/2024 10:00;40;kWh;0;3045;0;0;3045;3045
20/01/2024 10:00;20/01/2024 10:15;41;kWh;0;33680;0;0;33680;33680
20/01/2024 10:15;20/01/2024 10:30;42;kWh;0;24118;0;0;24118;24118
20/01/2024 10:30;20/01/2024 10:45;43;kWh;-1;17258;0;0;17259;17257
20/01/2024 10:45;20/01/2024 11:00;44;kWh;-628;0;0;0;628;-628
20/01/2024 11:00;20/01/2024 11:15;45;kWh;0;4228;0;0;4228;4228
20/01/2024 11:15;20/01/2024 11:30;46;kWh;-5947;0;0;0;5947;-5947
20/01/2024 11:30;20/01/2024 11:45;47;kWh;-1257;0;0;0;1257;-1257
20/01/2024 11:45;20/01/2024 12:00;48;kWh;-444;0;0;0;444;-444
20/01/2024 12:00;20/01/2024 12:15;49;kWh;0;11025;0;0;11025;11025
20/01/2024 12:15;20/01/2024 12:30;50;kWh;-2649;759;0;0;3408;-1890
20/01/2024 12:30;20/01/2024 12:45;51;kWh;-12368;0;0;0;12368;-12368
20/01/2024 12:45;20/01/2024 13:00;52;kWh;-30763;0;0;0;30763;-30763
20/01/2024 13:00;20/01/2024 13:15;53;kWh;-42820;0;0;0;42820;-42820
20/01/2024 13:15;20/01/2024 13:30;54;kWh;-43986;0;0;0;43986;-43986
20/01/2024 13:30;20/01/2024 13:45;55;kWh;-28995;0;0;0;28995;-28995
20/01/2024 13:45;20/01/2024 14:00;56;kWh;-24432;1064;0;0;25496;-23368
20/01/2024 14:00;20/01/2024 14:15;57;kWh;-13875;0;0;0;13875;-13875
20/01/2024 14:15;20/01/2024 14:30;58;kWh;-26479;0;0;0;26479;-26479
20/01/2024 14:30;20/01/2024 14:45;59;kWh;-12361;0;0;0;12361;-12361
20/01/2024 14:45;20/01/2024 15:00;60;kWh;-146;1044;0;0;1190;898
20/01/2024 15:00;20/01/2024 15:15;61;kWh;0;16875;0;0;16875;16875
20/01/2024 15:15;20/01/2024 15:30;62;kWh;0;21020;0;0;21020;21020
20/01/2024 15:30;20/01/2024 15:45;63;kWh;0;50025;0;0;50025;50025
20/01/2024 15:45;20/01/2024 16:00;64;kWh;0;27249;0;0;27249;27249
20/01/2024 16:00;20/01/2024 16:15;65;kWh;0;25935;0;0;25935;25935
20/01/2024 16:15;20/01/2024 16:30;66;kWh;0;23244;0;0;23244;23244
20/01/2024 16:30;20/01/2024 16:45;67;kWh;0;28939;0;0;28939;28939
20/01/2024 16:45;20/01/2024 17:00;68;kWh;0;12573;0;0;12573;12573
20/01/2024 17:00;20/01/2024 17:15;69;kWh;-25270;0;0;0;25270;-25270
20/01/2024 17:15;20/01/2024 17:30;70;kWh;-4621;0;0;0;4621;-4621
20/01/2024 17:30;20/01/2024 17:45;71;kWh;-81;0;0;0;81;-81
20/01/2024 17:45;20/01/2024 18:00;72;kWh;0;0;0;0;0;0
20/01/2024 18:00;20/01/2024 18:15;73;kWh;-478;0;0;0;478;-478
20/01/2024 18:15;20/01/2024 18:30;74;kWh;-2527;0;0;0;2527;-2527
20/01/2024 18:30;20/01/2024 18:45;75;kWh;-24325;0;0;0;24325;-24325
20/01/2024 18:45;20/01/2024 19:00;76;kWh;-25941;0;0;0;25941;-25941
20/01/2024 19:00;20/01/2024 19:15;77;kWh;-18722;0;0;0;18722;-18722
20/01/2024 19:15;20/01/2024 19:30;78;kWh;-15901;0;0;0;15901;-15901
20/01/2024 19:30;20/01/2024 19:45;79;kWh;-12790;0;0;0;12790;-12790
20/01/2024 19:45;20/01/2024 20:00;80;kWh;-7891;0;0;0;7891;-7891
20/01/2024 20:00;20/01/2024 20:15;81;kWh;-7662;0;0;0;7662;-7662
20/01/2024 20:15;20/01/2024 20:30;82;kWh;-1479;357;0;0;1836;-1122
20/01/2024 20:30;20/01/2024 20:45;83;kWh;-4007;0;0;0;4007;-4007
20/01/2024 20:45;20/01/2024 21:00;84;kWh;-5341;0;0;0;5341;-5341
20/01/2024 21:00;20/01/2024 21:15;85;kWh;-1516;154;0;0;1670;-1362
20/01/2024 21:15;20/01/2024 21:30;86;kWh;-751;12;0;0;763;-739
20/01/2024 21:30;20/01/2024 21:45;87;kWh;-4214;0;0;0;4214;-4214
20/01/2024 21:45;20/01/2024 22:00;88;kWh;-2018;0;0;0;2018;-2018
20/01/2024 22:00;20/01/2024 22:15;89;kWh;-1781;0;0;0;1781;-1781
20/01/2024 22:15;20/01/2024 22:30;90;kWh;-263;0;0;0;263;-263
20/01/2024 22:30;20/01/2024 22:45;91;kWh;-244;0;0;0;244;-244
20/01/2024 22:45;20/01/2024 23:00;92;kWh;0;0;0;0;0;0
20/01/2024 23:00;20/01/2024 23:15;93;kWh;0;13663;0;0;13663;13663
20/01/2024 23:15;20/01/2024 23:30;94;kWh;0;1701;0;0;1701;1701
20/01/2024 23:30;20/01/2024 23:45;95;kWh;0;798;0;0;798;798
20/01/2024 23:45;21/01/2024 00:00;96;kWh;-289;0;0;0;289;-289
21/01/2024 00:00;21/01/2024 00:15;1;kWh;-523;10362;0;0;10885;9839
21/01/2024 00:15;21/01/2024 00:30;2;kWh;0;11578;0;0;11578;11578
21/01/2024 00:30;21/01/2024 00:45;3;kWh;0;0;0;0;0;0
21/01/2024 00:45;21/01/2024 01:00;4;kWh;0;0;0;0;0;0
21/01/2024 01:00;21/01/2024 01:15;5;kWh;0;1005;0;0;1005;1005
21/01/2024 01:15;21/01/2024 01:30;6;kWh;0;4768;0;0;4768;4768
21/01/2024 01:30;21/01/2024 01:45;7;kWh;0;0;0;0;0;0
21/01/2024 01:45;21/01/2024 02:00;8;kWh;-427;0;0;0;427;-427
21/01/2024 02:00;21/01/2024 02:15;9;kWh;-322;17689;0;0;18011;17367
21/01/2024 02:15;21/01/2024 02:30;10;kWh;0;4883;0;0;4883;4883
21/01/2024 02:30;21/01/2024 02:45;11;kWh;0;2367;0;0;2367;2367
21/01/2024 02:45;21/01/2024 03:00;12;kWh;0;1094;0;0;1094;1094
21/01/2024 03:00;21/01/2024 03:15;13;kWh;0;1366;0;0;1366;1366
21/01/2024 03:15;21/01/2024 03:30;14;kWh;0;646;0;0;646;646
21/01/2024 03:30;21/01/2024 03:45;15;kWh;0;0;0;0;0;0
21/01/2024 03:45;21/01/2024 04:00;16;kWh;0;0;0;0;0;0
21/01/2024 04:00;21/01/2024 04:15;17;kWh;0;0;0;0;0;0
21/01/2024 04:15;21/01/2024 04:30;18;kWh;-18;0;0;0;18;-18
21/01/2024 04:30;21/01/2024 04:45;19;kWh;-376;0;0;0;376;-376
21/01/2024 04:45;21/01/2024 05:00;20;kWh;-971;0;0;0;971;-971
21/01/2024 05:00;21/01/2024 05:15;21;kWh;-2128;1330;0;0;3458;-798
21/01/2024 05:15;21/01/2024 05:30;22;kWh;0;2;0;0;2;2
21/01/2024 05:30;21/01/2024 05:45;23;kWh;0;0;0;0;0;0
21/01/2024 05:45;21/01/2024 06:00;24;kWh;0;0;0;0;0;0
21/01/2024 06:00;21/01/2024 06:15;25;kWh;-406;815;0;0;1221;409
21/01/2024 06:15;21/01/2024 06:30;26;kWh;0;737;0;0;737;737
21/01/2024 06:30;21/01/2024 06:45;27;kWh;0;138;0;0;138;138
21/01/2024 06:45;21/01/2024 07:00;28;kWh;0;0;0;0;0;0
21/01/2024 07:00;21/01/2024 07:15;29;kWh;0;309;0;0;309;309
21/01/2024 07:15;21/01/2024 07:30;30;kWh;0;52;0;0;52;52
21/01/2024 07:30;21/01/2024 07:45;31;kWh;-3242;801;0;0;4043;-2441
21/01/2024 07:45;21/01/2024 08:00;32;kWh;-651;516;0;0;1167;-135
21/01/2024 08:00;21/01/2024 08:15;33;kWh;-163;1034;0;0;1197;871
21/01/2024 08:15;21/01/2024 08:30;34;kWh;0;145;0;0;145;145
21/01/2024 08:30;21/01/2024 08:45;35;kWh;-173;0;0;0;173;-173
21/01/2024 08:45;21/01/2024 09:00;36;kWh;-216;1039;0;0;1255;823
21/01/2024 09:00;21/01/2024 09:15;37;kWh;0;603;0;0;603;603
21/01/2024 09:15;21/01/2024 09:30;38;kWh;-198;0;0;0;198;-198
21/01/2024 09:30;21/01/2024 09:45;39;kWh;-1421;0;0;0;1421;-1421
21/01/2024 09:45;21/01/2024 10:00;40;kWh;-94;0;0;0;94;-94
21/01/2024 10:00;21/01/2024 10:15;41;kWh;-375;0;0;0;375;-375
21/01/2024 10:15;21/01/2024 10:30;42;kWh;0;0;0;0;0;0
21/01/2024 10:30;21/01/2024 10:45;43;kWh;0;0;0;0;0;0
21/01/2024 10:45;21/01/2024 11:00;44;kWh;0;0;0;0;0;0
21/01/2024 11:00;21/01/2024 11:15;45;kWh;0;0;0;0;0;0
21/01/2024 11:15;21/01/2024 11:30;46;kWh;0;12693;0;0;12693;12693
21/01/2024 11:30;21/01/2024 11:45;47;kWh;0;13007;0;0;13007;13007
21/01/2024 11:45;21/01/2024 12:00;48;kWh;0;9906;0;0;9906;9906
21/01/2024 12:00;21/01/2024 12:15;49;kWh;0;27552;0;0;27552;27552
21/01/2024 12:15;21/01/2024 12:30;50;kWh;0;23650;0;0;23650;23650
21/01/2024 12:30;21/01/2024 12:45;51;kWh;0;3109;0;0;3109;3109
21/01/2024 12:45;21/01/2024 13:00;52;kWh;0;838;0;0;838;838
21/01/2024 13:00;21/01/2024 13:15;53;kWh;0;2039;0;0;2039;2039
21/01/2024 13:15;21/01/2024 13:30;54;kWh;0;91;0;0;91;91
21/01/2024 13:30;21/01/2024 13:45;55;kWh;0;0;0;0;0;0
21/01/2024 13:45;21/01/2024 14:00;56;kWh;0;0;0;0;0;0
21/01/2024 14:00;21/01/2024 14:15;57;kWh;0;0;0;0;0;0
21/01/2024 14:15;21/01/2024 14:30;58;kWh;-1476;0;0;0;1476;-1476
21/01/2024 14:30;21/01/2024 14:45;59;kWh;-14;266;0;0;280;252
21/01/2024 14:45;21/01/2024 15:00;60;kWh;0;611;0;0;611;611
21/01/2024 15:00;21/01/2024 15:15;61;kWh;-1742;4069;0;0;5811;2327
21/01/2024 15:15;21/01/2024 15:30;62;kWh;-31;7591;0;0;7622;7560
21/01/2024 15:30;21/01/2024 15:45;63;kWh;-1821;5351;0;0;7172;3530
21/01/2024 15:45;21/01/2024 16:00;64;kWh;-164;2330;0;0;2494;2166
21/01/2024 16:00;21/01/2024 16:15;65;kWh;-11766;779;0;0;12545;-10987
21/01/2024 16:15;21/01/2024 16:30;66;kWh;-10766;280;0;0;11046;-10486
21/01/2024 16:30;21/01/2024 16:45;67;kWh;-5817;313;0;0;6130;-5504
21/01/2024 16:45;21/01/2024 17:00;68;kWh;-1687;1419;0;0;3106;-268
21/01/2024 17:00;21/01/2024 17:15;69;kWh;-7559;577;0;0;8136;-6982
21/01/2024 17:15;21/01/2024 17:30;70;kWh;-2271;7143;0;0;9414;4872
21/01/2024 17:30;21/01/2024 17:45;71;kWh;0;9436;0;0;9436;9436
21/01/2024 17:45;21/01/2024 18:00;72;kWh;0;123;0;0;123;123
21/01/2024 18:00;21/01/2024 18:15;73;kWh;-45;131;0;0;176;86
21/01/2024 18:15;21/01/2024 18:30;74;kWh;-3111;951;0;0;4062;-2160
21/01/2024 18:30;21/01/2024 18:45;75;kWh;-3932;765;0;0;4697;-3167
21/01/2024 18:45;21/01/2024 19:00;76;kWh;-4092;96;0;0;4188;-3996
21/01/2024 19:00;21/01/2024 19:15;77;kWh;-2348;0;0;0;2348;-2348
21/01/2024 19:15;21/01/2024 19:30;78;kWh;-2234;0;0;0;2234;-2234
21/01/2024 19:30;21/01/2024 19:45;79;kWh;-6489;0;0;0;6489;-6489
21/01/2024 19:45;21/01/2024 20:00;80;kWh;-3310;0;0;0;3310;-3310
21/01/2024 20:00;21/01/2024 20:15;81;kWh;-1372;0;0;0;1372;-1372
21/01/2024 20:15;21/01/2024 20:30;82;kWh;-14454;0;0;0;14454;-14454
21/01/2024 20:30;21/01/2024 20:45;83;kWh;-7262;0;0;0;7262;-7262
21/01/2024 20:45;21/01/2024 21:00;84;kWh;-5002;0;0;0;5002;-5002
21/01/2024 21:00;21/01/2024 21:15;85;kWh;-4463;0;0;0;4463;-4463
21/01/2024 21:15;21/01/2024 21:30;86;kWh;-8470;0;0;0;8470;-8470
21/01/2024 21:30;21/01/2024 21:45;87;kWh;-3835;0;0;0;3835;-3835
21/01/2024 21:45;21/01/2024 22:00;88;kWh;-1935;0;0;0;1935;-1935
21/01/2024 22:00;21/01/2024 22:15;89;kWh;-2574;0;0;0;2574;-2574
21/01/2024 22:15;21/01/2024 22:30;90;kWh;-4094;0;0;0;4094;-4094
21/01/2024 22:30;21/01/2024 22:45;91;kWh;0;0;0;0;0;0
21/01/2024 22:45;21/01/2024 23:00;92;kWh;0;929;0;0;929;929
21/01/2024 23:00;21/01/2024 23:15;93;kWh;0;0;0;0;0;0
21/01/2024 23:15;21/01/2024 23:30;94;kWh;0;0;0;0;0;0
21/01/2024 23:30;21/01/2024 23:45;95;kWh;0;0;0;0;0;0
21/01/2024 23:45;22/01/2024 00:00;96;kWh;-360;0;0;0;360;-360
22/01/2024 00:00;22/01/2024 00:15;1;kWh;-6171;2894;0;0;9065;-3277
22/01/2024 00:15;22/01/2024 00:30;2;kWh;-3616;0;0;0;3616;-3616
22/01/2024 00:30;22/01/2024 00:45;3;kWh;-6769;722;0;0;7491;-6047
22/01/2024 00:45;22/01/2024 01:00;4;kWh;-15184;263;0;0;15447;-14921
22/01/2024 01:00;22/01/2024 01:15;5;kWh;-33473;1225;0;0;34698;-32248
22/01/2024 01:15;22/01/2024 01:30;6;kWh;-32645;0;0;0;32645;-32645
22/01/2024 01:30;22/01/2024 01:45;7;kWh;-44110;0;0;0;44110;-44110
22/01/2024 01:45;22/01/2024 02:00;8;kWh;-34888;0;0;0;34888;-34888
22/01/2024 02:00;22/01/2024 02:15;9;kWh;-6056;0;0;0;6056;-6056
22/01/2024 02:15;22/01/2024 02:30;10;kWh;-7805;0;0;0;7805;-7805
22/01/2024 02:30;22/01/2024 02:45;11;kWh;-3632;0;0;0;3632;-3632
22/01/2024 02:45;22/01/2024 03:00;12;kWh;-3223;0;0;0;3223;-3223
22/01/2024 03:00;22/01/2024 03:15;13;kWh;-4063;0;0;0;4063;-4063
22/01/2024 03:15;22/01/2024 03:30;14;kWh;-3717;0;0;0;3717;-3717
22/01/2024 03:30;22/01/2024 03:45;15;kWh;-10249;0;0;0;10249;-10249
22/01/2024 03:45;22/01/2024 04:00;16;kWh;-8744;0;0;0;8744;-8744
22/01/2024 04:00;22/01/2024 04:15;17;kWh;-814;0;0;0;814;-814
22/01/2024 04:15;22/01/2024 04:30;18;kWh;-1784;0;0;0;1784;-1784
22/01/2024 04:30;22/01/2024 04:45;19;kWh;-1453;0;0;0;1453;-1453
22/01/2024 04:45;22/01/2024 05:00;20;kWh;-193;2413;0;0;2606;2220
22/01/2024 05:00;22/01/2024 05:15;21;kWh;0;10390;0;0;10390;10390
22/01/2024 05:15;22/01/2024 05:30;22;kWh;0;40335;0;0;40335;40335
22/01/2024 05:30;22/01/2024 05:45;23;kWh;0;14516;0;0;14516;14516
22/01/2024 05:45;22/01/2024 06:00;24;kWh;0;33348;0;0;33348;33348
22/01/2024 06:00;22/01/2024 06:15;25;kWh;0;29334;0;0;29334;29334
22/01/2024 06:15;22/01/2024 06:30;26;kWh;0;28487;0;0;28487;28487
22/01/2024 06:30;22/01/2024 06:45;27;kWh;0;30996;0;0;30996;30996
22/01/2024 06:45;22/01/2024 07:00;28;kWh;0;29796;0;0;29796;29796
22/01/2024 07:00;22/01/2024 07:15;29;kWh;-188;24032;0;0;24220;23844
22/01/2024 07:15;22/01/2024 07:30;30;kWh;0;27855;0;0;27855;27855
22/01/2024 07:30;22/01/2024 07:45;31;kWh;0;21409;0;0;21409;21409
22/01/2024 07:45;22/01/2024 08:00;32;kWh;0;24255;0;0;24255;24255
22/01/2024 08:00;22/01/2024 08:15;33;kWh;-3934;2654;0;0;6588;-1280
22/01/2024 08:15;22/01/2024 08:30;34;kWh;-610;0;0;0;610;-610
22/01/2024 08:30;22/01/2024 08:45;35;kWh;-109;0;0;0;109;-109
22/01/2024 08:45;22/01/2024 09:00;36;kWh;-12045;2198;0;0;14243;-9847
22/01/2024 09:00;22/01/2024 09:15;37;kWh;-11492;7059;0;0;18551;-4433
22/01/2024 09:15;22/01/2024 09:30;38;kWh;-14803;5419;0;0;20222;-9384
22/01/2024 09:30;22/01/2024 09:45;39;kWh;-10280;2516;0;0;12796;-7764
22/01/2024 09:45;22/01/2024 10:00;40;kWh;-7542;388;0;0;7930;-7154
22/01/2024 10:00;22/01/2024 10:15;41;kWh;-15;40197;0;0;40212;40182
22/01/2024 10:15;22/01/2024 10:30;42;kWh;-2933;23151;0;0;26084;20218
22/01/2024 10:30;22/01/2024 10:45;43;kWh;0;7766;0;0;7766;7766
22/01/2024 10:45;22/01/2024 11:00;44;kWh;-1872;0;0;0;1872;-1872
22/01/2024 11:00;22/01/2024 11:15;45;kWh;-248;23310;0;0;23558;23062
22/01/2024 11:15;22/01/2024 11:30;46;kWh;-5054;0;0;0;5054;-5054
22/01/2024 11:30;22/01/2024 11:45;47;kWh;-21683;0;0;0;21683;-21683
22/01/2024 11:45;22/01/2024 12:00;48;kWh;-32332;703;0;0;33035;-31629
22/01/2024 12:00;22/01/2024 12:15;49;kWh;-23036;0;0;0;23036;-23036
22/01/2024 12:15;22/01/2024 12:30;50;kWh;-20947;0;0;0;20947;-20947
22/01/2024 12:30;22/01/2024 12:45;51;kWh;-31262;0;0;0;31262;-31262
22/01/2024 12:45;22/01/2024 13:00;52;kWh;-44253;0;0;0;44253;-44253
22/01/2024 13:00;22/01/2024 13:15;53;kWh;-35979;0;0;0;35979;-35979
22/01/2024 13:15;22/01/2024 13:30;54;kWh;-27622;0;0;0;27622;-27622
22/01/2024 13:30;22/01/2024 13:45;55;kWh;-23419;0;0;0;23419;-23419
22/01/2024 13:45;22/01/2024 14:00;56;kWh;-23623;0;0;0;23623;-23623
22/01/2024 14:00;22/01/2024 14:15;57;kWh;-4920;0;0;0;4920;-4920
22/01/2024 14:15;22/01/2024 14:30;58;kWh;0;572;0;0;572;572
22/01/2024 14:30;22/01/2024 14:45;59;kWh;0;25701;0;0;25701;25701
22/01/2024 14:45;22/01/2024 15:00;60;kWh;0;10232;0;0;10232;10232
22/01/2024 15:00;22/01/2024 15:15;61;kWh;-7714;408;0;0;8122;-7306
22/01/2024 15:15;22/01/2024 15:30;62;kWh;0;0;0;0;0;0
22/01/2024 15:30;22/01/2024 15:45;63;kWh;0;0;0;0;0;0
22/01/2024 15:45;22/01/2024 16:00;64;kWh;0;1816;0;0;1816;1816
22/01/2024 16:00;22/01/2024 16:15;65;kWh;-605;2434;0;0;3039;1829
22/01/2024 16:15;22/01/2024 16:30;66;kWh;-4;2901;0;0;2905;2897
22/01/2024 16:30;22/01/2024 16:45;67;kWh;-9419;1118;0;0;10537;-8301
22/01/2024 16:45;22/01/2024 17:00;68;kWh;-426;3026;0;0;3452;2600
22/01/2024 17:00;22/01/2024 17:15;69;kWh;-8065;4455;0;0;12520;-3610
22/01/2024 17:15;22/01/2024 17:30;70;kWh;0;15342;0;0;15342;15342
22/01/2024 17:30;22/01/2024 17:45;71;kWh;0;42951;0;0;42951;42951
22/01/2024 17:45;22/01/2024 18:00;72;kWh;0;4458;0;0;4458;4458
22/01/2024 18:00;22/01/2024 18:15;73;kWh;0;7048;0;0;7048;7048
22/01/2024 18:15;22/01/2024 18:30;74;kWh;-136;253;0;0;389;117
22/01/2024 18:30;22/01/2024 18:45;75;kWh;-912;0;0;0;912;-912
22/01/2024 18:45;22/01/2024 19:00;76;kWh;-248;0;0;0;248;-248
22/01/2024 19:00;22/01/2024 19:15;77;kWh;-2;12390;0;0;12392;12388
22/01/2024 19:15;22/01/2024 19:30;78;kWh;-1;1876;0;0;1877;1875
22/01/2024 19:30;22/01/2024 19:45;79;kWh;-1831;31;0;0;1862;-1800
22/01/2024 19:45;22/01/2024 20:00;80;kWh;-2162;0;0;0;2162;-2162
22/01/2024 20:00;22/01/2024 20:15;81;kWh;-5974;14;0;0;5988;-5960
22/01/2024 20:15;22/01/2024 20:30;82;kWh;-3152;133;0;0;3285;-3019
22/01/2024 20:30;22/01/2024 20:45;83;kWh;0;0;0;0;0;0
22/01/2024 20:45;22/01/2024 21:00;84;kWh;0;0;0;0;0;0
22/01/2024 21:00;22/01/2024 21:15;85;kWh;-2928;11676;0;0;14604;8748
22/01/2024 21:15;22/01/2024 21:30;86;kWh;0;10187;0;0;10187;10187
22/01/2024 21:30;22/01/2024 21:45;87;kWh;0;0;0;0;0;0
22/01/2024 21:45;22/01/2024 22:00;88;kWh;0;0;0;0;0;0
22/01/2024 22:00;22/01/2024 22:15;89;kWh;0;7980;0;0;7980;7980
22/01/2024 22:15;22/01/2024 22:30;90;kWh;0;461;0;0;461;461
22/01/2024 22:30;22/01/2024 22:45;91;kWh;0;0;0;0;0;0
22/01/2024 22:45;22/01/2024 23:00;92;kWh;-678;0;0;0;678;-678
22/01/2024 23:00;22/01/2024 23:15;93;kWh;-1951;0;0;0;1951;-1951
22/01/2024 23:15;22/01/2024 23:30;94;kWh;0;0;0;0;0;0
22/01/2024 23:30;22/01/2024 23:45;95;kWh;0;0;0;0;0;0
22/01/2024 23:45;23/01/2024 00:00;96;kWh;-5032;0;0;0;5032;-5032
23/01/2024 00:00;23/01/2024 00:15;1;kWh;-14894;0;0;0;14894;-14894
23/01/2024 00:15;23/01/2024 00:30;2;kWh;-22007;0;0;0;22007;-22007
23/01/2024 00:30;23/01/2024 00:45;3;kWh;-35816;0;0;0;35816;-35816
23/01/2024 00:45;23/01/2024 01:00;4;kWh;-37013;0;0;0;37013;-37013
23/01/2024 01:00;23/01/2024 01:15;5;kWh;-33494;0;0;0;33494;-33494
23/01/2024 01:15;23/01/2024 01:30;6;kWh;-27588;0;0;0;27588;-27588
23/01/2024 01:30;23/01/2024 01:45;7;kWh;-27057;0;0;0;27057;-27057
23/01/2024 01:45;23/01/2024 02:00;8;kWh;-24310;0;0;0;24310;-24310
23/01/2024 02:00;23/01/2024 02:15;9;kWh;-2304;0;0;0;2304;-2304
23/01/2024 02:15;23/01/2024 02:30;10;kWh;-249;0;0;0;249;-249
23/01/2024 02:30;23/01/2024 02:45;11;kWh;-11153;0;0;0;11153;-11153
23/01/2024 02:45;23/01/2024 03:00;12;kWh;-25446;0;0;0;25446;-25446
23/01/2024 03:00;23/01/2024 03:15;13;kWh;-36723;0;0;0;36723;-36723
23/01/2024 03:15;23/01/2024 03:30;14;kWh;-32559;0;0;0;32559;-32559
23/01/2024 03:30;23/01/2024 03:45;15;kWh;-39155;0;0;0;39155;-39155
23/01/2024 03:45;23/01/2024 04:00;16;kWh;-30755;0;0;0;30755;-30755
23/01/2024 04:00;23/01/2024 04:15;17;kWh;-28528;0;0;0;28528;-28528
23/01/2024 04:15;23/01/2024 04:30;18;kWh;-25222;0;0;0;25222;-25222
23/01/2024 04:30;23/01/2024 04:45;19;kWh;-25655;0;0;0;25655;-25655
23/01/2024 04:45;23/01/2024 05:00;20;kWh;-19392;0;0;0;19392;-19392
23/01/2024 05:00;23/01/2024 05:15;21;kWh;-16261;0;0;0;16261;-16261
23/01/2024 05:15;23/01/2024 05:30;22;kWh;-22030;0;0;0;22030;-22030
23/01/2024 05:30;23/01/2024 05:45;23;kWh;-675;0;0;0;675;-675
23/01/2024 05:45;23/01/2024 06:00;24;kWh;-15191;0;0;0;15191;-15191
23/01/2024 06:00;23/01/2024 06:15;25;kWh;-28019;494;0;0;28513;-27525
23/01/2024 06:15;23/01/2024 06:30;26;kWh;-10413;0;0;0;10413;-10413
23/01/2024 06:30;23/01/2024 06:45;27;kWh;-1118;0;0;0;1118;-1118
23/01/2024 06:45;23/01/2024 07:00;28;kWh;-2175;0;0;0;2175;-2175
23/01/2024 07:00;23/01/2024 07:15;29;kWh;-7;0;0;0;7;-7
23/01/2024 07:15;23/01/2024 07:30;30;kWh;0;7859;0;0;7859;7859
23/01/2024 07:30;23/01/2024 07:45;31;kWh;0;16887;0;0;16887;16887
23/01/2024 07:45;23/01/2024 08:00;32;kWh;0;25630;0;0;25630;25630
23/01/2024 08:00;23/01/2024 08:15;33;kWh;0;24849;0;0;24849;24849
23/01/2024 08:15;23/01/2024 08:30;34;kWh;0;3225;0;0;3225;3225
23/01/2024 08:30;23/01/2024 08:45;35;kWh;0;5528;0;0;5528;5528
23/01/2024 08:45;23/01/2024 09:00;36;kWh;0;129;0;0;129;129
23/01/2024 09:00;23/01/2024 09:15;37;kWh;-14987;0;0;0;14987;-14987
23/01/2024 09:15;23/01/2024 09:30;38;kWh;-54765;0;0;0;54765;-54765
23/01/2024 09:30;23/01/2024 09:45;39;kWh;-44913;0;0;0;44913;-44913
23/01/2024 09:45;23/01/2024 10:00;40;kWh;-41968;0;0;0;41968;-41968
23/01/2024 10:00;23/01/2024 10:15;41;kWh;-44961;0;0;0;44961;-44961
23/01/2024 10:15;23/01/2024 10:30;42;kWh;-30705;0;0;0;30705;-30705
23/01/2024 10:30;23/01/2024 10:45;43;kWh;-62606;0;0;0;62606;-62606
23/01/2024 10:45;23/01/2024 11:00;44;kWh;-76094;0;0;0;76094;-76094
23/01/2024 11:00;23/01/2024 11:15;45;kWh;-54062;0;0;0;54062;-54062
23/01/2024 11:15;23/01/2024 11:30;46;kWh;-54108;0;0;0;54108;-54108
23/01/2024 11:30;23/01/2024 11:45;47;kWh;-65394;0;0;0;65394;-65394
23/01/2024 11:45;23/01/2024 12:00;48;kWh;-56130;0;0;0;56130;-56130
23/01/2024 12:00;23/01/2024 12:15;49;kWh;-21520;0;0;0;21520;-21520
23/01/2024 12:15;23/01/2024 12:30;50;kWh;-39381;0;0;0;39381;-39381
23/01/2024 12:30;23/01/2024 12:45;51;kWh;-22385;0;0;0;22385;-22385
23/01/2024 12:45;23/01/2024 13:00;52;kWh;-50327;0;0;0;50327;-50327
23/01/2024 13:00;23/01/2024 13:15;53;kWh;-49870;0;0;0;49870;-49870
23/01/2024 13:15;23/01/2024 13:30;54;kWh;-27081;445;0;0;27526;-26636
23/01/2024 13:30;23/01/2024 13:45;55;kWh;-22555;0;0;0;22555;-22555
23/01/2024 13:45;23/01/2024 14:00;56;kWh;-54;0;0;0;54;-54
23/01/2024 14:00;23/01/2024 14:15;57;kWh;0;13644;0;0;13644;13644
23/01/2024 14:15;23/01/2024 14:30;58;kWh;0;19218;0;0;19218;19218
23/01/2024 14:30;23/01/2024 14:45;59;kWh;0;22028;0;0;22028;22028
23/01/2024 14:45;23/01/2024 15:00;60;kWh;0;41136;0;0;41136;41136
23/01/2024 15:00;23/01/2024 15:15;61;kWh;-695;7733;0;0;8428;7038
23/01/2024 15:15;23/01/2024 15:30;62;kWh;-220;0;0;0;220;-220
23/01/2024 15:30;23/01/2024 15:45;63;kWh;0;0;0;0;0;0
23/01/2024 15:45;23/01/2024 16:00;64;kWh;-8656;0;0;0;8656;-8656
23/01/2024 16:00;23/01/2024 16:15;65;kWh;-42787;0;0;0;42787;-42787
23/01/2024 16:15;23/01/2024 16:30;66;kWh;-24781;0;0;0;24781;-24781
23/01/2024 16:30;23/01/2024 16:45;67;kWh;-35812;0;0;0;35812;-35812
23/01/2024 16:45;23/01/2024 17:00;68;kWh;-40162;0;0;0;40162;-40162
23/01/2024 17:00;23/01/2024 17:15;69;kWh;-803;0;0;0;803;-803
23/01/2024 17:15;23/01/2024 17:30;70;kWh;0;0;0;0;0;0
23/01/2024 17:30;23/01/2024 17:45;71;kWh;0;0;0;0;0;0
23/01/2024 17:45;23/01/2024 18:00;72;kWh;0;0;0;0;0;0
23/01/2024 18:00;23/01/2024 18:15;73;kWh;-762;6327;0;0;7089;5565
23/01/2024 18:15;23/01/2024 18:30;74;kWh;-4513;0;0;0;4513;-4513
23/01/2024 18:30;23/01/2024 18:45;75;kWh;-2517;0;0;0;2517;-2517
23/01/2024 18:45;23/01/2024 19:00;76;kWh;-2181;0;0;0;2181;-2181
23/01/2024 19:00;23/01/2024 19:15;77;kWh;-653;1927;0;0;2580;1274
23/01/2024 19:15;23/01/2024 19:30;78;kWh;0;2007;0;0;2007;2007
23/01/2024 19:30;23/01/2024 19:45;79;kWh;0;0;0;0;0;0
23/01/2024 19:45;23/01/2024 20:00;80;kWh;-32;6;0;0;38;-26
23/01/2024 20:00;23/01/2024 20:15;81;kWh;-8862;0;0;0;8862;-8862
23/01/2024 20:15;23/01/2024 20:30;82;kWh;-9878;123;0;0;10001;-9755
23/01/2024 20:30;23/01/2024 20:45;83;kWh;-12540;0;0;0;12540;-12540
23/01/2024 20:45;23/01/2024 21:00;84;kWh;-32279;0;0;0;32279;-32279
23/01/2024 21:00;23/01/2024 21:15;85;kWh;-12016;2526;0;0;14542;-9490
23/01/2024 21:15;23/01/2024 21:30;86;kWh;-4203;310;0;0;4513;-3893
23/01/2024 21:30;23/01/2024 21:45;87;kWh;-30029;0;0;0;30029;-30029
23/01/2024 21:45;23/01/2024 22:00;88;kWh;-8820;0;0;0;8820;-8820
23/01/2024 22:00;23/01/2024 22:15;89;kWh;0;30042;0;0;30042;30042
23/01/2024 22:15;23/01/2024 22:30;90;kWh;0;42725;0;0;42725;42725
23/01/2024 22:30;23/01/2024 22:45;91;kWh;0;17020;0;0;17020;17020
23/01/2024 22:45;23/01/2024 23:00;92;kWh;-149;0;0;0;149;-149
23/01/2024 23:00;23/01/2024 23:15;93;kWh;-28214;0;0;0;28214;-28214
23/01/2024 23:15;23/01/2024 23:30;94;kWh;-15124;0;0;0;15124;-15124
23/01/2024 23:30;23/01/2024 23:45;95;kWh;-3079;0;0;0;3079;-3079
23/01/2024 23:45;24/01/2024 00:00;96;kWh;-8158;0;0;0;8158;-8158
24/01/2024 00:00;24/01/2024 00:15;1;kWh;-6083;32171;0;0;38254;26088
24/01/2024 00:15;24/01/2024 00:30;2;kWh;-656;46680;0;0;47336;46024
24/01/2024 00:30;24/01/2024 00:45;3;kWh;-5297;27350;0;0;32647;22053
24/01/2024 00:45;24/01/2024 01:00;4;kWh;0;39300;0;0;39300;39300
24/01/2024 01:00;24/01/2024 01:15;5;kWh;0;55616;0;0;55616;55616
24/01/2024 01:15;24/01/2024 01:30;6;kWh;-11;10401;0;0;10412;10390
24/01/2024 01:30;24/01/2024 01:45;7;kWh;0;77296;0;0;77296;77296
24/01/2024 01:45;24/01/2024 02:00;8;kWh;0;80791;0;0;80791;80791
24/01/2024 02:00;24/01/2024 02:15;9;kWh;0;5159;0;0;5159;5159
24/01/2024 02:15;24/01/2024 02:30;10;kWh;-524;0;0;0;524;-524
24/01/2024 02:30;24/01/2024 02:45;11;kWh;-5536;5702;0;0;11238;166
24/01/2024 02:45;24/01/2024 03:00;12;kWh;-3627;304;0;0;3931;-3323
24/01/2024 03:00;24/01/2024 03:15;13;kWh;-23360;439;0;0;23799;-22921
24/01/2024 03:15;24/01/2024 03:30;14;kWh;-21027;2702;0;0;23729;-18325
24/01/2024 03:30;24/01/2024 03:45;15;kWh;-16306;0;0;0;16306;-16306
24/01/2024 03:45;24/01/2024 04:00;16;kWh;-22872;0;0;0;22872;-22872
24/01/2024 04:00;24/01/2024 04:15;17;kWh;-12962;0;0;0;12962;-12962
24/01/2024 04:15;24/01/2024 04:30;18;kWh;-7033;0;0;0;7033;-7033
24/01/2024 04:30;24/01/2024 04:45;19;kWh;-7497;0;0;0;7497;-7497
24/01/2024 04:45;24/01/2024 05:00;20;kWh;-10808;78;0;0;10886;-10730
24/01/2024 05:00;24/01/2024 05:15;21;kWh;-25432;319;0;0;25751;-25113
24/01/2024 05:15;24/01/2024 05:30;22;kWh;-17286;0;0;0;17286;-17286
24/01/2024 05:30;24/01/2024 05:45;23;kWh;-14677;327;0;0;15004;-14350
24/01/2024 05:45;24/01/2024 06:00;24;kWh;0;2647;0;0;2647;2647
24/01/2024 06:00;24/01/2024 06:15;25;kWh;0;44;0;0;44;44
24/01/2024 06:15;24/01/2024 06:30;26;kWh;0;1046;0;0;1046;1046
24/01/2024 06:30;24/01/2024 06:45;27;kWh;0;741;0;0;741;741
24/01/2024 06:45;24/01/2024 07:00;28;kWh;0;145;0;0;145;145
24/01/2024 07:00;24/01/2024 07:15;29;kWh;-13737;0;0;0;13737;-13737
24/01/2024 07:15;24/01/2024 07:30;30;kWh;-11187;4086;0;0;15273;-7101
24/01/2024 07:30;24/01/2024 07:45;31;kWh;-104;8446;0;0;8550;8342
24/01/2024 07:45;24/01/2024 08:00;32;kWh;0;57971;0;0;57971;57971
24/01/2024 08:00;24/01/2024 08:15;33;kWh;-7574;5475;0;0;13049;-2099
24/01/2024 08:15;24/01/2024 08:30;34;kWh;-91;16711;0;0;16802;16620
24/01/2024 08:30;24/01/2024 08:45;35;kWh;-1166;22717;0;0;23883;21551
24/01/2024 08:45;24/01/2024 09:00;36;kWh;-5956;22557;0;0;28513;16601
24/01/2024 09:00;24/01/2024 09:15;37;kWh;-2819;34591;0;0;37410;31772
24/01/2024 09:15;24/01/2024 09:30;38;kWh;0;24838;0;0;24838;24838
24/01/2024 09:30;24/01/2024 09:45;39;kWh;-8262;3237;0;0;11499;-5025
24/01/2024 09:45;24/01/2024 10:00;40;kWh;-20294;5836;0;0;26130;-14458
24/01/2024 10:00;24/01/2024 10:15;41;kWh;-14130;16076;0;0;30206;1946
24/01/2024 10:15;24/01/2024 10:30;42;kWh;-20427;1;0;0;20428;-20426
24/01/2024 10:30;24/01/2024 10:45;43;kWh;-18619;0;0;0;18619;-18619
24/01/2024 10:45;24/01/2024 11:00;44;kWh;-20888;0;0;0;20888;-20888
24/01/2024 11:00;24/01/2024 11:15;45;kWh;-18086;2074;0;0;20160;-16012
24/01/2024 11:15;24/01/2024 11:30;46;kWh;-28809;964;0;0;29773;-27845
24/01/2024 11:30;24/01/2024 11:45;47;kWh;-13605;0;0;0;13605;-13605
24/01/2024 11:45;24/01/2024 12:00;48;kWh;-3938;0;0;0;3938;-3938
24/01/2024 12:00;24/01/2024 12:15;49;kWh;-4646;49168;0;0;53814;44522
24/01/2024 12:15;24/01/2024 12:30;50;kWh;-4971;17148;0;0;22119;12177
24/01/2024 12:30;24/01/2024 12:45;51;kWh;-3113;0;0;0;3113;-3113
24/01/2024 12:45;24/01/2024 13:00;52;kWh;-7182;0;0;0;7182;-7182
24/01/2024 13:00;24/01/2024 13:15;53;kWh;0;0;0;0;0;0
24/01/2024 13:15;24/01/2024 13:30;54;kWh;0;13652;0;0;13652;13652
24/01/2024 13:30;24/01/2024 13:45;55;kWh;0;27746;0;0;27746;27746
24/01/2024 13:45;24/01/2024 14:00;56;kWh;-1586;95;0;0;1681;-1491
24/01/2024 14:00;24/01/2024 14:15;57;kWh;-12407;707;0;0;13114;-11700
24/01/2024 14:15;24/01/2024 14:30;58;kWh;-12382;1805;0;0;14187;-10577
24/01/2024 14:30;24/01/2024 14:45;59;kWh;-8126;1609;0;0;9735;-6517
24/01/2024 14:45;24/01/2024 15:00;60;kWh;-5322;3212;0;0;8534;-2110
24/01/2024 15:00;24/01/2024 15:15;61;kWh;0;1257;0;0;1257;1257
24/01/2024 15:15;24/01/2024 15:30;62;kWh;0;3980;0;0;3980;3980
24/01/2024 15:30;24/01/2024 15:45;63;kWh;0;1228;0;0;1228;1228
24/01/2024 15:45;24/01/2024 16:00;64;kWh;-8557;662;0;0;9219;-7895
24/01/2024 16:00;24/01/2024 16:15;65;kWh;-17898;0;0;0;17898;-17898
24/01/2024 16:15;24/01/2024 16:30;66;kWh;-13911;0;0;0;13911;-13911
24/01/2024 16:30;24/01/2024 16:45;67;kWh;-10025;2702;0;0;12727;-7323
24/01/2024 16:45;24/01/2024 17:00;68;kWh;-9381;2057;0;0;11438;-7324
24/01/2024 17:00;24/01/2024 17:15;69;kWh;-627;2390;0;0;3017;1763
24/01/2024 17:15;24/01/2024 17:30;70;kWh;-334;1156;0;0;1490;822
24/01/2024 17:30;24/01/2024 17:45;71;kWh;0;6217;0;0;6217;6217
24/01/2024 17:45;24/01/2024 18:00;72;kWh;0;12400;0;0;12400;12400
24/01/2024 18:00;24/01/2024 18:15;73;kWh;0;60987;0;0;60987;60987
24/01/2024 18:15;24/01/2024 18:30;74;kWh;0;57405;0;0;57405;57405
24/01/2024 18:30;24/01/2024 18:45;75;kWh;0;11158;0;0;11158;11158
24/01/2024 18:45;24/01/2024 19:00;76;kWh;0;15516;0;0;15516;15516
24/01/2024 19:00;24/01/2024 19:15;77;kWh;0;37779;0;0;37779;37779
24/01/2024 19:15;24/01/2024 19:30;78;kWh;0;29191;0;0;29191;29191
24/01/2024 19:30;24/01/2024 19:45;79;kWh;0;5038;0;0;5038;5038
24/01/2024 19:45;24/01/2024 20:00;80;kWh;-499;0;0;0;499;-499
24/01/2024 20:00;24/01/2024 20:15;81;kWh;-18185;0;0;0;18185;-18185
24/01/2024 20:15;24/01/2024 20:30;82;kWh;-13774;0;0;0;13774;-13774
24/01/2024 20:30;24/01/2024 20:45;83;kWh;-14574;0;0;0;14574;-14574
24/01/2024 20:45;24/01/2024 21:00;84;kWh;-9066;0;0;0;9066;-9066
24/01/2024 21:00;24/01/2024 21:15;85;kWh;0;0;0;0;0;0
24/01/2024 21:15;24/01/2024 21:30;86;kWh;0;0;0;0;0;0
24/01/2024 21:30;24/01/2024 21:45;87;kWh;0;0;0;0;0;0
24/01/2024 21:45;24/01/2024 22:00;88;kWh;-4642;0;0;0;4642;-4642
24/01/2024 22:00;24/01/2024 22:15;89;kWh;-11026;0;0;0;11026;-11026
24/01/2024 22:15;24/01/2024 22:30;90;kWh;-898;0;0;0;898;-898
24/01/2024 22:30;24/01/2024 22:45;91;kWh;-18414;0;0;0;18414;-18414
24/01/2024 22:45;24/01/2024 23:00;92;kWh;-19624;0;0;0;19624;-19624
24/01/2024 23:00;24/01/2024 23:15;93;kWh;-18359;0;0;0;18359;-18359
24/01/2024 23:15;24/01/2024 23:30;94;kWh;-16553;0;0;0;16553;-16553
24/01/2024 23:30;24/01/2024 23:45;95;kWh;-18358;0;0;0;18358;-18358
24/01/2024 23:45;25/01/2024 00:00;96;kWh;-10259;0;0;0;10259;-10259
25/01/2024 00:00;25/01/2024 00:15;1;kWh;-16572;0;0;0;16572;-16572
25/01/2024 00:15;25/01/2024 00:30;2;kWh;-4950;0;0;0;4950;-4950
25/01/2024 00:30;25/01/2024 00:45;3;kWh;-23320;0;0;0;23320;-23320
25/01/2024 00:45;25/01/2024 01:00;4;kWh;-42410;0;0;0;42410;-42410
25/01/2024 01:00;25/01/2024 01:15;5;kWh;-18395;0;0;0;18395;-18395
25/01/2024 01:15;25/01/2024 01:30;6;kWh;-12051;0;0;0;12051;-12051
25/01/2024 01:30;25/01/2024 01:45;7;kWh;-18994;0;0;0;18994;-18994
25/01/2024 01:45;25/01/2024 02:00;8;kWh;-23767;0;0;0;23767;-23767
25/01/2024 02:00;25/01/2024 02:15;9;kWh;-11521;0;0;0;11521;-11521
25/01/2024 02:15;25/01/2024 02:30;10;kWh;-16091;0;0;0;16091;-16091
25/01/2024 02:30;25/01/2024 02:45;11;kWh;-18635;0;0;0;18635;-18635
25/01/2024 02:45;25/01/2024 03:00;12;kWh;-26235;0;0;0;26235;-26235
25/01/2024 03:00;25/01/2024 03:15;13;kWh;-48378;0;0;0;48378;-48378
25/01/2024 03:15;25/01/2024 03:30;14;kWh;-60630;0;0;0;60630;-60630
25/01/2024 03:30;25/01/2024 03:45;15;kWh;-63471;0;0;0;63471;-63471
25/01/2024 03:45;25/01/2024 04:00;16;kWh;-48476;0;0;0;48476;-48476
25/01/2024 04:00;25/01/2024 04:15;17;kWh;-9959;0;0;0;9959;-9959
25/01/2024 04:15;25/01/2024 04:30;18;kWh;-8752;0;0;0;8752;-8752
25/01/2024 04:30;25/01/2024 04:45;19;kWh;-8852;0;0;0;8852;-8852
25/01/2024 04:45;25/01/2024 05:00;20;kWh;-8852;0;0;0;8852;-8852
25/01/2024 05:00;25/01/2024 05:15;21;kWh;-52388;0;0;0;52388;-52388
25/01/2024 05:15;25/01/2024 05:30;22;kWh;-48865;0;0;0;48865;-48865
25/01/2024 05:30;25/01/2024 05:45;23;kWh;-25780;0;0;0;25780;-25780
25/01/2024 05:45;25/01/2024 06:00;24;kWh;-1235;0;0;0;1235;-1235
25/01/2024 06:00;25/01/2024 06:15;25;kWh;-54023;0;0;0;54023;-54023
25/01/2024 06:15;25/01/2024 06:30;26;kWh;-46029;0;0;0;46029;-46029
25/01/2024 06:30;25/01/2024 06:45;27;kWh;-11832;0;0;0;11832;-11832
25/01/2024 06:45;25/01/2024 07:00;28;kWh;0;0;0;0;0;0
25/01/2024 07:00;25/01/2024 07:15;29;kWh;0;0;0;0;0;0
25/01/2024 07:15;25/01/2024 07:30;30;kWh;0;0;0;0;0;0
25/01/2024 07:30;25/01/2024 07:45;31;kWh;0;0;0;0;0;0
25/01/2024 07:45;25/01/2024 08:00;32;kWh;-1876;0;0;0;1876;-1876
25/01/2024 08:00;25/01/2024 08:15;33;kWh;-2326;0;0;0;2326;-2326
25/01/2024 08:15;25/01/2024 08:30;34;kWh;-7322;0;0;0;7322;-7322
25/01/2024 08:30;25/01/2024 08:45;35;kWh;-16466;0;0;0;16466;-16466
25/01/2024 08:45;25/01/2024 09:00;36;kWh;-45854;0;0;0;45854;-45854
25/01/2024 09:00;25/01/2024 09:15;37;kWh;-31876;0;0;0;31876;-31876
25/01/2024 09:15;25/01/2024 09:30;38;kWh;-37839;0;0;0;37839;-37839
25/01/2024 09:30;25/01/2024 09:45;39;kWh;-44729;0;0;0;44729;-44729
25/01/2024 09:45;25/01/2024 10:00;40;kWh;-57894;0;0;0;57894;-57894
25/01/2024 10:00;25/01/2024 10:15;41;kWh;-22278;0;0;0;22278;-22278
25/01/2024 10:15;25/01/2024 10:30;42;kWh;-9641;0;0;0;9641;-9641
25/01/2024 10:30;25/01/2024 10:45;43;kWh;-5658;0;0;0;5658;-5658
25/01/2024 10:45;25/01/2024 11:00;44;kWh;-1949;0;0;0;1949;-1949
25/01/2024 11:00;25/01/2024 11:15;45;kWh;-6492;0;0;0;6492;-6492
25/01/2024 11:15;25/01/2024 11:30;46;kWh;-6033;0;0;0;6033;-6033
25/01/2024 11:30;25/01/2024 11:45;47;kWh;-8092;0;0;0;8092;-8092
25/01/2024 11:45;25/01/2024 12:00;48;kWh;-7352;0;0;0;7352;-7352
25/01/2024 12:00;25/01/2024 12:15;49;kWh;-57168;0;0;0;57168;-57168
25/01/2024 12:15;25/01/2024 12:30;50;kWh;-56938;0;0;0;56938;-56938
25/01/2024 12:30;25/01/2024 12:45;51;kWh;-45735;0;0;0;45735;-45735
25/01/2024 12:45;25/01/2024 13:00;52;kWh;-43594;0;0;0;43594;-43594
25/01/2024 13:00;25/01/2024 13:15;53;kWh;-45705;0;0;0;45705;-45705
25/01/2024 13:15;25/01/2024 13:30;54;kWh;-54177;0;0;0;54177;-54177
25/01/2024 13:30;25/01/2024 13:45;55;kWh;-70090;0;0;0;70090;-70090
25/01/2024 13:45;25/01/2024 14:00;56;kWh;-64244;0;0;0;64244;-64244
25/01/2024 14:00;25/01/2024 14:15;57;kWh;-27284;0;0;0;27284;-27284
25/01/2024 14:15;25/01/2024 14:30;58;kWh;-13;4583;0;0;4596;4570
25/01/2024 14:30;25/01/2024 14:45;59;kWh;0;48710;0;0;48710;48710
25/01/2024 14:45;25/01/2024 15:00;60;kWh;0;27325;0;0;27325;27325
25/01/2024 15:00;25/01/2024 15:15;61;kWh;-5168;218;0;0;5386;-4950
25/01/2024 15:15;25/01/2024 15:30;62;kWh;-12781;0;0;0;12781;-12781
25/01/2024 15:30;25/01/2024 15:45;63;kWh;-36482;0;0;0;36482;-36482
25/01/2024 15:45;25/01/2024 16:00;64;kWh;-16879;0;0;0;16879;-16879
25/01/2024 16:00;25/01/2024 16:15;65;kWh;-464;1194;0;0;1658;730
25/01/2024 16:15;25/01/2024 16:30;66;kWh;-2744;2451;0;0;5195;-293
25/01/2024 16:30;25/01/2024 16:45;67;kWh;-23216;0;0;0;23216;-23216
25/01/2024 16:45;25/01/2024 17:00;68;kWh;-21780;0;0;0;21780;-21780
25/01/2024 17:00;25/01/2024 17:15;69;kWh;-23167;0;0;0;23167;-23167
25/01/2024 17:15;25/01/2024 17:30;70;kWh;-20456;0;0;0;20456;-20456
25/01/2024 17:30;25/01/2024 17:45;71;kWh;-6400;0;0;0;6400;-6400
25/01/2024 17:45;25/01/2024 18:00;72;kWh;-9879;0;0;0;9879;-9879
25/01/2024 18:00;25/01/2024 18:15;73;kWh;-34567;0;0;0;34567;-34567
25/01/2024 18:15;25/01/2024 18:30;74;kWh;-16847;0;0;0;16847;-16847
25/01/2024 18:30;25/01/2024 18:45;75;kWh;-10022;0;0;0;10022;-10022
25/01/2024 18:45;25/01/2024 19:00;76;kWh;-2823;0;0;0;2823;-2823
25/01/2024 19:00;25/01/2024 19:15;77;kWh;-10;1061;0;0;1071;1051
25/01/2024 19:15;25/01/2024 19:30;78;kWh;0;15641;0;0;15641;15641
25/01/2024 19:30;25/01/2024 19:45;79;kWh;0;4011;0;0;4011;4011
25/01/2024 19:45;25/01/2024 20:00;80;kWh;0;1470;0;0;1470;1470
25/01/2024 20:00;25/01/2024 20:15;81;kWh;0;0;0;0;0;0
25/01/2024 20:15;25/01/2024 20:30;82;kWh;0;0;0;0;0;0
25/01/2024 20:30;25/01/2024 20:45;83;kWh;-368;0;0;0;368;-368
25/01/2024 20:45;25/01/2024 21:00;84;kWh;-2754;0;0;0;2754;-2754
25/01/2024 21:00;25/01/2024 21:15;85;kWh;0;10;0;0;10;10
25/01/2024 21:15;25/01/2024 21:30;86;kWh;0;5196;0;0;5196;5196
25/01/2024 21:30;25/01/2024 21:45;87;kWh;0;6806;0;0;6806;6806
25/01/2024 21:45;25/01/2024 22:00;88;kWh;0;0;0;0;0;0
25/01/2024 22:00;25/01/2024 22:15;89;kWh;0;3003;0;0;3003;3003
25/01/2024 22:15;25/01/2024 22:30;90;kWh;0;7908;0;0;7908;7908
25/01/2024 22:30;25/01/2024 22:45;91;kWh;0;5493;0;0;5493;5493
25/01/2024 22:45;25/01/2024 23:00;92;kWh;-15796;0;0;0;15796;-15796
25/01/2024 23:00;25/01/2024 23:15;93;kWh;-23954;0;0;0;23954;-23954
25/01/2024 23:15;25/01/2024 23:30;94;kWh;-11475;0;0;0;11475;-11475
25/01/2024 23:30;25/01/2024 23:45;95;kWh;-16270;0;0;0;16270;-16270
25/01/2024 23:45;26/01/2024 00:00;96;kWh;-15787;0;0;0;15787;-15787
26/01/2024 00:00;26/01/2024 00:15;1;kWh;-21293;1202;0;0;22495;-20091
26/01/2024 00:15;26/01/2024 00:30;2;kWh;-32439;0;0;0;32439;-32439
26/01/2024 00:30;26/01/2024 00:45;3;kWh;-17332;0;0;0;17332;-17332
26/01/2024 00:45;26/01/2024 01:00;4;kWh;-18376;0;0;0;18376;-18376
26/01/2024 01:00;26/01/2024 01:15;5;kWh;-11352;0;0;0;11352;-11352
26/01/2024 01:15;26/01/2024 01:30;6;kWh;-249;0;0;0;249;-249
26/01/2024 01:30;26/01/2024 01:45;7;kWh;-304;0;0;0;304;-304
26/01/2024 01:45;26/01/2024 02:00;8;kWh;-8411;0;0;0;8411;-8411
26/01/2024 02:00;26/01/2024 02:15;9;kWh;-1553;1401;0;0;2954;-152
26/01/2024 02:15;26/01/2024 02:30;10;kWh;-249;2442;0;0;2691;2193
26/01/2024 02:30;26/01/2024 02:45;11;kWh;-249;0;0;0;249;-249
26/01/2024 02:45;26/01/2024 03:00;12;kWh;-249;0;0;0;249;-249
26/01/2024 03:00;26/01/2024 03:15;13;kWh;-249;14877;0;0;15126;14628
26/01/2024 03:15;26/01/2024 03:30;14;kWh;-249;1959;0;0;2208;1710
26/01/2024 03:30;26/01/2024 03:45;15;kWh;-289;0;0;0;289;-289
26/01/2024 03:45;26/01/2024 04:00;16;kWh;-17926;0;0;0;17926;-17926
26/01/2024 04:00;26/01/2024 04:15;17;kWh;-16328;0;0;0;16328;-16328
26/01/2024 04:15;26/01/2024 04:30;18;kWh;-21752;0;0;0;21752;-21752
26/01/2024 04:30;26/01/2024 04:45;19;kWh;-22320;0;0;0;22320;-22320
26/01/2024 04:45;26/01/2024 05:00;20;kWh;-20967;0;0;0;20967;-20967
26/01/2024 05:00;26/01/2024 05:15;21;kWh;-19412;0;0;0;19412;-19412
26/01/2024 05:15;26/01/2024 05:30;22;kWh;-17393;0;0;0;17393;-17393
26/01/2024 05:30;26/01/2024 05:45;23;kWh;-12179;0;0;0;12179;-12179
26/01/2024 05:45;26/01/2024 06:00;24;kWh;-16981;0;0;0;16981;-16981
26/01/2024 06:00;26/01/2024 06:15;25;kWh;-18257;0;0;0;18257;-18257
26/01/2024 06:15;26/01/2024 06:30;26;kWh;-1968;0;0;0;1968;-1968
26/01/2024 06:30;26/01/2024 06:45;27;kWh;-444;0;0;0;444;-444
26/01/2024 06:45;26/01/2024 07:00;28;kWh;-289;0;0;0;289;-289
26/01/2024 07:00;26/01/2024 07:15;29;kWh;-22096;0;0;0;22096;-22096
26/01/2024 07:15;26/01/2024 07:30;30;kWh;-14575;0;0;0;14575;-14575
26/01/2024 07:30;26/01/2024 07:45;31;kWh;-727;0;0;0;727;-727
26/01/2024 07:45;26/01/2024 08:00;32;kWh;-2029;0;0;0;2029;-2029
26/01/2024 08:00;26/01/2024 08:15;33;kWh;-13811;2198;0;0;16009;-11613
26/01/2024 08:15;26/01/2024 08:30;34;kWh;-12904;467;0;0;13371;-12437
26/01/2024 08:30;26/01/2024 08:45;35;kWh;-9998;0;0;0;9998;-9998
26/01/2024 08:45;26/01/2024 09:00;36;kWh;-3803;0;0;0;3803;-3803
26/01/2024 09:00;26/01/2024 09:15;37;kWh;-2319;0;0;0;2319;-2319
26/01/2024 09:15;26/01/2024 09:30;38;kWh;-591;0;0;0;591;-591
26/01/2024 09:30;26/01/2024 09:45;39;kWh;-249;0;0;0;249;-249
26/01/2024 09:45;26/01/2024 10:00;40;kWh;-249;0;0;0;249;-249
26/01/2024 10:00;26/01/2024 10:15;41;kWh;-249;0;0;0;249;-249
26/01/2024 10:15;26/01/2024 10:30;42;kWh;-249;337;0;0;586;88
26/01/2024 10:30;26/01/2024 10:45;43;kWh;-4803;0;0;0;4803;-4803
26/01/2024 10:45;26/01/2024 11:00;44;kWh;-19859;0;0;0;19859;-19859
26/01/2024 11:00;26/01/2024 11:15;45;kWh;-8614;0;0;0;8614;-8614
26/01/2024 11:15;26/01/2024 11:30;46;kWh;-21063;0;0;0;21063;-21063
26/01/2024 11:30;26/01/2024 11:45;47;kWh;-38044;0;0;0;38044;-38044
26/01/2024 11:45;26/01/2024 12:00;48;kWh;-46963;0;0;0;46963;-46963
26/01/2024 12:00;26/01/2024 12:15;49;kWh;-4810;0;0;0;4810;-4810
26/01/2024 12:15;26/01/2024 12:30;50;kWh;-961;0;0;0;961;-961
26/01/2024 12:30;26/01/2024 12:45;51;kWh;-249;0;0;0;249;-249
26/01/2024 12:45;26/01/2024 13:00;52;kWh;-249;1558;0;0;1807;1309
26/01/2024 13:00;26/01/2024 13:15;53;kWh;-249;44631;0;0;44880;44382
26/01/2024 13:15;26/01/2024 13:30;54;kWh;-249;36738;0;0;36987;36489
26/01/2024 13:30;26/01/2024 13:45;55;kWh;-249;12516;0;0;12765;12267
26/01/2024 13:45;26/01/2024 14:00;56;kWh;-249;20470;0;0;20719;20221
26/01/2024 14:00;26/01/2024 14:15;57;kWh;-12057;2508;0;0;14565;-9549
26/01/2024 14:15;26/01/2024 14:30;58;kWh;-249;22102;0;0;22351;21853
26/01/2024 14:30;26/01/2024 14:45;59;kWh;-249;9495;0;0;9744;9246
26/01/2024 14:45;26/01/2024 15:00;60;kWh;-249;1348;0;0;1597;1099
26/01/2024 15:00;26/01/2024 15:15;61;kWh;-16203;37;0;0;16240;-16166
26/01/2024 15:15;26/01/2024 15:30;62;kWh;-249;3156;0;0;3405;2907
26/01/2024 15:30;26/01/2024 15:45;63;kWh;-249;12530;0;0;12779;12281
26/01/2024 15:45;26/01/2024 16:00;64;kWh;-249;18125;0;0;18374;17876
26/01/2024 16:00;26/01/2024 16:15;65;kWh;-19387;3274;0;0;22661;-16113
26/01/2024 16:15;26/01/2024 16:30;66;kWh;-1222;44;0;0;1266;-1178
26/01/2024 16:30;26/01/2024 16:45;67;kWh;-249;210;0;0;459;-39
26/01/2024 16:45;26/01/2024 17:00;68;kWh;-249;0;0;0;249;-249
26/01/2024 17:00;26/01/2024 17:15;69;kWh;-15565;0;0;0;15565;-15565
26/01/2024 17:15;26/01/2024 17:30;70;kWh;-11795;0;0;0;11795;-11795
26/01/2024 17:30;26/01/2024 17:45;71;kWh;-286;0;0;0;286;-286
26/01/2024 17:45;26/01/2024 18:00;72;kWh;-249;0;0;0;249;-249
26/01/2024 18:00;26/01/2024 18:15;73;kWh;-249;0;0;0;249;-249
26/01/2024 18:15;26/01/2024 18:30;74;kWh;-249;0;0;0;249;-249
26/01/2024 18:30;26/01/2024 18:45;75;kWh;-249;0;0;0;249;-249
26/01/2024 18:45;26/01/2024 19:00;76;kWh;-249;0;0;0;249;-249
26/01/2024 19:00;26/01/2024 19:15;77;kWh;-16732;0;0;0;16732;-16732
26/01/2024 19:15;26/01/2024 19:30;78;kWh;-31219;0;0;0;31219;-31219
26/01/2024 19:30;26/01/2024 19:45;79;kWh;-41133;0;0;0;41133;-41133
26/01/2024 19:45;26/01/2024 20:00;80;kWh;-36192;0;0;0;36192;-36192
26/01/2024 20:00;26/01/2024 20:15;81;kWh;-8725;0;0;0;8725;-8725
26/01/2024 20:15;26/01/2024 20:30;82;kWh;-9486;0;0;0;9486;-9486
26/01/2024 20:30;26/01/2024 20:45;83;kWh;-7191;0;0;0;7191;-7191
26/01/2024 20:45;26/01/2024 21:00;84;kWh;-3307;0;0;0;3307;-3307
26/01/2024 21:00;26/01/2024 21:15;85;kWh;-4010;0;0;0;4010;-4010
26/01/2024 21:15;26/01/2024 21:30;86;kWh;-249;0;0;0;249;-249
26/01/2024 21:30;26/01/2024 21:45;87;kWh;-249;1757;0;0;2006;1508
26/01/2024 21:45;26/01/2024 22:00;88;kWh;-249;0;0;0;249;-249
26/01/2024 22:00;26/01/2024 22:15;89;kWh;-249;0;0;0;249;-249
26/01/2024 22:15;26/01/2024 22:30;90;kWh;-249;0;0;0;249;-249
26/01/2024 22:30;26/01/2024 22:45;91;kWh;-249;0;0;0;249;-249
26/01/2024 22:45;26/01/2024 23:00;92;kWh;-249;0;0;0;249;-249
26/01/2024 23:00;26/01/2024 23:15;93;kWh;-1188;0;0;0;1188;-1188
26/01/2024 23:15;26/01/2024 23:30;94;kWh;-18404;0;0;0;18404;-18404
26/01/2024 23:30;26/01/2024 23:45;95;kWh;-26277;0;0;0;26277;-26277
26/01/2024 23:45;27/01/2024 00:00;96;kWh;-8058;0;0;0;8058;-8058
27/01/2024 00:00;27/01/2024 00:15;1;kWh;-16675;0;0;0;16675;-16675
27/01/2024 00:15;27/01/2024 00:30;2;kWh;-5140;0;0;0;5140;-5140
27/01/2024 00:30;27/01/2024 00:45;3;kWh;-6911;0;0;0;6911;-6911
27/01/2024 00:45;27/01/2024 01:00;4;kWh;-5776;0;0;0;5776;-5776
27/01/2024 01:00;27/01/2024 01:15;5;kWh;-337;0;0;0;337;-337
27/01/2024 01:15;27/01/2024 01:30;6;kWh;-4680;0;0;0;4680;-4680
27/01/2024 01:30;27/01/2024 01:45;7;kWh;-17698;0;0;0;17698;-17698
27/01/2024 01:45;27/01/2024 02:00;8;kWh;-20582;0;0;0;20582;-20582
27/01/2024 02:00;27/01/2024 02:15;9;kWh;-20452;0;0;0;20452;-20452
27/01/2024 02:15;27/01/2024 02:30;10;kWh;-12410;0;0;0;12410;-12410
27/01/2024 02:30;27/01/2024 02:45;11;kWh;-12010;0;0;0;12010;-12010
27/01/2024 02:45;27/01/2024 03:00;12;kWh;-3971;0;0;0;3971;-3971
27/01/2024 03:00;27/01/2024 03:15;13;kWh;-3362;0;0;0;3362;-3362
27/01/2024 03:15;27/01/2024 03:30;14;kWh;-959;0;0;0;959;-959
27/01/2024 03:30;27/01/2024 03:45;15;kWh;-5395;0;0;0;5395;-5395
27/01/2024 03:45;27/01/2024 04:00;16;kWh;-6341;0;0;0;6341;-6341
27/01/2024 04:00;27/01/2024 04:15;17;kWh;-9027;0;0;0;9027;-9027
27/01/2024 04:15;27/01/2024 04:30;18;kWh;-24781;0;0;0;24781;-24781
27/01/2024 04:30;27/01/2024 04:45;19;kWh;-16811;0;0;0;16811;-16811
27/01/2024 04:45;27/01/2024 05:00;20;kWh;-35482;0;0;0;35482;-35482
27/01/2024 05:00;27/01/2024 05:15;21;kWh;-41559;0;0;0;41559;-41559
27/01/2024 05:15;27/01/2024 05:30;22;kWh;-33180;0;0;0;33180;-33180
27/01/2024 05:30;27/01/2024 05:45;23;kWh;-43357;0;0;0;43357;-43357
27/01/2024 05:45;27/01/2024 06:00;24;kWh;-34299;0;0;0;34299;-34299
27/01/2024 06:00;27/01/2024 06:15;25;kWh;-40845;0;0;0;40845;-40845
27/01/2024 06:15;27/01/2024 06:30;26;kWh;-27711;0;0;0;27711;-27711
27/01/2024 06:30;27/01/2024 06:45;27;kWh;-31231;0;0;0;31231;-31231
27/01/2024 06:45;27/01/2024 07:00;28;kWh;-37661;0;0;0;37661;-37661
27/01/2024 07:00;27/01/2024 07:15;29;kWh;-27443;0;0;0;27443;-27443
27/01/2024 07:15;27/01/2024 07:30;30;kWh;-1642;0;0;0;1642;-1642
27/01/2024 07:30;27/01/2024 07:45;31;kWh;-2948;0;0;0;2948;-2948
27/01/2024 07:45;27/01/2024 08:00;32;kWh;-4849;0;0;0;4849;-4849
27/01/2024 08:00;27/01/2024 08:15;33;kWh;-9325;0;0;0;9325;-9325
27/01/2024 08:15;27/01/2024 08:30;34;kWh;-8792;0;0;0;8792;-8792
27/01/2024 08:30;27/01/2024 08:45;35;kWh;0;436;0;0;436;436
27/01/2024 08:45;27/01/2024 09:00;36;kWh;0;2881;0;0;2881;2881
27/01/2024 09:00;27/01/2024 09:15;37;kWh;0;2682;0;0;2682;2682
27/01/2024 09:15;27/01/2024 09:30;38;kWh;-2176;0;0;0;2176;-2176
27/01/2024 09:30;27/01/2024 09:45;39;kWh;-14186;0;0;0;14186;-14186
27/01/2024 09:45;27/01/2024 10:00;40;kWh;-53432;0;0;0;53432;-53432
27/01/2024 10:00;27/01/2024 10:15;41;kWh;-14187;0;0;0;14187;-14187
27/01/2024 10:15;27/01/2024 10:30;42;kWh;-20349;0;0;0;20349;-20349
27/01/2024 10:30;27/01/2024 10:45;43;kWh;-72104;0;0;0;72104;-72104
27/01/2024 10:45;27/01/2024 11:00;44;kWh;-65864;0;0;0;65864;-65864
27/01/2024 11:00;27/01/2024 11:15;45;kWh;-35890;0;0;0;35890;-35890
27/01/2024 11:15;27/01/2024 11:30;46;kWh;-36779;0;0;0;36779;-36779
27/01/2024 11:30;27/01/2024 11:45;47;kWh;-36788;0;0;0;36788;-36788
27/01/2024 11:45;27/01/2024 12:00;48;kWh;-46474;0;0;0;46474;-46474
27/01/2024 12:00;27/01/2024 12:15;49;kWh;-33111;0;0;0;33111;-33111
27/01/2024 12:15;27/01/2024 12:30;50;kWh;-33656;0;0;0;33656;-33656
27/01/2024 12:30;27/01/2024 12:45;51;kWh;-27467;0;0;0;27467;-27467
27/01/2024 12:45;27/01/2024 13:00;52;kWh;-44480;0;0;0;44480;-44480
27/01/2024 13:00;27/01/2024 13:15;53;kWh;-30393;0;0;0;30393;-30393
27/01/2024 13:15;27/01/2024 13:30;54;kWh;-54023;0;0;0;54023;-54023
27/01/2024 13:30;27/01/2024 13:45;55;kWh;-40679;0;0;0;40679;-40679
27/01/2024 13:45;27/01/2024 14:00;56;kWh;-28037;0;0;0;28037;-28037
27/01/2024 14:00;27/01/2024 14:15;57;kWh;-28242;0;0;0;28242;-28242
27/01/2024 14:15;27/01/2024 14:30;58;kWh;-22297;0;0;0;22297;-22297
27/01/2024 14:30;27/01/2024 14:45;59;kWh;-1093;10128;0;0;11221;9035
27/01/2024 14:45;27/01/2024 15:00;60;kWh;0;11821;0;0;11821;11821
27/01/2024 15:00;27/01/2024 15:15;61;kWh;-2626;0;0;0;2626;-2626
27/01/2024 15:15;27/01/2024 15:30;62;kWh;-18;2397;0;0;2415;2379
27/01/2024 15:30;27/01/2024 15:45;63;kWh;0;5855;0;0;5855;5855
27/01/2024 15:45;27/01/2024 16:00;64;kWh;0;0;0;0;0;0
27/01/2024 16:00;27/01/2024 16:15;65;kWh;-34633;0;0;0;34633;-34633
27/01/2024 16:15;27/01/2024 16:30;66;kWh;-35388;0;0;0;35388;-35388
27/01/2024 16:30;27/01/2024 16:45;67;kWh;-31076;0;0;0;31076;-31076
27/01/2024 16:45;27/01/2024 17:00;68;kWh;-877;0;0;0;877;-877
27/01/2024 17:00;27/01/2024 17:15;69;kWh;-40296;0;0;0;40296;-40296
27/01/2024 17:15;27/01/2024 17:30;70;kWh;-37584;0;0;0;37584;-37584
27/01/2024 17:30;27/01/2024 17:45;71;kWh;-45366;0;0;0;45366;-45366
27/01/2024 17:45;27/01/2024 18:00;72;kWh;-18397;0;0;0;18397;-18397
27/01/2024 18:00;27/01/2024 18:15;73;kWh;-5451;0;0;0;5451;-5451
27/01/2024 18:15;27/01/2024 18:30;74;kWh;-13901;0;0;0;13901;-13901
27/01/2024 18:30;27/01/2024 18:45;75;kWh;-24581;0;0;0;24581;-24581
27/01/2024 18:45;27/01/2024 19:00;76;kWh;-33176;0;0;0;33176;-33176
27/01/2024 19:00;27/01/2024 19:15;77;kWh;-5381;0;0;0;5381;-5381
27/01/2024 19:15;27/01/2024 19:30;78;kWh;-11078;0;0;0;11078;-11078
27/01/2024 19:30;27/01/2024 19:45;79;kWh;-10778;0;0;0;10778;-10778
27/01/2024 19:45;27/01/2024 20:00;80;kWh;-5911;0;0;0;5911;-5911
27/01/2024 20:00;27/01/2024 20:15;81;kWh;-152;0;0;0;152;-152
27/01/2024 20:15;27/01/2024 20:30;82;kWh;-746;0;0;0;746;-746
27/01/2024 20:30;27/01/2024 20:45;83;kWh;-8353;0;0;0;8353;-8353
27/01/2024 20:45;27/01/2024 21:00;84;kWh;-9260;0;0;0;9260;-9260
27/01/2024 21:00;27/01/2024 21:15;85;kWh;-6383;0;0;0;6383;-6383
27/01/2024 21:15;27/01/2024 21:30;86;kWh;-4187;0;0;0;4187;-4187
27/01/2024 21:30;27/01/2024 21:45;87;kWh;-10507;0;0;0;10507;-10507
27/01/2024 21:45;27/01/2024 22:00;88;kWh;-21423;0;0;0;21423;-21423
27/01/2024 22:00;27/01/2024 22:15;89;kWh;-19193;0;0;0;19193;-19193
27/01/2024 22:15;27/01/2024 22:30;90;kWh;-13515;0;0;0;13515;-13515
27/01/2024 22:30;27/01/2024 22:45;91;kWh;-2249;0;0;0;2249;-2249
27/01/2024 22:45;27/01/2024 23:00;92;kWh;-257;361;0;0;618;104
27/01/2024 23:00;27/01/2024 23:15;93;kWh;-201;0;0;0;201;-201
27/01/2024 23:15;27/01/2024 23:30;94;kWh;-2517;0;0;0;2517;-2517
27/01/2024 23:30;27/01/2024 23:45;95;kWh;-6407;0;0;0;6407;-6407
27/01/2024 23:45;28/01/2024 00:00;96;kWh;-18841;0;0;0;18841;-18841
28/01/2024 00:00;28/01/2024 00:15;1;kWh;-7324;12920;0;0;20244;5596
28/01/2024 00:15;28/01/2024 00:30;2;kWh;-127;3612;0;0;3739;3485
28/01/2024 00:30;28/01/2024 00:45;3;kWh;-1425;4759;0;0;6184;3334
28/01/2024 00:45;28/01/2024 01:00;4;kWh;0;36;0;0;36;36
28/01/2024 01:00;28/01/2024 01:15;5;kWh;0;3106;0;0;3106;3106
28/01/2024 01:15;28/01/2024 01:30;6;kWh;0;31475;0;0;31475;31475
28/01/2024 01:30;28/01/2024 01:45;7;kWh;0;42190;0;0;42190;42190
28/01/2024 01:45;28/01/2024 02:00;8;kWh;0;24341;0;0;24341;24341
28/01/2024 02:00;28/01/2024 02:15;9;kWh;0;7404;0;0;7404;7404
28/01/2024 02:15;28/01/2024 02:30;10;kWh;-885;56;0;0;941;-829
28/01/2024 02:30;28/01/2024 02:45;11;kWh;-5427;0;0;0;5427;-5427
28/01/2024 02:45;28/01/2024 03:00;12;kWh;-9710;0;0;0;9710;-9710
28/01/2024 03:00;28/01/2024 03:15;13;kWh;-9442;3840;0;0;13282;-5602
28/01/2024 03:15;28/01/2024 03:30;14;kWh;-5663;0;0;0;5663;-5663
28/01/2024 03:30;28/01/2024 03:45;15;kWh;-6254;0;0;0;6254;-6254
28/01/2024 03:45;28/01/2024 04:00;16;kWh;-4916;0;0;0;4916;-4916
28/01/2024 04:00;28/01/2024 04:15;17;kWh;-2012;0;0;0;2012;-2012
28/01/2024 04:15;28/01/2024 04:30;18;kWh;-2141;0;0;0;2141;-2141
28/01/2024 04:30;28/01/2024 04:45;19;kWh;-759;0;0;0;759;-759
28/01/2024 04:45;28/01/2024 05:00;20;kWh;-2581;0;0;0;2581;-2581
28/01/2024 05:00;28/01/2024 05:15;21;kWh;-2;592;0;0;594;590
28/01/2024 05:15;28/01/2024 05:30;22;kWh;-1234;125;0;0;1359;-1109
28/01/2024 05:30;28/01/2024 05:45;23;kWh;-2708;0;0;0;2708;-2708
28/01/2024 05:45;28/01/2024 06:00;24;kWh;0;0;0;0;0;0
28/01/2024 06:00;28/01/2024 06:15;25;kWh;0;23;0;0;23;23
28/01/2024 06:15;28/01/2024 06:30;26;kWh;0;136;0;0;136;136
28/01/2024 06:30;28/01/2024 06:45;27;kWh;0;0;0;0;0;0
28/01/2024 06:45;28/01/2024 07:00;28;kWh;0;0;0;0;0;0
28/01/2024 07:00;28/01/2024 07:15;29;kWh;0;3383;0;0;3383;3383
28/01/2024 07:15;28/01/2024 07:30;30;kWh;0;18425;0;0;18425;18425
28/01/2024 07:30;28/01/2024 07:45;31;kWh;0;9754;0;0;9754;9754
28/01/2024 07:45;28/01/2024 08:00;32;kWh;0;6502;0;0;6502;6502
28/01/2024 08:00;28/01/2024 08:15;33;kWh;0;4180;0;0;4180;4180
28/01/2024 08:15;28/01/2024 08:30;34;kWh;0;5981;0;0;5981;5981
28/01/2024 08:30;28/01/2024 08:45;35;kWh;0;590;0;0;590;590
28/01/2024 08:45;28/01/2024 09:00;36;kWh;0;919;0;0;919;919
28/01/2024 09:00;28/01/2024 09:15;37;kWh;-3784;1336;0;0;5120;-2448
28/01/2024 09:15;28/01/2024 09:30;38;kWh;-7907;2724;0;0;10631;-5183
28/01/2024 09:30;28/01/2024 09:45;39;kWh;-19163;257;0;0;19420;-18906
28/01/2024 09:45;28/01/2024 10:00;40;kWh;-19327;90;0;0;19417;-19237
28/01/2024 10:00;28/01/2024 10:15;41;kWh;-4455;259;0;0;4714;-4196
28/01/2024 10:15;28/01/2024 10:30;42;kWh;-1087;0;0;0;1087;-1087
28/01/2024 10:30;28/01/2024 10:45;43;kWh;-5610;0;0;0;5610;-5610
28/01/2024 10:45;28/01/2024 11:00;44;kWh;-8018;0;0;0;8018;-8018
28/01/2024 11:00;28/01/2024 11:15;45;kWh;-386;20191;0;0;20577;19805
28/01/2024 11:15;28/01/2024 11:30;46;kWh;0;17037;0;0;17037;17037
28/01/2024 11:30;28/01/2024 11:45;47;kWh;0;0;0;0;0;0
28/01/2024 11:45;28/01/2024 12:00;48;kWh;0;0;0;0;0;0
28/01/2024 12:00;28/01/2024 12:15;49;kWh;-885;0;0;0;885;-885
28/01/2024 12:15;28/01/2024 12:30;50;kWh;0;0;0;0;0;0
28/01/2024 12:30;28/01/2024 12:45;51;kWh;0;0;0;0;0;0
28/01/2024 12:45;28/01/2024 13:00;52;kWh;-3559;0;0;0;3559;-3559
28/01/2024 13:00;28/01/2024 13:15;53;kWh;-25904;0;0;0;25904;-25904
28/01/2024 13:15;28/01/2024 13:30;54;kWh;-16501;0;0;0;16501;-16501
28/01/2024 13:30;28/01/2024 13:45;55;kWh;-14351;0;0;0;14351;-14351
28/01/2024 13:45;28/01/2024 14:00;56;kWh;-11205;0;0;0;11205;-11205
28/01/2024 14:00;28/01/2024 14:15;57;kWh;-10561;0;0;0;10561;-10561
28/01/2024 14:15;28/01/2024 14:30;58;kWh;-2942;0;0;0;2942;-2942
28/01/2024 14:30;28/01/2024 14:45;59;kWh;0;7461;0;0;7461;7461
28/01/2024 14:45;28/01/2024 15:00;60;kWh;0;26690;0;0;26690;26690
28/01/2024 15:00;28/01/2024 15:15;61;kWh;0;3119;0;0;3119;3119
28/01/2024 15:15;28/01/2024 15:30;62;kWh;0;18536;0;0;18536;18536
28/01/2024 15:30;28/01/2024 15:45;63;kWh;0;24252;0;0;24252;24252
28/01/2024 15:45;28/01/2024 16:00;64;kWh;0;35389;0;0;35389;35389
28/01/2024 16:00;28/01/2024 16:15;65;kWh;-2726;2631;0;0;5357;-95
28/01/2024 16:15;28/01/2024 16:30;66;kWh;0;9763;0;0;9763;9763
28/01/2024 16:30;28/01/2024 16:45;67;kWh;0;21002;0;0;21002;21002
28/01/2024 16:45;28/01/2024 17:00;68;kWh;-68;18421;0;0;18489;18353
28/01/2024 17:00;28/01/2024 17:15;69;kWh;-16153;0;0;0;16153;-16153
28/01/2024 17:15;28/01/2024 17:30;70;kWh;-14573;3199;0;0;17772;-11374
28/01/2024 17:30;28/01/2024 17:45;71;kWh;-9051;1275;0;0;10326;-7776
28/01/2024 17:45;28/01/2024 18:00;72;kWh;-10175;0;0;0;10175;-10175
28/01/2024 18:00;28/01/2024 18:15;73;kWh;-3647;0;0;0;3647;-3647
28/01/2024 18:15;28/01/2024 18:30;74;kWh;-12286;0;0;0;12286;-12286
28/01/2024 18:30;28/01/2024 18:45;75;kWh;-32738;0;0;0;32738;-32738
28/01/2024 18:45;28/01/2024 19:00;76;kWh;-35191;0;0;0;35191;-35191
28/01/2024 19:00;28/01/2024 19:15;77;kWh;-21588;0;0;0;21588;-21588
28/01/2024 19:15;28/01/2024 19:30;78;kWh;-10246;0;0;0;10246;-10246
28/01/2024 19:30;28/01/2024 19:45;79;kWh;-19274;648;0;0;19922;-18626
28/01/2024 19:45;28/01/2024 20:00;80;kWh;-21376;866;0;0;22242;-20510
28/01/2024 20:00;28/01/2024 20:15;81;kWh;-19543;0;0;0;19543;-19543
28/01/2024 20:15;28/01/2024 20:30;82;kWh;-11082;0;0;0;11082;-11082
28/01/2024 20:30;28/01/2024 20:45;83;kWh;-18316;0;0;0;18316;-18316
28/01/2024 20:45;28/01/2024 21:00;84;kWh;-6431;0;0;0;6431;-6431
28/01/2024 21:00;28/01/2024 21:15;85;kWh;-1427;2199;0;0;3626;772
28/01/2024 21:15;28/01/2024 21:30;86;kWh;0;1523;0;0;1523;1523
28/01/2024 21:30;28/01/2024 21:45;87;kWh;0;0;0;0;0;0
28/01/2024 21:45;28/01/2024 22:00;88;kWh;-1868;0;0;0;1868;-1868
28/01/2024 22:00;28/01/2024 22:15;89;kWh;-8666;0;0;0;8666;-8666
28/01/2024 22:15;28/01/2024 22:30;90;kWh;-7135;0;0;0;7135;-7135
28/01/2024 22:30;28/01/2024 22:45;91;kWh;-3604;0;0;0;3604;-3604
28/01/2024 22:45;28/01/2024 23:00;92;kWh;-12102;0;0;0;12102;-12102
28/01/2024 23:00;28/01/2024 23:15;93;kWh;-5092;0;0;0;5092;-5092
28/01/2024 23:15;28/01/2024 23:30;94;kWh;-897;0;0;0;897;-897
28/01/2024 23:30;28/01/2024 23:45;95;kWh;-12106;0;0;0;12106;-12106
28/01/2024 23:45;29/01/2024 00:00;96;kWh;-18867;0;0;0;18867;-18867
29/01/2024 00:00;29/01/2024 00:15;1;kWh;-5094;195;0;0;5289;-4899
29/01/2024 00:15;29/01/2024 00:30;2;kWh;-6889;0;0;0;6889;-6889
29/01/2024 00:30;29/01/2024 00:45;3;kWh;-19157;0;0;0;19157;-19157
29/01/2024 00:45;29/01/2024 01:00;4;kWh;-22721;0;0;0;22721;-22721
29/01/2024 01:00;29/01/2024 01:15;5;kWh;-3787;0;0;0;3787;-3787
29/01/2024 01:15;29/01/2024 01:30;6;kWh;-11741;0;0;0;11741;-11741
29/01/2024 01:30;29/01/2024 01:45;7;kWh;-8707;0;0;0;8707;-8707
29/01/2024 01:45;29/01/2024 02:00;8;kWh;-29;0;0;0;29;-29
29/01/2024 02:00;29/01/2024 02:15;9;kWh;0;1107;0;0;1107;1107
29/01/2024 02:15;29/01/2024 02:30;10;kWh;0;285;0;0;285;285
29/01/2024 02:30;29/01/2024 02:45;11;kWh;0;5475;0;0;5475;5475
29/01/2024 02:45;29/01/2024 03:00;12;kWh;0;817;0;0;817;817
29/01/2024 03:00;29/01/2024 03:15;13;kWh;0;0;0;0;0;0
29/01/2024 03:15;29/01/2024 03:30;14;kWh;0;309;0;0;309;309
29/01/2024 03:30;29/01/2024 03:45;15;kWh;0;1209;0;0;1209;1209
29/01/2024 03:45;29/01/2024 04:00;16;kWh;0;2146;0;0;2146;2146
29/01/2024 04:00;29/01/2024 04:15;17;kWh;-13011;0;0;0;13011;-13011
29/01/2024 04:15;29/01/2024 04:30;18;kWh;-9521;0;0;0;9521;-9521
29/01/2024 04:30;29/01/2024 04:45;19;kWh;-6792;0;0;0;6792;-6792
29/01/2024 04:45;29/01/2024 05:00;20;kWh;-8672;0;0;0;8672;-8672
29/01/2024 05:00;29/01/2024 05:15;21;kWh;-6352;0;0;0;6352;-6352
29/01/2024 05:15;29/01/2024 05:30;22;kWh;-3211;0;0;0;3211;-3211
29/01/2024 05:30;29/01/2024 05:45;23;kWh;-1000;0;0;0;1000;-1000
29/01/2024 05:45;29/01/2024 06:00;24;kWh;-5313;0;0;0;5313;-5313
29/01/2024 06:00;29/01/2024 06:15;25;kWh;-8422;645;0;0;9067;-7777
29/01/2024 06:15;29/01/2024 06:30;26;kWh;0;3967;0;0;3967;3967
29/01/2024 06:30;29/01/2024 06:45;27;kWh;0;23029;0;0;23029;23029
29/01/2024 06:45;29/01/2024 07:00;28;kWh;0;8738;0;0;8738;8738
29/01/2024 07:00;29/01/2024 07:15;29;kWh;-5818;511;0;0;6329;-5307
29/01/2024 07:15;29/01/2024 07:30;30;kWh;-3475;0;0;0;3475;-3475
29/01/2024 07:30;29/01/2024 07:45;31;kWh;0;1051;0;0;1051;1051
29/01/2024 07:45;29/01/2024 08:00;32;kWh;0;25937;0;0;25937;25937
29/01/2024 08:00;29/01/2024 08:15;33;kWh;0;7087;0;0;7087;7087
29/01/2024 08:15;29/01/2024 08:30;34;kWh;0;4948;0;0;4948;4948
29/01/2024 08:30;29/01/2024 08:45;35;kWh;0;1807;0;0;1807;1807
29/01/2024 08:45;29/01/2024 09:00;36;kWh;0;3769;0;0;3769;3769
29/01/2024 09:00;29/01/2024 09:15;37;kWh;-2776;0;0;0;2776;-2776
29/01/2024 09:15;29/01/2024 09:30;38;kWh;-15676;0;0;0;15676;-15676
29/01/2024 09:30;29/01/2024 09:45;39;kWh;-22880;0;0;0;22880;-22880
29/01/2024 09:45;29/01/2024 10:00;40;kWh;-31977;0;0;0;31977;-31977
29/01/2024 10:00;29/01/2024 10:15;41;kWh;-2229;0;0;0;2229;-2229
29/01/2024 10:15;29/01/2024 10:30;42;kWh;-9186;0;0;0;9186;-9186
29/01/2024 10:30;29/01/2024 10:45;43;kWh;-26009;0;0;0;26009;-26009
29/01/2024 10:45;29/01/2024 11:00;44;kWh;-33560;0;0;0;33560;-33560
29/01/2024 11:00;29/01/2024 11:15;45;kWh;-21701;0;0;0;21701;-21701
29/01/2024 11:15;29/01/2024 11:30;46;kWh;-22812;0;0;0;22812;-22812
29/01/2024 11:30;29/01/2024 11:45;47;kWh;-16664;0;0;0;16664;-16664
29/01/2024 11:45;29/01/2024 12:00;48;kWh;-25854;0;0;0;25854;-25854
29/01/2024 12:00;29/01/2024 12:15;49;kWh;-23348;0;0;0;23348;-23348
29/01/2024 12:15;29/01/2024 12:30;50;kWh;-11005;0;0;0;11005;-11005
29/01/2024 12:30;29/01/2024 12:45;51;kWh;-12538;0;0;0;12538;-12538
29/01/2024 12:45;29/01/2024 13:00;52;kWh;-9599;0;0;0;9599;-9599
29/01/2024 13:00;29/01/2024 13:15;53;kWh;-7746;0;0;0;7746;-7746
29/01/2024 13:15;29/01/2024 13:30;54;kWh;-1208;0;0;0;1208;-1208
29/01/2024 13:30;29/01/2024 13:45;55;kWh;0;0;0;0;0;0
29/01/2024 13:45;29/01/2024 14:00;56;kWh;0;0;0;0;0;0
29/01/2024 14:00;29/01/2024 14:15;57;kWh;0;0;0;0;0;0
29/01/2024 14:15;29/01/2024 14:30;58;kWh;-89;0;0;0;89;-89
29/01/2024 14:30;29/01/2024 14:45;59;kWh;-1302;0;0;0;1302;-1302
29/01/2024 14:45;29/01/2024 15:00;60;kWh;-752;60;0;0;812;-692
29/01/2024 15:00;29/01/2024 15:15;61;kWh;0;5821;0;0;5821;5821
29/01/2024 15:15;29/01/2024 15:30;62;kWh;0;5447;0;0;5447;5447
29/01/2024 15:30;29/01/2024 15:45;63;kWh;0;13486;0;0;13486;13486
29/01/2024 15:45;29/01/2024 16:00;64;kWh;0;36594;0;0;36594;36594
29/01/2024 16:00;29/01/2024 16:15;65;kWh;0;13991;0;0;13991;13991
29/01/2024 16:15;29/01/2024 16:30;66;kWh;-12699;249;0;0;12948;-12450
29/01/2024 16:30;29/01/2024 16:45;67;kWh;-2558;249;0;0;2807;-2309
29/01/2024 16:45;29/01/2024 17:00;68;kWh;0;4570;0;0;4570;4570
29/01/2024 17:00;29/01/2024 17:15;69;kWh;-3209;1747;0;0;4956;-1462
29/01/2024 17:15;29/01/2024 17:30;70;kWh;-3585;249;0;0;3834;-3336
29/01/2024 17:30;29/01/2024 17:45;71;kWh;-2323;249;0;0;2572;-2074
29/01/2024 17:45;29/01/2024 18:00;72;kWh;-1960;249;0;0;2209;-1711
29/01/2024 18:00;29/01/2024 18:15;73;kWh;-11267;249;0;0;11516;-11018
29/01/2024 18:15;29/01/2024 18:30;74;kWh;-11888;249;0;0;12137;-11639
29/01/2024 18:30;29/01/2024 18:45;75;kWh;-28380;249;0;0;28629;-28131
29/01/2024 18:45;29/01/2024 19:00;76;kWh;-36606;249;0;0;36855;-36357
29/01/2024 19:00;29/01/2024 19:15;77;kWh;-27389;249;0;0;27638;-27140
29/01/2024 19:15;29/01/2024 19:30;78;kWh;-29523;249;0;0;29772;-29274
29/01/2024 19:30;29/01/2024 19:45;79;kWh;-26296;249;0;0;26545;-26047
29/01/2024 19:45;29/01/2024 20:00;80;kWh;-24606;249;0;0;24855;-24357
29/01/2024 20:00;29/01/2024 20:15;81;kWh;-17820;249;0;0;18069;-17571
29/01/2024 20:15;29/01/2024 20:30;82;kWh;-21682;249;0;0;21931;-21433
29/01/2024 20:30;29/01/2024 20:45;83;kWh;-31948;249;0;0;32197;-31699
29/01/2024 20:45;29/01/2024 21:00;84;kWh;-51524;249;0;0;51773;-51275
29/01/2024 21:00;29/01/2024 21:15;85;kWh;-28246;249;0;0;28495;-27997
29/01/2024 21:15;29/01/2024 21:30;86;kWh;-50861;249;0;0;51110;-50612
29/01/2024 21:30;29/01/2024 21:45;87;kWh;-33613;249;0;0;33862;-33364
29/01/2024 21:45;29/01/2024 22:00;88;kWh;-20241;249;0;0;20490;-19992
29/01/2024 22:00;29/01/2024 22:15;89;kWh;-6621;249;0;0;6870;-6372
29/01/2024 22:15;29/01/2024 22:30;90;kWh;-17185;249;0;0;17434;-16936
29/01/2024 22:30;29/01/2024 22:45;91;kWh;-7428;249;0;0;7677;-7179
29/01/2024 22:45;29/01/2024 23:00;92;kWh;-7445;249;0;0;7694;-7196
29/01/2024 23:00;29/01/2024 23:15;93;kWh;-18464;249;0;0;18713;-18215
29/01/2024 23:15;29/01/2024 23:30;94;kWh;-33442;249;0;0;33691;-33193
29/01/2024 23:30;29/01/2024 23:45;95;kWh;-29172;249;0;0;29421;-28923
29/01/2024 23:45;30/01/2024 00:00;96;kWh;-43174;249;0;0;43423;-42925
30/01/2024 00:00;30/01/2024 00:15;1;kWh;-22586;0;0;0;22586;-22586
30/01/2024 00:15;30/01/2024 00:30;2;kWh;-14458;0;0;0;14458;-14458
30/01/2024 00:30;30/01/2024 00:45;3;kWh;-30152;0;0;0;30152;-30152
30/01/2024 00:45;30/01/2024 01:00;4;kWh;-39974;0;0;0;39974;-39974
30/01/2024 01:00;30/01/2024 01:15;5;kWh;-8330;10147;0;0;18477;1817
30/01/2024 01:15;30/01/2024 01:30;6;kWh;0;24937;0;0;24937;24937
30/01/2024 01:30;30/01/2024 01:45;7;kWh;0;5857;0;0;5857;5857
30/01/2024 01:45;30/01/2024 02:00;8;kWh;0;199;0;0;199;199
30/01/2024 02:00;30/01/2024 02:15;9;kWh;0;24966;0;0;24966;24966
30/01/2024 02:15;30/01/2024 02:30;10;kWh;0;11122;0;0;11122;11122
30/01/2024 02:30;30/01/2024 02:45;11;kWh;0;1399;0;0;1399;1399
30/01/2024 02:45;30/01/2024 03:00;12;kWh;0;3329;0;0;3329;3329
30/01/2024 03:00;30/01/2024 03:15;13;kWh;0;31140;0;0;31140;31140
30/01/2024 03:15;30/01/2024 03:30;14;kWh;0;39281;0;0;39281;39281
30/01/2024 03:30;30/01/2024 03:45;15;kWh;0;40697;0;0;40697;40697
30/01/2024 03:45;30/01/2024 04:00;16;kWh;0;12801;0;0;12801;12801
30/01/2024 04:00;30/01/2024 04:15;17;kWh;-15554;150;0;0;15704;-15404
30/01/2024 04:15;30/01/2024 04:30;18;kWh;-38460;0;0;0;38460;-38460
30/01/2024 04:30;30/01/2024 04:45;19;kWh;-60308;0;0;0;60308;-60308
30/01/2024 04:45;30/01/2024 05:00;20;kWh;-74734;0;0;0;74734;-74734
30/01/2024 05:00;30/01/2024 05:15;21;kWh;-48281;0;0;0;48281;-48281
30/01/2024 05:15;30/01/2024 05:30;22;kWh;-24360;0;0;0;24360;-24360
30/01/2024 05:30;30/01/2024 05:45;23;kWh;-4484;0;0;0;4484;-4484
30/01/2024 05:45;30/01/2024 06:00;24;kWh;-4454;0;0;0;4454;-4454
30/01/2024 06:00;30/01/2024 06:15;25;kWh;-25475;0;0;0;25475;-25475
30/01/2024 06:15;30/01/2024 06:30;26;kWh;-47;1553;0;0;1600;1506
30/01/2024 06:30;30/01/2024 06:45;27;kWh;0;8325;0;0;8325;8325
30/01/2024 06:45;30/01/2024 07:00;28;kWh;0;55055;0;0;55055;55055
30/01/2024 07:00;30/01/2024 07:15;29;kWh;-3004;4307;0;0;7311;1303
30/01/2024 07:15;30/01/2024 07:30;30;kWh;-8040;0;0;0;8040;-8040
30/01/2024 07:30;30/01/2024 07:45;31;kWh;-721;524;0;0;1245;-197
30/01/2024 07:45;30/01/2024 08:00;32;kWh;0;5184;0;0;5184;5184
30/01/2024 08:00;30/01/2024 08:15;33;kWh;0;120;0;0;120;120
30/01/2024 08:15;30/01/2024 08:30;34;kWh;-950;0;0;0;950;-950
30/01/2024 08:30;30/01/2024 08:45;35;kWh;-2930;0;0;0;2930;-2930
30/01/2024 08:45;30/01/2024 09:00;36;kWh;-6383;0;0;0;6383;-6383
30/01/2024 09:00;30/01/2024 09:15;37;kWh;-2186;4696;0;0;6882;2510
30/01/2024 09:15;30/01/2024 09:30;38;kWh;0;831;0;0;831;831
30/01/2024 09:30;30/01/2024 09:45;39;kWh;0;484;0;0;484;484
30/01/2024 09:45;30/01/2024 10:00;40;kWh;0;1207;0;0;1207;1207
30/01/2024 10:00;30/01/2024 10:15;41;kWh;0;27107;0;0;27107;27107
30/01/2024 10:15;30/01/2024 10:30;42;kWh;0;9841;0;0;9841;9841
30/01/2024 10:30;30/01/2024 10:45;43;kWh;0;0;0;0;0;0
30/01/2024 10:45;30/01/2024 11:00;44;kWh;0;0;0;0;0;0
30/01/2024 11:00;30/01/2024 11:15;45;kWh;-5065;0;0;0;5065;-5065
30/01/2024 11:15;30/01/2024 11:30;46;kWh;-6879;0;0;0;6879;-6879
30/01/2024 11:30;30/01/2024 11:45;47;kWh;-16;0;0;0;16;-16
30/01/2024 11:45;30/01/2024 12:00;48;kWh;0;0;0;0;0;0
30/01/2024 12:00;30/01/2024 12:15;49;kWh;-2077;109;0;0;2186;-1968
30/01/2024 12:15;30/01/2024 12:30;50;kWh;0;10285;0;0;10285;10285
30/01/2024 12:30;30/01/2024 12:45;51;kWh;0;0;0;0;0;0
30/01/2024 12:45;30/01/2024 13:00;52;kWh;-106;0;0;0;106;-106
30/01/2024 13:00;30/01/2024 13:15;53;kWh;-8421;0;0;0;8421;-8421
30/01/2024 13:15;30/01/2024 13:30;54;kWh;-6198;0;0;0;6198;-6198
30/01/2024 13:30;30/01/2024 13:45;55;kWh;-31014;0;0;0;31014;-31014
30/01/2024 13:45;30/01/2024 14:00;56;kWh;-32516;0;0;0;32516;-32516
30/01/2024 14:00;30/01/2024 14:15;57;kWh;-69634;0;0;0;69634;-69634
30/01/2024 14:15;30/01/2024 14:30;58;kWh;-29346;0;0;0;29346;-29346
30/01/2024 14:30;30/01/2024 14:45;59;kWh;-357;121;0;0;478;-236
30/01/2024 14:45;30/01/2024 15:00;60;kWh;0;11700;0;0;11700;11700
30/01/2024 15:00;30/01/2024 15:15;61;kWh;-2132;1604;0;0;3736;-528
30/01/2024 15:15;30/01/2024 15:30;62;kWh;-63;3035;0;0;3098;2972
30/01/2024 15:30;30/01/2024 15:45;63;kWh;0;41900;0;0;41900;41900
30/01/2024 15:45;30/01/2024 16:00;64;kWh;0;3254;0;0;3254;3254
30/01/2024 16:00;30/01/2024 16:15;65;kWh;-11272;16;0;0;11288;-11256
30/01/2024 16:15;30/01/2024 16:30;66;kWh;-3725;0;0;0;3725;-3725
30/01/2024 16:30;30/01/2024 16:45;67;kWh;-1457;0;0;0;1457;-1457
30/01/2024 16:45;30/01/2024 17:00;68;kWh;-2408;3419;0;0;5827;1011
30/01/2024 17:00;30/01/2024 17:15;69;kWh;-16451;198;0;0;16649;-16253
30/01/2024 17:15;30/01/2024 17:30;70;kWh;-11603;0;0;0;11603;-11603
30/01/2024 17:30;30/01/2024 17:45;71;kWh;-1067;584;0;0;1651;-483
30/01/2024 17:45;30/01/2024 18:00;72;kWh;0;14356;0;0;14356;14356
30/01/2024 18:00;30/01/2024 18:15;73;kWh;0;8694;0;0;8694;8694
30/01/2024 18:15;30/01/2024 18:30;74;kWh;0;13103;0;0;13103;13103
30/01/2024 18:30;30/01/2024 18:45;75;kWh;0;5567;0;0;5567;5567
30/01/2024 18:45;30/01/2024 19:00;76;kWh;0;22701;0;0;22701;22701
30/01/2024 19:00;30/01/2024 19:15;77;kWh;0;30846;0;0;30846;30846
30/01/2024 19:15;30/01/2024 19:30;78;kWh;0;4268;0;0;4268;4268
30/01/2024 19:30;30/01/2024 19:45;79;kWh;0;8906;0;0;8906;8906
30/01/2024 19:45;30/01/2024 20:00;80;kWh;0;2578;0;0;2578;2578
30/01/2024 20:00;30/01/2024 20:15;81;kWh;-2733;0;0;0;2733;-2733
30/01/2024 20:15;30/01/2024 20:30;82;kWh;-1970;0;0;0;1970;-1970
30/01/2024 20:30;30/01/2024 20:45;83;kWh;-2;0;0;0;2;-2
30/01/2024 20:45;30/01/2024 21:00;84;kWh;-1629;0;0;0;1629;-1629
30/01/2024 21:00;30/01/2024 21:15;85;kWh;-1620;0;0;0;1620;-1620
30/01/2024 21:15;30/01/2024 21:30;86;kWh;-604;1303;0;0;1907;699
30/01/2024 21:30;30/01/2024 21:45;87;kWh;0;15672;0;0;15672;15672
30/01/2024 21:45;30/01/2024 22:00;88;kWh;0;96;0;0;96;96
30/01/2024 22:00;30/01/2024 22:15;89;kWh;0;0;0;0;0;0
30/01/2024 22:15;30/01/2024 22:30;90;kWh;0;0;0;0;0;0
30/01/2024 22:30;30/01/2024 22:45;91;kWh;0;1344;0;0;1344;1344
30/01/2024 22:45;30/01/2024 23:00;92;kWh;0;0;0;0;0;0
30/01/2024 23:00;30/01/2024 23:15;93;kWh;0;2451;0;0;2451;2451
30/01/2024 23:15;30/01/2024 23:30;94;kWh;0;1749;0;0;1749;1749
30/01/2024 23:30;30/01/2024 23:45;95;kWh;0;15793;0;0;15793;15793
30/01/2024 23:45;31/01/2024 00:00;96;kWh;0;8;0;0;8;8
31/01/2024 00:00;31/01/2024 00:15;1;kWh;-18;6836;0;0;6854;6818
31/01/2024 00:15;31/01/2024 00:30;2;kWh;0;2039;0;0;2039;2039
31/01/2024 00:30;31/01/2024 00:45;3;kWh;-3335;0;0;0;3335;-3335
31/01/2024 00:45;31/01/2024 01:00;4;kWh;-27789;0;0;0;27789;-27789
31/01/2024 01:00;31/01/2024 01:15;5;kWh;-48286;0;0;0;48286;-48286
31/01/2024 01:15;31/01/2024 01:30;6;kWh;-64315;0;0;0;64315;-64315
31/01/2024 01:30;31/01/2024 01:45;7;kWh;-45295;0;0;0;45295;-45295
31/01/2024 01:45;31/01/2024 02:00;8;kWh;-28315;0;0;0;28315;-28315
31/01/2024 02:00;31/01/2024 02:15;9;kWh;-13190;1899;0;0;15089;-11291
31/01/2024 02:15;31/01/2024 02:30;10;kWh;0;2217;0;0;2217;2217
31/01/2024 02:30;31/01/2024 02:45;11;kWh;0;47;0;0;47;47
31/01/2024 02:45;31/01/2024 03:00;12;kWh;0;854;0;0;854;854
31/01/2024 03:00;31/01/2024 03:15;13;kWh;0;4084;0;0;4084;4084
31/01/2024 03:15;31/01/2024 03:30;14;kWh;0;3399;0;0;3399;3399
31/01/2024 03:30;31/01/2024 03:45;15;kWh;0;18301;0;0;18301;18301
31/01/2024 03:45;31/01/2024 04:00;16;kWh;0;14831;0;0;14831;14831
31/01/2024 04:00;31/01/2024 04:15;17;kWh;-12811;367;0;0;13178;-12444
31/01/2024 04:15;31/01/2024 04:30;18;kWh;-14888;0;0;0;14888;-14888
31/01/2024 04:30;31/01/2024 04:45;19;kWh;-25948;0;0;0;25948;-25948
31/01/2024 04:45;31/01/2024 05:00;20;kWh;-38320;0;0;0;38320;-38320
31/01/2024 05:00;31/01/2024 05:15;21;kWh;-39467;0;0;0;39467;-39467
31/01/2024 05:15;31/01/2024 05:30;22;kWh;-5078;0;0;0;5078;-5078
31/01/2024 05:30;31/01/2024 05:45;23;kWh;-21;0;0;0;21;-21
31/01/2024 05:45;31/01/2024 06:00;24;kWh;-169;0;0;0;169;-169
31/01/2024 06:00;31/01/2024 06:15;25;kWh;-860;0;0;0;860;-860
31/01/2024 06:15;31/01/2024 06:30;26;kWh;-4473;0;0;0;4473;-4473
31/01/2024 06:30;31/01/2024 06:45;27;kWh;-7611;0;0;0;7611;-7611
31/01/2024 06:45;31/01/2024 07:00;28;kWh;-15321;0;0;0;15321;-15321
31/01/2024 07:00;31/01/2024 07:15;29;kWh;-46567;0;0;0;46567;-46567
31/01/2024 07:15;31/01/2024 07:30;30;kWh;-64209;0;0;0;64209;-64209
31/01/2024 07:30;31/01/2024 07:45;31;kWh;-9984;0;0;0;9984;-9984
31/01/2024 07:45;31/01/2024 08:00;32;kWh;0;6580;0;0;6580;6580
31/01/2024 08:00;31/01/2024 08:15;33;kWh;0;40549;0;0;40549;40549
31/01/2024 08:15;31/01/2024 08:30;34;kWh;0;41132;0;0;41132;41132
31/01/2024 08:30;31/01/2024 08:45;35;kWh;0;68094;0;0;68094;68094
31/01/2024 08:45;31/01/2024 09:00;36;kWh;0;77443;0;0;77443;77443
31/01/2024 09:00;31/01/2024 09:15;37;kWh;0;37427;0;0;37427;37427
31/01/2024 09:15;31/01/2024 09:30;38;kWh;0;18261;0;0;18261;18261
31/01/2024 09:30;31/01/2024 09:45;39;kWh;0;34390;0;0;34390;34390
31/01/2024 09:45;31/01/2024 10:00;40;kWh;0;21406;0;0;21406;21406
31/01/2024 10:00;31/01/2024 10:15;41;kWh;0;8316;0;0;8316;8316
31/01/2024 10:15;31/01/2024 10:30;42;kWh;-10;32990;0;0;33000;32980
31/01/2024 10:30;31/01/2024 10:45;43;kWh;-334;1169;0;0;1503;835
31/01/2024 10:45;31/01/2024 11:00;44;kWh;0;50892;0;0;50892;50892
31/01/2024 11:00;31/01/2024 11:15;45;kWh;0;10199;0;0;10199;10199
31/01/2024 11:15;31/01/2024 11:30;46;kWh;0;52399;0;0;52399;52399
31/01/2024 11:30;31/01/2024 11:45;47;kWh;0;64135;0;0;64135;64135
31/01/2024 11:45;31/01/2024 12:00;48;kWh;0;66613;0;0;66613;66613
31/01/2024 12:00;31/01/2024 12:15;49;kWh;0;18070;0;0;18070;18070
31/01/2024 12:15;31/01/2024 12:30;50;kWh;0;55046;0;0;55046;55046
31/01/2024 12:30;31/01/2024 12:45;51;kWh;0;19653;0;0;19653;19653
31/01/2024 12:45;31/01/2024 13:00;52;kWh;-123;7;0;0;130;-116
31/01/2024 13:00;31/01/2024 13:15;53;kWh;-842;0;0;0;842;-842
31/01/2024 13:15;31/01/2024 13:30;54;kWh;-486;0;0;0;486;-486
31/01/2024 13:30;31/01/2024 13:45;55;kWh;-45;0;0;0;45;-45
31/01/2024 13:45;31/01/2024 14:00;56;kWh;-14813;0;0;0;14813;-14813
31/01/2024 14:00;31/01/2024 14:15;57;kWh;-2632;0;0;0;2632;-2632
31/01/2024 14:15;31/01/2024 14:30;58;kWh;0;0;0;0;0;0
31/01/2024 14:30;31/01/2024 14:45;59;kWh;0;0;0;0;0;0
31/01/2024 14:45;31/01/2024 15:00;60;kWh;-2844;0;0;0;2844;-2844
31/01/2024 15:00;31/01/2024 15:15;61;kWh;-654;0;0;0;654;-654
31/01/2024 15:15;31/01/2024 15:30;62;kWh;0;0;0;0;0;0
31/01/2024 15:30;31/01/2024 15:45;63;kWh;0;9;0;0;9;9
31/01/2024 15:45;31/01/2024 16:00;64;kWh;0;3231;0;0;3231;3231
31/01/2024 16:00;31/01/2024 16:15;65;kWh;0;5775;0;0;5775;5775
31/01/2024 16:15;31/01/2024 16:30;66;kWh;0;16804;0;0;16804;16804
31/01/2024 16:30;31/01/2024 16:45;67;kWh;0;8575;0;0;8575;8575
31/01/2024 16:45;31/01/2024 17:00;68;kWh;0;0;0;0;0;0
31/01/2024 17:00;31/01/2024 17:15;69;kWh;-4004;0;0;0;4004;-4004
31/01/2024 17:15;31/01/2024 17:30;70;kWh;-828;0;0;0;828;-828
31/01/2024 17:30;31/01/2024 17:45;71;kWh;0;0;0;0;0;0
31/01/2024 17:45;31/01/2024 18:00;72;kWh;0;0;0;0;0;0
31/01/2024 18:00;31/01/2024 18:15;73;kWh;0;2382;0;0;2382;2382
31/01/2024 18:15;31/01/2024 18:30;74;kWh;0;22916;0;0;22916;22916
31/01/2024 18:30;31/01/2024 18:45;75;kWh;-811;6074;0;0;6885;5263
31/01/2024 18:45;31/01/2024 19:00;76;kWh;-2569;0;0;0;2569;-2569
31/01/2024 19:00;31/01/2024 19:15;77;kWh;-1118;5364;0;0;6482;4246
31/01/2024 19:15;31/01/2024 19:30;78;kWh;0;7600;0;0;7600;7600
31/01/2024 19:30;31/01/2024 19:45;79;kWh;-173;1879;0;0;2052;1706
31/01/2024 19:45;31/01/2024 20:00;80;kWh;-485;0;0;0;485;-485
31/01/2024 20:00;31/01/2024 20:15;81;kWh;0;24808;0;0;24808;24808
31/01/2024 20:15;31/01/2024 20:30;82;kWh;0;28107;0;0;28107;28107
31/01/2024 20:30;31/01/2024 20:45;83;kWh;0;3428;0;0;3428;3428
31/01/2024 20:45;31/01/2024 21:00;84;kWh;-3;0;0;0;3;-3
31/01/2024 21:00;31/01/2024 21:15;85;kWh;-734;2046;0;0;2780;1312
31/01/2024 21:15;31/01/2024 21:30;86;kWh;0;13244;0;0;13244;13244
31/01/2024 21:30;31/01/2024 21:45;87;kWh;-342;15;0;0;357;-327
31/01/2024 21:45;31/01/2024 22:00;88;kWh;-6891;0;0;0;6891;-6891
31/01/2024 22:00;31/01/2024 22:15;89;kWh;-1013;1835;0;0;2848;822
31/01/2024 22:15;31/01/2024 22:30;90;kWh;0;626;0;0;626;626
31/01/2024 22:30;31/01/2024 22:45;91;kWh;-8097;0;0;0;8097;-8097
31/01/2024 22:45;31/01/2024 23:00;92;kWh;-16588;0;0;0;16588;-16588
31/01/2024 23:00;31/01/2024 23:15;93;kWh;-5487;8416;0;0;13903;2929
31/01/2024 23:15;31/01/2024 23:30;94;kWh;0;1939;0;0;1939;1939
31/01/2024 23:30;31/01/2024 23:45;95;kWh;0;0;0;0;0;0
31/01/2024 23:45;01/02/2024 00:00;96;kWh;-24;0;0;0;24;-24
01/02/2024 00:00;01/02/2024 00:15;1;kWh;-297;29180;0;0;29477;28883
01/02/2024 00:15;01/02/2024 00:30;2;kWh;0;44356;0;0;44356;44356
01/02/2024 00:30;01/02/2024 00:45;3;kWh;-1968;0;0;0;1968;-1968
01/02/2024 00:45;01/02/2024 01:00;4;kWh;-2;0;0;0;2;-2
01/02/2024 01:00;01/02/2024 01:15;5;kWh;-1190;0;0;0;1190;-1190
01/02/2024 01:15;01/02/2024 01:30;6;kWh;-551;0;0;0;551;-551
01/02/2024 01:30;01/02/2024 01:45;7;kWh;-2160;0;0;0;2160;-2160
01/02/2024 01:45;01/02/2024 02:00;8;kWh;-3059;0;0;0;3059;-3059
01/02/2024 02:00;01/02/2024 02:15;9;kWh;-6268;0;0;0;6268;-6268
01/02/2024 02:15;01/02/2024 02:30;10;kWh;-2402;0;0;0;2402;-2402
01/02/2024 02:30;01/02/2024 02:45;11;kWh;-9144;0;0;0;9144;-9144
01/02/2024 02:45;01/02/2024 03:00;12;kWh;-5637;0;0;0;5637;-5637
01/02/2024 03:00;01/02/2024 03:15;13;kWh;-5894;0;0;0;5894;-5894
01/02/2024 03:15;01/02/2024 03:30;14;kWh;-2638;4411;0;0;7049;1773
01/02/2024 03:30;01/02/2024 03:45;15;kWh;-1788;347;0;0;2135;-1441
01/02/2024 03:45;01/02/2024 04:00;16;kWh;-40;2104;0;0;2144;2064
01/02/2024 04:00;01/02/2024 04:15;17;kWh;0;2451;0;0;2451;2451
01/02/2024 04:15;01/02/2024 04:30;18;kWh;0;22343;0;0;22343;22343
01/02/2024 04:30;01/02/2024 04:45;19;kWh;0;1506;0;0;1506;1506
01/02/2024 04:45;01/02/2024 05:00;20;kWh;-43;0;0;0;43;-43
01/02/2024 05:00;01/02/2024 05:15;21;kWh;-13396;0;0;0;13396;-13396
01/02/2024 05:15;01/02/2024 05:30;22;kWh;-7060;0;0;0;7060;-7060
01/02/2024 05:30;01/02/2024 05:45;23;kWh;0;2254;0;0;2254;2254
01/02/2024 05:45;01/02/2024 06:00;24;kWh;0;33024;0;0;33024;33024
01/02/2024 06:00;01/02/2024 06:15;25;kWh;0;19553;0;0;19553;19553
01/02/2024 06:15;01/02/2024 06:30;26;kWh;0;2263;0;0;2263;2263
01/02/2024 06:30;01/02/2024 06:45;27;kWh;0;1113;0;0;1113;1113
01/02/2024 06:45;01/02/2024 07:00;28;kWh;-3115;978;0;0;4093;-2137
01/02/2024 07:00;01/02/2024 07:15;29;kWh;-18891;3005;0;0;21896;-15886
01/02/2024 07:15;01/02/2024 07:30;30;kWh;-630;204;0;0;834;-426
01/02/2024 07:30;01/02/2024 07:45;31;kWh;0;8918;0;0;8918;8918
01/02/2024 07:45;01/02/2024 08:00;32;kWh;-117;3427;0;0;3544;3310
01/02/2024 08:00;01/02/2024 08:15;33;kWh;-15952;0;0;0;15952;-15952
01/02/2024 08:15;01/02/2024 08:30;34;kWh;-9804;0;0;0;9804;-9804
01/02/2024 08:30;01/02/2024 08:45;35;kWh;-1483;0;0;0;1483;-1483
01/02/2024 08:45;01/02/2024 09:00;36;kWh;-1261;98;0;0;1359;-1163
01/02/2024 09:00;01/02/2024 09:15;37;kWh;0;12233;0;0;12233;12233
01/02/2024 09:15;01/02/2024 09:30;38;kWh;0;7490;0;0;7490;7490
01/02/2024 09:30;01/02/2024 09:45;39;kWh;-1880;430;0;0;2310;-1450
01/02/2024 09:45;01/02/2024 10:00;40;kWh;-12977;0;0;0;12977;-12977
01/02/2024 10:00;01/02/2024 10:15;41;kWh;-6228;0;0;0;6228;-6228
01/02/2024 10:15;01/02/2024 10:30;42;kWh;-11941;0;0;0;11941;-11941
01/02/2024 10:30;01/02/2024 10:45;43;kWh;-14804;0;0;0;14804;-14804
01/02/2024 10:45;01/02/2024 11:00;44;kWh;-14742;0;0;0;14742;-14742
01/02/2024 11:00;01/02/2024 11:15;45;kWh;-1838;0;0;0;1838;-1838
01/02/2024 11:15;01/02/2024 11:30;46;kWh;-2948;1905;0;0;4853;-1043
01/02/2024 11:30;01/02/2024 11:45;47;kWh;-3602;0;0;0;3602;-3602
01/02/2024 11:45;01/02/2024 12:00;48;kWh;-1278;0;0;0;1278;-1278
01/02/2024 12:00;01/02/2024 12:15;49;kWh;-650;1667;0;0;2317;1017
01/02/2024 12:15;01/02/2024 12:30;50;kWh;-2489;9367;0;0;11856;6878
01/02/2024 12:30;01/02/2024 12:45;51;kWh;0;27;0;0;27;27
01/02/2024 12:45;01/02/2024 13:00;52;kWh;0;0;0;0;0;0
01/02/2024 13:00;01/02/2024 13:15;53;kWh;-4655;0;0;0;4655;-4655
01/02/2024 13:15;01/02/2024 13:30;54;kWh;0;0;0;0;0;0
01/02/2024 13:30;01/02/2024 13:45;55;kWh;0;347;0;0;347;347
01/02/2024 13:45;01/02/2024 14:00;56;kWh;0;0;0;0;0;0
01/02/2024 14:00;01/02/2024 14:15;57;kWh;-5528;157;0;0;5685;-5371
01/02/2024 14:15;01/02/2024 14:30;58;kWh;0;1670;0;0;1670;1670
01/02/2024 14:30;01/02/2024 14:45;59;kWh;0;0;0;0;0;0
01/02/2024 14:45;01/02/2024 15:00;60;kWh;0;0;0;0;0;0
01/02/2024 15:00;01/02/2024 15:15;61;kWh;-10846;355;0;0;11201;-10491
01/02/2024 15:15;01/02/2024 15:30;62;kWh;0;0;0;0;0;0
01/02/2024 15:30;01/02/2024 15:45;63;kWh;0;0;0;0;0;0
01/02/2024 15:45;01/02/2024 16:00;64;kWh;-1643;2943;0;0;4586;1300
01/02/2024 16:00;01/02/2024 16:15;65;kWh;-1749;14166;0;0;15915;12417
01/02/2024 16:15;01/02/2024 16:30;66;kWh;-3097;0;0;0;3097;-3097
01/02/2024 16:30;01/02/2024 16:45;67;kWh;-7763;0;0;0;7763;-7763
01/02/2024 16:45;01/02/2024 17:00;68;kWh;-791;0;0;0;791;-791
01/02/2024 17:00;01/02/2024 17:15;69;kWh;0;183;0;0;183;183
01/02/2024 17:15;01/02/2024 17:30;70;kWh;0;3101;0;0;3101;3101
01/02/2024 17:30;01/02/2024 17:45;71;kWh;0;49118;0;0;49118;49118
01/02/2024 17:45;01/02/2024 18:00;72;kWh;0;65059;0;0;65059;65059
01/02/2024 18:00;01/02/2024 18:15;73;kWh;0;24184;0;0;24184;24184
01/02/2024 18:15;01/02/2024 18:30;74;kWh;0;0;0;0;0;0
01/02/2024 18:30;01/02/2024 18:45;75;kWh;0;0;0;0;0;0
01/02/2024 18:45;01/02/2024 19:00;76;kWh;0;4;0;0;4;4
01/02/2024 19:00;01/02/2024 19:15;77;kWh;0;17066;0;0;17066;17066
01/02/2024 19:15;01/02/2024 19:30;78;kWh;0;31642;0;0;31642;31642
01/02/2024 19:30;01/02/2024 19:45;79;kWh;0;2956;0;0;2956;2956
01/02/2024 19:45;01/02/2024 20:00;80;kWh;0;57;0;0;57;57
01/02/2024 20:00;01/02/2024 20:15;81;kWh;0;0;0;0;0;0
01/02/2024 20:15;01/02/2024 20:30;82;kWh;-3568;0;0;0;3568;-3568
01/02/2024 20:30;01/02/2024 20:45;83;kWh;-21871;0;0;0;21871;-21871
01/02/2024 20:45;01/02/2024 21:00;84;kWh;-29539;0;0;0;29539;-29539
01/02/2024 21:00;01/02/2024 21:15;85;kWh;-20076;0;0;0;20076;-20076
01/02/2024 21:15;01/02/2024 21:30;86;kWh;-4;104;0;0;108;100
01/02/2024 21:30;01/02/2024 21:45;87;kWh;0;4567;0;0;4567;4567
01/02/2024 21:45;01/02/2024 22:00;88;kWh;0;12134;0;0;12134;12134
01/02/2024 22:00;01/02/2024 22:15;89;kWh;0;105;0;0;105;105
01/02/2024 22:15;01/02/2024 22:30;90;kWh;0;868;0;0;868;868
01/02/2024 22:30;01/02/2024 22:45;91;kWh;-1326;0;0;0;1326;-1326
01/02/2024 22:45;01/02/2024 23:00;92;kWh;-2266;0;0;0;2266;-2266
01/02/2024 23:00;01/02/2024 23:15;93;kWh;-11163;0;0;0;11163;-11163
01/02/2024 23:15;01/02/2024 23:30;94;kWh;-146;49;0;0;195;-97
01/02/2024 23:30;01/02/2024 23:45;95;kWh;-2074;0;0;0;2074;-2074
01/02/2024 23:45;02/02/2024 00:00;96;kWh;-3250;0;0;0;3250;-3250
02/02/2024 00:00;02/02/2024 00:15;1;kWh;-2167;1003;0;0;3170;-1164
02/02/2024 00:15;02/02/2024 00:30;2;kWh;-6047;0;0;0;6047;-6047
02/02/2024 00:30;02/02/2024 00:45;3;kWh;-5185;0;0;0;5185;-5185
02/02/2024 00:45;02/02/2024 01:00;4;kWh;-3985;0;0;0;3985;-3985
02/02/2024 01:00;02/02/2024 01:15;5;kWh;-58;8478;0;0;8536;8420
02/02/2024 01:15;02/02/2024 01:30;6;kWh;0;2472;0;0;2472;2472
02/02/2024 01:30;02/02/2024 01:45;7;kWh;-11;0;0;0;11;-11
02/02/2024 01:45;02/02/2024 02:00;8;kWh;-8486;0;0;0;8486;-8486
02/02/2024 02:00;02/02/2024 02:15;9;kWh;-2557;3098;0;0;5655;541
02/02/2024 02:15;02/02/2024 02:30;10;kWh;-1531;44;0;0;1575;-1487
02/02/2024 02:30;02/02/2024 02:45;11;kWh;-1568;0;0;0;1568;-1568
02/02/2024 02:45;02/02/2024 03:00;12;kWh;-2977;0;0;0;2977;-2977
02/02/2024 03:00;02/02/2024 03:15;13;kWh;0;0;0;0;0;0
02/02/2024 03:15;02/02/2024 03:30;14;kWh;0;0;0;0;0;0
02/02/2024 03:30;02/02/2024 03:45;15;kWh;-785;0;0;0;785;-785
02/02/2024 03:45;02/02/2024 04:00;16;kWh;-5488;0;0;0;5488;-5488
02/02/2024 04:00;02/02/2024 04:15;17;kWh;-6;3614;0;0;3620;3608
02/02/2024 04:15;02/02/2024 04:30;18;kWh;0;120;0;0;120;120
02/02/2024 04:30;02/02/2024 04:45;19;kWh;0;1243;0;0;1243;1243
02/02/2024 04:45;02/02/2024 05:00;20;kWh;0;803;0;0;803;803
02/02/2024 05:00;02/02/2024 05:15;21;kWh;-1278;54;0;0;1332;-1224
02/02/2024 05:15;02/02/2024 05:30;22;kWh;0;925;0;0;925;925
02/02/2024 05:30;02/02/2024 05:45;23;kWh;0;5417;0;0;5417;5417
02/02/2024 05:45;02/02/2024 06:00;24;kWh;-46;8561;0;0;8607;8515
02/02/2024 06:00;02/02/2024 06:15;25;kWh;-3981;0;0;0;3981;-3981
02/02/2024 06:15;02/02/2024 06:30;26;kWh;0;0;0;0;0;0
02/02/2024 06:30;02/02/2024 06:45;27;kWh;0;0;0;0;0;0
02/02/2024 06:45;02/02/2024 07:00;28;kWh;-251;0;0;0;251;-251
02/02/2024 07:00;02/02/2024 07:15;29;kWh;-14799;0;0;0;14799;-14799
02/02/2024 07:15;02/02/2024 07:30;30;kWh;-5552;0;0;0;5552;-5552
02/02/2024 07:30;02/02/2024 07:45;31;kWh;-6314;14;0;0;6328;-6300
02/02/2024 07:45;02/02/2024 08:00;32;kWh;0;97;0;0;97;97
02/02/2024 08:00;02/02/2024 08:15;33;kWh;0;305;0;0;305;305
02/02/2024 08:15;02/02/2024 08:30;34;kWh;0;886;0;0;886;886
02/02/2024 08:30;02/02/2024 08:45;35;kWh;-2208;0;0;0;2208;-2208
02/02/2024 08:45;02/02/2024 09:00;36;kWh;-2551;0;0;0;2551;-2551
02/02/2024 09:00;02/02/2024 09:15;37;kWh;-1223;467;0;0;1690;-756
02/02/2024 09:15;02/02/2024 09:30;38;kWh;-2296;5217;0;0;7513;2921
02/02/2024 09:30;02/02/2024 09:45;39;kWh;-3645;0;0;0;3645;-3645
02/02/2024 09:45;02/02/2024 10:00;40;kWh;-4995;652;0;0;5647;-4343
02/02/2024 10:00;02/02/2024 10:15;41;kWh;-2679;580;0;0;3259;-2099
02/02/2024 10:15;02/02/2024 10:30;42;kWh;-12;6721;0;0;6733;6709
02/02/2024 10:30;02/02/2024 10:45;43;kWh;-2281;0;0;0;2281;-2281
02/02/2024 10:45;02/02/2024 11:00;44;kWh;-8975;0;0;0;8975;-8975
02/02/2024 11:00;02/02/2024 11:15;45;kWh;-9504;0;0;0;9504;-9504
02/02/2024 11:15;02/02/2024 11:30;46;kWh;-5690;927;0;0;6617;-4763
02/02/2024 11:30;02/02/2024 11:45;47;kWh;-2106;849;0;0;2955;-1257
02/02/2024 11:45;02/02/2024 12:00;48;kWh;-2389;0;0;0;2389;-2389
02/02/2024 12:00;02/02/2024 12:15;49;kWh;0;785;0;0;785;785
02/02/2024 12:15;02/02/2024 12:30;50;kWh;0;1613;0;0;1613;1613
02/02/2024 12:30;02/02/2024 12:45;51;kWh;0;20798;0;0;20798;20798
02/02/2024 12:45;02/02/2024 13:00;52;kWh;0;1815;0;0;1815;1815
02/02/2024 13:00;02/02/2024 13:15;53;kWh;0;456;0;0;456;456
02/02/2024 13:15;02/02/2024 13:30;54;kWh;0;666;0;0;666;666
02/02/2024 13:30;02/02/2024 13:45;55;kWh;0;0;0;0;0;0
02/02/2024 13:45;02/02/2024 14:00;56;kWh;-745;0;0;0;745;-745
02/02/2024 14:00;02/02/2024 14:15;57;kWh;-7733;0;0;0;7733;-7733
02/02/2024 14:15;02/02/2024 14:30;58;kWh;-5598;0;0;0;5598;-5598
02/02/2024 14:30;02/02/2024 14:45;59;kWh;-4190;60;0;0;4250;-4130
02/02/2024 14:45;02/02/2024 15:00;60;kWh;-3575;316;0;0;3891;-3259
02/02/2024 15:00;02/02/2024 15:15;61;kWh;-7;11;0;0;18;4
02/02/2024 15:15;02/02/2024 15:30;62;kWh;-2773;2153;0;0;4926;-620
02/02/2024 15:30;02/02/2024 15:45;63;kWh;0;2391;0;0;2391;2391
02/02/2024 15:45;02/02/2024 16:00;64;kWh;-6327;300;0;0;6627;-6027
02/02/2024 16:00;02/02/2024 16:15;65;kWh;-927;1280;0;0;2207;353
02/02/2024 16:15;02/02/2024 16:30;66;kWh;-5118;0;0;0;5118;-5118
02/02/2024 16:30;02/02/2024 16:45;67;kWh;-5789;0;0;0;5789;-5789
02/02/2024 16:45;02/02/2024 17:00;68;kWh;-4021;0;0;0;4021;-4021
02/02/2024 17:00;02/02/2024 17:15;69;kWh;-2263;1977;0;0;4240;-286
02/02/2024 17:15;02/02/2024 17:30;70;kWh;0;12780;0;0;12780;12780
02/02/2024 17:30;02/02/2024 17:45;71;kWh;0;16031;0;0;16031;16031
02/02/2024 17:45;02/02/2024 18:00;72;kWh;0;9542;0;0;9542;9542
02/02/2024 18:00;02/02/2024 18:15;73;kWh;0;779;0;0;779;779
02/02/2024 18:15;02/02/2024 18:30;74;kWh;0;0;0;0;0;0
02/02/2024 18:30;02/02/2024 18:45;75;kWh;-3753;0;0;0;3753;-3753
02/02/2024 18:45;02/02/2024 19:00;76;kWh;-5044;0;0;0;5044;-5044
02/02/2024 19:00;02/02/2024 19:15;77;kWh;-5411;0;0;0;5411;-5411
02/02/2024 19:15;02/02/2024 19:30;78;kWh;-3613;0;0;0;3613;-3613
02/02/2024 19:30;02/02/2024 19:45;79;kWh;-6947;0;0;0;6947;-6947
02/02/2024 19:45;02/02/2024 20:00;80;kWh;-3234;0;0;0;3234;-3234
02/02/2024 20:00;02/02/2024 20:15;81;kWh;-1761;3484;0;0;5245;1723
02/02/2024 20:15;02/02/2024 20:30;82;kWh;-3762;313;0;0;4075;-3449
02/02/2024 20:30;02/02/2024 20:45;83;kWh;-5705;0;0;0;5705;-5705
02/02/2024 20:45;02/02/2024 21:00;84;kWh;-2826;0;0;0;2826;-2826
02/02/2024 21:00;02/02/2024 21:15;85;kWh;-2021;2892;0;0;4913;871
02/02/2024 21:15;02/02/2024 21:30;86;kWh;0;67;0;0;67;67
02/02/2024 21:30;02/02/2024 21:45;87;kWh;-5425;0;0;0;5425;-5425
02/02/2024 21:45;02/02/2024 22:00;88;kWh;-4010;0;0;0;4010;-4010
02/02/2024 22:00;02/02/2024 22:15;89;kWh;-2307;329;0;0;2636;-1978
02/02/2024 22:15;02/02/2024 22:30;90;kWh;0;0;0;0;0;0
02/02/2024 22:30;02/02/2024 22:45;91;kWh;0;5049;0;0;5049;5049
02/02/2024 22:45;02/02/2024 23:00;92;kWh;0;1047;0;0;1047;1047
02/02/2024 23:00;02/02/2024 23:15;93;kWh;0;9526;0;0;9526;9526
02/02/2024 23:15;02/02/2024 23:30;94;kWh;0;11912;0;0;11912;11912
02/02/2024 23:30;02/02/2024 23:45;95;kWh;-2273;0;0;0;2273;-2273
02/02/2024 23:45;03/02/2024 00:00;96;kWh;-2266;0;0;0;2266;-2266
03/02/2024 00:00;03/02/2024 00:15;1;kWh;-29;4211;0;0;4240;4182
03/02/2024 00:15;03/02/2024 00:30;2;kWh;0;1772;0;0;1772;1772
03/02/2024 00:30;03/02/2024 00:45;3;kWh;-949;277;0;0;1226;-672
03/02/2024 00:45;03/02/2024 01:00;4;kWh;-3403;16;0;0;3419;-3387
03/02/2024 01:00;03/02/2024 01:15;5;kWh;-394;0;0;0;394;-394
03/02/2024 01:15;03/02/2024 01:30;6;kWh;-1507;0;0;0;1507;-1507
03/02/2024 01:30;03/02/2024 01:45;7;kWh;-4806;0;0;0;4806;-4806
03/02/2024 01:45;03/02/2024 02:00;8;kWh;-10905;15;0;0;10920;-10890
03/02/2024 02:00;03/02/2024 02:15;9;kWh;-1278;198;0;0;1476;-1080
03/02/2024 02:15;03/02/2024 02:30;10;kWh;-2714;0;0;0;2714;-2714
03/02/2024 02:30;03/02/2024 02:45;11;kWh;-3554;0;0;0;3554;-3554
03/02/2024 02:45;03/02/2024 03:00;12;kWh;-592;0;0;0;592;-592
03/02/2024 03:00;03/02/2024 03:15;13;kWh;0;930;0;0;930;930
03/02/2024 03:15;03/02/2024 03:30;14;kWh;0;515;0;0;515;515
03/02/2024 03:30;03/02/2024 03:45;15;kWh;0;2948;0;0;2948;2948
03/02/2024 03:45;03/02/2024 04:00;16;kWh;0;513;0;0;513;513
03/02/2024 04:00;03/02/2024 04:15;17;kWh;0;0;0;0;0;0
03/02/2024 04:15;03/02/2024 04:30;18;kWh;0;0;0;0;0;0
03/02/2024 04:30;03/02/2024 04:45;19;kWh;0;0;0;0;0;0
03/02/2024 04:45;03/02/2024 05:00;20;kWh;-182;0;0;0;182;-182
03/02/2024 05:00;03/02/2024 05:15;21;kWh;-3471;501;0;0;3972;-2970
03/02/2024 05:15;03/02/2024 05:30;22;kWh;-5501;7;0;0;5508;-5494
03/02/2024 05:30;03/02/2024 05:45;23;kWh;-2647;1370;0;0;4017;-1277
03/02/2024 05:45;03/02/2024 06:00;24;kWh;-3942;1063;0;0;5005;-2879
03/02/2024 06:00;03/02/2024 06:15;25;kWh;-4063;0;0;0;4063;-4063
03/02/2024 06:15;03/02/2024 06:30;26;kWh;-2438;1089;0;0;3527;-1349
03/02/2024 06:30;03/02/2024 06:45;27;kWh;0;1646;0;0;1646;1646
03/02/2024 06:45;03/02/2024 07:00;28;kWh;0;0;0;0;0;0
03/02/2024 07:00;03/02/2024 07:15;29;kWh;-4387;462;0;0;4849;-3925
03/02/2024 07:15;03/02/2024 07:30;30;kWh;-4340;152;0;0;4492;-4188
03/02/2024 07:30;03/02/2024 07:45;31;kWh;-458;47;0;0;505;-411
03/02/2024 07:45;03/02/2024 08:00;32;kWh;-948;0;0;0;948;-948
03/02/2024 08:00;03/02/2024 08:15;33;kWh;-4883;0;0;0;4883;-4883
03/02/2024 08:15;03/02/2024 08:30;34;kWh;-2715;0;0;0;2715;-2715
03/02/2024 08:30;03/02/2024 08:45;35;kWh;0;0;0;0;0;0
03/02/2024 08:45;03/02/2024 09:00;36;kWh;0;31;0;0;31;31
03/02/2024 09:00;03/02/2024 09:15;37;kWh;0;29624;0;0;29624;29624
03/02/2024 09:15;03/02/2024 09:30;38;kWh;0;738;0;0;738;738
03/02/2024 09:30;03/02/2024 09:45;39;kWh;0;0;0;0;0;0
03/02/2024 09:45;03/02/2024 10:00;40;kWh;-119;0;0;0;119;-119
03/02/2024 10:00;03/02/2024 10:15;41;kWh;-484;10839;0;0;11323;10355
03/02/2024 10:15;03/02/2024 10:30;42;kWh;-2223;939;0;0;3162;-1284
03/02/2024 10:30;03/02/2024 10:45;43;kWh;-2389;0;0;0;2389;-2389
03/02/2024 10:45;03/02/2024 11:00;44;kWh;-3065;0;0;0;3065;-3065
03/02/2024 11:00;03/02/2024 11:15;45;kWh;-2313;9;0;0;2322;-2304
03/02/2024 11:15;03/02/2024 11:30;46;kWh;-2500;110;0;0;2610;-2390
03/02/2024 11:30;03/02/2024 11:45;47;kWh;-4302;296;0;0;4598;-4006
03/02/2024 11:45;03/02/2024 12:00;48;kWh;-1205;52;0;0;1257;-1153
03/02/2024 12:00;03/02/2024 12:15;49;kWh;0;27786;0;0;27786;27786
03/02/2024 12:15;03/02/2024 12:30;50;kWh;-17;15254;0;0;15271;15237
03/02/2024 12:30;03/02/2024 12:45;51;kWh;-501;940;0;0;1441;439
03/02/2024 12:45;03/02/2024 13:00;52;kWh;0;1457;0;0;1457;1457
03/02/2024 13:00;03/02/2024 13:15;53;kWh;0;5841;0;0;5841;5841
03/02/2024 13:15;03/02/2024 13:30;54;kWh;0;1688;0;0;1688;1688
03/02/2024 13:30;03/02/2024 13:45;55;kWh;0;0;0;0;0;0
03/02/2024 13:45;03/02/2024 14:00;56;kWh;-3033;0;0;0;3033;-3033
03/02/2024 14:00;03/02/2024 14:15;57;kWh;-7057;0;0;0;7057;-7057
03/02/2024 14:15;03/02/2024 14:30;58;kWh;-2246;0;0;0;2246;-2246
03/02/2024 14:30;03/02/2024 14:45;59;kWh;-1822;0;0;0;1822;-1822
03/02/2024 14:45;03/02/2024 15:00;60;kWh;-2027;0;0;0;2027;-2027
03/02/2024 15:00;03/02/2024 15:15;61;kWh;-9668;0;0;0;9668;-9668
03/02/2024 15:15;03/02/2024 15:30;62;kWh;-5202;0;0;0;5202;-5202
03/02/2024 15:30;03/02/2024 15:45;63;kWh;-3674;0;0;0;3674;-3674
03/02/2024 15:45;03/02/2024 16:00;64;kWh;-345;577;0;0;922;232
03/02/2024 16:00;03/02/2024 16:15;65;kWh;-5096;169;0;0;5265;-4927
03/02/2024 16:15;03/02/2024 16:30;66;kWh;-1793;2247;0;0;4040;454
03/02/2024 16:30;03/02/2024 16:45;67;kWh;0;2369;0;0;2369;2369
03/02/2024 16:45;03/02/2024 17:00;68;kWh;-14;0;0;0;14;-14
03/02/2024 17:00;03/02/2024 17:15;69;kWh;-9635;0;0;0;9635;-9635
03/02/2024 17:15;03/02/2024 17:30;70;kWh;-10014;2595;0;0;12609;-7419
03/02/2024 17:30;03/02/2024 17:45;71;kWh;-6788;3765;0;0;10553;-3023
03/02/2024 17:45;03/02/2024 18:00;72;kWh;0;26671;0;0;26671;26671
03/02/2024 18:00;03/02/2024 18:15;73;kWh;0;15718;0;0;15718;15718
03/02/2024 18:15;03/02/2024 18:30;74;kWh;0;16190;0;0;16190;16190
03/02/2024 18:30;03/02/2024 18:45;75;kWh;0;32049;0;0;32049;32049
03/02/2024 18:45;03/02/2024 19:00;76;kWh;0;28504;0;0;28504;28504
03/02/2024 19:00;03/02/2024 19:15;77;kWh;0;310;0;0;310;310
03/02/2024 19:15;03/02/2024 19:30;78;kWh;0;0;0;0;0;0
03/02/2024 19:30;03/02/2024 19:45;79;kWh;-70;0;0;0;70;-70
03/02/2024 19:45;03/02/2024 20:00;80;kWh;-11438;0;0;0;11438;-11438
03/02/2024 20:00;03/02/2024 20:15;81;kWh;-270;0;0;0;270;-270
03/02/2024 20:15;03/02/2024 20:30;82;kWh;-5;0;0;0;5;-5
03/02/2024 20:30;03/02/2024 20:45;83;kWh;-8541;0;0;0;8541;-8541
03/02/2024 20:45;03/02/2024 21:00;84;kWh;-3822;0;0;0;3822;-3822
03/02/2024 21:00;03/02/2024 21:15;85;kWh;-1771;0;0;0;1771;-1771
03/02/2024 21:15;03/02/2024 21:30;86;kWh;-6509;0;0;0;6509;-6509
03/02/2024 21:30;03/02/2024 21:45;87;kWh;-2246;0;0;0;2246;-2246
03/02/2024 21:45;03/02/2024 22:00;88;kWh;-4316;0;0;0;4316;-4316
03/02/2024 22:00;03/02/2024 22:15;89;kWh;-2482;0;0;0;2482;-2482
03/02/2024 22:15;03/02/2024 22:30;90;kWh;-2542;0;0;0;2542;-2542
03/02/2024 22:30;03/02/2024 22:45;91;kWh;-2126;0;0;0;2126;-2126
03/02/2024 22:45;03/02/2024 23:00;92;kWh;-2666;0;0;0;2666;-2666
03/02/2024 23:00;03/02/2024 23:15;93;kWh;-525;260;0;0;785;-265
03/02/2024 23:15;03/02/2024 23:30;94;kWh;0;0;0;0;0;0
03/02/2024 23:30;03/02/2024 23:45;95;kWh;-1391;0;0;0;1391;-1391
03/02/2024 23:45;04/02/2024 00:00;96;kWh;-2046;0;0;0;2046;-2046
04/02/2024 00:00;04/02/2024 00:15;1;kWh;-4892;1052;0;0;5944;-3840
04/02/2024 00:15;04/02/2024 00:30;2;kWh;-508;93;0;0;601;-415
04/02/2024 00:30;04/02/2024 00:45;3;kWh;-533;0;0;0;533;-533
04/02/2024 00:45;04/02/2024 01:00;4;kWh;-1123;0;0;0;1123;-1123
04/02/2024 01:00;04/02/2024 01:15;5;kWh;0;0;0;0;0;0
04/02/2024 01:15;04/02/2024 01:30;6;kWh;0;0;0;0;0;0
04/02/2024 01:30;04/02/2024 01:45;7;kWh;0;0;0;0;0;0
04/02/2024 01:45;04/02/2024 02:00;8;kWh;-146;0;0;0;146;-146
04/02/2024 02:00;04/02/2024 02:15;9;kWh;-538;0;0;0;538;-538
04/02/2024 02:15;04/02/2024 02:30;10;kWh;0;0;0;0;0;0
04/02/2024 02:30;04/02/2024 02:45;11;kWh;-540;0;0;0;540;-540
04/02/2024 02:45;04/02/2024 03:00;12;kWh;-1618;0;0;0;1618;-1618
04/02/2024 03:00;04/02/2024 03:15;13;kWh;-1841;0;0;0;1841;-1841
04/02/2024 03:15;04/02/2024 03:30;14;kWh;-744;0;0;0;744;-744
04/02/2024 03:30;04/02/2024 03:45;15;kWh;-2593;0;0;0;2593;-2593
04/02/2024 03:45;04/02/2024 04:00;16;kWh;-8739;0;0;0;8739;-8739
04/02/2024 04:00;04/02/2024 04:15;17;kWh;-7269;0;0;0;7269;-7269
04/02/2024 04:15;04/02/2024 04:30;18;kWh;-1497;0;0;0;1497;-1497
04/02/2024 04:30;04/02/2024 04:45;19;kWh;-4776;0;0;0;4776;-4776
04/02/2024 04:45;04/02/2024 05:00;20;kWh;-1771;0;0;0;1771;-1771
04/02/2024 05:00;04/02/2024 05:15;21;kWh;-11638;0;0;0;11638;-11638
04/02/2024 05:15;04/02/2024 05:30;22;kWh;-11484;0;0;0;11484;-11484
04/02/2024 05:30;04/02/2024 05:45;23;kWh;-11769;0;0;0;11769;-11769
04/02/2024 05:45;04/02/2024 06:00;24;kWh;-8884;0;0;0;8884;-8884
04/02/2024 06:00;04/02/2024 06:15;25;kWh;-9155;0;0;0;9155;-9155
04/02/2024 06:15;04/02/2024 06:30;26;kWh;-2680;0;0;0;2680;-2680
04/02/2024 06:30;04/02/2024 06:45;27;kWh;-784;0;0;0;784;-784
04/02/2024 06:45;04/02/2024 07:00;28;kWh;-1371;0;0;0;1371;-1371
04/02/2024 07:00;04/02/2024 07:15;29;kWh;-7576;0;0;0;7576;-7576
04/02/2024 07:15;04/02/2024 07:30;30;kWh;-2801;0;0;0;2801;-2801
04/02/2024 07:30;04/02/2024 07:45;31;kWh;-4682;0;0;0;4682;-4682
04/02/2024 07:45;04/02/2024 08:00;32;kWh;-6879;0;0;0;6879;-6879
04/02/2024 08:00;04/02/2024 08:15;33;kWh;-1185;0;0;0;1185;-1185
04/02/2024 08:15;04/02/2024 08:30;34;kWh;-1052;0;0;0;1052;-1052
04/02/2024 08:30;04/02/2024 08:45;35;kWh;-1025;0;0;0;1025;-1025
04/02/2024 08:45;04/02/2024 09:00;36;kWh;-2129;0;0;0;2129;-2129
04/02/2024 09:00;04/02/2024 09:15;37;kWh;0;495;0;0;495;495
04/02/2024 09:15;04/02/2024 09:30;38;kWh;0;0;0;0;0;0
04/02/2024 09:30;04/02/2024 09:45;39;kWh;0;0;0;0;0;0
04/02/2024 09:45;04/02/2024 10:00;40;kWh;0;0;0;0;0;0
04/02/2024 10:00;04/02/2024 10:15;41;kWh;0;23269;0;0;23269;23269
04/02/2024 10:15;04/02/2024 10:30;42;kWh;0;7404;0;0;7404;7404
04/02/2024 10:30;04/02/2024 10:45;43;kWh;-135;0;0;0;135;-135
04/02/2024 10:45;04/02/2024 11:00;44;kWh;-2465;0;0;0;2465;-2465
04/02/2024 11:00;04/02/2024 11:15;45;kWh;-860;1091;0;0;1951;231
04/02/2024 11:15;04/02/2024 11:30;46;kWh;-2678;168;0;0;2846;-2510
04/02/2024 11:30;04/02/2024 11:45;47;kWh;0;0;0;0;0;0
04/02/2024 11:45;04/02/2024 12:00;48;kWh;0;0;0;0;0;0
04/02/2024 12:00;04/02/2024 12:15;49;kWh;0;4320;0;0;4320;4320
04/02/2024 12:15;04/02/2024 12:30;50;kWh;0;27163;0;0;27163;27163
04/02/2024 12:30;04/02/2024 12:45;51;kWh;0;897;0;0;897;897
04/02/2024 12:45;04/02/2024 13:00;52;kWh;0;0;0;0;0;0
04/02/2024 13:00;04/02/2024 13:15;53;kWh;0;5660;0;0;5660;5660
04/02/2024 13:15;04/02/2024 13:30;54;kWh;-1018;552;0;0;1570;-466
04/02/2024 13:30;04/02/2024 13:45;55;kWh;-1448;0;0;0;1448;-1448
04/02/2024 13:45;04/02/2024 14:00;56;kWh;0;0;0;0;0;0
04/02/2024 14:00;04/02/2024 14:15;57;kWh;0;0;0;0;0;0
04/02/2024 14:15;04/02/2024 14:30;58;kWh;0;6718;0;0;6718;6718
04/02/2024 14:30;04/02/2024 14:45;59;kWh;0;17559;0;0;17559;17559
04/02/2024 14:45;04/02/2024 15:00;60;kWh;0;14900;0;0;14900;14900
04/02/2024 15:00;04/02/2024 15:15;61;kWh;0;435;0;0;435;435
04/02/2024 15:15;04/02/2024 15:30;62;kWh;0;2611;0;0;2611;2611
04/02/2024 15:30;04/02/2024 15:45;63;kWh;0;59;0;0;59;59
04/02/2024 15:45;04/02/2024 16:00;64;kWh;0;330;0;0;330;330
04/02/2024 16:00;04/02/2024 16:15;65;kWh;-6232;0;0;0;6232;-6232
04/02/2024 16:15;04/02/2024 16:30;66;kWh;-1769;0;0;0;1769;-1769
04/02/2024 16:30;04/02/2024 16:45;67;kWh;-290;0;0;0;290;-290
04/02/2024 16:45;04/02/2024 17:00;68;kWh;0;0;0;0;0;0
04/02/2024 17:00;04/02/2024 17:15;69;kWh;-4338;1239;0;0;5577;-3099
04/02/2024 17:15;04/02/2024 17:30;70;kWh;0;953;0;0;953;953
04/02/2024 17:30;04/02/2024 17:45;71;kWh;0;9549;0;0;9549;9549
04/02/2024 17:45;04/02/2024 18:00;72;kWh;0;25345;0;0;25345;25345
04/02/2024 18:00;04/02/2024 18:15;73;kWh;0;9199;0;0;9199;9199
04/02/2024 18:15;04/02/2024 18:30;74;kWh;0;12835;0;0;12835;12835
04/02/2024 18:30;04/02/2024 18:45;75;kWh;0;10356;0;0;10356;10356
04/02/2024 18:45;04/02/2024 19:00;76;kWh;0;7;0;0;7;7
04/02/2024 19:00;04/02/2024 19:15;77;kWh;0;24479;0;0;24479;24479
04/02/2024 19:15;04/02/2024 19:30;78;kWh;0;26291;0;0;26291;26291
04/02/2024 19:30;04/02/2024 19:45;79;kWh;0;994;0;0;994;994
04/02/2024 19:45;04/02/2024 20:00;80;kWh;0;0;0;0;0;0
04/02/2024 20:00;04/02/2024 20:15;81;kWh;0;4359;0;0;4359;4359
04/02/2024 20:15;04/02/2024 20:30;82;kWh;0;0;0;0;0;0
04/02/2024 20:30;04/02/2024 20:45;83;kWh;-1483;612;0;0;2095;-871
04/02/2024 20:45;04/02/2024 21:00;84;kWh;-1116;0;0;0;1116;-1116
04/02/2024 21:00;04/02/2024 21:15;85;kWh;0;2040;0;0;2040;2040
04/02/2024 21:15;04/02/2024 21:30;86;kWh;0;78;0;0;78;78
04/02/2024 21:30;04/02/2024 21:45;87;kWh;0;0;0;0;0;0
04/02/2024 21:45;04/02/2024 22:00;88;kWh;0;0;0;0;0;0
04/02/2024 22:00;04/02/2024 22:15;89;kWh;0;0;0;0;0;0
04/02/2024 22:15;04/02/2024 22:30;90;kWh;0;0;0;0;0;0
04/02/2024 22:30;04/02/2024 22:45;91;kWh;0;0;0;0;0;0
04/02/2024 22:45;04/02/2024 23:00;92;kWh;0;0;0;0;0;0
04/02/2024 23:00;04/02/2024 23:15;93;kWh;0;5690;0;0;5690;5690
04/02/2024 23:15;04/02/2024 23:30;94;kWh;0;0;0;0;0;0
04/02/2024 23:30;04/02/2024 23:45;95;kWh;-1525;0;0;0;1525;-1525
04/02/2024 23:45;05/02/2024 00:00;96;kWh;-1966;0;0;0;1966;-1966
05/02/2024 00:00;05/02/2024 00:15;1;kWh;-8189;727;0;0;8916;-7462
05/02/2024 00:15;05/02/2024 00:30;2;kWh;-2836;0;0;0;2836;-2836
05/02/2024 00:30;05/02/2024 00:45;3;kWh;-864;0;0;0;864;-864
05/02/2024 00:45;05/02/2024 01:00;4;kWh;-649;0;0;0;649;-649
05/02/2024 01:00;05/02/2024 01:15;5;kWh;-4;0;0;0;4;-4
05/02/2024 01:15;05/02/2024 01:30;6;kWh;-1124;0;0;0;1124;-1124
05/02/2024 01:30;05/02/2024 01:45;7;kWh;-1520;0;0;0;1520;-1520
05/02/2024 01:45;05/02/2024 02:00;8;kWh;-1925;0;0;0;1925;-1925
05/02/2024 02:00;05/02/2024 02:15;9;kWh;-1883;0;0;0;1883;-1883
05/02/2024 02:15;05/02/2024 02:30;10;kWh;-1617;0;0;0;1617;-1617
05/02/2024 02:30;05/02/2024 02:45;11;kWh;-940;0;0;0;940;-940
05/02/2024 02:45;05/02/2024 03:00;12;kWh;-728;0;0;0;728;-728
05/02/2024 03:00;05/02/2024 03:15;13;kWh;0;0;0;0;0;0
05/02/2024 03:15;05/02/2024 03:30;14;kWh;0;0;0;0;0;0
05/02/2024 03:30;05/02/2024 03:45;15;kWh;-409;0;0;0;409;-409
05/02/2024 03:45;05/02/2024 04:00;16;kWh;-2402;0;0;0;2402;-2402
05/02/2024 04:00;05/02/2024 04:15;17;kWh;-3744;7760;0;0;11504;4016
05/02/2024 04:15;05/02/2024 04:30;18;kWh;-1362;2;0;0;1364;-1360
05/02/2024 04:30;05/02/2024 04:45;19;kWh;-682;0;0;0;682;-682
05/02/2024 04:45;05/02/2024 05:00;20;kWh;-842;76;0;0;918;-766
05/02/2024 05:00;05/02/2024 05:15;21;kWh;-4779;206;0;0;4985;-4573
05/02/2024 05:15;05/02/2024 05:30;22;kWh;-2192;0;0;0;2192;-2192
05/02/2024 05:30;05/02/2024 05:45;23;kWh;0;0;0;0;0;0
05/02/2024 05:45;05/02/2024 06:00;24;kWh;0;1062;0;0;1062;1062
05/02/2024 06:00;05/02/2024 06:15;25;kWh;0;510;0;0;510;510
05/02/2024 06:15;05/02/2024 06:30;26;kWh;0;582;0;0;582;582
05/02/2024 06:30;05/02/2024 06:45;27;kWh;0;14917;0;0;14917;14917
05/02/2024 06:45;05/02/2024 07:00;28;kWh;0;7880;0;0;7880;7880
05/02/2024 07:00;05/02/2024 07:15;29;kWh;0;0;0;0;0;0
05/02/2024 07:15;05/02/2024 07:30;30;kWh;0;1306;0;0;1306;1306
05/02/2024 07:30;05/02/2024 07:45;31;kWh;0;7384;0;0;7384;7384
05/02/2024 07:45;05/02/2024 08:00;32;kWh;0;41938;0;0;41938;41938
05/02/2024 08:00;05/02/2024 08:15;33;kWh;-590;1368;0;0;1958;778
05/02/2024 08:15;05/02/2024 08:30;34;kWh;0;0;0;0;0;0
05/02/2024 08:30;05/02/2024 08:45;35;kWh;0;0;0;0;0;0
05/02/2024 08:45;05/02/2024 09:00;36;kWh;0;0;0;0;0;0
05/02/2024 09:00;05/02/2024 09:15;37;kWh;0;18783;0;0;18783;18783
05/02/2024 09:15;05/02/2024 09:30;38;kWh;0;793;0;0;793;793
05/02/2024 09:30;05/02/2024 09:45;39;kWh;0;0;0;0;0;0
05/02/2024 09:45;05/02/2024 10:00;40;kWh;0;0;0;0;0;0
05/02/2024 10:00;05/02/2024 10:15;41;kWh;0;36176;0;0;36176;36176
05/02/2024 10:15;05/02/2024 10:30;42;kWh;0;4299;0;0;4299;4299
05/02/2024 10:30;05/02/2024 10:45;43;kWh;0;2734;0;0;2734;2734
05/02/2024 10:45;05/02/2024 11:00;44;kWh;0;24886;0;0;24886;24886
05/02/2024 11:00;05/02/2024 11:15;45;kWh;0;30889;0;0;30889;30889
05/02/2024 11:15;05/02/2024 11:30;46;kWh;0;12113;0;0;12113;12113
05/02/2024 11:30;05/02/2024 11:45;47;kWh;0;4000;0;0;4000;4000
05/02/2024 11:45;05/02/2024 12:00;48;kWh;0;164;0;0;164;164
05/02/2024 12:00;05/02/2024 12:15;49;kWh;-179;167;0;0;346;-12
05/02/2024 12:15;05/02/2024 12:30;50;kWh;-3438;0;0;0;3438;-3438
05/02/2024 12:30;05/02/2024 12:45;51;kWh;-3241;0;0;0;3241;-3241
05/02/2024 12:45;05/02/2024 13:00;52;kWh;-8963;0;0;0;8963;-8963
05/02/2024 13:00;05/02/2024 13:15;53;kWh;0;9284;0;0;9284;9284
05/02/2024 13:15;05/02/2024 13:30;54;kWh;0;7482;0;0;7482;7482
05/02/2024 13:30;05/02/2024 13:45;55;kWh;0;28068;0;0;28068;28068
05/02/2024 13:45;05/02/2024 14:00;56;kWh;0;14625;0;0;14625;14625
05/02/2024 14:00;05/02/2024 14:15;57;kWh;0;2710;0;0;2710;2710
05/02/2024 14:15;05/02/2024 14:30;58;kWh;0;18754;0;0;18754;18754
05/02/2024 14:30;05/02/2024 14:45;59;kWh;0;26445;0;0;26445;26445
05/02/2024 14:45;05/02/2024 15:00;60;kWh;0;35318;0;0;35318;35318
05/02/2024 15:00;05/02/2024 15:15;61;kWh;-6344;5064;0;0;11408;-1280
05/02/2024 15:15;05/02/2024 15:30;62;kWh;-2241;333;0;0;2574;-1908
05/02/2024 15:30;05/02/2024 15:45;63;kWh;-2171;0;0;0;2171;-2171
05/02/2024 15:45;05/02/2024 16:00;64;kWh;0;2785;0;0;2785;2785
05/02/2024 16:00;05/02/2024 16:15;65;kWh;-6869;2030;0;0;8899;-4839
05/02/2024 16:15;05/02/2024 16:30;66;kWh;-3260;4184;0;0;7444;924
05/02/2024 16:30;05/02/2024 16:45;67;kWh;-1968;11993;0;0;13961;10025
05/02/2024 16:45;05/02/2024 17:00;68;kWh;0;12348;0;0;12348;12348
05/02/2024 17:00;05/02/2024 17:15;69;kWh;-165;0;0;0;165;-165
05/02/2024 17:15;05/02/2024 17:30;70;kWh;0;0;0;0;0;0
05/02/2024 17:30;05/02/2024 17:45;71;kWh;0;1015;0;0;1015;1015
05/02/2024 17:45;05/02/2024 18:00;72;kWh;0;18086;0;0;18086;18086
05/02/2024 18:00;05/02/2024 18:15;73;kWh;0;901;0;0;901;901
05/02/2024 18:15;05/02/2024 18:30;74;kWh;0;1062;0;0;1062;1062
05/02/2024 18:30;05/02/2024 18:45;75;kWh;0;24;0;0;24;24
05/02/2024 18:45;05/02/2024 19:00;76;kWh;0;0;0;0;0;0
05/02/2024 19:00;05/02/2024 19:15;77;kWh;0;37390;0;0;37390;37390
05/02/2024 19:15;05/02/2024 19:30;78;kWh;0;50093;0;0;50093;50093
05/02/2024 19:30;05/02/2024 19:45;79;kWh;0;6977;0;0;6977;6977
05/02/2024 19:45;05/02/2024 20:00;80;kWh;0;309;0;0;309;309
05/02/2024 20:00;05/02/2024 20:15;81;kWh;0;29216;0;0;29216;29216
05/02/2024 20:15;05/02/2024 20:30;82;kWh;0;11468;0;0;11468;11468
05/02/2024 20:30;05/02/2024 20:45;83;kWh;0;925;0;0;925;925
05/02/2024 20:45;05/02/2024 21:00;84;kWh;0;171;0;0;171;171
05/02/2024 21:00;05/02/2024 21:15;85;kWh;0;15474;0;0;15474;15474
05/02/2024 21:15;05/02/2024 21:30;86;kWh;0;15925;0;0;15925;15925
05/02/2024 21:30;05/02/2024 21:45;87;kWh;0;0;0;0;0;0
05/02/2024 21:45;05/02/2024 22:00;88;kWh;0;0;0;0;0;0
05/02/2024 22:00;05/02/2024 22:15;89;kWh;0;0;0;0;0;0
05/02/2024 22:15;05/02/2024 22:30;90;kWh;0;0;0;0;0;0
05/02/2024 22:30;05/02/2024 22:45;91;kWh;0;0;0;0;0;0
05/02/2024 22:45;05/02/2024 23:00;92;kWh;-2593;52;0;0;2645;-2541
05/02/2024 23:00;05/02/2024 23:15;93;kWh;-10;19;0;0;29;9
05/02/2024 23:15;05/02/2024 23:30;94;kWh;0;0;0;0;0;0
05/02/2024 23:30;05/02/2024 23:45;95;kWh;0;0;0;0;0;0
05/02/2024 23:45;06/02/2024 00:00;96;kWh;-3778;0;0;0;3778;-3778
06/02/2024 00:00;06/02/2024 00:15;1;kWh;-7124;0;0;0;7124;-7124
06/02/2024 00:15;06/02/2024 00:30;2;kWh;-1481;66;0;0;1547;-1415
06/02/2024 00:30;06/02/2024 00:45;3;kWh;0;1188;0;0;1188;1188
06/02/2024 00:45;06/02/2024 01:00;4;kWh;-335;0;0;0;335;-335
06/02/2024 01:00;06/02/2024 01:15;5;kWh;-642;0;0;0;642;-642
06/02/2024 01:15;06/02/2024 01:30;6;kWh;0;0;0;0;0;0
06/02/2024 01:30;06/02/2024 01:45;7;kWh;-678;0;0;0;678;-678
06/02/2024 01:45;06/02/2024 02:00;8;kWh;-2621;0;0;0;2621;-2621
06/02/2024 02:00;06/02/2024 02:15;9;kWh;-2562;627;0;0;3189;-1935
06/02/2024 02:15;06/02/2024 02:30;10;kWh;0;14;0;0;14;14
06/02/2024 02:30;06/02/2024 02:45;11;kWh;0;0;0;0;0;0
06/02/2024 02:45;06/02/2024 03:00;12;kWh;-3;0;0;0;3;-3
06/02/2024 03:00;06/02/2024 03:15;13;kWh;-114;717;0;0;831;603
06/02/2024 03:15;06/02/2024 03:30;14;kWh;0;1483;0;0;1483;1483
06/02/2024 03:30;06/02/2024 03:45;15;kWh;0;0;0;0;0;0
06/02/2024 03:45;06/02/2024 04:00;16;kWh;-6;365;0;0;371;359
06/02/2024 04:00;06/02/2024 04:15;17;kWh;-1710;8742;0;0;10452;7032
06/02/2024 04:15;06/02/2024 04:30;18;kWh;0;717;0;0;717;717
06/02/2024 04:30;06/02/2024 04:45;19;kWh;0;0;0;0;0;0
06/02/2024 04:45;06/02/2024 05:00;20;kWh;0;17;0;0;17;17
06/02/2024 05:00;06/02/2024 05:15;21;kWh;-666;1594;0;0;2260;928
06/02/2024 05:15;06/02/2024 05:30;22;kWh;-59;70;0;0;129;11
06/02/2024 05:30;06/02/2024 05:45;23;kWh;0;9775;0;0;9775;9775
06/02/2024 05:45;06/02/2024 06:00;24;kWh;0;30222;0;0;30222;30222
06/02/2024 06:00;06/02/2024 06:15;25;kWh;-1615;5716;0;0;7331;4101
06/02/2024 06:15;06/02/2024 06:30;26;kWh;0;6546;0;0;6546;6546
06/02/2024 06:30;06/02/2024 06:45;27;kWh;0;13520;0;0;13520;13520
06/02/2024 06:45;06/02/2024 07:00;28;kWh;-58;22267;0;0;22325;22209
06/02/2024 07:00;06/02/2024 07:15;29;kWh;-9789;163;0;0;9952;-9626
06/02/2024 07:15;06/02/2024 07:30;30;kWh;0;271;0;0;271;271
06/02/2024 07:30;06/02/2024 07:45;31;kWh;0;0;0;0;0;0
06/02/2024 07:45;06/02/2024 08:00;32;kWh;-49;0;0;0;49;-49
06/02/2024 08:00;06/02/2024 08:15;33;kWh;-1403;362;0;0;1765;-1041
06/02/2024 08:15;06/02/2024 08:30;34;kWh;-7012;284;0;0;7296;-6728
06/02/2024 08:30;06/02/2024 08:45;35;kWh;-5502;773;0;0;6275;-4729
06/02/2024 08:45;06/02/2024 09:00;36;kWh;-2174;1099;0;0;3273;-1075
06/02/2024 09:00;06/02/2024 09:15;37;kWh;-154;6077;0;0;6231;5923
06/02/2024 09:15;06/02/2024 09:30;38;kWh;-930;2060;0;0;2990;1130
06/02/2024 09:30;06/02/2024 09:45;39;kWh;-471;0;0;0;471;-471
06/02/2024 09:45;06/02/2024 10:00;40;kWh;-1674;0;0;0;1674;-1674
06/02/2024 10:00;06/02/2024 10:15;41;kWh;-2208;0;0;0;2208;-2208
06/02/2024 10:15;06/02/2024 10:30;42;kWh;-2069;0;0;0;2069;-2069
06/02/2024 10:30;06/02/2024 10:45;43;kWh;-3236;0;0;0;3236;-3236
06/02/2024 10:45;06/02/2024 11:00;44;kWh;-4932;0;0;0;4932;-4932
06/02/2024 11:00;06/02/2024 11:15;45;kWh;-3109;0;0;0;3109;-3109
06/02/2024 11:15;06/02/2024 11:30;46;kWh;-5370;0;0;0;5370;-5370
06/02/2024 11:30;06/02/2024 11:45;47;kWh;-12987;0;0;0;12987;-12987
06/02/2024 11:45;06/02/2024 12:00;48;kWh;-5243;0;0;0;5243;-5243
06/02/2024 12:00;06/02/2024 12:15;49;kWh;-491;0;0;0;491;-491
06/02/2024 12:15;06/02/2024 12:30;50;kWh;-820;9630;0;0;10450;8810
06/02/2024 12:30;06/02/2024 12:45;51;kWh;0;20151;0;0;20151;20151
06/02/2024 12:45;06/02/2024 13:00;52;kWh;0;295;0;0;295;295
06/02/2024 13:00;06/02/2024 13:15;53;kWh;0;6368;0;0;6368;6368
06/02/2024 13:15;06/02/2024 13:30;54;kWh;0;3748;0;0;3748;3748
06/02/2024 13:30;06/02/2024 13:45;55;kWh;0;0;0;0;0;0
06/02/2024 13:45;06/02/2024 14:00;56;kWh;0;0;0;0;0;0
06/02/2024 14:00;06/02/2024 14:15;57;kWh;-1818;158;0;0;1976;-1660
06/02/2024 14:15;06/02/2024 14:30;58;kWh;0;393;0;0;393;393
06/02/2024 14:30;06/02/2024 14:45;59;kWh;0;9785;0;0;9785;9785
06/02/2024 14:45;06/02/2024 15:00;60;kWh;0;30674;0;0;30674;30674
06/02/2024 15:00;06/02/2024 15:15;61;kWh;0;2193;0;0;2193;2193
06/02/2024 15:15;06/02/2024 15:30;62;kWh;-509;0;0;0;509;-509
06/02/2024 15:30;06/02/2024 15:45;63;kWh;-1795;3295;0;0;5090;1500
06/02/2024 15:45;06/02/2024 16:00;64;kWh;0;22987;0;0;22987;22987
06/02/2024 16:00;06/02/2024 16:15;65;kWh;-19;4960;0;0;4979;4941
06/02/2024 16:15;06/02/2024 16:30;66;kWh;-2613;5592;0;0;8205;2979
06/02/2024 16:30;06/02/2024 16:45;67;kWh;0;1168;0;0;1168;1168
06/02/2024 16:45;06/02/2024 17:00;68;kWh;0;0;0;0;0;0
06/02/2024 17:00;06/02/2024 17:15;69;kWh;-2349;1150;0;0;3499;-1199
06/02/2024 17:15;06/02/2024 17:30;70;kWh;0;1032;0;0;1032;1032
06/02/2024 17:30;06/02/2024 17:45;71;kWh;0;1316;0;0;1316;1316
06/02/2024 17:45;06/02/2024 18:00;72;kWh;0;1390;0;0;1390;1390
06/02/2024 18:00;06/02/2024 18:15;73;kWh;-2885;32;0;0;2917;-2853
06/02/2024 18:15;06/02/2024 18:30;74;kWh;-1112;294;0;0;1406;-818
06/02/2024 18:30;06/02/2024 18:45;75;kWh;-2339;0;0;0;2339;-2339
06/02/2024 18:45;06/02/2024 19:00;76;kWh;-781;0;0;0;781;-781
06/02/2024 19:00;06/02/2024 19:15;77;kWh;-493;0;0;0;493;-493
06/02/2024 19:15;06/02/2024 19:30;78;kWh;-206;0;0;0;206;-206
06/02/2024 19:30;06/02/2024 19:45;79;kWh;-945;0;0;0;945;-945
06/02/2024 19:45;06/02/2024 20:00;80;kWh;0;0;0;0;0;0
06/02/2024 20:00;06/02/2024 20:15;81;kWh;0;25162;0;0;25162;25162
06/02/2024 20:15;06/02/2024 20:30;82;kWh;0;49852;0;0;49852;49852
06/02/2024 20:30;06/02/2024 20:45;83;kWh;0;45827;0;0;45827;45827
06/02/2024 20:45;06/02/2024 21:00;84;kWh;-134;6364;0;0;6498;6230
06/02/2024 21:00;06/02/2024 21:15;85;kWh;-5941;14174;0;0;20115;8233
06/02/2024 21:15;06/02/2024 21:30;86;kWh;-5770;719;0;0;6489;-5051
06/02/2024 21:30;06/02/2024 21:45;87;kWh;-6545;1358;0;0;7903;-5187
06/02/2024 21:45;06/02/2024 22:00;88;kWh;-9401;474;0;0;9875;-8927
06/02/2024 22:00;06/02/2024 22:15;89;kWh;-9345;496;0;0;9841;-8849
06/02/2024 22:15;06/02/2024 22:30;90;kWh;-198;228;0;0;426;30
06/02/2024 22:30;06/02/2024 22:45;91;kWh;-513;0;0;0;513;-513
06/02/2024 22:45;06/02/2024 23:00;92;kWh;-4168;417;0;0;4585;-3751
06/02/2024 23:00;06/02/2024 23:15;93;kWh;-4;16;0;0;20;12
06/02/2024 23:15;06/02/2024 23:30;94;kWh;0;3286;0;0;3286;3286
06/02/2024 23:30;06/02/2024 23:45;95;kWh;0;31211;0;0;31211;31211
06/02/2024 23:45;07/02/2024 00:00;96;kWh;-3;30384;0;0;30387;30381
07/02/2024 00:00;07/02/2024 00:15;1;kWh;-307;19192;0;0;19499;18885
07/02/2024 00:15;07/02/2024 00:30;2;kWh;-27;28433;0;0;28460;28406
07/02/2024 00:30;07/02/2024 00:45;3;kWh;-3230;1830;0;0;5060;-1400
07/02/2024 00:45;07/02/2024 01:00;4;kWh;0;51956;0;0;51956;51956
07/02/2024 01:00;07/02/2024 01:15;5;kWh;0;8321;0;0;8321;8321
07/02/2024 01:15;07/02/2024 01:30;6;kWh;0;0;0;0;0;0
07/02/2024 01:30;07/02/2024 01:45;7;kWh;0;1106;0;0;1106;1106
07/02/2024 01:45;07/02/2024 02:00;8;kWh;-350;1246;0;0;1596;896
07/02/2024 02:00;07/02/2024 02:15;9;kWh;-27553;36;0;0;27589;-27517
07/02/2024 02:15;07/02/2024 02:30;10;kWh;-32475;638;0;0;33113;-31837
07/02/2024 02:30;07/02/2024 02:45;11;kWh;-22420;0;0;0;22420;-22420
07/02/2024 02:45;07/02/2024 03:00;12;kWh;-28051;368;0;0;28419;-27683
07/02/2024 03:00;07/02/2024 03:15;13;kWh;-24044;713;0;0;24757;-23331
07/02/2024 03:15;07/02/2024 03:30;14;kWh;-39814;0;0;0;39814;-39814
07/02/2024 03:30;07/02/2024 03:45;15;kWh;-41994;0;0;0;41994;-41994
07/02/2024 03:45;07/02/2024 04:00;16;kWh;-42813;0;0;0;42813;-42813
07/02/2024 04:00;07/02/2024 04:15;17;kWh;-18917;0;0;0;18917;-18917
07/02/2024 04:15;07/02/2024 04:30;18;kWh;-13753;0;0;0;13753;-13753
07/02/2024 04:30;07/02/2024 04:45;19;kWh;-68;0;0;0;68;-68
07/02/2024 04:45;07/02/2024 05:00;20;kWh;-10422;0;0;0;10422;-10422
07/02/2024 05:00;07/02/2024 05:15;21;kWh;-885;31616;0;0;32501;30731
07/02/2024 05:15;07/02/2024 05:30;22;kWh;-11024;1488;0;0;12512;-9536
07/02/2024 05:30;07/02/2024 05:45;23;kWh;-6576;2745;0;0;9321;-3831
07/02/2024 05:45;07/02/2024 06:00;24;kWh;0;30322;0;0;30322;30322
07/02/2024 06:00;07/02/2024 06:15;25;kWh;-2104;9449;0;0;11553;7345
07/02/2024 06:15;07/02/2024 06:30;26;kWh;-19479;0;0;0;19479;-19479
07/02/2024 06:30;07/02/2024 06:45;27;kWh;-390;2111;0;0;2501;1721
07/02/2024 06:45;07/02/2024 07:00;28;kWh;0;12455;0;0;12455;12455
07/02/2024 07:00;07/02/2024 07:15;29;kWh;-1435;131;0;0;1566;-1304
07/02/2024 07:15;07/02/2024 07:30;30;kWh;0;1831;0;0;1831;1831
07/02/2024 07:30;07/02/2024 07:45;31;kWh;0;6108;0;0;6108;6108
07/02/2024 07:45;07/02/2024 08:00;32;kWh;0;29475;0;0;29475;29475
07/02/2024 08:00;07/02/2024 08:15;33;kWh;0;36751;0;0;36751;36751
07/02/2024 08:15;07/02/2024 08:30;34;kWh;0;22453;0;0;22453;22453
07/02/2024 08:30;07/02/2024 08:45;35;kWh;0;47591;0;0;47591;47591
07/02/2024 08:45;07/02/2024 09:00;36;kWh;0;55512;0;0;55512;55512
07/02/2024 09:00;07/02/2024 09:15;37;kWh;0;53073;0;0;53073;53073
07/02/2024 09:15;07/02/2024 09:30;38;kWh;0;20733;0;0;20733;20733
07/02/2024 09:30;07/02/2024 09:45;39;kWh;0;41074;0;0;41074;41074
07/02/2024 09:45;07/02/2024 10:00;40;kWh;0;4718;0;0;4718;4718
07/02/2024 10:00;07/02/2024 10:15;41;kWh;-2;41743;0;0;41745;41741
07/02/2024 10:15;07/02/2024 10:30;42;kWh;-5325;65;0;0;5390;-5260
07/02/2024 10:30;07/02/2024 10:45;43;kWh;-188;0;0;0;188;-188
07/02/2024 10:45;07/02/2024 11:00;44;kWh;-19684;0;0;0;19684;-19684
07/02/2024 11:00;07/02/2024 11:15;45;kWh;-3655;23866;0;0;27521;20211
07/02/2024 11:15;07/02/2024 11:30;46;kWh;0;5647;0;0;5647;5647
07/02/2024 11:30;07/02/2024 11:45;47;kWh;0;33328;0;0;33328;33328
07/02/2024 11:45;07/02/2024 12:00;48;kWh;-52280;1219;0;0;53499;-51061
07/02/2024 12:00;07/02/2024 12:15;49;kWh;-5051;0;0;0;5051;-5051
07/02/2024 12:15;07/02/2024 12:30;50;kWh;-72132;0;0;0;72132;-72132
07/02/2024 12:30;07/02/2024 12:45;51;kWh;-100214;0;0;0;100214;-100214
07/02/2024 12:45;07/02/2024 13:00;52;kWh;-87830;0;0;0;87830;-87830
07/02/2024 13:00;07/02/2024 13:15;53;kWh;0;0;0;0;0;0
07/02/2024 13:15;07/02/2024 13:30;54;kWh;0;1138;0;0;1138;1138
07/02/2024 13:30;07/02/2024 13:45;55;kWh;0;7869;0;0;7869;7869
07/02/2024 13:45;07/02/2024 14:00;56;kWh;0;26760;0;0;26760;26760
07/02/2024 14:00;07/02/2024 14:15;57;kWh;-19634;144;0;0;19778;-19490
07/02/2024 14:15;07/02/2024 14:30;58;kWh;-9574;0;0;0;9574;-9574
07/02/2024 14:30;07/02/2024 14:45;59;kWh;0;0;0;0;0;0
07/02/2024 14:45;07/02/2024 15:00;60;kWh;0;9399;0;0;9399;9399
07/02/2024 15:00;07/02/2024 15:15;61;kWh;0;7817;0;0;7817;7817
07/02/2024 15:15;07/02/2024 15:30;62;kWh;0;0;0;0;0;0
07/02/2024 15:30;07/02/2024 15:45;63;kWh;-4388;0;0;0;4388;-4388
07/02/2024 15:45;07/02/2024 16:00;64;kWh;-1617;1947;0;0;3564;330
07/02/2024 16:00;07/02/2024 16:15;65;kWh;0;15943;0;0;15943;15943
07/02/2024 16:15;07/02/2024 16:30;66;kWh;-517;5126;0;0;5643;4609
07/02/2024 16:30;07/02/2024 16:45;67;kWh;0;11595;0;0;11595;11595
07/02/2024 16:45;07/02/2024 17:00;68;kWh;0;54981;0;0;54981;54981
07/02/2024 17:00;07/02/2024 17:15;69;kWh;0;6568;0;0;6568;6568
07/02/2024 17:15;07/02/2024 17:30;70;kWh;-45;4984;0;0;5029;4939
07/02/2024 17:30;07/02/2024 17:45;71;kWh;0;21759;0;0;21759;21759
07/02/2024 17:45;07/02/2024 18:00;72;kWh;0;11019;0;0;11019;11019
07/02/2024 18:00;07/02/2024 18:15;73;kWh;0;14140;0;0;14140;14140
07/02/2024 18:15;07/02/2024 18:30;74;kWh;-7786;875;0;0;8661;-6911
07/02/2024 18:30;07/02/2024 18:45;75;kWh;-22130;0;0;0;22130;-22130
07/02/2024 18:45;07/02/2024 19:00;76;kWh;-19419;0;0;0;19419;-19419
07/02/2024 19:00;07/02/2024 19:15;77;kWh;-2205;0;0;0;2205;-2205
07/02/2024 19:15;07/02/2024 19:30;78;kWh;-1153;0;0;0;1153;-1153
07/02/2024 19:30;07/02/2024 19:45;79;kWh;-3440;0;0;0;3440;-3440
07/02/2024 19:45;07/02/2024 20:00;80;kWh;-11798;0;0;0;11798;-11798
07/02/2024 20:00;07/02/2024 20:15;81;kWh;-3660;382;0;0;4042;-3278
07/02/2024 20:15;07/02/2024 20:30;82;kWh;0;0;0;0;0;0
07/02/2024 20:30;07/02/2024 20:45;83;kWh;-1291;0;0;0;1291;-1291
07/02/2024 20:45;07/02/2024 21:00;84;kWh;-6689;0;0;0;6689;-6689
07/02/2024 21:00;07/02/2024 21:15;85;kWh;-1357;0;0;0;1357;-1357
07/02/2024 21:15;07/02/2024 21:30;86;kWh;0;14915;0;0;14915;14915
07/02/2024 21:30;07/02/2024 21:45;87;kWh;0;35;0;0;35;35
07/02/2024 21:45;07/02/2024 22:00;88;kWh;0;105;0;0;105;105
07/02/2024 22:00;07/02/2024 22:15;89;kWh;0;0;0;0;0;0
07/02/2024 22:15;07/02/2024 22:30;90;kWh;0;1982;0;0;1982;1982
07/02/2024 22:30;07/02/2024 22:45;91;kWh;0;15164;0;0;15164;15164
07/02/2024 22:45;07/02/2024 23:00;92;kWh;0;7113;0;0;7113;7113
07/02/2024 23:00;07/02/2024 23:15;93;kWh;-15;30;0;0;45;15
07/02/2024 23:15;07/02/2024 23:30;94;kWh;0;12;0;0;12;12
07/02/2024 23:30;07/02/2024 23:45;95;kWh;0;0;0;0;0;0
07/02/2024 23:45;08/02/2024 00:00;96;kWh;-297;0;0;0;297;-297
08/02/2024 00:00;08/02/2024 00:15;1;kWh;-7699;12385;0;0;20084;4686
08/02/2024 00:15;08/02/2024 00:30;2;kWh;0;35663;0;0;35663;35663
08/02/2024 00:30;08/02/2024 00:45;3;kWh;0;6146;0;0;6146;6146
08/02/2024 00:45;08/02/2024 01:00;4;kWh;0;23349;0;0;23349;23349
08/02/2024 01:00;08/02/2024 01:15;5;kWh;0;29344;0;0;29344;29344
08/02/2024 01:15;08/02/2024 01:30;6;kWh;0;30033;0;0;30033;30033
08/02/2024 01:30;08/02/2024 01:45;7;kWh;0;166;0;0;166;166
08/02/2024 01:45;08/02/2024 02:00;8;kWh;0;0;0;0;0;0
08/02/2024 02:00;08/02/2024 02:15;9;kWh;0;8924;0;0;8924;8924
08/02/2024 02:15;08/02/2024 02:30;10;kWh;0;11245;0;0;11245;11245
08/02/2024 02:30;08/02/2024 02:45;11;kWh;0;2985;0;0;2985;2985
08/02/2024 02:45;08/02/2024 03:00;12;kWh;0;5767;0;0;5767;5767
08/02/2024 03:00;08/02/2024 03:15;13;kWh;0;17024;0;0;17024;17024
08/02/2024 03:15;08/02/2024 03:30;14;kWh;0;30808;0;0;30808;30808
08/02/2024 03:30;08/02/2024 03:45;15;kWh;0;34772;0;0;34772;34772
08/02/2024 03:45;08/02/2024 04:00;16;kWh;0;17628;0;0;17628;17628
08/02/2024 04:00;08/02/2024 04:15;17;kWh;0;14411;0;0;14411;14411
08/02/2024 04:15;08/02/2024 04:30;18;kWh;0;29928;0;0;29928;29928
08/02/2024 04:30;08/02/2024 04:45;19;kWh;0;18808;0;0;18808;18808
08/02/2024 04:45;08/02/2024 05:00;20;kWh;0;17281;0;0;17281;17281
08/02/2024 05:00;08/02/2024 05:15;21;kWh;0;2239;0;0;2239;2239
08/02/2024 05:15;08/02/2024 05:30;22;kWh;0;0;0;0;0;0
08/02/2024 05:30;08/02/2024 05:45;23;kWh;0;3454;0;0;3454;3454
08/02/2024 05:45;08/02/2024 06:00;24;kWh;-534;6808;0;0;7342;6274
08/02/2024 06:00;08/02/2024 06:15;25;kWh;-16;6202;0;0;6218;6186
08/02/2024 06:15;08/02/2024 06:30;26;kWh;0;55879;0;0;55879;55879
08/02/2024 06:30;08/02/2024 06:45;27;kWh;0;59670;0;0;59670;59670
08/02/2024 06:45;08/02/2024 07:00;28;kWh;0;40183;0;0;40183;40183
08/02/2024 07:00;08/02/2024 07:15;29;kWh;0;6438;0;0;6438;6438
08/02/2024 07:15;08/02/2024 07:30;30;kWh;0;3337;0;0;3337;3337
08/02/2024 07:30;08/02/2024 07:45;31;kWh;0;34924;0;0;34924;34924
08/02/2024 07:45;08/02/2024 08:00;32;kWh;-712;22982;0;0;23694;22270
08/02/2024 08:00;08/02/2024 08:15;33;kWh;-47376;0;0;0;47376;-47376
08/02/2024 08:15;08/02/2024 08:30;34;kWh;-28933;0;0;0;28933;-28933
08/02/2024 08:30;08/02/2024 08:45;35;kWh;-9369;0;0;0;9369;-9369
08/02/2024 08:45;08/02/2024 09:00;36;kWh;-20759;0;0;0;20759;-20759
08/02/2024 09:00;08/02/2024 09:15;37;kWh;-31313;0;0;0;31313;-31313
08/02/2024 09:15;08/02/2024 09:30;38;kWh;-85098;0;0;0;85098;-85098
08/02/2024 09:30;08/02/2024 09:45;39;kWh;-68422;0;0;0;68422;-68422
08/02/2024 09:45;08/02/2024 10:00;40;kWh;-88424;0;0;0;88424;-88424
08/02/2024 10:00;08/02/2024 10:15;41;kWh;-26646;0;0;0;26646;-26646
08/02/2024 10:15;08/02/2024 10:30;42;kWh;-2906;0;0;0;2906;-2906
08/02/2024 10:30;08/02/2024 10:45;43;kWh;-197;0;0;0;197;-197
08/02/2024 10:45;08/02/2024 11:00;44;kWh;-6511;0;0;0;6511;-6511
08/02/2024 11:00;08/02/2024 11:15;45;kWh;-6428;9164;0;0;15592;2736
08/02/2024 11:15;08/02/2024 11:30;46;kWh;0;11711;0;0;11711;11711
08/02/2024 11:30;08/02/2024 11:45;47;kWh;0;34482;0;0;34482;34482
08/02/2024 11:45;08/02/2024 12:00;48;kWh;0;54476;0;0;54476;54476
08/02/2024 12:00;08/02/2024 12:15;49;kWh;-1079;23540;0;0;24619;22461
08/02/2024 12:15;08/02/2024 12:30;50;kWh;-11598;0;0;0;11598;-11598
08/02/2024 12:30;08/02/2024 12:45;51;kWh;-13276;0;0;0;13276;-13276
08/02/2024 12:45;08/02/2024 13:00;52;kWh;-21570;0;0;0;21570;-21570
08/02/2024 13:00;08/02/2024 13:15;53;kWh;-30951;0;0;0;30951;-30951
08/02/2024 13:15;08/02/2024 13:30;54;kWh;-452;0;0;0;452;-452
08/02/2024 13:30;08/02/2024 13:45;55;kWh;0;1255;0;0;1255;1255
08/02/2024 13:45;08/02/2024 14:00;56;kWh;0;7429;0;0;7429;7429
08/02/2024 14:00;08/02/2024 14:15;57;kWh;0;47885;0;0;47885;47885
08/02/2024 14:15;08/02/2024 14:30;58;kWh;0;53335;0;0;53335;53335
08/02/2024 14:30;08/02/2024 14:45;59;kWh;0;61624;0;0;61624;61624
08/02/2024 14:45;08/02/2024 15:00;60;kWh;0;66366;0;0;66366;66366
08/02/2024 15:00;08/02/2024 15:15;61;kWh;0;28988;0;0;28988;28988
08/02/2024 15:15;08/02/2024 15:30;62;kWh;0;22061;0;0;22061;22061
08/02/2024 15:30;08/02/2024 15:45;63;kWh;0;26285;0;0;26285;26285
08/02/2024 15:45;08/02/2024 16:00;64;kWh;-1089;4664;0;0;5753;3575
08/02/2024 16:00;08/02/2024 16:15;65;kWh;-2096;0;0;0;2096;-2096
08/02/2024 16:15;08/02/2024 16:30;66;kWh;-12396;0;0;0;12396;-12396
08/02/2024 16:30;08/02/2024 16:45;67;kWh;-54283;0;0;0;54283;-54283
08/02/2024 16:45;08/02/2024 17:00;68;kWh;-71536;0;0;0;71536;-71536
08/02/2024 17:00;08/02/2024 17:15;69;kWh;-59911;0;0;0;59911;-59911
08/02/2024 17:15;08/02/2024 17:30;70;kWh;-35292;0;0;0;35292;-35292
08/02/2024 17:30;08/02/2024 17:45;71;kWh;-17734;0;0;0;17734;-17734
08/02/2024 17:45;08/02/2024 18:00;72;kWh;-12018;0;0;0;12018;-12018
08/02/2024 18:00;08/02/2024 18:15;73;kWh;-1126;0;0;0;1126;-1126
08/02/2024 18:15;08/02/2024 18:30;74;kWh;0;2195;0;0;2195;2195
08/02/2024 18:30;08/02/2024 18:45;75;kWh;0;62;0;0;62;62
08/02/2024 18:45;08/02/2024 19:00;76;kWh;0;0;0;0;0;0
08/02/2024 19:00;08/02/2024 19:15;77;kWh;-658;3684;0;0;4342;3026
08/02/2024 19:15;08/02/2024 19:30;78;kWh;0;1588;0;0;1588;1588
08/02/2024 19:30;08/02/2024 19:45;79;kWh;0;17223;0;0;17223;17223
08/02/2024 19:45;08/02/2024 20:00;80;kWh;0;17989;0;0;17989;17989
08/02/2024 20:00;08/02/2024 20:15;81;kWh;-37214;1299;0;0;38513;-35915
08/02/2024 20:15;08/02/2024 20:30;82;kWh;-2684;1982;0;0;4666;-702
08/02/2024 20:30;08/02/2024 20:45;83;kWh;-25787;0;0;0;25787;-25787
08/02/2024 20:45;08/02/2024 21:00;84;kWh;-27847;0;0;0;27847;-27847
08/02/2024 21:00;08/02/2024 21:15;85;kWh;-15964;0;0;0;15964;-15964
08/02/2024 21:15;08/02/2024 21:30;86;kWh;-6469;0;0;0;6469;-6469
08/02/2024 21:30;08/02/2024 21:45;87;kWh;-9224;0;0;0;9224;-9224
08/02/2024 21:45;08/02/2024 22:00;88;kWh;-6496;0;0;0;6496;-6496
08/02/2024 22:00;08/02/2024 22:15;89;kWh;-6031;2824;0;0;8855;-3207
08/02/2024 22:15;08/02/2024 22:30;90;kWh;0;19475;0;0;19475;19475
08/02/2024 22:30;08/02/2024 22:45;91;kWh;-1;83;0;0;84;82
08/02/2024 22:45;08/02/2024 23:00;92;kWh;-766;9175;0;0;9941;8409
08/02/2024 23:00;08/02/2024 23:15;93;kWh;-176;815;0;0;991;639
08/02/2024 23:15;08/02/2024 23:30;94;kWh;0;20946;0;0;20946;20946
08/02/2024 23:30;08/02/2024 23:45;95;kWh;0;40208;0;0;40208;40208
08/02/2024 23:45;09/02/2024 00:00;96;kWh;0;25389;0;0;25389;25389
09/02/2024 00:00;09/02/2024 00:15;1;kWh;0;53543;0;0;53543;53543
09/02/2024 00:15;09/02/2024 00:30;2;kWh;0;49084;0;0;49084;49084
09/02/2024 00:30;09/02/2024 00:45;3;kWh;0;66128;0;0;66128;66128
09/02/2024 00:45;09/02/2024 01:00;4;kWh;0;48627;0;0;48627;48627
09/02/2024 01:00;09/02/2024 01:15;5;kWh;0;9835;0;0;9835;9835
09/02/2024 01:15;09/02/2024 01:30;6;kWh;0;14868;0;0;14868;14868
09/02/2024 01:30;09/02/2024 01:45;7;kWh;0;15104;0;0;15104;15104
09/02/2024 01:45;09/02/2024 02:00;8;kWh;-225;5064;0;0;5289;4839
09/02/2024 02:00;09/02/2024 02:15;9;kWh;-628;15982;0;0;16610;15354
09/02/2024 02:15;09/02/2024 02:30;10;kWh;0;30931;0;0;30931;30931
09/02/2024 02:30;09/02/2024 02:45;11;kWh;0;35136;0;0;35136;35136
09/02/2024 02:45;09/02/2024 03:00;12;kWh;-418;13785;0;0;14203;13367
09/02/2024 03:00;09/02/2024 03:15;13;kWh;-653;46279;0;0;46932;45626
09/02/2024 03:15;09/02/2024 03:30;14;kWh;0;52321;0;0;52321;52321
09/02/2024 03:30;09/02/2024 03:45;15;kWh;0;46396;0;0;46396;46396
09/02/2024 03:45;09/02/2024 04:00;16;kWh;0;33147;0;0;33147;33147
09/02/2024 04:00;09/02/2024 04:15;17;kWh;0;59298;0;0;59298;59298
09/02/2024 04:15;09/02/2024 04:30;18;kWh;0;16674;0;0;16674;16674
09/02/2024 04:30;09/02/2024 04:45;19;kWh;0;42785;0;0;42785;42785
09/02/2024 04:45;09/02/2024 05:00;20;kWh;0;24690;0;0;24690;24690
09/02/2024 05:00;09/02/2024 05:15;21;kWh;0;0;0;0;0;0
09/02/2024 05:15;09/02/2024 05:30;22;kWh;-93;0;0;0;93;-93
09/02/2024 05:30;09/02/2024 05:45;23;kWh;-719;7412;0;0;8131;6693
09/02/2024 05:45;09/02/2024 06:00;24;kWh;0;840;0;0;840;840
09/02/2024 06:00;09/02/2024 06:15;25;kWh;-5581;3957;0;0;9538;-1624
09/02/2024 06:15;09/02/2024 06:30;26;kWh;-850;127;0;0;977;-723
09/02/2024 06:30;09/02/2024 06:45;27;kWh;-11;0;0;0;11;-11
09/02/2024 06:45;09/02/2024 07:00;28;kWh;-334;0;0;0;334;-334
09/02/2024 07:00;09/02/2024 07:15;29;kWh;-16965;1734;0;0;18699;-15231
09/02/2024 07:15;09/02/2024 07:30;30;kWh;-19458;0;0;0;19458;-19458
09/02/2024 07:30;09/02/2024 07:45;31;kWh;-6033;0;0;0;6033;-6033
09/02/2024 07:45;09/02/2024 08:00;32;kWh;-1966;753;0;0;2719;-1213
09/02/2024 08:00;09/02/2024 08:15;33;kWh;-8814;2272;0;0;11086;-6542
09/02/2024 08:15;09/02/2024 08:30;34;kWh;-2215;0;0;0;2215;-2215
09/02/2024 08:30;09/02/2024 08:45;35;kWh;0;0;0;0;0;0
09/02/2024 08:45;09/02/2024 09:00;36;kWh;0;0;0;0;0;0
09/02/2024 09:00;09/02/2024 09:15;37;kWh;0;0;0;0;0;0
09/02/2024 09:15;09/02/2024 09:30;38;kWh;0;0;0;0;0;0
09/02/2024 09:30;09/02/2024 09:45;39;kWh;0;0;0;0;0;0
09/02/2024 09:45;09/02/2024 10:00;40;kWh;0;0;0;0;0;0
09/02/2024 10:00;09/02/2024 10:15;41;kWh;0;0;0;0;0;0
09/02/2024 10:15;09/02/2024 10:30;42;kWh;0;0;0;0;0;0
09/02/2024 10:30;09/02/2024 10:45;43;kWh;0;0;0;0;0;0
09/02/2024 10:45;09/02/2024 11:00;44;kWh;0;0;0;0;0;0
09/02/2024 11:00;09/02/2024 11:15;45;kWh;0;0;0;0;0;0
09/02/2024 11:15;09/02/2024 11:30;46;kWh;0;1916;0;0;1916;1916
09/02/2024 11:30;09/02/2024 11:45;47;kWh;0;41030;0;0;41030;41030
09/02/2024 11:45;09/02/2024 12:00;48;kWh;0;57568;0;0;57568;57568
09/02/2024 12:00;09/02/2024 12:15;49;kWh;0;12205;0;0;12205;12205
09/02/2024 12:15;09/02/2024 12:30;50;kWh;0;31560;0;0;31560;31560
09/02/2024 12:30;09/02/2024 12:45;51;kWh;0;54924;0;0;54924;54924
09/02/2024 12:45;09/02/2024 13:00;52;kWh;0;5119;0;0;5119;5119
09/02/2024 13:00;09/02/2024 13:15;53;kWh;0;2534;0;0;2534;2534
09/02/2024 13:15;09/02/2024 13:30;54;kWh;0;6034;0;0;6034;6034
09/02/2024 13:30;09/02/2024 13:45;55;kWh;0;37528;0;0;37528;37528
09/02/2024 13:45;09/02/2024 14:00;56;kWh;0;61798;0;0;61798;61798
09/02/2024 14:00;09/02/2024 14:15;57;kWh;0;66552;0;0;66552;66552
09/02/2024 14:15;09/02/2024 14:30;58;kWh;0;51710;0;0;51710;51710
09/02/2024 14:30;09/02/2024 14:45;59;kWh;0;26495;0;0;26495;26495
09/02/2024 14:45;09/02/2024 15:00;60;kWh;0;24521;0;0;24521;24521
09/02/2024 15:00;09/02/2024 15:15;61;kWh;0;38781;0;0;38781;38781
09/02/2024 15:15;09/02/2024 15:30;62;kWh;0;24935;0;0;24935;24935
09/02/2024 15:30;09/02/2024 15:45;63;kWh;0;14936;0;0;14936;14936
09/02/2024 15:45;09/02/2024 16:00;64;kWh;0;3668;0;0;3668;3668
09/02/2024 16:00;09/02/2024 16:15;65;kWh;-455;4471;0;0;4926;4016
09/02/2024 16:15;09/02/2024 16:30;66;kWh;-4093;0;0;0;4093;-4093
09/02/2024 16:30;09/02/2024 16:45;67;kWh;-12758;96;0;0;12854;-12662
09/02/2024 16:45;09/02/2024 17:00;68;kWh;-993;29;0;0;1022;-964
09/02/2024 17:00;09/02/2024 17:15;69;kWh;-27714;0;0;0;27714;-27714
09/02/2024 17:15;09/02/2024 17:30;70;kWh;-31866;0;0;0;31866;-31866
09/02/2024 17:30;09/02/2024 17:45;71;kWh;-40550;0;0;0;40550;-40550
09/02/2024 17:45;09/02/2024 18:00;72;kWh;-32688;0;0;0;32688;-32688
09/02/2024 18:00;09/02/2024 18:15;73;kWh;-15196;0;0;0;15196;-15196
09/02/2024 18:15;09/02/2024 18:30;74;kWh;-5668;0;0;0;5668;-5668
09/02/2024 18:30;09/02/2024 18:45;75;kWh;-31890;0;0;0;31890;-31890
09/02/2024 18:45;09/02/2024 19:00;76;kWh;-39050;0;0;0;39050;-39050
09/02/2024 19:00;09/02/2024 19:15;77;kWh;-10883;0;0;0;10883;-10883
09/02/2024 19:15;09/02/2024 19:30;78;kWh;-9340;0;0;0;9340;-9340
09/02/2024 19:30;09/02/2024 19:45;79;kWh;-21767;0;0;0;21767;-21767
09/02/2024 19:45;09/02/2024 20:00;80;kWh;-18139;0;0;0;18139;-18139
09/02/2024 20:00;09/02/2024 20:15;81;kWh;-4227;32;0;0;4259;-4195
09/02/2024 20:15;09/02/2024 20:30;82;kWh;0;0;0;0;0;0
09/02/2024 20:30;09/02/2024 20:45;83;kWh;-192;0;0;0;192;-192
09/02/2024 20:45;09/02/2024 21:00;84;kWh;-502;0;0;0;502;-502
09/02/2024 21:00;09/02/2024 21:15;85;kWh;-220;669;0;0;889;449
09/02/2024 21:15;09/02/2024 21:30;86;kWh;0;277;0;0;277;277
09/02/2024 21:30;09/02/2024 21:45;87;kWh;-4601;0;0;0;4601;-4601
09/02/2024 21:45;09/02/2024 22:00;88;kWh;-9545;0;0;0;9545;-9545
09/02/2024 22:00;09/02/2024 22:15;89;kWh;-12759;1597;0;0;14356;-11162
09/02/2024 22:15;09/02/2024 22:30;90;kWh;0;20;0;0;20;20
09/02/2024 22:30;09/02/2024 22:45;91;kWh;0;8477;0;0;8477;8477
09/02/2024 22:45;09/02/2024 23:00;92;kWh;0;16261;0;0;16261;16261
09/02/2024 23:00;09/02/2024 23:15;93;kWh;-334;1527;0;0;1861;1193
09/02/2024 23:15;09/02/2024 23:30;94;kWh;0;1151;0;0;1151;1151
09/02/2024 23:30;09/02/2024 23:45;95;kWh;0;0;0;0;0;0
09/02/2024 23:45;10/02/2024 00:00;96;kWh;-1965;0;0;0;1965;-1965
10/02/2024 00:00;10/02/2024 00:15;1;kWh;-10047;6383;0;0;16430;-3664
10/02/2024 00:15;10/02/2024 00:30;2;kWh;0;7203;0;0;7203;7203
10/02/2024 00:30;10/02/2024 00:45;3;kWh;0;0;0;0;0;0
10/02/2024 00:45;10/02/2024 01:00;4;kWh;-7811;0;0;0;7811;-7811
10/02/2024 01:00;10/02/2024 01:15;5;kWh;-2881;0;0;0;2881;-2881
10/02/2024 01:15;10/02/2024 01:30;6;kWh;-605;0;0;0;605;-605
10/02/2024 01:30;10/02/2024 01:45;7;kWh;-7177;0;0;0;7177;-7177
10/02/2024 01:45;10/02/2024 02:00;8;kWh;-8577;0;0;0;8577;-8577
10/02/2024 02:00;10/02/2024 02:15;9;kWh;-1637;0;0;0;1637;-1637
10/02/2024 02:15;10/02/2024 02:30;10;kWh;0;0;0;0;0;0
10/02/2024 02:30;10/02/2024 02:45;11;kWh;-689;0;0;0;689;-689
10/02/2024 02:45;10/02/2024 03:00;12;kWh;-191;0;0;0;191;-191
10/02/2024 03:00;10/02/2024 03:15;13;kWh;-157;0;0;0;157;-157
10/02/2024 03:15;10/02/2024 03:30;14;kWh;0;0;0;0;0;0
10/02/2024 03:30;10/02/2024 03:45;15;kWh;0;0;0;0;0;0
10/02/2024 03:45;10/02/2024 04:00;16;kWh;0;0;0;0;0;0
10/02/2024 04:00;10/02/2024 04:15;17;kWh;0;0;0;0;0;0
10/02/2024 04:15;10/02/2024 04:30;18;kWh;-914;0;0;0;914;-914
10/02/2024 04:30;10/02/2024 04:45;19;kWh;-1358;0;0;0;1358;-1358
10/02/2024 04:45;10/02/2024 05:00;20;kWh;-334;0;0;0;334;-334
10/02/2024 05:00;10/02/2024 05:15;21;kWh;-9265;0;0;0;9265;-9265
10/02/2024 05:15;10/02/2024 05:30;22;kWh;-23956;0;0;0;23956;-23956
10/02/2024 05:30;10/02/2024 05:45;23;kWh;-7298;0;0;0;7298;-7298
10/02/2024 05:45;10/02/2024 06:00;24;kWh;-1657;0;0;0;1657;-1657
10/02/2024 06:00;10/02/2024 06:15;25;kWh;-15084;0;0;0;15084;-15084
10/02/2024 06:15;10/02/2024 06:30;26;kWh;-23318;0;0;0;23318;-23318
10/02/2024 06:30;10/02/2024 06:45;27;kWh;-6426;0;0;0;6426;-6426
10/02/2024 06:45;10/02/2024 07:00;28;kWh;-3316;0;0;0;3316;-3316
10/02/2024 07:00;10/02/2024 07:15;29;kWh;-690;0;0;0;690;-690
10/02/2024 07:15;10/02/2024 07:30;30;kWh;-690;0;0;0;690;-690
10/02/2024 07:30;10/02/2024 07:45;31;kWh;0;0;0;0;0;0
10/02/2024 07:45;10/02/2024 08:00;32;kWh;0;39;0;0;39;39
10/02/2024 08:00;10/02/2024 08:15;33;kWh;-666;891;0;0;1557;225
10/02/2024 08:15;10/02/2024 08:30;34;kWh;-14436;0;0;0;14436;-14436
10/02/2024 08:30;10/02/2024 08:45;35;kWh;-4592;0;0;0;4592;-4592
10/02/2024 08:45;10/02/2024 09:00;36;kWh;-956;0;0;0;956;-956
10/02/2024 09:00;10/02/2024 09:15;37;kWh;-2378;0;0;0;2378;-2378
10/02/2024 09:15;10/02/2024 09:30;38;kWh;-475;0;0;0;475;-475
10/02/2024 09:30;10/02/2024 09:45;39;kWh;0;16;0;0;16;16
10/02/2024 09:45;10/02/2024 10:00;40;kWh;0;4247;0;0;4247;4247
10/02/2024 10:00;10/02/2024 10:15;41;kWh;0;4121;0;0;4121;4121
10/02/2024 10:15;10/02/2024 10:30;42;kWh;0;35509;0;0;35509;35509
10/02/2024 10:30;10/02/2024 10:45;43;kWh;0;36129;0;0;36129;36129
10/02/2024 10:45;10/02/2024 11:00;44;kWh;0;33201;0;0;33201;33201
10/02/2024 11:00;10/02/2024 11:15;45;kWh;-4411;343;0;0;4754;-4068
10/02/2024 11:15;10/02/2024 11:30;46;kWh;-22236;0;0;0;22236;-22236
10/02/2024 11:30;10/02/2024 11:45;47;kWh;-11886;0;0;0;11886;-11886
10/02/2024 11:45;10/02/2024 12:00;48;kWh;-18099;0;0;0;18099;-18099
10/02/2024 12:00;10/02/2024 12:15;49;kWh;-6212;0;0;0;6212;-6212
10/02/2024 12:15;10/02/2024 12:30;50;kWh;0;0;0;0;0;0
10/02/2024 12:30;10/02/2024 12:45;51;kWh;0;1782;0;0;1782;1782
10/02/2024 12:45;10/02/2024 13:00;52;kWh;0;2603;0;0;2603;2603
10/02/2024 13:00;10/02/2024 13:15;53;kWh;0;0;0;0;0;0
10/02/2024 13:15;10/02/2024 13:30;54;kWh;-9264;0;0;0;9264;-9264
10/02/2024 13:30;10/02/2024 13:45;55;kWh;-19200;0;0;0;19200;-19200
10/02/2024 13:45;10/02/2024 14:00;56;kWh;-22259;0;0;0;22259;-22259
10/02/2024 14:00;10/02/2024 14:15;57;kWh;-50196;0;0;0;50196;-50196
10/02/2024 14:15;10/02/2024 14:30;58;kWh;-33445;0;0;0;33445;-33445
10/02/2024 14:30;10/02/2024 14:45;59;kWh;-5897;0;0;0;5897;-5897
10/02/2024 14:45;10/02/2024 15:00;60;kWh;-1267;0;0;0;1267;-1267
10/02/2024 15:00;10/02/2024 15:15;61;kWh;0;1710;0;0;1710;1710
10/02/2024 15:15;10/02/2024 15:30;62;kWh;-717;0;0;0;717;-717
10/02/2024 15:30;10/02/2024 15:45;63;kWh;-3306;0;0;0;3306;-3306
10/02/2024 15:45;10/02/2024 16:00;64;kWh;-2253;0;0;0;2253;-2253
10/02/2024 16:00;10/02/2024 16:15;65;kWh;-41343;388;0;0;41731;-40955
10/02/2024 16:15;10/02/2024 16:30;66;kWh;-8716;331;0;0;9047;-8385
10/02/2024 16:30;10/02/2024 16:45;67;kWh;-22235;0;0;0;22235;-22235
10/02/2024 16:45;10/02/2024 17:00;68;kWh;-3775;0;0;0;3775;-3775
10/02/2024 17:00;10/02/2024 17:15;69;kWh;-41076;0;0;0;41076;-41076
10/02/2024 17:15;10/02/2024 17:30;70;kWh;-17637;0;0;0;17637;-17637
10/02/2024 17:30;10/02/2024 17:45;71;kWh;-5880;0;0;0;5880;-5880
10/02/2024 17:45;10/02/2024 18:00;72;kWh;-254;0;0;0;254;-254
10/02/2024 18:00;10/02/2024 18:15;73;kWh;0;9690;0;0;9690;9690
10/02/2024 18:15;10/02/2024 18:30;74;kWh;0;199;0;0;199;199
10/02/2024 18:30;10/02/2024 18:45;75;kWh;-925;0;0;0;925;-925
10/02/2024 18:45;10/02/2024 19:00;76;kWh;-3061;0;0;0;3061;-3061
10/02/2024 19:00;10/02/2024 19:15;77;kWh;-329;0;0;0;329;-329
10/02/2024 19:15;10/02/2024 19:30;78;kWh;-7787;0;0;0;7787;-7787
10/02/2024 19:30;10/02/2024 19:45;79;kWh;-10598;0;0;0;10598;-10598
10/02/2024 19:45;10/02/2024 20:00;80;kWh;-29204;0;0;0;29204;-29204
10/02/2024 20:00;10/02/2024 20:15;81;kWh;-33302;0;0;0;33302;-33302
10/02/2024 20:15;10/02/2024 20:30;82;kWh;-41957;0;0;0;41957;-41957
10/02/2024 20:30;10/02/2024 20:45;83;kWh;-40998;0;0;0;40998;-40998
10/02/2024 20:45;10/02/2024 21:00;84;kWh;-60839;0;0;0;60839;-60839
10/02/2024 21:00;10/02/2024 21:15;85;kWh;-31920;0;0;0;31920;-31920
10/02/2024 21:15;10/02/2024 21:30;86;kWh;-10361;0;0;0;10361;-10361
10/02/2024 21:30;10/02/2024 21:45;87;kWh;-38321;0;0;0;38321;-38321
10/02/2024 21:45;10/02/2024 22:00;88;kWh;-43648;0;0;0;43648;-43648
10/02/2024 22:00;10/02/2024 22:15;89;kWh;-1052;4179;0;0;5231;3127
10/02/2024 22:15;10/02/2024 22:30;90;kWh;0;4359;0;0;4359;4359
10/02/2024 22:30;10/02/2024 22:45;91;kWh;0;7751;0;0;7751;7751
10/02/2024 22:45;10/02/2024 23:00;92;kWh;0;3073;0;0;3073;3073
10/02/2024 23:00;10/02/2024 23:15;93;kWh;0;28582;0;0;28582;28582
10/02/2024 23:15;10/02/2024 23:30;94;kWh;0;14048;0;0;14048;14048
10/02/2024 23:30;10/02/2024 23:45;95;kWh;0;468;0;0;468;468
10/02/2024 23:45;11/02/2024 00:00;96;kWh;-1614;0;0;0;1614;-1614
11/02/2024 00:00;11/02/2024 00:15;1;kWh;-2342;3067;0;0;5409;725
11/02/2024 00:15;11/02/2024 00:30;2;kWh;0;10722;0;0;10722;10722
11/02/2024 00:30;11/02/2024 00:45;3;kWh;0;2034;0;0;2034;2034
11/02/2024 00:45;11/02/2024 01:00;4;kWh;0;4706;0;0;4706;4706
11/02/2024 01:00;11/02/2024 01:15;5;kWh;0;1174;0;0;1174;1174
11/02/2024 01:15;11/02/2024 01:30;6;kWh;0;23922;0;0;23922;23922
11/02/2024 01:30;11/02/2024 01:45;7;kWh;0;34079;0;0;34079;34079
11/02/2024 01:45;11/02/2024 02:00;8;kWh;0;17035;0;0;17035;17035
11/02/2024 02:00;11/02/2024 02:15;9;kWh;0;17839;0;0;17839;17839
11/02/2024 02:15;11/02/2024 02:30;10;kWh;-2972;2329;0;0;5301;-643
11/02/2024 02:30;11/02/2024 02:45;11;kWh;-24369;0;0;0;24369;-24369
11/02/2024 02:45;11/02/2024 03:00;12;kWh;-40702;0;0;0;40702;-40702
11/02/2024 03:00;11/02/2024 03:15;13;kWh;-19756;0;0;0;19756;-19756
11/02/2024 03:15;11/02/2024 03:30;14;kWh;-50142;0;0;0;50142;-50142
11/02/2024 03:30;11/02/2024 03:45;15;kWh;-48589;0;0;0;48589;-48589
11/02/2024 03:45;11/02/2024 04:00;16;kWh;-27902;0;0;0;27902;-27902
11/02/2024 04:00;11/02/2024 04:15;17;kWh;-524;0;0;0;524;-524
11/02/2024 04:15;11/02/2024 04:30;18;kWh;-249;0;0;0;249;-249
11/02/2024 04:30;11/02/2024 04:45;19;kWh;-249;0;0;0;249;-249
11/02/2024 04:45;11/02/2024 05:00;20;kWh;-938;0;0;0;938;-938
11/02/2024 05:00;11/02/2024 05:15;21;kWh;-50;0;0;0;50;-50
11/02/2024 05:15;11/02/2024 05:30;22;kWh;-108;0;0;0;108;-108
11/02/2024 05:30;11/02/2024 05:45;23;kWh;-3290;0;0;0;3290;-3290
11/02/2024 05:45;11/02/2024 06:00;24;kWh;-2957;0;0;0;2957;-2957
11/02/2024 06:00;11/02/2024 06:15;25;kWh;-15456;0;0;0;15456;-15456
11/02/2024 06:15;11/02/2024 06:30;26;kWh;-12878;0;0;0;12878;-12878
11/02/2024 06:30;11/02/2024 06:45;27;kWh;-267;0;0;0;267;-267
11/02/2024 06:45;11/02/2024 07:00;28;kWh;-440;0;0;0;440;-440
11/02/2024 07:00;11/02/2024 07:15;29;kWh;-2146;1532;0;0;3678;-614
11/02/2024 07:15;11/02/2024 07:30;30;kWh;0;14929;0;0;14929;14929
11/02/2024 07:30;11/02/2024 07:45;31;kWh;0;4434;0;0;4434;4434
11/02/2024 07:45;11/02/2024 08:00;32;kWh;-11197;0;0;0;11197;-11197
11/02/2024 08:00;11/02/2024 08:15;33;kWh;-13473;0;0;0;13473;-13473
11/02/2024 08:15;11/02/2024 08:30;34;kWh;-7418;0;0;0;7418;-7418
11/02/2024 08:30;11/02/2024 08:45;35;kWh;-7648;0;0;0;7648;-7648
11/02/2024 08:45;11/02/2024 09:00;36;kWh;-365;0;0;0;365;-365
11/02/2024 09:00;11/02/2024 09:15;37;kWh;0;0;0;0;0;0
11/02/2024 09:15;11/02/2024 09:30;38;kWh;0;0;0;0;0;0
11/02/2024 09:30;11/02/2024 09:45;39;kWh;0;0;0;0;0;0
11/02/2024 09:45;11/02/2024 10:00;40;kWh;0;0;0;0;0;0
11/02/2024 10:00;11/02/2024 10:15;41;kWh;0;0;0;0;0;0
11/02/2024 10:15;11/02/2024 10:30;42;kWh;0;13551;0;0;13551;13551
11/02/2024 10:30;11/02/2024 10:45;43;kWh;0;31142;0;0;31142;31142
11/02/2024 10:45;11/02/2024 11:00;44;kWh;0;652;0;0;652;652
11/02/2024 11:00;11/02/2024 11:15;45;kWh;0;11757;0;0;11757;11757
11/02/2024 11:15;11/02/2024 11:30;46;kWh;-2614;1435;0;0;4049;-1179
11/02/2024 11:30;11/02/2024 11:45;47;kWh;-12076;0;0;0;12076;-12076
11/02/2024 11:45;11/02/2024 12:00;48;kWh;-2589;0;0;0;2589;-2589
11/02/2024 12:00;11/02/2024 12:15;49;kWh;-3834;0;0;0;3834;-3834
11/02/2024 12:15;11/02/2024 12:30;50;kWh;-16469;0;0;0;16469;-16469
11/02/2024 12:30;11/02/2024 12:45;51;kWh;-33069;0;0;0;33069;-33069
11/02/2024 12:45;11/02/2024 13:00;52;kWh;-24416;0;0;0;24416;-24416
11/02/2024 13:00;11/02/2024 13:15;53;kWh;-20786;0;0;0;20786;-20786
11/02/2024 13:15;11/02/2024 13:30;54;kWh;-14100;696;0;0;14796;-13404
11/02/2024 13:30;11/02/2024 13:45;55;kWh;0;19120;0;0;19120;19120
11/02/2024 13:45;11/02/2024 14:00;56;kWh;0;26912;0;0;26912;26912
11/02/2024 14:00;11/02/2024 14:15;57;kWh;-1474;1843;0;0;3317;369
11/02/2024 14:15;11/02/2024 14:30;58;kWh;0;25289;0;0;25289;25289
11/02/2024 14:30;11/02/2024 14:45;59;kWh;0;37849;0;0;37849;37849
11/02/2024 14:45;11/02/2024 15:00;60;kWh;0;43508;0;0;43508;43508
11/02/2024 15:00;11/02/2024 15:15;61;kWh;-5172;7227;0;0;12399;2055
11/02/2024 15:15;11/02/2024 15:30;62;kWh;-34;9401;0;0;9435;9367
11/02/2024 15:30;11/02/2024 15:45;63;kWh;0;23842;0;0;23842;23842
11/02/2024 15:45;11/02/2024 16:00;64;kWh;-4319;6642;0;0;10961;2323
11/02/2024 16:00;11/02/2024 16:15;65;kWh;-56479;0;0;0;56479;-56479
11/02/2024 16:15;11/02/2024 16:30;66;kWh;-49197;0;0;0;49197;-49197
11/02/2024 16:30;11/02/2024 16:45;67;kWh;-45342;0;0;0;45342;-45342
11/02/2024 16:45;11/02/2024 17:00;68;kWh;-35585;0;0;0;35585;-35585
11/02/2024 17:00;11/02/2024 17:15;69;kWh;-35404;0;0;0;35404;-35404
11/02/2024 17:15;11/02/2024 17:30;70;kWh;-12398;0;0;0;12398;-12398
11/02/2024 17:30;11/02/2024 17:45;71;kWh;-2498;0;0;0;2498;-2498
11/02/2024 17:45;11/02/2024 18:00;72;kWh;0;0;0;0;0;0
11/02/2024 18:00;11/02/2024 18:15;73;kWh;-136;0;0;0;136;-136
11/02/2024 18:15;11/02/2024 18:30;74;kWh;0;0;0;0;0;0
11/02/2024 18:30;11/02/2024 18:45;75;kWh;0;0;0;0;0;0
11/02/2024 18:45;11/02/2024 19:00;76;kWh;0;0;0;0;0;0
11/02/2024 19:00;11/02/2024 19:15;77;kWh;0;3291;0;0;3291;3291
11/02/2024 19:15;11/02/2024 19:30;78;kWh;-197;113;0;0;310;-84
11/02/2024 19:30;11/02/2024 19:45;79;kWh;-3230;0;0;0;3230;-3230
11/02/2024 19:45;11/02/2024 20:00;80;kWh;-1102;0;0;0;1102;-1102
11/02/2024 20:00;11/02/2024 20:15;81;kWh;0;0;0;0;0;0
11/02/2024 20:15;11/02/2024 20:30;82;kWh;0;6945;0;0;6945;6945
11/02/2024 20:30;11/02/2024 20:45;83;kWh;0;0;0;0;0;0
11/02/2024 20:45;11/02/2024 21:00;84;kWh;0;0;0;0;0;0
11/02/2024 21:00;11/02/2024 21:15;85;kWh;0;0;0;0;0;0
11/02/2024 21:15;11/02/2024 21:30;86;kWh;0;2504;0;0;2504;2504
11/02/2024 21:30;11/02/2024 21:45;87;kWh;0;15767;0;0;15767;15767
11/02/2024 21:45;11/02/2024 22:00;88;kWh;0;22571;0;0;22571;22571
11/02/2024 22:00;11/02/2024 22:15;89;kWh;0;26698;0;0;26698;26698
11/02/2024 22:15;11/02/2024 22:30;90;kWh;0;42458;0;0;42458;42458
11/02/2024 22:30;11/02/2024 22:45;91;kWh;0;12222;0;0;12222;12222
11/02/2024 22:45;11/02/2024 23:00;92;kWh;0;1032;0;0;1032;1032
11/02/2024 23:00;11/02/2024 23:15;93;kWh;-95;1;0;0;96;-94
11/02/2024 23:15;11/02/2024 23:30;94;kWh;-117;0;0;0;117;-117
11/02/2024 23:30;11/02/2024 23:45;95;kWh;-328;2161;0;0;2489;1833
11/02/2024 23:45;12/02/2024 00:00;96;kWh;-475;1267;0;0;1742;792
12/02/2024 00:00;12/02/2024 00:15;1;kWh;-631;586;0;0;1217;-45
12/02/2024 00:15;12/02/2024 00:30;2;kWh;0;13369;0;0;13369;13369
12/02/2024 00:30;12/02/2024 00:45;3;kWh;0;7672;0;0;7672;7672
12/02/2024 00:45;12/02/2024 01:00;4;kWh;0;65;0;0;65;65
12/02/2024 01:00;12/02/2024 01:15;5;kWh;0;0;0;0;0;0
12/02/2024 01:15;12/02/2024 01:30;6;kWh;0;0;0;0;0;0
12/02/2024 01:30;12/02/2024 01:45;7;kWh;0;3985;0;0;3985;3985
12/02/2024 01:45;12/02/2024 02:00;8;kWh;0;18254;0;0;18254;18254
12/02/2024 02:00;12/02/2024 02:15;9;kWh;0;50019;0;0;50019;50019
12/02/2024 02:15;12/02/2024 02:30;10;kWh;0;18083;0;0;18083;18083
12/02/2024 02:30;12/02/2024 02:45;11;kWh;0;38259;0;0;38259;38259
12/02/2024 02:45;12/02/2024 03:00;12;kWh;0;6630;0;0;6630;6630
12/02/2024 03:00;12/02/2024 03:15;13;kWh;0;13846;0;0;13846;13846
12/02/2024 03:15;12/02/2024 03:30;14;kWh;0;15753;0;0;15753;15753
12/02/2024 03:30;12/02/2024 03:45;15;kWh;0;7408;0;0;7408;7408
12/02/2024 03:45;12/02/2024 04:00;16;kWh;0;17565;0;0;17565;17565
12/02/2024 04:00;12/02/2024 04:15;17;kWh;0;7671;0;0;7671;7671
12/02/2024 04:15;12/02/2024 04:30;18;kWh;0;0;0;0;0;0
12/02/2024 04:30;12/02/2024 04:45;19;kWh;0;5399;0;0;5399;5399
12/02/2024 04:45;12/02/2024 05:00;20;kWh;0;14172;0;0;14172;14172
12/02/2024 05:00;12/02/2024 05:15;21;kWh;0;649;0;0;649;649
12/02/2024 05:15;12/02/2024 05:30;22;kWh;-726;409;0;0;1135;-317
12/02/2024 05:30;12/02/2024 05:45;23;kWh;0;1;0;0;1;1
12/02/2024 05:45;12/02/2024 06:00;24;kWh;-88;0;0;0;88;-88
12/02/2024 06:00;12/02/2024 06:15;25;kWh;-23132;0;0;0;23132;-23132
12/02/2024 06:15;12/02/2024 06:30;26;kWh;-37470;0;0;0;37470;-37470
12/02/2024 06:30;12/02/2024 06:45;27;kWh;-21574;0;0;0;21574;-21574
12/02/2024 06:45;12/02/2024 07:00;28;kWh;-2247;0;0;0;2247;-2247
12/02/2024 07:00;12/02/2024 07:15;29;kWh;-3996;0;0;0;3996;-3996
12/02/2024 07:15;12/02/2024 07:30;30;kWh;-9234;0;0;0;9234;-9234
12/02/2024 07:30;12/02/2024 07:45;31;kWh;-19447;0;0;0;19447;-19447
12/02/2024 07:45;12/02/2024 08:00;32;kWh;-2602;0;0;0;2602;-2602
12/02/2024 08:00;12/02/2024 08:15;33;kWh;-9301;0;0;0;9301;-9301
12/02/2024 08:15;12/02/2024 08:30;34;kWh;0;0;0;0;0;0
12/02/2024 08:30;12/02/2024 08:45;35;kWh;0;0;0;0;0;0
12/02/2024 08:45;12/02/2024 09:00;36;kWh;-675;0;0;0;675;-675
12/02/2024 09:00;12/02/2024 09:15;37;kWh;-14766;0;0;0;14766;-14766
12/02/2024 09:15;12/02/2024 09:30;38;kWh;-45954;0;0;0;45954;-45954
12/02/2024 09:30;12/02/2024 09:45;39;kWh;-55761;0;0;0;55761;-55761
12/02/2024 09:45;12/02/2024 10:00;40;kWh;-64697;0;0;0;64697;-64697
12/02/2024 10:00;12/02/2024 10:15;41;kWh;-13542;0;0;0;13542;-13542
12/02/2024 10:15;12/02/2024 10:30;42;kWh;-1626;0;0;0;1626;-1626
12/02/2024 10:30;12/02/2024 10:45;43;kWh;0;2610;0;0;2610;2610
12/02/2024 10:45;12/02/2024 11:00;44;kWh;0;10689;0;0;10689;10689
12/02/2024 11:00;12/02/2024 11:15;45;kWh;0;6291;0;0;6291;6291
12/02/2024 11:15;12/02/2024 11:30;46;kWh;0;17906;0;0;17906;17906
12/02/2024 11:30;12/02/2024 11:45;47;kWh;-4401;0;0;0;4401;-4401
12/02/2024 11:45;12/02/2024 12:00;48;kWh;-11606;0;0;0;11606;-11606
12/02/2024 12:00;12/02/2024 12:15;49;kWh;-11855;0;0;0;11855;-11855
12/02/2024 12:15;12/02/2024 12:30;50;kWh;-15343;0;0;0;15343;-15343
12/02/2024 12:30;12/02/2024 12:45;51;kWh;-30544;0;0;0;30544;-30544
12/02/2024 12:45;12/02/2024 13:00;52;kWh;-28372;0;0;0;28372;-28372
12/02/2024 13:00;12/02/2024 13:15;53;kWh;-20071;0;0;0;20071;-20071
12/02/2024 13:15;12/02/2024 13:30;54;kWh;0;0;0;0;0;0
12/02/2024 13:30;12/02/2024 13:45;55;kWh;0;944;0;0;944;944
12/02/2024 13:45;12/02/2024 14:00;56;kWh;-3246;0;0;0;3246;-3246
12/02/2024 14:00;12/02/2024 14:15;57;kWh;-19180;0;0;0;19180;-19180
12/02/2024 14:15;12/02/2024 14:30;58;kWh;0;0;0;0;0;0
12/02/2024 14:30;12/02/2024 14:45;59;kWh;-883;0;0;0;883;-883
12/02/2024 14:45;12/02/2024 15:00;60;kWh;-23649;0;0;0;23649;-23649
12/02/2024 15:00;12/02/2024 15:15;61;kWh;-103681;0;0;0;103681;-103681
12/02/2024 15:15;12/02/2024 15:30;62;kWh;-19948;0;0;0;19948;-19948
12/02/2024 15:30;12/02/2024 15:45;63;kWh;-600;0;0;0;600;-600
12/02/2024 15:45;12/02/2024 16:00;64;kWh;-5199;0;0;0;5199;-5199
12/02/2024 16:00;12/02/2024 16:15;65;kWh;-74991;0;0;0;74991;-74991
12/02/2024 16:15;12/02/2024 16:30;66;kWh;-18777;0;0;0;18777;-18777
12/02/2024 16:30;12/02/2024 16:45;67;kWh;-1999;0;0;0;1999;-1999
12/02/2024 16:45;12/02/2024 17:00;68;kWh;-1000;0;0;0;1000;-1000
12/02/2024 17:00;12/02/2024 17:15;69;kWh;-39927;0;0;0;39927;-39927
12/02/2024 17:15;12/02/2024 17:30;70;kWh;-15943;0;0;0;15943;-15943
12/02/2024 17:30;12/02/2024 17:45;71;kWh;0;0;0;0;0;0
12/02/2024 17:45;12/02/2024 18:00;72;kWh;0;3469;0;0;3469;3469
12/02/2024 18:00;12/02/2024 18:15;73;kWh;0;12516;0;0;12516;12516
12/02/2024 18:15;12/02/2024 18:30;74;kWh;0;39928;0;0;39928;39928
12/02/2024 18:30;12/02/2024 18:45;75;kWh;0;35988;0;0;35988;35988
12/02/2024 18:45;12/02/2024 19:00;76;kWh;0;21594;0;0;21594;21594
12/02/2024 19:00;12/02/2024 19:15;77;kWh;0;30512;0;0;30512;30512
12/02/2024 19:15;12/02/2024 19:30;78;kWh;0;1804;0;0;1804;1804
12/02/2024 19:30;12/02/2024 19:45;79;kWh;0;208;0;0;208;208
12/02/2024 19:45;12/02/2024 20:00;80;kWh;0;0;0;0;0;0
12/02/2024 20:00;12/02/2024 20:15;81;kWh;0;0;0;0;0;0
12/02/2024 20:15;12/02/2024 20:30;82;kWh;0;0;0;0;0;0
12/02/2024 20:30;12/02/2024 20:45;83;kWh;0;0;0;0;0;0
12/02/2024 20:45;12/02/2024 21:00;84;kWh;0;0;0;0;0;0
12/02/2024 21:00;12/02/2024 21:15;85;kWh;0;0;0;0;0;0
12/02/2024 21:15;12/02/2024 21:30;86;kWh;0;1135;0;0;1135;1135
12/02/2024 21:30;12/02/2024 21:45;87;kWh;0;101;0;0;101;101
12/02/2024 21:45;12/02/2024 22:00;88;kWh;0;2541;0;0;2541;2541
12/02/2024 22:00;12/02/2024 22:15;89;kWh;-1229;4;0;0;1233;-1225
12/02/2024 22:15;12/02/2024 22:30;90;kWh;-596;0;0;0;596;-596
12/02/2024 22:30;12/02/2024 22:45;91;kWh;0;2932;0;0;2932;2932
12/02/2024 22:45;12/02/2024 23:00;92;kWh;-40;0;0;0;40;-40
12/02/2024 23:00;12/02/2024 23:15;93;kWh;-275;0;0;0;275;-275
12/02/2024 23:15;12/02/2024 23:30;94;kWh;-2366;0;0;0;2366;-2366
12/02/2024 23:30;12/02/2024 23:45;95;kWh;-2949;0;0;0;2949;-2949
12/02/2024 23:45;13/02/2024 00:00;96;kWh;-21669;0;0;0;21669;-21669
13/02/2024 00:00;13/02/2024 00:15;1;kWh;-16271;11893;0;0;28164;-4378
13/02/2024 00:15;13/02/2024 00:30;2;kWh;-2641;0;0;0;2641;-2641
13/02/2024 00:30;13/02/2024 00:45;3;kWh;-2545;0;0;0;2545;-2545
13/02/2024 00:45;13/02/2024 01:00;4;kWh;-20510;0;0;0;20510;-20510
13/02/2024 01:00;13/02/2024 01:15;5;kWh;-15237;0;0;0;15237;-15237
13/02/2024 01:15;13/02/2024 01:30;6;kWh;-10688;0;0;0;10688;-10688
13/02/2024 01:30;13/02/2024 01:45;7;kWh;-38268;0;0;0;38268;-38268
13/02/2024 01:45;13/02/2024 02:00;8;kWh;-47204;0;0;0;47204;-47204
13/02/2024 02:00;13/02/2024 02:15;9;kWh;-2731;1061;0;0;3792;-1670
13/02/2024 02:15;13/02/2024 02:30;10;kWh;0;2353;0;0;2353;2353
13/02/2024 02:30;13/02/2024 02:45;11;kWh;0;5158;0;0;5158;5158
13/02/2024 02:45;13/02/2024 03:00;12;kWh;0;294;0;0;294;294
13/02/2024 03:00;13/02/2024 03:15;13;kWh;0;21172;0;0;21172;21172
13/02/2024 03:15;13/02/2024 03:30;14;kWh;0;3649;0;0;3649;3649
13/02/2024 03:30;13/02/2024 03:45;15;kWh;0;3523;0;0;3523;3523
13/02/2024 03:45;13/02/2024 04:00;16;kWh;0;202;0;0;202;202
13/02/2024 04:00;13/02/2024 04:15;17;kWh;0;0;0;0;0;0
13/02/2024 04:15;13/02/2024 04:30;18;kWh;-25883;0;0;0;25883;-25883
13/02/2024 04:30;13/02/2024 04:45;19;kWh;-34111;0;0;0;34111;-34111
13/02/2024 04:45;13/02/2024 05:00;20;kWh;-23238;0;0;0;23238;-23238
13/02/2024 05:00;13/02/2024 05:15;21;kWh;-8783;0;0;0;8783;-8783
13/02/2024 05:15;13/02/2024 05:30;22;kWh;-4692;0;0;0;4692;-4692
13/02/2024 05:30;13/02/2024 05:45;23;kWh;-1829;0;0;0;1829;-1829
13/02/2024 05:45;13/02/2024 06:00;24;kWh;0;536;0;0;536;536
13/02/2024 06:00;13/02/2024 06:15;25;kWh;-951;0;0;0;951;-951
13/02/2024 06:15;13/02/2024 06:30;26;kWh;-4289;0;0;0;4289;-4289
13/02/2024 06:30;13/02/2024 06:45;27;kWh;-562;0;0;0;562;-562
13/02/2024 06:45;13/02/2024 07:00;28;kWh;-72;3829;0;0;3901;3757
13/02/2024 07:00;13/02/2024 07:15;29;kWh;-34104;0;0;0;34104;-34104
13/02/2024 07:15;13/02/2024 07:30;30;kWh;-9332;536;0;0;9868;-8796
13/02/2024 07:30;13/02/2024 07:45;31;kWh;0;9933;0;0;9933;9933
13/02/2024 07:45;13/02/2024 08:00;32;kWh;0;7120;0;0;7120;7120
13/02/2024 08:00;13/02/2024 08:15;33;kWh;-25983;0;0;0;25983;-25983
13/02/2024 08:15;13/02/2024 08:30;34;kWh;-39912;0;0;0;39912;-39912
13/02/2024 08:30;13/02/2024 08:45;35;kWh;-43820;0;0;0;43820;-43820
13/02/2024 08:45;13/02/2024 09:00;36;kWh;-73642;0;0;0;73642;-73642
13/02/2024 09:00;13/02/2024 09:15;37;kWh;-19795;0;0;0;19795;-19795
13/02/2024 09:15;13/02/2024 09:30;38;kWh;-34730;0;0;0;34730;-34730
13/02/2024 09:30;13/02/2024 09:45;39;kWh;-58827;0;0;0;58827;-58827
13/02/2024 09:45;13/02/2024 10:00;40;kWh;-35563;0;0;0;35563;-35563
13/02/2024 10:00;13/02/2024 10:15;41;kWh;-22811;1590;0;0;24401;-21221
13/02/2024 10:15;13/02/2024 10:30;42;kWh;-21771;2;0;0;21773;-21769
13/02/2024 10:30;13/02/2024 10:45;43;kWh;-17517;616;0;0;18133;-16901
13/02/2024 10:45;13/02/2024 11:00;44;kWh;-16218;0;0;0;16218;-16218
13/02/2024 11:00;13/02/2024 11:15;45;kWh;-23135;0;0;0;23135;-23135
13/02/2024 11:15;13/02/2024 11:30;46;kWh;-18274;0;0;0;18274;-18274
13/02/2024 11:30;13/02/2024 11:45;47;kWh;-23902;0;0;0;23902;-23902
13/02/2024 11:45;13/02/2024 12:00;48;kWh;-10913;0;0;0;10913;-10913
13/02/2024 12:00;13/02/2024 12:15;49;kWh;-4147;0;0;0;4147;-4147
13/02/2024 12:15;13/02/2024 12:30;50;kWh;-1275;0;0;0;1275;-1275
13/02/2024 12:30;13/02/2024 12:45;51;kWh;0;0;0;0;0;0
13/02/2024 12:45;13/02/2024 13:00;52;kWh;0;0;0;0;0;0
13/02/2024 13:00;13/02/2024 13:15;53;kWh;-6873;0;0;0;6873;-6873
13/02/2024 13:15;13/02/2024 13:30;54;kWh;-64;2977;0;0;3041;2913
13/02/2024 13:30;13/02/2024 13:45;55;kWh;0;2291;0;0;2291;2291
13/02/2024 13:45;13/02/2024 14:00;56;kWh;-5074;0;0;0;5074;-5074
13/02/2024 14:00;13/02/2024 14:15;57;kWh;-22277;0;0;0;22277;-22277
13/02/2024 14:15;13/02/2024 14:30;58;kWh;-8548;0;0;0;8548;-8548
13/02/2024 14:30;13/02/2024 14:45;59;kWh;0;521;0;0;521;521
13/02/2024 14:45;13/02/2024 15:00;60;kWh;0;17554;0;0;17554;17554
13/02/2024 15:00;13/02/2024 15:15;61;kWh;0;27257;0;0;27257;27257
13/02/2024 15:15;13/02/2024 15:30;62;kWh;0;1734;0;0;1734;1734
13/02/2024 15:30;13/02/2024 15:45;63;kWh;0;54428;0;0;54428;54428
13/02/2024 15:45;13/02/2024 16:00;64;kWh;0;18549;0;0;18549;18549
13/02/2024 16:00;13/02/2024 16:15;65;kWh;-7;534;0;0;541;527
13/02/2024 16:15;13/02/2024 16:30;66;kWh;-16020;0;0;0;16020;-16020
13/02/2024 16:30;13/02/2024 16:45;67;kWh;-6476;0;0;0;6476;-6476
13/02/2024 16:45;13/02/2024 17:00;68;kWh;0;0;0;0;0;0
13/02/2024 17:00;13/02/2024 17:15;69;kWh;-9579;0;0;0;9579;-9579
13/02/2024 17:15;13/02/2024 17:30;70;kWh;0;123;0;0;123;123
13/02/2024 17:30;13/02/2024 17:45;71;kWh;0;1026;0;0;1026;1026
13/02/2024 17:45;13/02/2024 18:00;72;kWh;0;0;0;0;0;0
13/02/2024 18:00;13/02/2024 18:15;73;kWh;0;0;0;0;0;0
13/02/2024 18:15;13/02/2024 18:30;74;kWh;0;2999;0;0;2999;2999
13/02/2024 18:30;13/02/2024 18:45;75;kWh;-357;1856;0;0;2213;1499
13/02/2024 18:45;13/02/2024 19:00;76;kWh;-12923;0;0;0;12923;-12923
13/02/2024 19:00;13/02/2024 19:15;77;kWh;-3629;0;0;0;3629;-3629
13/02/2024 19:15;13/02/2024 19:30;78;kWh;0;1215;0;0;1215;1215
13/02/2024 19:30;13/02/2024 19:45;79;kWh;0;0;0;0;0;0
13/02/2024 19:45;13/02/2024 20:00;80;kWh;0;0;0;0;0;0
13/02/2024 20:00;13/02/2024 20:15;81;kWh;-271;0;0;0;271;-271
13/02/2024 20:15;13/02/2024 20:30;82;kWh;-1319;0;0;0;1319;-1319
13/02/2024 20:30;13/02/2024 20:45;83;kWh;-940;0;0;0;940;-940
13/02/2024 20:45;13/02/2024 21:00;84;kWh;-1380;0;0;0;1380;-1380
13/02/2024 21:00;13/02/2024 21:15;85;kWh;-316;0;0;0;316;-316
13/02/2024 21:15;13/02/2024 21:30;86;kWh;-1316;0;0;0;1316;-1316
13/02/2024 21:30;13/02/2024 21:45;87;kWh;-1388;0;0;0;1388;-1388
13/02/2024 21:45;13/02/2024 22:00;88;kWh;-1214;0;0;0;1214;-1214
13/02/2024 22:00;13/02/2024 22:15;89;kWh;-99;2126;0;0;2225;2027
13/02/2024 22:15;13/02/2024 22:30;90;kWh;0;999;0;0;999;999
13/02/2024 22:30;13/02/2024 22:45;91;kWh;0;27413;0;0;27413;27413
13/02/2024 22:45;13/02/2024 23:00;92;kWh;-2046;226;0;0;2272;-1820
13/02/2024 23:00;13/02/2024 23:15;93;kWh;-4004;0;0;0;4004;-4004
13/02/2024 23:15;13/02/2024 23:30;94;kWh;-1034;0;0;0;1034;-1034
13/02/2024 23:30;13/02/2024 23:45;95;kWh;-2075;0;0;0;2075;-2075
13/02/2024 23:45;14/02/2024 00:00;96;kWh;-9666;0;0;0;9666;-9666
14/02/2024 00:00;14/02/2024 00:15;1;kWh;-14025;0;0;0;14025;-14025
14/02/2024 00:15;14/02/2024 00:30;2;kWh;-12053;0;0;0;12053;-12053
14/02/2024 00:30;14/02/2024 00:45;3;kWh;-19900;0;0;0;19900;-19900
14/02/2024 00:45;14/02/2024 01:00;4;kWh;-26244;0;0;0;26244;-26244
14/02/2024 01:00;14/02/2024 01:15;5;kWh;-7091;1385;0;0;8476;-5706
14/02/2024 01:15;14/02/2024 01:30;6;kWh;0;5100;0;0;5100;5100
14/02/2024 01:30;14/02/2024 01:45;7;kWh;-40;414;0;0;454;374
14/02/2024 01:45;14/02/2024 02:00;8;kWh;-5542;0;0;0;5542;-5542
14/02/2024 02:00;14/02/2024 02:15;9;kWh;-1296;4324;0;0;5620;3028
14/02/2024 02:15;14/02/2024 02:30;10;kWh;0;1985;0;0;1985;1985
14/02/2024 02:30;14/02/2024 02:45;11;kWh;-472;0;0;0;472;-472
14/02/2024 02:45;14/02/2024 03:00;12;kWh;-4802;0;0;0;4802;-4802
14/02/2024 03:00;14/02/2024 03:15;13;kWh;-14;672;0;0;686;658
14/02/2024 03:15;14/02/2024 03:30;14;kWh;-1243;0;0;0;1243;-1243
14/02/2024 03:30;14/02/2024 03:45;15;kWh;-4519;0;0;0;4519;-4519
14/02/2024 03:45;14/02/2024 04:00;16;kWh;-1227;0;0;0;1227;-1227
14/02/2024 04:00;14/02/2024 04:15;17;kWh;0;1472;0;0;1472;1472
14/02/2024 04:15;14/02/2024 04:30;18;kWh;0;8411;0;0;8411;8411
14/02/2024 04:30;14/02/2024 04:45;19;kWh;0;24698;0;0;24698;24698
14/02/2024 04:45;14/02/2024 05:00;20;kWh;0;21486;0;0;21486;21486
14/02/2024 05:00;14/02/2024 05:15;21;kWh;0;1070;0;0;1070;1070
14/02/2024 05:15;14/02/2024 05:30;22;kWh;0;5227;0;0;5227;5227
14/02/2024 05:30;14/02/2024 05:45;23;kWh;0;23966;0;0;23966;23966
14/02/2024 05:45;14/02/2024 06:00;24;kWh;0;29802;0;0;29802;29802
14/02/2024 06:00;14/02/2024 06:15;25;kWh;-9581;2291;0;0;11872;-7290
14/02/2024 06:15;14/02/2024 06:30;26;kWh;-13;1401;0;0;1414;1388
14/02/2024 06:30;14/02/2024 06:45;27;kWh;0;16449;0;0;16449;16449
14/02/2024 06:45;14/02/2024 07:00;28;kWh;0;29588;0;0;29588;29588
14/02/2024 07:00;14/02/2024 07:15;29;kWh;-6746;2554;0;0;9300;-4192
14/02/2024 07:15;14/02/2024 07:30;30;kWh;0;1361;0;0;1361;1361
14/02/2024 07:30;14/02/2024 07:45;31;kWh;0;3569;0;0;3569;3569
14/02/2024 07:45;14/02/2024 08:00;32;kWh;0;223;0;0;223;223
14/02/2024 08:00;14/02/2024 08:15;33;kWh;-17477;0;0;0;17477;-17477
14/02/2024 08:15;14/02/2024 08:30;34;kWh;-317;0;0;0;317;-317
14/02/2024 08:30;14/02/2024 08:45;35;kWh;0;0;0;0;0;0
14/02/2024 08:45;14/02/2024 09:00;36;kWh;0;0;0;0;0;0
14/02/2024 09:00;14/02/2024 09:15;37;kWh;0;643;0;0;643;643
14/02/2024 09:15;14/02/2024 09:30;38;kWh;0;0;0;0;0;0
14/02/2024 09:30;14/02/2024 09:45;39;kWh;0;257;0;0;257;257
14/02/2024 09:45;14/02/2024 10:00;40;kWh;-14;0;0;0;14;-14
14/02/2024 10:00;14/02/2024 10:15;41;kWh;-9879;0;0;0;9879;-9879
14/02/2024 10:15;14/02/2024 10:30;42;kWh;-2156;0;0;0;2156;-2156
14/02/2024 10:30;14/02/2024 10:45;43;kWh;-5432;0;0;0;5432;-5432
14/02/2024 10:45;14/02/2024 11:00;44;kWh;-7368;0;0;0;7368;-7368
14/02/2024 11:00;14/02/2024 11:15;45;kWh;-16035;0;0;0;16035;-16035
14/02/2024 11:15;14/02/2024 11:30;46;kWh;-7649;0;0;0;7649;-7649
14/02/2024 11:30;14/02/2024 11:45;47;kWh;-334;108;0;0;442;-226
14/02/2024 11:45;14/02/2024 12:00;48;kWh;0;4493;0;0;4493;4493
14/02/2024 12:00;14/02/2024 12:15;49;kWh;-1567;98;0;0;1665;-1469
14/02/2024 12:15;14/02/2024 12:30;50;kWh;0;24178;0;0;24178;24178
14/02/2024 12:30;14/02/2024 12:45;51;kWh;0;31364;0;0;31364;31364
14/02/2024 12:45;14/02/2024 13:00;52;kWh;0;25612;0;0;25612;25612
14/02/2024 13:00;14/02/2024 13:15;53;kWh;0;17515;0;0;17515;17515
14/02/2024 13:15;14/02/2024 13:30;54;kWh;0;12224;0;0;12224;12224
14/02/2024 13:30;14/02/2024 13:45;55;kWh;0;8167;0;0;8167;8167
14/02/2024 13:45;14/02/2024 14:00;56;kWh;0;5502;0;0;5502;5502
14/02/2024 14:00;14/02/2024 14:15;57;kWh;0;2237;0;0;2237;2237
14/02/2024 14:15;14/02/2024 14:30;58;kWh;-78;1;0;0;79;-77
14/02/2024 14:30;14/02/2024 14:45;59;kWh;0;0;0;0;0;0
14/02/2024 14:45;14/02/2024 15:00;60;kWh;0;0;0;0;0;0
14/02/2024 15:00;14/02/2024 15:15;61;kWh;0;0;0;0;0;0
14/02/2024 15:15;14/02/2024 15:30;62;kWh;0;2016;0;0;2016;2016
14/02/2024 15:30;14/02/2024 15:45;63;kWh;0;2189;0;0;2189;2189
14/02/2024 15:45;14/02/2024 16:00;64;kWh;0;6357;0;0;6357;6357
14/02/2024 16:00;14/02/2024 16:15;65;kWh;0;7490;0;0;7490;7490
14/02/2024 16:15;14/02/2024 16:30;66;kWh;0;5689;0;0;5689;5689
14/02/2024 16:30;14/02/2024 16:45;67;kWh;0;15110;0;0;15110;15110
14/02/2024 16:45;14/02/2024 17:00;68;kWh;0;15560;0;0;15560;15560
14/02/2024 17:00;14/02/2024 17:15;69;kWh;0;3968;0;0;3968;3968
14/02/2024 17:15;14/02/2024 17:30;70;kWh;0;7830;0;0;7830;7830
14/02/2024 17:30;14/02/2024 17:45;71;kWh;0;7579;0;0;7579;7579
14/02/2024 17:45;14/02/2024 18:00;72;kWh;0;0;0;0;0;0
14/02/2024 18:00;14/02/2024 18:15;73;kWh;-70;0;0;0;70;-70
14/02/2024 18:15;14/02/2024 18:30;74;kWh;0;0;0;0;0;0
14/02/2024 18:30;14/02/2024 18:45;75;kWh;0;0;0;0;0;0
14/02/2024 18:45;14/02/2024 19:00;76;kWh;0;0;0;0;0;0
14/02/2024 19:00;14/02/2024 19:15;77;kWh;0;0;0;0;0;0
14/02/2024 19:15;14/02/2024 19:30;78;kWh;0;921;0;0;921;921
14/02/2024 19:30;14/02/2024 19:45;79;kWh;0;0;0;0;0;0
14/02/2024 19:45;14/02/2024 20:00;80;kWh;-39;0;0;0;39;-39
14/02/2024 20:00;14/02/2024 20:15;81;kWh;-799;0;0;0;799;-799
14/02/2024 20:15;14/02/2024 20:30;82;kWh;-335;0;0;0;335;-335
14/02/2024 20:30;14/02/2024 20:45;83;kWh;0;0;0;0;0;0
14/02/2024 20:45;14/02/2024 21:00;84;kWh;-6;0;0;0;6;-6
14/02/2024 21:00;14/02/2024 21:15;85;kWh;-2736;0;0;0;2736;-2736
14/02/2024 21:15;14/02/2024 21:30;86;kWh;-2636;0;0;0;2636;-2636
14/02/2024 21:30;14/02/2024 21:45;87;kWh;-1803;0;0;0;1803;-1803
14/02/2024 21:45;14/02/2024 22:00;88;kWh;-6214;0;0;0;6214;-6214
14/02/2024 22:00;14/02/2024 22:15;89;kWh;-4457;0;0;0;4457;-4457
14/02/2024 22:15;14/02/2024 22:30;90;kWh;0;2055;0;0;2055;2055
14/02/2024 22:30;14/02/2024 22:45;91;kWh;0;0;0;0;0;0
14/02/2024 22:45;14/02/2024 23:00;92;kWh;0;0;0;0;0;0
14/02/2024 23:00;14/02/2024 23:15;93;kWh;-779;18;0;0;797;-761
14/02/2024 23:15;14/02/2024 23:30;94;kWh;0;2570;0;0;2570;2570
14/02/2024 23:30;14/02/2024 23:45;95;kWh;0;735;0;0;735;735
14/02/2024 23:45;15/02/2024 00:00;96;kWh;0;106;0;0;106;106
15/02/2024 00:00;15/02/2024 00:15;1;kWh;0;0;0;0;0;0
15/02/2024 00:15;15/02/2024 00:30;2;kWh;0;2608;0;0;2608;2608
15/02/2024 00:30;15/02/2024 00:45;3;kWh;0;4083;0;0;4083;4083
15/02/2024 00:45;15/02/2024 01:00;4;kWh;0;5483;0;0;5483;5483
15/02/2024 01:00;15/02/2024 01:15;5;kWh;0;305;0;0;305;305
15/02/2024 01:15;15/02/2024 01:30;6;kWh;0;0;0;0;0;0
15/02/2024 01:30;15/02/2024 01:45;7;kWh;0;0;0;0;0;0
15/02/2024 01:45;15/02/2024 02:00;8;kWh;-1997;0;0;0;1997;-1997
15/02/2024 02:00;15/02/2024 02:15;9;kWh;-4592;0;0;0;4592;-4592
15/02/2024 02:15;15/02/2024 02:30;10;kWh;-53344;0;0;0;53344;-53344
15/02/2024 02:30;15/02/2024 02:45;11;kWh;-70293;0;0;0;70293;-70293
15/02/2024 02:45;15/02/2024 03:00;12;kWh;-37525;5;0;0;37530;-37520
15/02/2024 03:00;15/02/2024 03:15;13;kWh;-7621;0;0;0;7621;-7621
15/02/2024 03:15;15/02/2024 03:30;14;kWh;0;1991;0;0;1991;1991
15/02/2024 03:30;15/02/2024 03:45;15;kWh;0;5781;0;0;5781;5781
15/02/2024 03:45;15/02/2024 04:00;16;kWh;0;10712;0;0;10712;10712
15/02/2024 04:00;15/02/2024 04:15;17;kWh;-5;400;0;0;405;395
15/02/2024 04:15;15/02/2024 04:30;18;kWh;-25;278;0;0;303;253
15/02/2024 04:30;15/02/2024 04:45;19;kWh;0;17633;0;0;17633;17633
15/02/2024 04:45;15/02/2024 05:00;20;kWh;0;7506;0;0;7506;7506
15/02/2024 05:00;15/02/2024 05:15;21;kWh;0;125;0;0;125;125
15/02/2024 05:15;15/02/2024 05:30;22;kWh;-922;0;0;0;922;-922
15/02/2024 05:30;15/02/2024 05:45;23;kWh;-1;0;0;0;1;-1
15/02/2024 05:45;15/02/2024 06:00;24;kWh;-7;0;0;0;7;-7
15/02/2024 06:00;15/02/2024 06:15;25;kWh;-12297;0;0;0;12297;-12297
15/02/2024 06:15;15/02/2024 06:30;26;kWh;-2363;0;0;0;2363;-2363
15/02/2024 06:30;15/02/2024 06:45;27;kWh;0;9590;0;0;9590;9590
15/02/2024 06:45;15/02/2024 07:00;28;kWh;0;1255;0;0;1255;1255
15/02/2024 07:00;15/02/2024 07:15;29;kWh;-23974;0;0;0;23974;-23974
15/02/2024 07:15;15/02/2024 07:30;30;kWh;-21819;0;0;0;21819;-21819
15/02/2024 07:30;15/02/2024 07:45;31;kWh;-8499;0;0;0;8499;-8499
15/02/2024 07:45;15/02/2024 08:00;32;kWh;-16041;0;0;0;16041;-16041
15/02/2024 08:00;15/02/2024 08:15;33;kWh;-5848;0;0;0;5848;-5848
15/02/2024 08:15;15/02/2024 08:30;34;kWh;-66;0;0;0;66;-66
15/02/2024 08:30;15/02/2024 08:45;35;kWh;0;2456;0;0;2456;2456
15/02/2024 08:45;15/02/2024 09:00;36;kWh;0;6527;0;0;6527;6527
15/02/2024 09:00;15/02/2024 09:15;37;kWh;0;36638;0;0;36638;36638
15/02/2024 09:15;15/02/2024 09:30;38;kWh;0;6849;0;0;6849;6849
15/02/2024 09:30;15/02/2024 09:45;39;kWh;0;1933;0;0;1933;1933
15/02/2024 09:45;15/02/2024 10:00;40;kWh;0;8627;0;0;8627;8627
15/02/2024 10:00;15/02/2024 10:15;41;kWh;0;21919;0;0;21919;21919
15/02/2024 10:15;15/02/2024 10:30;42;kWh;0;34080;0;0;34080;34080
15/02/2024 10:30;15/02/2024 10:45;43;kWh;0;7878;0;0;7878;7878
15/02/2024 10:45;15/02/2024 11:00;44;kWh;0;3573;0;0;3573;3573
15/02/2024 11:00;15/02/2024 11:15;45;kWh;0;14379;0;0;14379;14379
15/02/2024 11:15;15/02/2024 11:30;46;kWh;0;30554;0;0;30554;30554
15/02/2024 11:30;15/02/2024 11:45;47;kWh;0;15141;0;0;15141;15141
15/02/2024 11:45;15/02/2024 12:00;48;kWh;0;2523;0;0;2523;2523
15/02/2024 12:00;15/02/2024 12:15;49;kWh;0;221;0;0;221;221
15/02/2024 12:15;15/02/2024 12:30;50;kWh;0;79;0;0;79;79
15/02/2024 12:30;15/02/2024 12:45;51;kWh;0;0;0;0;0;0
15/02/2024 12:45;15/02/2024 13:00;52;kWh;0;0;0;0;0;0
15/02/2024 13:00;15/02/2024 13:15;53;kWh;0;10007;0;0;10007;10007
15/02/2024 13:15;15/02/2024 13:30;54;kWh;0;13694;0;0;13694;13694
15/02/2024 13:30;15/02/2024 13:45;55;kWh;0;0;0;0;0;0
15/02/2024 13:45;15/02/2024 14:00;56;kWh;-21185;0;0;0;21185;-21185
15/02/2024 14:00;15/02/2024 14:15;57;kWh;-40949;0;0;0;40949;-40949
15/02/2024 14:15;15/02/2024 14:30;58;kWh;-139;0;0;0;139;-139
15/02/2024 14:30;15/02/2024 14:45;59;kWh;0;0;0;0;0;0
15/02/2024 14:45;15/02/2024 15:00;60;kWh;-169;0;0;0;169;-169
15/02/2024 15:00;15/02/2024 15:15;61;kWh;-32205;0;0;0;32205;-32205
15/02/2024 15:15;15/02/2024 15:30;62;kWh;-3301;9;0;0;3310;-3292
15/02/2024 15:30;15/02/2024 15:45;63;kWh;0;6424;0;0;6424;6424
15/02/2024 15:45;15/02/2024 16:00;64;kWh;-363;7132;0;0;7495;6769
15/02/2024 16:00;15/02/2024 16:15;65;kWh;-41831;0;0;0;41831;-41831
15/02/2024 16:15;15/02/2024 16:30;66;kWh;-22755;0;0;0;22755;-22755
15/02/2024 16:30;15/02/2024 16:45;67;kWh;-264;0;0;0;264;-264
15/02/2024 16:45;15/02/2024 17:00;68;kWh;0;0;0;0;0;0
15/02/2024 17:00;15/02/2024 17:15;69;kWh;-131;0;0;0;131;-131
15/02/2024 17:15;15/02/2024 17:30;70;kWh;0;4002;0;0;4002;4002
15/02/2024 17:30;15/02/2024 17:45;71;kWh;0;15243;0;0;15243;15243
15/02/2024 17:45;15/02/2024 18:00;72;kWh;0;13561;0;0;13561;13561
15/02/2024 18:00;15/02/2024 18:15;73;kWh;0;0;0;0;0;0
15/02/2024 18:15;15/02/2024 18:30;74;kWh;0;0;0;0;0;0
15/02/2024 18:30;15/02/2024 18:45;75;kWh;-7639;0;0;0;7639;-7639
15/02/2024 18:45;15/02/2024 19:00;76;kWh;-20901;0;0;0;20901;-20901
15/02/2024 19:00;15/02/2024 19:15;77;kWh;-5201;0;0;0;5201;-5201
15/02/2024 19:15;15/02/2024 19:30;78;kWh;-7363;0;0;0;7363;-7363
15/02/2024 19:30;15/02/2024 19:45;79;kWh;-22055;0;0;0;22055;-22055
15/02/2024 19:45;15/02/2024 20:00;80;kWh;-40540;0;0;0;40540;-40540
15/02/2024 20:00;15/02/2024 20:15;81;kWh;-19835;0;0;0;19835;-19835
15/02/2024 20:15;15/02/2024 20:30;82;kWh;-25319;0;0;0;25319;-25319
15/02/2024 20:30;15/02/2024 20:45;83;kWh;-54423;0;0;0;54423;-54423
15/02/2024 20:45;15/02/2024 21:00;84;kWh;-62963;0;0;0;62963;-62963
15/02/2024 21:00;15/02/2024 21:15;85;kWh;-16025;4621;0;0;20646;-11404
15/02/2024 21:15;15/02/2024 21:30;86;kWh;0;7852;0;0;7852;7852
15/02/2024 21:30;15/02/2024 21:45;87;kWh;0;698;0;0;698;698
15/02/2024 21:45;15/02/2024 22:00;88;kWh;0;0;0;0;0;0
15/02/2024 22:00;15/02/2024 22:15;89;kWh;0;1146;0;0;1146;1146
15/02/2024 22:15;15/02/2024 22:30;90;kWh;0;1312;0;0;1312;1312
15/02/2024 22:30;15/02/2024 22:45;91;kWh;0;2668;0;0;2668;2668
15/02/2024 22:45;15/02/2024 23:00;92;kWh;0;958;0;0;958;958
15/02/2024 23:00;15/02/2024 23:15;93;kWh;-235;0;0;0;235;-235
15/02/2024 23:15;15/02/2024 23:30;94;kWh;-3241;0;0;0;3241;-3241
15/02/2024 23:30;15/02/2024 23:45;95;kWh;-23982;0;0;0;23982;-23982
15/02/2024 23:45;16/02/2024 00:00;96;kWh;-20012;0;0;0;20012;-20012
16/02/2024 00:00;16/02/2024 00:15;1;kWh;-5512;0;0;0;5512;-5512
16/02/2024 00:15;16/02/2024 00:30;2;kWh;0;0;0;0;0;0
16/02/2024 00:30;16/02/2024 00:45;3;kWh;-3610;0;0;0;3610;-3610
16/02/2024 00:45;16/02/2024 01:00;4;kWh;-10644;0;0;0;10644;-10644
16/02/2024 01:00;16/02/2024 01:15;5;kWh;-169;30774;0;0;30943;30605
16/02/2024 01:15;16/02/2024 01:30;6;kWh;0;17060;0;0;17060;17060
16/02/2024 01:30;16/02/2024 01:45;7;kWh;0;14266;0;0;14266;14266
16/02/2024 01:45;16/02/2024 02:00;8;kWh;0;5966;0;0;5966;5966
16/02/2024 02:00;16/02/2024 02:15;9;kWh;0;9381;0;0;9381;9381
16/02/2024 02:15;16/02/2024 02:30;10;kWh;0;29;0;0;29;29
16/02/2024 02:30;16/02/2024 02:45;11;kWh;0;0;0;0;0;0
16/02/2024 02:45;16/02/2024 03:00;12;kWh;-38;0;0;0;38;-38
16/02/2024 03:00;16/02/2024 03:15;13;kWh;-109;8;0;0;117;-101
16/02/2024 03:15;16/02/2024 03:30;14;kWh;0;0;0;0;0;0
16/02/2024 03:30;16/02/2024 03:45;15;kWh;-7301;0;0;0;7301;-7301
16/02/2024 03:45;16/02/2024 04:00;16;kWh;-14977;126;0;0;15103;-14851
16/02/2024 04:00;16/02/2024 04:15;17;kWh;-705;0;0;0;705;-705
16/02/2024 04:15;16/02/2024 04:30;18;kWh;0;0;0;0;0;0
16/02/2024 04:30;16/02/2024 04:45;19;kWh;0;0;0;0;0;0
16/02/2024 04:45;16/02/2024 05:00;20;kWh;-110;0;0;0;110;-110
16/02/2024 05:00;16/02/2024 05:15;21;kWh;-9482;0;0;0;9482;-9482
16/02/2024 05:15;16/02/2024 05:30;22;kWh;-15697;0;0;0;15697;-15697
16/02/2024 05:30;16/02/2024 05:45;23;kWh;0;0;0;0;0;0
16/02/2024 05:45;16/02/2024 06:00;24;kWh;-10;0;0;0;10;-10
16/02/2024 06:00;16/02/2024 06:15;25;kWh;-24675;0;0;0;24675;-24675
16/02/2024 06:15;16/02/2024 06:30;26;kWh;-17986;764;0;0;18750;-17222
16/02/2024 06:30;16/02/2024 06:45;27;kWh;0;528;0;0;528;528
16/02/2024 06:45;16/02/2024 07:00;28;kWh;-2520;0;0;0;2520;-2520
16/02/2024 07:00;16/02/2024 07:15;29;kWh;-16107;23;0;0;16130;-16084
16/02/2024 07:15;16/02/2024 07:30;30;kWh;-2;3504;0;0;3506;3502
16/02/2024 07:30;16/02/2024 07:45;31;kWh;0;6155;0;0;6155;6155
16/02/2024 07:45;16/02/2024 08:00;32;kWh;0;2507;0;0;2507;2507
16/02/2024 08:00;16/02/2024 08:15;33;kWh;0;1059;0;0;1059;1059
16/02/2024 08:15;16/02/2024 08:30;34;kWh;0;8;0;0;8;8
16/02/2024 08:30;16/02/2024 08:45;35;kWh;0;0;0;0;0;0
16/02/2024 08:45;16/02/2024 09:00;36;kWh;0;0;0;0;0;0
16/02/2024 09:00;16/02/2024 09:15;37;kWh;0;0;0;0;0;0
16/02/2024 09:15;16/02/2024 09:30;38;kWh;-522;0;0;0;522;-522
16/02/2024 09:30;16/02/2024 09:45;39;kWh;-481;0;0;0;481;-481
16/02/2024 09:45;16/02/2024 10:00;40;kWh;0;0;0;0;0;0
16/02/2024 10:00;16/02/2024 10:15;41;kWh;-7867;0;0;0;7867;-7867
16/02/2024 10:15;16/02/2024 10:30;42;kWh;-14;0;0;0;14;-14
16/02/2024 10:30;16/02/2024 10:45;43;kWh;0;857;0;0;857;857
16/02/2024 10:45;16/02/2024 11:00;44;kWh;-9;17919;0;0;17928;17910
16/02/2024 11:00;16/02/2024 11:15;45;kWh;-880;2709;0;0;3589;1829
16/02/2024 11:15;16/02/2024 11:30;46;kWh;0;56231;0;0;56231;56231
16/02/2024 11:30;16/02/2024 11:45;47;kWh;-2962;37718;0;0;40680;34756
16/02/2024 11:45;16/02/2024 12:00;48;kWh;-8305;16986;0;0;25291;8681
16/02/2024 12:00;16/02/2024 12:15;49;kWh;0;35422;0;0;35422;35422
16/02/2024 12:15;16/02/2024 12:30;50;kWh;0;23454;0;0;23454;23454
16/02/2024 12:30;16/02/2024 12:45;51;kWh;0;3199;0;0;3199;3199
16/02/2024 12:45;16/02/2024 13:00;52;kWh;-566;276;0;0;842;-290
16/02/2024 13:00;16/02/2024 13:15;53;kWh;-2919;977;0;0;3896;-1942
16/02/2024 13:15;16/02/2024 13:30;54;kWh;0;3;0;0;3;3
16/02/2024 13:30;16/02/2024 13:45;55;kWh;0;0;0;0;0;0
16/02/2024 13:45;16/02/2024 14:00;56;kWh;0;0;0;0;0;0
16/02/2024 14:00;16/02/2024 14:15;57;kWh;-1485;0;0;0;1485;-1485
16/02/2024 14:15;16/02/2024 14:30;58;kWh;-10116;0;0;0;10116;-10116
16/02/2024 14:30;16/02/2024 14:45;59;kWh;-17082;0;0;0;17082;-17082
16/02/2024 14:45;16/02/2024 15:00;60;kWh;-12494;0;0;0;12494;-12494
16/02/2024 15:00;16/02/2024 15:15;61;kWh;-20494;0;0;0;20494;-20494
16/02/2024 15:15;16/02/2024 15:30;62;kWh;-2687;0;0;0;2687;-2687
16/02/2024 15:30;16/02/2024 15:45;63;kWh;0;0;0;0;0;0
16/02/2024 15:45;16/02/2024 16:00;64;kWh;0;0;0;0;0;0
16/02/2024 16:00;16/02/2024 16:15;65;kWh;0;508;0;0;508;508
16/02/2024 16:15;16/02/2024 16:30;66;kWh;0;1373;0;0;1373;1373
16/02/2024 16:30;16/02/2024 16:45;67;kWh;-25;0;0;0;25;-25
16/02/2024 16:45;16/02/2024 17:00;68;kWh;-817;0;0;0;817;-817
16/02/2024 17:00;16/02/2024 17:15;69;kWh;-12178;0;0;0;12178;-12178
16/02/2024 17:15;16/02/2024 17:30;70;kWh;-3442;0;0;0;3442;-3442
16/02/2024 17:30;16/02/2024 17:45;71;kWh;0;0;0;0;0;0
16/02/2024 17:45;16/02/2024 18:00;72;kWh;0;1458;0;0;1458;1458
16/02/2024 18:00;16/02/2024 18:15;73;kWh;0;10285;0;0;10285;10285
16/02/2024 18:15;16/02/2024 18:30;74;kWh;0;50946;0;0;50946;50946
16/02/2024 18:30;16/02/2024 18:45;75;kWh;0;53090;0;0;53090;53090
16/02/2024 18:45;16/02/2024 19:00;76;kWh;0;21700;0;0;21700;21700
16/02/2024 19:00;16/02/2024 19:15;77;kWh;0;35784;0;0;35784;35784
16/02/2024 19:15;16/02/2024 19:30;78;kWh;0;46025;0;0;46025;46025
16/02/2024 19:30;16/02/2024 19:45;79;kWh;0;14404;0;0;14404;14404
16/02/2024 19:45;16/02/2024 20:00;80;kWh;0;0;0;0;0;0
16/02/2024 20:00;16/02/2024 20:15;81;kWh;-34;0;0;0;34;-34
16/02/2024 20:15;16/02/2024 20:30;82;kWh;-5911;0;0;0;5911;-5911
16/02/2024 20:30;16/02/2024 20:45;83;kWh;-30521;0;0;0;30521;-30521
16/02/2024 20:45;16/02/2024 21:00;84;kWh;-26119;0;0;0;26119;-26119
16/02/2024 21:00;16/02/2024 21:15;85;kWh;-804;0;0;0;804;-804
16/02/2024 21:15;16/02/2024 21:30;86;kWh;0;0;0;0;0;0
16/02/2024 21:30;16/02/2024 21:45;87;kWh;-7964;0;0;0;7964;-7964
16/02/2024 21:45;16/02/2024 22:00;88;kWh;-24646;0;0;0;24646;-24646
16/02/2024 22:00;16/02/2024 22:15;89;kWh;-1227;13893;0;0;15120;12666
16/02/2024 22:15;16/02/2024 22:30;90;kWh;0;2665;0;0;2665;2665
16/02/2024 22:30;16/02/2024 22:45;91;kWh;-2679;0;0;0;2679;-2679
16/02/2024 22:45;16/02/2024 23:00;92;kWh;-23240;0;0;0;23240;-23240
16/02/2024 23:00;16/02/2024 23:15;93;kWh;-12928;0;0;0;12928;-12928
16/02/2024 23:15;16/02/2024 23:30;94;kWh;-2260;0;0;0;2260;-2260
16/02/2024 23:30;16/02/2024 23:45;95;kWh;-24201;0;0;0;24201;-24201
16/02/2024 23:45;17/02/2024 00:00;96;kWh;-27989;0;0;0;27989;-27989
17/02/2024 00:00;17/02/2024 00:15;1;kWh;-12147;0;0;0;12147;-12147
17/02/2024 00:15;17/02/2024 00:30;2;kWh;-2871;0;0;0;2871;-2871
17/02/2024 00:30;17/02/2024 00:45;3;kWh;-4850;0;0;0;4850;-4850
17/02/2024 00:45;17/02/2024 01:00;4;kWh;-264;0;0;0;264;-264
17/02/2024 01:00;17/02/2024 01:15;5;kWh;0;3853;0;0;3853;3853
17/02/2024 01:15;17/02/2024 01:30;6;kWh;0;153;0;0;153;153
17/02/2024 01:30;17/02/2024 01:45;7;kWh;-2188;0;0;0;2188;-2188
17/02/2024 01:45;17/02/2024 02:00;8;kWh;-4752;0;0;0;4752;-4752
17/02/2024 02:00;17/02/2024 02:15;9;kWh;-2239;0;0;0;2239;-2239
17/02/2024 02:15;17/02/2024 02:30;10;kWh;0;364;0;0;364;364
17/02/2024 02:30;17/02/2024 02:45;11;kWh;0;0;0;0;0;0
17/02/2024 02:45;17/02/2024 03:00;12;kWh;0;0;0;0;0;0
17/02/2024 03:00;17/02/2024 03:15;13;kWh;0;0;0;0;0;0
17/02/2024 03:15;17/02/2024 03:30;14;kWh;0;0;0;0;0;0
17/02/2024 03:30;17/02/2024 03:45;15;kWh;0;0;0;0;0;0
17/02/2024 03:45;17/02/2024 04:00;16;kWh;0;73;0;0;73;73
17/02/2024 04:00;17/02/2024 04:15;17;kWh;-3472;0;0;0;3472;-3472
17/02/2024 04:15;17/02/2024 04:30;18;kWh;-2102;0;0;0;2102;-2102
17/02/2024 04:30;17/02/2024 04:45;19;kWh;-1539;0;0;0;1539;-1539
17/02/2024 04:45;17/02/2024 05:00;20;kWh;-3055;0;0;0;3055;-3055
17/02/2024 05:00;17/02/2024 05:15;21;kWh;-17027;0;0;0;17027;-17027
17/02/2024 05:15;17/02/2024 05:30;22;kWh;-4176;0;0;0;4176;-4176
17/02/2024 05:30;17/02/2024 05:45;23;kWh;-300;0;0;0;300;-300
17/02/2024 05:45;17/02/2024 06:00;24;kWh;0;889;0;0;889;889
17/02/2024 06:00;17/02/2024 06:15;25;kWh;-8030;0;0;0;8030;-8030
17/02/2024 06:15;17/02/2024 06:30;26;kWh;-7174;0;0;0;7174;-7174
17/02/2024 06:30;17/02/2024 06:45;27;kWh;0;229;0;0;229;229
17/02/2024 06:45;17/02/2024 07:00;28;kWh;0;3361;0;0;3361;3361
17/02/2024 07:00;17/02/2024 07:15;29;kWh;-15061;0;0;0;15061;-15061
17/02/2024 07:15;17/02/2024 07:30;30;kWh;-14985;0;0;0;14985;-14985
17/02/2024 07:30;17/02/2024 07:45;31;kWh;-3002;0;0;0;3002;-3002
17/02/2024 07:45;17/02/2024 08:00;32;kWh;-11170;0;0;0;11170;-11170
17/02/2024 08:00;17/02/2024 08:15;33;kWh;-22678;0;0;0;22678;-22678
17/02/2024 08:15;17/02/2024 08:30;34;kWh;-4747;0;0;0;4747;-4747
17/02/2024 08:30;17/02/2024 08:45;35;kWh;0;0;0;0;0;0
17/02/2024 08:45;17/02/2024 09:00;36;kWh;0;2788;0;0;2788;2788
17/02/2024 09:00;17/02/2024 09:15;37;kWh;0;19030;0;0;19030;19030
17/02/2024 09:15;17/02/2024 09:30;38;kWh;0;8299;0;0;8299;8299
17/02/2024 09:30;17/02/2024 09:45;39;kWh;0;10301;0;0;10301;10301
17/02/2024 09:45;17/02/2024 10:00;40;kWh;0;0;0;0;0;0
17/02/2024 10:00;17/02/2024 10:15;41;kWh;-1282;0;0;0;1282;-1282
17/02/2024 10:15;17/02/2024 10:30;42;kWh;-1417;688;0;0;2105;-729
17/02/2024 10:30;17/02/2024 10:45;43;kWh;-26;0;0;0;26;-26
17/02/2024 10:45;17/02/2024 11:00;44;kWh;-31;1983;0;0;2014;1952
17/02/2024 11:00;17/02/2024 11:15;45;kWh;-596;19320;0;0;19916;18724
17/02/2024 11:15;17/02/2024 11:30;46;kWh;0;29686;0;0;29686;29686
17/02/2024 11:30;17/02/2024 11:45;47;kWh;0;27401;0;0;27401;27401
17/02/2024 11:45;17/02/2024 12:00;48;kWh;0;12922;0;0;12922;12922
17/02/2024 12:00;17/02/2024 12:15;49;kWh;0;58383;0;0;58383;58383
17/02/2024 12:15;17/02/2024 12:30;50;kWh;0;49933;0;0;49933;49933
17/02/2024 12:30;17/02/2024 12:45;51;kWh;0;33183;0;0;33183;33183
17/02/2024 12:45;17/02/2024 13:00;52;kWh;0;9355;0;0;9355;9355
17/02/2024 13:00;17/02/2024 13:15;53;kWh;0;47562;0;0;47562;47562
17/02/2024 13:15;17/02/2024 13:30;54;kWh;0;35080;0;0;35080;35080
17/02/2024 13:30;17/02/2024 13:45;55;kWh;0;36578;0;0;36578;36578
17/02/2024 13:45;17/02/2024 14:00;56;kWh;0;64872;0;0;64872;64872
17/02/2024 14:00;17/02/2024 14:15;57;kWh;-59;27629;0;0;27688;27570
17/02/2024 14:15;17/02/2024 14:30;58;kWh;-428;1088;0;0;1516;660
17/02/2024 14:30;17/02/2024 14:45;59;kWh;-1977;557;0;0;2534;-1420
17/02/2024 14:45;17/02/2024 15:00;60;kWh;-9958;0;0;0;9958;-9958
17/02/2024 15:00;17/02/2024 15:15;61;kWh;-2242;36488;0;0;38730;34246
17/02/2024 15:15;17/02/2024 15:30;62;kWh;0;25495;0;0;25495;25495
17/02/2024 15:30;17/02/2024 15:45;63;kWh;0;9002;0;0;9002;9002
17/02/2024 15:45;17/02/2024 16:00;64;kWh;-24850;1036;0;0;25886;-23814
17/02/2024 16:00;17/02/2024 16:15;65;kWh;-850;10511;0;0;11361;9661
17/02/2024 16:15;17/02/2024 16:30;66;kWh;0;5244;0;0;5244;5244
17/02/2024 16:30;17/02/2024 16:45;67;kWh;-7;6845;0;0;6852;6838
17/02/2024 16:45;17/02/2024 17:00;68;kWh;-397;0;0;0;397;-397
17/02/2024 17:00;17/02/2024 17:15;69;kWh;-20977;0;0;0;20977;-20977
17/02/2024 17:15;17/02/2024 17:30;70;kWh;-21443;0;0;0;21443;-21443
17/02/2024 17:30;17/02/2024 17:45;71;kWh;-123;0;0;0;123;-123
17/02/2024 17:45;17/02/2024 18:00;72;kWh;0;5784;0;0;5784;5784
17/02/2024 18:00;17/02/2024 18:15;73;kWh;0;24879;0;0;24879;24879
17/02/2024 18:15;17/02/2024 18:30;74;kWh;0;17986;0;0;17986;17986
17/02/2024 18:30;17/02/2024 18:45;75;kWh;-994;4;0;0;998;-990
17/02/2024 18:45;17/02/2024 19:00;76;kWh;-1276;0;0;0;1276;-1276
17/02/2024 19:00;17/02/2024 19:15;77;kWh;0;447;0;0;447;447
17/02/2024 19:15;17/02/2024 19:30;78;kWh;0;1188;0;0;1188;1188
17/02/2024 19:30;17/02/2024 19:45;79;kWh;-2189;14;0;0;2203;-2175
17/02/2024 19:45;17/02/2024 20:00;80;kWh;-4058;0;0;0;4058;-4058
17/02/2024 20:00;17/02/2024 20:15;81;kWh;-1089;119;0;0;1208;-970
17/02/2024 20:15;17/02/2024 20:30;82;kWh;-2033;0;0;0;2033;-2033
17/02/2024 20:30;17/02/2024 20:45;83;kWh;-11321;0;0;0;11321;-11321
17/02/2024 20:45;17/02/2024 21:00;84;kWh;-27946;0;0;0;27946;-27946
17/02/2024 21:00;17/02/2024 21:15;85;kWh;-8043;574;0;0;8617;-7469
17/02/2024 21:15;17/02/2024 21:30;86;kWh;-227;1772;0;0;1999;1545
17/02/2024 21:30;17/02/2024 21:45;87;kWh;-1273;0;0;0;1273;-1273
17/02/2024 21:45;17/02/2024 22:00;88;kWh;-1137;0;0;0;1137;-1137
17/02/2024 22:00;17/02/2024 22:15;89;kWh;-1799;290;0;0;2089;-1509
17/02/2024 22:15;17/02/2024 22:30;90;kWh;0;11247;0;0;11247;11247
17/02/2024 22:30;17/02/2024 22:45;91;kWh;-192;44;0;0;236;-148
17/02/2024 22:45;17/02/2024 23:00;92;kWh;-615;0;0;0;615;-615
17/02/2024 23:00;17/02/2024 23:15;93;kWh;-13629;0;0;0;13629;-13629
17/02/2024 23:15;17/02/2024 23:30;94;kWh;-112;0;0;0;112;-112
17/02/2024 23:30;17/02/2024 23:45;95;kWh;-12084;0;0;0;12084;-12084
17/02/2024 23:45;18/02/2024 00:00;96;kWh;-12332;0;0;0;12332;-12332
18/02/2024 00:00;18/02/2024 00:15;1;kWh;-10498;4367;0;0;14865;-6131
18/02/2024 00:15;18/02/2024 00:30;2;kWh;0;12471;0;0;12471;12471
18/02/2024 00:30;18/02/2024 00:45;3;kWh;0;1372;0;0;1372;1372
18/02/2024 00:45;18/02/2024 01:00;4;kWh;0;0;0;0;0;0
18/02/2024 01:00;18/02/2024 01:15;5;kWh;0;0;0;0;0;0
18/02/2024 01:15;18/02/2024 01:30;6;kWh;0;795;0;0;795;795
18/02/2024 01:30;18/02/2024 01:45;7;kWh;-5;534;0;0;539;529
18/02/2024 01:45;18/02/2024 02:00;8;kWh;-14306;0;0;0;14306;-14306
18/02/2024 02:00;18/02/2024 02:15;9;kWh;-5090;3091;0;0;8181;-1999
18/02/2024 02:15;18/02/2024 02:30;10;kWh;0;0;0;0;0;0
18/02/2024 02:30;18/02/2024 02:45;11;kWh;-121;0;0;0;121;-121
18/02/2024 02:45;18/02/2024 03:00;12;kWh;-20901;1125;0;0;22026;-19776
18/02/2024 03:00;18/02/2024 03:15;13;kWh;0;3080;0;0;3080;3080
18/02/2024 03:15;18/02/2024 03:30;14;kWh;-1981;0;0;0;1981;-1981
18/02/2024 03:30;18/02/2024 03:45;15;kWh;-9091;0;0;0;9091;-9091
18/02/2024 03:45;18/02/2024 04:00;16;kWh;-12533;207;0;0;12740;-12326
18/02/2024 04:00;18/02/2024 04:15;17;kWh;-140;22009;0;0;22149;21869
18/02/2024 04:15;18/02/2024 04:30;18;kWh;0;9467;0;0;9467;9467
18/02/2024 04:30;18/02/2024 04:45;19;kWh;0;2654;0;0;2654;2654
18/02/2024 04:45;18/02/2024 05:00;20;kWh;-22;0;0;0;22;-22
18/02/2024 05:00;18/02/2024 05:15;21;kWh;-944;0;0;0;944;-944
18/02/2024 05:15;18/02/2024 05:30;22;kWh;-1571;0;0;0;1571;-1571
18/02/2024 05:30;18/02/2024 05:45;23;kWh;-2215;0;0;0;2215;-2215
18/02/2024 05:45;18/02/2024 06:00;24;kWh;-3723;0;0;0;3723;-3723
18/02/2024 06:00;18/02/2024 06:15;25;kWh;-4935;0;0;0;4935;-4935
18/02/2024 06:15;18/02/2024 06:30;26;kWh;-1235;0;0;0;1235;-1235
18/02/2024 06:30;18/02/2024 06:45;27;kWh;-1632;0;0;0;1632;-1632
18/02/2024 06:45;18/02/2024 07:00;28;kWh;-1293;0;0;0;1293;-1293
18/02/2024 07:00;18/02/2024 07:15;29;kWh;-11017;643;0;0;11660;-10374
18/02/2024 07:15;18/02/2024 07:30;30;kWh;-14979;0;0;0;14979;-14979
18/02/2024 07:30;18/02/2024 07:45;31;kWh;-10731;0;0;0;10731;-10731
18/02/2024 07:45;18/02/2024 08:00;32;kWh;-13615;0;0;0;13615;-13615
18/02/2024 08:00;18/02/2024 08:15;33;kWh;-12750;0;0;0;12750;-12750
18/02/2024 08:15;18/02/2024 08:30;34;kWh;-15222;0;0;0;15222;-15222
18/02/2024 08:30;18/02/2024 08:45;35;kWh;-15539;0;0;0;15539;-15539
18/02/2024 08:45;18/02/2024 09:00;36;kWh;-11416;0;0;0;11416;-11416
18/02/2024 09:00;18/02/2024 09:15;37;kWh;-11675;0;0;0;11675;-11675
18/02/2024 09:15;18/02/2024 09:30;38;kWh;-14057;0;0;0;14057;-14057
18/02/2024 09:30;18/02/2024 09:45;39;kWh;-8299;1309;0;0;9608;-6990
18/02/2024 09:45;18/02/2024 10:00;40;kWh;-12914;9;0;0;12923;-12905
18/02/2024 10:00;18/02/2024 10:15;41;kWh;-21567;175;0;0;21742;-21392
18/02/2024 10:15;18/02/2024 10:30;42;kWh;-17791;0;0;0;17791;-17791
18/02/2024 10:30;18/02/2024 10:45;43;kWh;-12335;470;0;0;12805;-11865
18/02/2024 10:45;18/02/2024 11:00;44;kWh;-16835;2956;0;0;19791;-13879
18/02/2024 11:00;18/02/2024 11:15;45;kWh;-16964;1520;0;0;18484;-15444
18/02/2024 11:15;18/02/2024 11:30;46;kWh;-11980;0;0;0;11980;-11980
18/02/2024 11:30;18/02/2024 11:45;47;kWh;-17240;0;0;0;17240;-17240
18/02/2024 11:45;18/02/2024 12:00;48;kWh;-13046;576;0;0;13622;-12470
18/02/2024 12:00;18/02/2024 12:15;49;kWh;-4199;0;0;0;4199;-4199
18/02/2024 12:15;18/02/2024 12:30;50;kWh;-5616;1468;0;0;7084;-4148
18/02/2024 12:30;18/02/2024 12:45;51;kWh;-5311;12;0;0;5323;-5299
18/02/2024 12:45;18/02/2024 13:00;52;kWh;-8630;0;0;0;8630;-8630
18/02/2024 13:00;18/02/2024 13:15;53;kWh;-14537;0;0;0;14537;-14537
18/02/2024 13:15;18/02/2024 13:30;54;kWh;-1597;0;0;0;1597;-1597
18/02/2024 13:30;18/02/2024 13:45;55;kWh;-51;2880;0;0;2931;2829
18/02/2024 13:45;18/02/2024 14:00;56;kWh;-3224;1580;0;0;4804;-1644
18/02/2024 14:00;18/02/2024 14:15;57;kWh;-21051;0;0;0;21051;-21051
18/02/2024 14:15;18/02/2024 14:30;58;kWh;-15602;0;0;0;15602;-15602
18/02/2024 14:30;18/02/2024 14:45;59;kWh;-933;0;0;0;933;-933
18/02/2024 14:45;18/02/2024 15:00;60;kWh;-176;0;0;0;176;-176
18/02/2024 15:00;18/02/2024 15:15;61;kWh;-14951;0;0;0;14951;-14951
18/02/2024 15:15;18/02/2024 15:30;62;kWh;-1533;0;0;0;1533;-1533
18/02/2024 15:30;18/02/2024 15:45;63;kWh;-2221;0;0;0;2221;-2221
18/02/2024 15:45;18/02/2024 16:00;64;kWh;-1097;0;0;0;1097;-1097
18/02/2024 16:00;18/02/2024 16:15;65;kWh;-16997;0;0;0;16997;-16997
18/02/2024 16:15;18/02/2024 16:30;66;kWh;-11406;0;0;0;11406;-11406
18/02/2024 16:30;18/02/2024 16:45;67;kWh;-175;0;0;0;175;-175
18/02/2024 16:45;18/02/2024 17:00;68;kWh;-15;0;0;0;15;-15
18/02/2024 17:00;18/02/2024 17:15;69;kWh;-22144;0;0;0;22144;-22144
18/02/2024 17:15;18/02/2024 17:30;70;kWh;-21649;0;0;0;21649;-21649
18/02/2024 17:30;18/02/2024 17:45;71;kWh;-10679;0;0;0;10679;-10679
18/02/2024 17:45;18/02/2024 18:00;72;kWh;-547;0;0;0;547;-547
18/02/2024 18:00;18/02/2024 18:15;73;kWh;-17081;0;0;0;17081;-17081
18/02/2024 18:15;18/02/2024 18:30;74;kWh;-22391;0;0;0;22391;-22391
18/02/2024 18:30;18/02/2024 18:45;75;kWh;-27865;0;0;0;27865;-27865
18/02/2024 18:45;18/02/2024 19:00;76;kWh;-23088;0;0;0;23088;-23088
18/02/2024 19:00;18/02/2024 19:15;77;kWh;-1647;440;0;0;2087;-1207
18/02/2024 19:15;18/02/2024 19:30;78;kWh;0;1861;0;0;1861;1861
18/02/2024 19:30;18/02/2024 19:45;79;kWh;-11867;0;0;0;11867;-11867
18/02/2024 19:45;18/02/2024 20:00;80;kWh;-18309;0;0;0;18309;-18309
18/02/2024 20:00;18/02/2024 20:15;81;kWh;-29630;0;0;0;29630;-29630
18/02/2024 20:15;18/02/2024 20:30;82;kWh;-21507;0;0;0;21507;-21507
18/02/2024 20:30;18/02/2024 20:45;83;kWh;-38551;0;0;0;38551;-38551
18/02/2024 20:45;18/02/2024 21:00;84;kWh;-38527;0;0;0;38527;-38527
18/02/2024 21:00;18/02/2024 21:15;85;kWh;-13534;76;0;0;13610;-13458
18/02/2024 21:15;18/02/2024 21:30;86;kWh;-10334;0;0;0;10334;-10334
18/02/2024 21:30;18/02/2024 21:45;87;kWh;-31856;0;0;0;31856;-31856
18/02/2024 21:45;18/02/2024 22:00;88;kWh;-30779;0;0;0;30779;-30779
18/02/2024 22:00;18/02/2024 22:15;89;kWh;-5285;0;0;0;5285;-5285
18/02/2024 22:15;18/02/2024 22:30;90;kWh;-15861;0;0;0;15861;-15861
18/02/2024 22:30;18/02/2024 22:45;91;kWh;-9191;0;0;0;9191;-9191
18/02/2024 22:45;18/02/2024 23:00;92;kWh;-6501;0;0;0;6501;-6501
18/02/2024 23:00;18/02/2024 23:15;93;kWh;-13;5691;0;0;5704;5678
18/02/2024 23:15;18/02/2024 23:30;94;kWh;0;1219;0;0;1219;1219
18/02/2024 23:30;18/02/2024 23:45;95;kWh;0;17829;0;0;17829;17829
18/02/2024 23:45;19/02/2024 00:00;96;kWh;0;5653;0;0;5653;5653
19/02/2024 00:00;19/02/2024 00:15;1;kWh;-1589;0;0;0;1589;-1589
19/02/2024 00:15;19/02/2024 00:30;2;kWh;0;0;0;0;0;0
19/02/2024 00:30;19/02/2024 00:45;3;kWh;-3770;0;0;0;3770;-3770
19/02/2024 00:45;19/02/2024 01:00;4;kWh;-7715;0;0;0;7715;-7715
19/02/2024 01:00;19/02/2024 01:15;5;kWh;-13329;0;0;0;13329;-13329
19/02/2024 01:15;19/02/2024 01:30;6;kWh;0;0;0;0;0;0
19/02/2024 01:30;19/02/2024 01:45;7;kWh;0;0;0;0;0;0
19/02/2024 01:45;19/02/2024 02:00;8;kWh;-30;0;0;0;30;-30
19/02/2024 02:00;19/02/2024 02:15;9;kWh;-14811;0;0;0;14811;-14811
19/02/2024 02:15;19/02/2024 02:30;10;kWh;-14924;0;0;0;14924;-14924
19/02/2024 02:30;19/02/2024 02:45;11;kWh;-16192;0;0;0;16192;-16192
19/02/2024 02:45;19/02/2024 03:00;12;kWh;-22672;0;0;0;22672;-22672
19/02/2024 03:00;19/02/2024 03:15;13;kWh;-24388;0;0;0;24388;-24388
19/02/2024 03:15;19/02/2024 03:30;14;kWh;-35950;0;0;0;35950;-35950
19/02/2024 03:30;19/02/2024 03:45;15;kWh;-44399;0;0;0;44399;-44399
19/02/2024 03:45;19/02/2024 04:00;16;kWh;-53026;0;0;0;53026;-53026
19/02/2024 04:00;19/02/2024 04:15;17;kWh;-14471;0;0;0;14471;-14471
19/02/2024 04:15;19/02/2024 04:30;18;kWh;-9520;0;0;0;9520;-9520
19/02/2024 04:30;19/02/2024 04:45;19;kWh;-1247;0;0;0;1247;-1247
19/02/2024 04:45;19/02/2024 05:00;20;kWh;0;180;0;0;180;180
19/02/2024 05:00;19/02/2024 05:15;21;kWh;-4237;0;0;0;4237;-4237
19/02/2024 05:15;19/02/2024 05:30;22;kWh;-1928;91;0;0;2019;-1837
19/02/2024 05:30;19/02/2024 05:45;23;kWh;0;15631;0;0;15631;15631
19/02/2024 05:45;19/02/2024 06:00;24;kWh;-1405;10353;0;0;11758;8948
19/02/2024 06:00;19/02/2024 06:15;25;kWh;-7424;0;0;0;7424;-7424
19/02/2024 06:15;19/02/2024 06:30;26;kWh;-25985;0;0;0;25985;-25985
19/02/2024 06:30;19/02/2024 06:45;27;kWh;-12873;0;0;0;12873;-12873
19/02/2024 06:45;19/02/2024 07:00;28;kWh;-75;4190;0;0;4265;4115
19/02/2024 07:00;19/02/2024 07:15;29;kWh;0;8442;0;0;8442;8442
19/02/2024 07:15;19/02/2024 07:30;30;kWh;0;752;0;0;752;752
19/02/2024 07:30;19/02/2024 07:45;31;kWh;0;14946;0;0;14946;14946
19/02/2024 07:45;19/02/2024 08:00;32;kWh;0;52442;0;0;52442;52442
19/02/2024 08:00;19/02/2024 08:15;33;kWh;0;67928;0;0;67928;67928
19/02/2024 08:15;19/02/2024 08:30;34;kWh;0;38346;0;0;38346;38346
19/02/2024 08:30;19/02/2024 08:45;35;kWh;0;10189;0;0;10189;10189
19/02/2024 08:45;19/02/2024 09:00;36;kWh;-4106;0;0;0;4106;-4106
19/02/2024 09:00;19/02/2024 09:15;37;kWh;-19076;0;0;0;19076;-19076
19/02/2024 09:15;19/02/2024 09:30;38;kWh;-28308;0;0;0;28308;-28308
19/02/2024 09:30;19/02/2024 09:45;39;kWh;-5210;0;0;0;5210;-5210
19/02/2024 09:45;19/02/2024 10:00;40;kWh;-5978;0;0;0;5978;-5978
19/02/2024 10:00;19/02/2024 10:15;41;kWh;0;4220;0;0;4220;4220
19/02/2024 10:15;19/02/2024 10:30;42;kWh;0;37303;0;0;37303;37303
19/02/2024 10:30;19/02/2024 10:45;43;kWh;0;50434;0;0;50434;50434
19/02/2024 10:45;19/02/2024 11:00;44;kWh;0;54829;0;0;54829;54829
19/02/2024 11:00;19/02/2024 11:15;45;kWh;0;5246;0;0;5246;5246
19/02/2024 11:15;19/02/2024 11:30;46;kWh;0;36066;0;0;36066;36066
19/02/2024 11:30;19/02/2024 11:45;47;kWh;0;7325;0;0;7325;7325
19/02/2024 11:45;19/02/2024 12:00;48;kWh;-393;79;0;0;472;-314
19/02/2024 12:00;19/02/2024 12:15;49;kWh;-2316;0;0;0;2316;-2316
19/02/2024 12:15;19/02/2024 12:30;50;kWh;-3409;0;0;0;3409;-3409
19/02/2024 12:30;19/02/2024 12:45;51;kWh;-8441;403;0;0;8844;-8038
19/02/2024 12:45;19/02/2024 13:00;52;kWh;0;6741;0;0;6741;6741
19/02/2024 13:00;19/02/2024 13:15;53;kWh;0;38251;0;0;38251;38251
19/02/2024 13:15;19/02/2024 13:30;54;kWh;0;52989;0;0;52989;52989
19/02/2024 13:30;19/02/2024 13:45;55;kWh;0;65331;0;0;65331;65331
19/02/2024 13:45;19/02/2024 14:00;56;kWh;0;29378;0;0;29378;29378
19/02/2024 14:00;19/02/2024 14:15;57;kWh;0;2868;0;0;2868;2868
19/02/2024 14:15;19/02/2024 14:30;58;kWh;-8823;758;0;0;9581;-8065
19/02/2024 14:30;19/02/2024 14:45;59;kWh;-14891;0;0;0;14891;-14891
19/02/2024 14:45;19/02/2024 15:00;60;kWh;-3228;0;0;0;3228;-3228
19/02/2024 15:00;19/02/2024 15:15;61;kWh;-535;0;0;0;535;-535
19/02/2024 15:15;19/02/2024 15:30;62;kWh;-691;0;0;0;691;-691
19/02/2024 15:30;19/02/2024 15:45;63;kWh;-1522;0;0;0;1522;-1522
19/02/2024 15:45;19/02/2024 16:00;64;kWh;-10734;0;0;0;10734;-10734
19/02/2024 16:00;19/02/2024 16:15;65;kWh;-438;13093;0;0;13531;12655
19/02/2024 16:15;19/02/2024 16:30;66;kWh;0;11793;0;0;11793;11793
19/02/2024 16:30;19/02/2024 16:45;67;kWh;0;6302;0;0;6302;6302
19/02/2024 16:45;19/02/2024 17:00;68;kWh;0;13125;0;0;13125;13125
19/02/2024 17:00;19/02/2024 17:15;69;kWh;0;3802;0;0;3802;3802
19/02/2024 17:15;19/02/2024 17:30;70;kWh;-5583;0;0;0;5583;-5583
19/02/2024 17:30;19/02/2024 17:45;71;kWh;-13095;0;0;0;13095;-13095
19/02/2024 17:45;19/02/2024 18:00;72;kWh;-9;0;0;0;9;-9
19/02/2024 18:00;19/02/2024 18:15;73;kWh;0;0;0;0;0;0
19/02/2024 18:15;19/02/2024 18:30;74;kWh;0;0;0;0;0;0
19/02/2024 18:30;19/02/2024 18:45;75;kWh;0;322;0;0;322;322
19/02/2024 18:45;19/02/2024 19:00;76;kWh;0;2849;0;0;2849;2849
19/02/2024 19:00;19/02/2024 19:15;77;kWh;0;17845;0;0;17845;17845
19/02/2024 19:15;19/02/2024 19:30;78;kWh;0;7099;0;0;7099;7099
19/02/2024 19:30;19/02/2024 19:45;79;kWh;-7092;0;0;0;7092;-7092
19/02/2024 19:45;19/02/2024 20:00;80;kWh;-5223;0;0;0;5223;-5223
19/02/2024 20:00;19/02/2024 20:15;81;kWh;-4139;0;0;0;4139;-4139
19/02/2024 20:15;19/02/2024 20:30;82;kWh;-3181;0;0;0;3181;-3181
19/02/2024 20:30;19/02/2024 20:45;83;kWh;-18336;0;0;0;18336;-18336
19/02/2024 20:45;19/02/2024 21:00;84;kWh;-31354;0;0;0;31354;-31354
19/02/2024 21:00;19/02/2024 21:15;85;kWh;-4102;208;0;0;4310;-3894
19/02/2024 21:15;19/02/2024 21:30;86;kWh;0;3130;0;0;3130;3130
19/02/2024 21:30;19/02/2024 21:45;87;kWh;0;218;0;0;218;218
19/02/2024 21:45;19/02/2024 22:00;88;kWh;0;12650;0;0;12650;12650
19/02/2024 22:00;19/02/2024 22:15;89;kWh;0;954;0;0;954;954
19/02/2024 22:15;19/02/2024 22:30;90;kWh;0;1137;0;0;1137;1137
19/02/2024 22:30;19/02/2024 22:45;91;kWh;0;3793;0;0;3793;3793
19/02/2024 22:45;19/02/2024 23:00;92;kWh;0;33248;0;0;33248;33248
19/02/2024 23:00;19/02/2024 23:15;93;kWh;0;9845;0;0;9845;9845
19/02/2024 23:15;19/02/2024 23:30;94;kWh;0;13008;0;0;13008;13008
19/02/2024 23:30;19/02/2024 23:45;95;kWh;0;462;0;0;462;462
19/02/2024 23:45;20/02/2024 00:00;96;kWh;0;0;0;0;0;0
20/02/2024 00:00;20/02/2024 00:15;1;kWh;-222;4853;0;0;5075;4631
20/02/2024 00:15;20/02/2024 00:30;2;kWh;-36;3079;0;0;3115;3043
20/02/2024 00:30;20/02/2024 00:45;3;kWh;-6053;0;0;0;6053;-6053
20/02/2024 00:45;20/02/2024 01:00;4;kWh;-41511;0;0;0;41511;-41511
20/02/2024 01:00;20/02/2024 01:15;5;kWh;-27716;0;0;0;27716;-27716
20/02/2024 01:15;20/02/2024 01:30;6;kWh;-30940;0;0;0;30940;-30940
20/02/2024 01:30;20/02/2024 01:45;7;kWh;-31154;0;0;0;31154;-31154
20/02/2024 01:45;20/02/2024 02:00;8;kWh;-13790;0;0;0;13790;-13790
20/02/2024 02:00;20/02/2024 02:15;9;kWh;-4502;240;0;0;4742;-4262
20/02/2024 02:15;20/02/2024 02:30;10;kWh;0;28;0;0;28;28
20/02/2024 02:30;20/02/2024 02:45;11;kWh;0;532;0;0;532;532
20/02/2024 02:45;20/02/2024 03:00;12;kWh;0;1554;0;0;1554;1554
20/02/2024 03:00;20/02/2024 03:15;13;kWh;-4451;0;0;0;4451;-4451
20/02/2024 03:15;20/02/2024 03:30;14;kWh;-22351;0;0;0;22351;-22351
20/02/2024 03:30;20/02/2024 03:45;15;kWh;-10909;0;0;0;10909;-10909
20/02/2024 03:45;20/02/2024 04:00;16;kWh;-21530;0;0;0;21530;-21530
20/02/2024 04:00;20/02/2024 04:15;17;kWh;-4898;0;0;0;4898;-4898
20/02/2024 04:15;20/02/2024 04:30;18;kWh;0;7755;0;0;7755;7755
20/02/2024 04:30;20/02/2024 04:45;19;kWh;0;15399;0;0;15399;15399
20/02/2024 04:45;20/02/2024 05:00;20;kWh;0;2992;0;0;2992;2992
20/02/2024 05:00;20/02/2024 05:15;21;kWh;-2880;0;0;0;2880;-2880
20/02/2024 05:15;20/02/2024 05:30;22;kWh;-280;0;0;0;280;-280
20/02/2024 05:30;20/02/2024 05:45;23;kWh;0;0;0;0;0;0
20/02/2024 05:45;20/02/2024 06:00;24;kWh;-557;0;0;0;557;-557
20/02/2024 06:00;20/02/2024 06:15;25;kWh;-7237;0;0;0;7237;-7237
20/02/2024 06:15;20/02/2024 06:30;26;kWh;-7684;0;0;0;7684;-7684
20/02/2024 06:30;20/02/2024 06:45;27;kWh;-4961;0;0;0;4961;-4961
20/02/2024 06:45;20/02/2024 07:00;28;kWh;0;4208;0;0;4208;4208
20/02/2024 07:00;20/02/2024 07:15;29;kWh;-868;48;0;0;916;-820
20/02/2024 07:15;20/02/2024 07:30;30;kWh;0;14752;0;0;14752;14752
20/02/2024 07:30;20/02/2024 07:45;31;kWh;0;36414;0;0;36414;36414
20/02/2024 07:45;20/02/2024 08:00;32;kWh;0;31783;0;0;31783;31783
20/02/2024 08:00;20/02/2024 08:15;33;kWh;0;25882;0;0;25882;25882
20/02/2024 08:15;20/02/2024 08:30;34;kWh;0;35364;0;0;35364;35364
20/02/2024 08:30;20/02/2024 08:45;35;kWh;-327;405;0;0;732;78
20/02/2024 08:45;20/02/2024 09:00;36;kWh;-4012;0;0;0;4012;-4012
20/02/2024 09:00;20/02/2024 09:15;37;kWh;0;0;0;0;0;0
20/02/2024 09:15;20/02/2024 09:30;38;kWh;0;7216;0;0;7216;7216
20/02/2024 09:30;20/02/2024 09:45;39;kWh;0;0;0;0;0;0
20/02/2024 09:45;20/02/2024 10:00;40;kWh;0;0;0;0;0;0
20/02/2024 10:00;20/02/2024 10:15;41;kWh;0;6288;0;0;6288;6288
20/02/2024 10:15;20/02/2024 10:30;42;kWh;0;15967;0;0;15967;15967
20/02/2024 10:30;20/02/2024 10:45;43;kWh;0;411;0;0;411;411
20/02/2024 10:45;20/02/2024 11:00;44;kWh;0;1246;0;0;1246;1246
20/02/2024 11:00;20/02/2024 11:15;45;kWh;-2807;0;0;0;2807;-2807
20/02/2024 11:15;20/02/2024 11:30;46;kWh;-44596;0;0;0;44596;-44596
20/02/2024 11:30;20/02/2024 11:45;47;kWh;-28813;0;0;0;28813;-28813
20/02/2024 11:45;20/02/2024 12:00;48;kWh;-29766;0;0;0;29766;-29766
20/02/2024 12:00;20/02/2024 12:15;49;kWh;-26721;0;0;0;26721;-26721
20/02/2024 12:15;20/02/2024 12:30;50;kWh;-31105;0;0;0;31105;-31105
20/02/2024 12:30;20/02/2024 12:45;51;kWh;-29731;0;0;0;29731;-29731
20/02/2024 12:45;20/02/2024 13:00;52;kWh;-30692;0;0;0;30692;-30692
20/02/2024 13:00;20/02/2024 13:15;53;kWh;-4953;0;0;0;4953;-4953
20/02/2024 13:15;20/02/2024 13:30;54;kWh;-3736;0;0;0;3736;-3736
20/02/2024 13:30;20/02/2024 13:45;55;kWh;-979;0;0;0;979;-979
20/02/2024 13:45;20/02/2024 14:00;56;kWh;0;0;0;0;0;0
20/02/2024 14:00;20/02/2024 14:15;57;kWh;0;2042;0;0;2042;2042
20/02/2024 14:15;20/02/2024 14:30;58;kWh;0;3699;0;0;3699;3699
20/02/2024 14:30;20/02/2024 14:45;59;kWh;0;5599;0;0;5599;5599
20/02/2024 14:45;20/02/2024 15:00;60;kWh;0;11167;0;0;11167;11167
20/02/2024 15:00;20/02/2024 15:15;61;kWh;-26376;677;0;0;27053;-25699
20/02/2024 15:15;20/02/2024 15:30;62;kWh;0;2935;0;0;2935;2935
20/02/2024 15:30;20/02/2024 15:45;63;kWh;0;2409;0;0;2409;2409
20/02/2024 15:45;20/02/2024 16:00;64;kWh;0;13512;0;0;13512;13512
20/02/2024 16:00;20/02/2024 16:15;65;kWh;0;6571;0;0;6571;6571
20/02/2024 16:15;20/02/2024 16:30;66;kWh;0;11577;0;0;11577;11577
20/02/2024 16:30;20/02/2024 16:45;67;kWh;0;19496;0;0;19496;19496
20/02/2024 16:45;20/02/2024 17:00;68;kWh;0;40135;0;0;40135;40135
20/02/2024 17:00;20/02/2024 17:15;69;kWh;-7;9489;0;0;9496;9482
20/02/2024 17:15;20/02/2024 17:30;70;kWh;0;5670;0;0;5670;5670
20/02/2024 17:30;20/02/2024 17:45;71;kWh;0;11947;0;0;11947;11947
20/02/2024 17:45;20/02/2024 18:00;72;kWh;0;2746;0;0;2746;2746
20/02/2024 18:00;20/02/2024 18:15;73;kWh;-1391;0;0;0;1391;-1391
20/02/2024 18:15;20/02/2024 18:30;74;kWh;0;18155;0;0;18155;18155
20/02/2024 18:30;20/02/2024 18:45;75;kWh;0;7273;0;0;7273;7273
20/02/2024 18:45;20/02/2024 19:00;76;kWh;0;1949;0;0;1949;1949
20/02/2024 19:00;20/02/2024 19:15;77;kWh;0;18039;0;0;18039;18039
20/02/2024 19:15;20/02/2024 19:30;78;kWh;0;14304;0;0;14304;14304
20/02/2024 19:30;20/02/2024 19:45;79;kWh;0;2788;0;0;2788;2788
20/02/2024 19:45;20/02/2024 20:00;80;kWh;0;0;0;0;0;0
20/02/2024 20:00;20/02/2024 20:15;81;kWh;0;12472;0;0;12472;12472
20/02/2024 20:15;20/02/2024 20:30;82;kWh;0;3179;0;0;3179;3179
20/02/2024 20:30;20/02/2024 20:45;83;kWh;-38;0;0;0;38;-38
20/02/2024 20:45;20/02/2024 21:00;84;kWh;-513;0;0;0;513;-513
20/02/2024 21:00;20/02/2024 21:15;85;kWh;-599;840;0;0;1439;241
20/02/2024 21:15;20/02/2024 21:30;86;kWh;0;5371;0;0;5371;5371
20/02/2024 21:30;20/02/2024 21:45;87;kWh;0;0;0;0;0;0
20/02/2024 21:45;20/02/2024 22:00;88;kWh;0;0;0;0;0;0
20/02/2024 22:00;20/02/2024 22:15;89;kWh;0;17704;0;0;17704;17704
20/02/2024 22:15;20/02/2024 22:30;90;kWh;0;609;0;0;609;609
20/02/2024 22:30;20/02/2024 22:45;91;kWh;-11233;0;0;0;11233;-11233
20/02/2024 22:45;20/02/2024 23:00;92;kWh;-37229;0;0;0;37229;-37229
20/02/2024 23:00;20/02/2024 23:15;93;kWh;-11207;0;0;0;11207;-11207
20/02/2024 23:15;20/02/2024 23:30;94;kWh;-3337;95;0;0;3432;-3242
20/02/2024 23:30;20/02/2024 23:45;95;kWh;-8845;0;0;0;8845;-8845
20/02/2024 23:45;21/02/2024 00:00;96;kWh;-34031;0;0;0;34031;-34031
21/02/2024 00:00;21/02/2024 00:15;1;kWh;-14037;2161;0;0;16198;-11876
21/02/2024 00:15;21/02/2024 00:30;2;kWh;-5960;297;0;0;6257;-5663
21/02/2024 00:30;21/02/2024 00:45;3;kWh;-774;0;0;0;774;-774
21/02/2024 00:45;21/02/2024 01:00;4;kWh;-5608;0;0;0;5608;-5608
21/02/2024 01:00;21/02/2024 01:15;5;kWh;-52;0;0;0;52;-52
21/02/2024 01:15;21/02/2024 01:30;6;kWh;0;0;0;0;0;0
21/02/2024 01:30;21/02/2024 01:45;7;kWh;0;0;0;0;0;0
21/02/2024 01:45;21/02/2024 02:00;8;kWh;-586;0;0;0;586;-586
21/02/2024 02:00;21/02/2024 02:15;9;kWh;-524;1029;0;0;1553;505
21/02/2024 02:15;21/02/2024 02:30;10;kWh;0;1054;0;0;1054;1054
21/02/2024 02:30;21/02/2024 02:45;11;kWh;0;0;0;0;0;0
21/02/2024 02:45;21/02/2024 03:00;12;kWh;-170;0;0;0;170;-170
21/02/2024 03:00;21/02/2024 03:15;13;kWh;-14362;1003;0;0;15365;-13359
21/02/2024 03:15;21/02/2024 03:30;14;kWh;-14863;389;0;0;15252;-14474
21/02/2024 03:30;21/02/2024 03:45;15;kWh;-3716;978;0;0;4694;-2738
21/02/2024 03:45;21/02/2024 04:00;16;kWh;0;494;0;0;494;494
21/02/2024 04:00;21/02/2024 04:15;17;kWh;-2480;0;0;0;2480;-2480
21/02/2024 04:15;21/02/2024 04:30;18;kWh;0;0;0;0;0;0
21/02/2024 04:30;21/02/2024 04:45;19;kWh;0;11859;0;0;11859;11859
21/02/2024 04:45;21/02/2024 05:00;20;kWh;0;28934;0;0;28934;28934
21/02/2024 05:00;21/02/2024 05:15;21;kWh;-2673;2440;0;0;5113;-233
21/02/2024 05:15;21/02/2024 05:30;22;kWh;-745;0;0;0;745;-745
21/02/2024 05:30;21/02/2024 05:45;23;kWh;0;43;0;0;43;43
21/02/2024 05:45;21/02/2024 06:00;24;kWh;-54;472;0;0;526;418
21/02/2024 06:00;21/02/2024 06:15;25;kWh;-21892;2518;0;0;24410;-19374
21/02/2024 06:15;21/02/2024 06:30;26;kWh;-1426;764;0;0;2190;-662
21/02/2024 06:30;21/02/2024 06:45;27;kWh;-85;0;0;0;85;-85
21/02/2024 06:45;21/02/2024 07:00;28;kWh;-6136;0;0;0;6136;-6136
21/02/2024 07:00;21/02/2024 07:15;29;kWh;-2674;0;0;0;2674;-2674
21/02/2024 07:15;21/02/2024 07:30;30;kWh;-7744;0;0;0;7744;-7744
21/02/2024 07:30;21/02/2024 07:45;31;kWh;-3341;0;0;0;3341;-3341
21/02/2024 07:45;21/02/2024 08:00;32;kWh;-3503;0;0;0;3503;-3503
21/02/2024 08:00;21/02/2024 08:15;33;kWh;0;6308;0;0;6308;6308
21/02/2024 08:15;21/02/2024 08:30;34;kWh;-9661;0;0;0;9661;-9661
21/02/2024 08:30;21/02/2024 08:45;35;kWh;-8402;323;0;0;8725;-8079
21/02/2024 08:45;21/02/2024 09:00;36;kWh;-7553;26;0;0;7579;-7527
21/02/2024 09:00;21/02/2024 09:15;37;kWh;-826;5728;0;0;6554;4902
21/02/2024 09:15;21/02/2024 09:30;38;kWh;-9502;0;0;0;9502;-9502
21/02/2024 09:30;21/02/2024 09:45;39;kWh;-13131;0;0;0;13131;-13131
21/02/2024 09:45;21/02/2024 10:00;40;kWh;-9697;0;0;0;9697;-9697
21/02/2024 10:00;21/02/2024 10:15;41;kWh;-5760;15822;0;0;21582;10062
21/02/2024 10:15;21/02/2024 10:30;42;kWh;-422;1976;0;0;2398;1554
21/02/2024 10:30;21/02/2024 10:45;43;kWh;-1273;2745;0;0;4018;1472
21/02/2024 10:45;21/02/2024 11:00;44;kWh;-2485;0;0;0;2485;-2485
21/02/2024 11:00;21/02/2024 11:15;45;kWh;-2133;0;0;0;2133;-2133
21/02/2024 11:15;21/02/2024 11:30;46;kWh;-1032;0;0;0;1032;-1032
21/02/2024 11:30;21/02/2024 11:45;47;kWh;0;3055;0;0;3055;3055
21/02/2024 11:45;21/02/2024 12:00;48;kWh;0;10392;0;0;10392;10392
21/02/2024 12:00;21/02/2024 12:15;49;kWh;-1339;884;0;0;2223;-455
21/02/2024 12:15;21/02/2024 12:30;50;kWh;0;0;0;0;0;0
21/02/2024 12:30;21/02/2024 12:45;51;kWh;-5019;0;0;0;5019;-5019
21/02/2024 12:45;21/02/2024 13:00;52;kWh;-14817;0;0;0;14817;-14817
21/02/2024 13:00;21/02/2024 13:15;53;kWh;-16682;451;0;0;17133;-16231
21/02/2024 13:15;21/02/2024 13:30;54;kWh;-21492;676;0;0;22168;-20816
21/02/2024 13:30;21/02/2024 13:45;55;kWh;-18712;516;0;0;19228;-18196
21/02/2024 13:45;21/02/2024 14:00;56;kWh;-15741;247;0;0;15988;-15494
21/02/2024 14:00;21/02/2024 14:15;57;kWh;-3047;0;0;0;3047;-3047
21/02/2024 14:15;21/02/2024 14:30;58;kWh;-186;0;0;0;186;-186
21/02/2024 14:30;21/02/2024 14:45;59;kWh;0;0;0;0;0;0
21/02/2024 14:45;21/02/2024 15:00;60;kWh;0;0;0;0;0;0
21/02/2024 15:00;21/02/2024 15:15;61;kWh;-491;0;0;0;491;-491
21/02/2024 15:15;21/02/2024 15:30;62;kWh;-609;0;0;0;609;-609
21/02/2024 15:30;21/02/2024 15:45;63;kWh;0;933;0;0;933;933
21/02/2024 15:45;21/02/2024 16:00;64;kWh;0;16223;0;0;16223;16223
21/02/2024 16:00;21/02/2024 16:15;65;kWh;0;7460;0;0;7460;7460
21/02/2024 16:15;21/02/2024 16:30;66;kWh;0;6654;0;0;6654;6654
21/02/2024 16:30;21/02/2024 16:45;67;kWh;0;16994;0;0;16994;16994
21/02/2024 16:45;21/02/2024 17:00;68;kWh;0;8818;0;0;8818;8818
21/02/2024 17:00;21/02/2024 17:15;69;kWh;0;1494;0;0;1494;1494
21/02/2024 17:15;21/02/2024 17:30;70;kWh;0;13587;0;0;13587;13587
21/02/2024 17:30;21/02/2024 17:45;71;kWh;0;23690;0;0;23690;23690
21/02/2024 17:45;21/02/2024 18:00;72;kWh;-1477;6086;0;0;7563;4609
21/02/2024 18:00;21/02/2024 18:15;73;kWh;-1713;555;0;0;2268;-1158
21/02/2024 18:15;21/02/2024 18:30;74;kWh;0;385;0;0;385;385
21/02/2024 18:30;21/02/2024 18:45;75;kWh;0;0;0;0;0;0
21/02/2024 18:45;21/02/2024 19:00;76;kWh;0;958;0;0;958;958
21/02/2024 19:00;21/02/2024 19:15;77;kWh;0;0;0;0;0;0
21/02/2024 19:15;21/02/2024 19:30;78;kWh;0;0;0;0;0;0
21/02/2024 19:30;21/02/2024 19:45;79;kWh;0;0;0;0;0;0
21/02/2024 19:45;21/02/2024 20:00;80;kWh;0;2287;0;0;2287;2287
21/02/2024 20:00;21/02/2024 20:15;81;kWh;0;2221;0;0;2221;2221
21/02/2024 20:15;21/02/2024 20:30;82;kWh;0;5922;0;0;5922;5922
21/02/2024 20:30;21/02/2024 20:45;83;kWh;0;735;0;0;735;735
21/02/2024 20:45;21/02/2024 21:00;84;kWh;0;47;0;0;47;47
21/02/2024 21:00;21/02/2024 21:15;85;kWh;0;895;0;0;895;895
21/02/2024 21:15;21/02/2024 21:30;86;kWh;0;0;0;0;0;0
21/02/2024 21:30;21/02/2024 21:45;87;kWh;0;0;0;0;0;0
21/02/2024 21:45;21/02/2024 22:00;88;kWh;0;0;0;0;0;0
21/02/2024 22:00;21/02/2024 22:15;89;kWh;0;0;0;0;0;0
21/02/2024 22:15;21/02/2024 22:30;90;kWh;0;0;0;0;0;0
21/02/2024 22:30;21/02/2024 22:45;91;kWh;0;0;0;0;0;0
21/02/2024 22:45;21/02/2024 23:00;92;kWh;-1905;0;0;0;1905;-1905
21/02/2024 23:00;21/02/2024 23:15;93;kWh;-2242;0;0;0;2242;-2242
21/02/2024 23:15;21/02/2024 23:30;94;kWh;-4483;1478;0;0;5961;-3005
21/02/2024 23:30;21/02/2024 23:45;95;kWh;-10680;240;0;0;10920;-10440
21/02/2024 23:45;22/02/2024 00:00;96;kWh;-5788;0;0;0;5788;-5788
22/02/2024 00:00;22/02/2024 00:15;1;kWh;-3955;18474;0;0;22429;14519
22/02/2024 00:15;22/02/2024 00:30;2;kWh;0;22876;0;0;22876;22876
22/02/2024 00:30;22/02/2024 00:45;3;kWh;-852;0;0;0;852;-852
22/02/2024 00:45;22/02/2024 01:00;4;kWh;-2571;0;0;0;2571;-2571
22/02/2024 01:00;22/02/2024 01:15;5;kWh;-3070;0;0;0;3070;-3070
22/02/2024 01:15;22/02/2024 01:30;6;kWh;-847;455;0;0;1302;-392
22/02/2024 01:30;22/02/2024 01:45;7;kWh;0;2622;0;0;2622;2622
22/02/2024 01:45;22/02/2024 02:00;8;kWh;0;2748;0;0;2748;2748
22/02/2024 02:00;22/02/2024 02:15;9;kWh;0;13417;0;0;13417;13417
22/02/2024 02:15;22/02/2024 02:30;10;kWh;0;23188;0;0;23188;23188
22/02/2024 02:30;22/02/2024 02:45;11;kWh;0;28471;0;0;28471;28471
22/02/2024 02:45;22/02/2024 03:00;12;kWh;0;16253;0;0;16253;16253
22/02/2024 03:00;22/02/2024 03:15;13;kWh;0;386;0;0;386;386
22/02/2024 03:15;22/02/2024 03:30;14;kWh;0;0;0;0;0;0
22/02/2024 03:30;22/02/2024 03:45;15;kWh;0;0;0;0;0;0
22/02/2024 03:45;22/02/2024 04:00;16;kWh;0;0;0;0;0;0
22/02/2024 04:00;22/02/2024 04:15;17;kWh;0;0;0;0;0;0
22/02/2024 04:15;22/02/2024 04:30;18;kWh;0;0;0;0;0;0
22/02/2024 04:30;22/02/2024 04:45;19;kWh;-1023;0;0;0;1023;-1023
22/02/2024 04:45;22/02/2024 05:00;20;kWh;-2610;0;0;0;2610;-2610
22/02/2024 05:00;22/02/2024 05:15;21;kWh;-4790;0;0;0;4790;-4790
22/02/2024 05:15;22/02/2024 05:30;22;kWh;0;0;0;0;0;0
22/02/2024 05:30;22/02/2024 05:45;23;kWh;0;0;0;0;0;0
22/02/2024 05:45;22/02/2024 06:00;24;kWh;0;0;0;0;0;0
22/02/2024 06:00;22/02/2024 06:15;25;kWh;-3783;3912;0;0;7695;129
22/02/2024 06:15;22/02/2024 06:30;26;kWh;0;1785;0;0;1785;1785
22/02/2024 06:30;22/02/2024 06:45;27;kWh;0;6891;0;0;6891;6891
22/02/2024 06:45;22/02/2024 07:00;28;kWh;0;20777;0;0;20777;20777
22/02/2024 07:00;22/02/2024 07:15;29;kWh;0;9125;0;0;9125;9125
22/02/2024 07:15;22/02/2024 07:30;30;kWh;0;17090;0;0;17090;17090
22/02/2024 07:30;22/02/2024 07:45;31;kWh;-8360;3594;0;0;11954;-4766
22/02/2024 07:45;22/02/2024 08:00;32;kWh;-3854;0;0;0;3854;-3854
22/02/2024 08:00;22/02/2024 08:15;33;kWh;-5675;0;0;0;5675;-5675
22/02/2024 08:15;22/02/2024 08:30;34;kWh;-84;0;0;0;84;-84
22/02/2024 08:30;22/02/2024 08:45;35;kWh;-8413;0;0;0;8413;-8413
22/02/2024 08:45;22/02/2024 09:00;36;kWh;-8830;4140;0;0;12970;-4690
22/02/2024 09:00;22/02/2024 09:15;37;kWh;-7276;5338;0;0;12614;-1938
22/02/2024 09:15;22/02/2024 09:30;38;kWh;-29401;0;0;0;29401;-29401
22/02/2024 09:30;22/02/2024 09:45;39;kWh;-26945;0;0;0;26945;-26945
22/02/2024 09:45;22/02/2024 10:00;40;kWh;-17529;0;0;0;17529;-17529
22/02/2024 10:00;22/02/2024 10:15;41;kWh;-18794;0;0;0;18794;-18794
22/02/2024 10:15;22/02/2024 10:30;42;kWh;-22944;0;0;0;22944;-22944
22/02/2024 10:30;22/02/2024 10:45;43;kWh;-26985;0;0;0;26985;-26985
22/02/2024 10:45;22/02/2024 11:00;44;kWh;-33721;27;0;0;33748;-33694
22/02/2024 11:00;22/02/2024 11:15;45;kWh;-61;12471;0;0;12532;12410
22/02/2024 11:15;22/02/2024 11:30;46;kWh;0;16282;0;0;16282;16282
22/02/2024 11:30;22/02/2024 11:45;47;kWh;0;21333;0;0;21333;21333
22/02/2024 11:45;22/02/2024 12:00;48;kWh;0;29663;0;0;29663;29663
22/02/2024 12:00;22/02/2024 12:15;49;kWh;0;38609;0;0;38609;38609
22/02/2024 12:15;22/02/2024 12:30;50;kWh;0;42299;0;0;42299;42299
22/02/2024 12:30;22/02/2024 12:45;51;kWh;0;21501;0;0;21501;21501
22/02/2024 12:45;22/02/2024 13:00;52;kWh;0;28806;0;0;28806;28806
22/02/2024 13:00;22/02/2024 13:15;53;kWh;0;25716;0;0;25716;25716
22/02/2024 13:15;22/02/2024 13:30;54;kWh;0;50222;0;0;50222;50222
22/02/2024 13:30;22/02/2024 13:45;55;kWh;0;34800;0;0;34800;34800
22/02/2024 13:45;22/02/2024 14:00;56;kWh;-11;19460;0;0;19471;19449
22/02/2024 14:00;22/02/2024 14:15;57;kWh;-1513;40;0;0;1553;-1473
22/02/2024 14:15;22/02/2024 14:30;58;kWh;0;200;0;0;200;200
22/02/2024 14:30;22/02/2024 14:45;59;kWh;0;3847;0;0;3847;3847
22/02/2024 14:45;22/02/2024 15:00;60;kWh;0;728;0;0;728;728
22/02/2024 15:00;22/02/2024 15:15;61;kWh;-3604;0;0;0;3604;-3604
22/02/2024 15:15;22/02/2024 15:30;62;kWh;-13954;0;0;0;13954;-13954
22/02/2024 15:30;22/02/2024 15:45;63;kWh;-625;0;0;0;625;-625
22/02/2024 15:45;22/02/2024 16:00;64;kWh;-339;0;0;0;339;-339
22/02/2024 16:00;22/02/2024 16:15;65;kWh;-7773;127;0;0;7900;-7646
22/02/2024 16:15;22/02/2024 16:30;66;kWh;0;1187;0;0;1187;1187
22/02/2024 16:30;22/02/2024 16:45;67;kWh;-3308;0;0;0;3308;-3308
22/02/2024 16:45;22/02/2024 17:00;68;kWh;-3431;0;0;0;3431;-3431
22/02/2024 17:00;22/02/2024 17:15;69;kWh;0;0;0;0;0;0
22/02/2024 17:15;22/02/2024 17:30;70;kWh;0;0;0;0;0;0
22/02/2024 17:30;22/02/2024 17:45;71;kWh;0;1514;0;0;1514;1514
22/02/2024 17:45;22/02/2024 18:00;72;kWh;-2569;239;0;0;2808;-2330
22/02/2024 18:00;22/02/2024 18:15;73;kWh;-16762;0;0;0;16762;-16762
22/02/2024 18:15;22/02/2024 18:30;74;kWh;-3859;0;0;0;3859;-3859
22/02/2024 18:30;22/02/2024 18:45;75;kWh;-16451;0;0;0;16451;-16451
22/02/2024 18:45;22/02/2024 19:00;76;kWh;-7608;0;0;0;7608;-7608
22/02/2024 19:00;22/02/2024 19:15;77;kWh;-12146;506;0;0;12652;-11640
22/02/2024 19:15;22/02/2024 19:30;78;kWh;-19463;0;0;0;19463;-19463
22/02/2024 19:30;22/02/2024 19:45;79;kWh;-18497;0;0;0;18497;-18497
22/02/2024 19:45;22/02/2024 20:00;80;kWh;-10248;387;0;0;10635;-9861
22/02/2024 20:00;22/02/2024 20:15;81;kWh;-585;0;0;0;585;-585
22/02/2024 20:15;22/02/2024 20:30;82;kWh;-6970;0;0;0;6970;-6970
22/02/2024 20:30;22/02/2024 20:45;83;kWh;-2465;0;0;0;2465;-2465
22/02/2024 20:45;22/02/2024 21:00;84;kWh;-14750;0;0;0;14750;-14750
22/02/2024 21:00;22/02/2024 21:15;85;kWh;-5893;1012;0;0;6905;-4881
22/02/2024 21:15;22/02/2024 21:30;86;kWh;-13960;2370;0;0;16330;-11590
22/02/2024 21:30;22/02/2024 21:45;87;kWh;-16043;373;0;0;16416;-15670
22/02/2024 21:45;22/02/2024 22:00;88;kWh;-12498;0;0;0;12498;-12498
22/02/2024 22:00;22/02/2024 22:15;89;kWh;-25;0;0;0;25;-25
22/02/2024 22:15;22/02/2024 22:30;90;kWh;-376;219;0;0;595;-157
22/02/2024 22:30;22/02/2024 22:45;91;kWh;0;4;0;0;4;4
22/02/2024 22:45;22/02/2024 23:00;92;kWh;-378;0;0;0;378;-378
22/02/2024 23:00;22/02/2024 23:15;93;kWh;-214;1607;0;0;1821;1393
22/02/2024 23:15;22/02/2024 23:30;94;kWh;0;9198;0;0;9198;9198
22/02/2024 23:30;22/02/2024 23:45;95;kWh;0;3159;0;0;3159;3159
22/02/2024 23:45;23/02/2024 00:00;96;kWh;-725;3;0;0;728;-722
23/02/2024 00:00;23/02/2024 00:15;1;kWh;-6058;238;0;0;6296;-5820
23/02/2024 00:15;23/02/2024 00:30;2;kWh;-21857;434;0;0;22291;-21423
23/02/2024 00:30;23/02/2024 00:45;3;kWh;-19158;4435;0;0;23593;-14723
23/02/2024 00:45;23/02/2024 01:00;4;kWh;-12387;638;0;0;13025;-11749
23/02/2024 01:00;23/02/2024 01:15;5;kWh;-1854;20329;0;0;22183;18475
23/02/2024 01:15;23/02/2024 01:30;6;kWh;-1333;2474;0;0;3807;1141
23/02/2024 01:30;23/02/2024 01:45;7;kWh;0;2;0;0;2;2
23/02/2024 01:45;23/02/2024 02:00;8;kWh;0;0;0;0;0;0
23/02/2024 02:00;23/02/2024 02:15;9;kWh;0;0;0;0;0;0
23/02/2024 02:15;23/02/2024 02:30;10;kWh;0;0;0;0;0;0
23/02/2024 02:30;23/02/2024 02:45;11;kWh;0;0;0;0;0;0
23/02/2024 02:45;23/02/2024 03:00;12;kWh;0;0;0;0;0;0
23/02/2024 03:00;23/02/2024 03:15;13;kWh;0;42485;0;0;42485;42485
23/02/2024 03:15;23/02/2024 03:30;14;kWh;0;42193;0;0;42193;42193
23/02/2024 03:30;23/02/2024 03:45;15;kWh;0;19407;0;0;19407;19407
23/02/2024 03:45;23/02/2024 04:00;16;kWh;0;1633;0;0;1633;1633
23/02/2024 04:00;23/02/2024 04:15;17;kWh;0;25236;0;0;25236;25236
23/02/2024 04:15;23/02/2024 04:30;18;kWh;-1922;8892;0;0;10814;6970
23/02/2024 04:30;23/02/2024 04:45;19;kWh;-43;1712;0;0;1755;1669
23/02/2024 04:45;23/02/2024 05:00;20;kWh;0;0;0;0;0;0
23/02/2024 05:00;23/02/2024 05:15;21;kWh;-902;0;0;0;902;-902
23/02/2024 05:15;23/02/2024 05:30;22;kWh;-944;146;0;0;1090;-798
23/02/2024 05:30;23/02/2024 05:45;23;kWh;-563;1332;0;0;1895;769
23/02/2024 05:45;23/02/2024 06:00;24;kWh;-486;481;0;0;967;-5
23/02/2024 06:00;23/02/2024 06:15;25;kWh;-277;0;0;0;277;-277
23/02/2024 06:15;23/02/2024 06:30;26;kWh;0;34;0;0;34;34
23/02/2024 06:30;23/02/2024 06:45;27;kWh;0;13358;0;0;13358;13358
23/02/2024 06:45;23/02/2024 07:00;28;kWh;0;13980;0;0;13980;13980
23/02/2024 07:00;23/02/2024 07:15;29;kWh;0;5706;0;0;5706;5706
23/02/2024 07:15;23/02/2024 07:30;30;kWh;0;18240;0;0;18240;18240
23/02/2024 07:30;23/02/2024 07:45;31;kWh;0;11515;0;0;11515;11515
23/02/2024 07:45;23/02/2024 08:00;32;kWh;0;550;0;0;550;550
23/02/2024 08:00;23/02/2024 08:15;33;kWh;0;0;0;0;0;0
23/02/2024 08:15;23/02/2024 08:30;34;kWh;0;0;0;0;0;0
23/02/2024 08:30;23/02/2024 08:45;35;kWh;0;0;0;0;0;0
23/02/2024 08:45;23/02/2024 09:00;36;kWh;-1168;0;0;0;1168;-1168
23/02/2024 09:00;23/02/2024 09:15;37;kWh;-2271;2797;0;0;5068;526
23/02/2024 09:15;23/02/2024 09:30;38;kWh;0;16365;0;0;16365;16365
23/02/2024 09:30;23/02/2024 09:45;39;kWh;0;2011;0;0;2011;2011
23/02/2024 09:45;23/02/2024 10:00;40;kWh;0;3182;0;0;3182;3182
23/02/2024 10:00;23/02/2024 10:15;41;kWh;-1295;97;0;0;1392;-1198
23/02/2024 10:15;23/02/2024 10:30;42;kWh;0;8935;0;0;8935;8935
23/02/2024 10:30;23/02/2024 10:45;43;kWh;0;11808;0;0;11808;11808
23/02/2024 10:45;23/02/2024 11:00;44;kWh;-7;10325;0;0;10332;10318
23/02/2024 11:00;23/02/2024 11:15;45;kWh;-232;3694;0;0;3926;3462
23/02/2024 11:15;23/02/2024 11:30;46;kWh;0;29819;0;0;29819;29819
23/02/2024 11:30;23/02/2024 11:45;47;kWh;0;49008;0;0;49008;49008
23/02/2024 11:45;23/02/2024 12:00;48;kWh;0;62919;0;0;62919;62919
23/02/2024 12:00;23/02/2024 12:15;49;kWh;0;46872;0;0;46872;46872
23/02/2024 12:15;23/02/2024 12:30;50;kWh;0;65038;0;0;65038;65038
23/02/2024 12:30;23/02/2024 12:45;51;kWh;0;9356;0;0;9356;9356
23/02/2024 12:45;23/02/2024 13:00;52;kWh;-1159;28;0;0;1187;-1131
23/02/2024 13:00;23/02/2024 13:15;53;kWh;0;4284;0;0;4284;4284
23/02/2024 13:15;23/02/2024 13:30;54;kWh;0;15968;0;0;15968;15968
23/02/2024 13:30;23/02/2024 13:45;55;kWh;0;23271;0;0;23271;23271
23/02/2024 13:45;23/02/2024 14:00;56;kWh;-130;10328;0;0;10458;10198
23/02/2024 14:00;23/02/2024 14:15;57;kWh;-959;0;0;0;959;-959
23/02/2024 14:15;23/02/2024 14:30;58;kWh;0;0;0;0;0;0
23/02/2024 14:30;23/02/2024 14:45;59;kWh;-884;0;0;0;884;-884
23/02/2024 14:45;23/02/2024 15:00;60;kWh;0;0;0;0;0;0
23/02/2024 15:00;23/02/2024 15:15;61;kWh;0;3879;0;0;3879;3879
23/02/2024 15:15;23/02/2024 15:30;62;kWh;0;1103;0;0;1103;1103
23/02/2024 15:30;23/02/2024 15:45;63;kWh;0;12550;0;0;12550;12550
23/02/2024 15:45;23/02/2024 16:00;64;kWh;0;28250;0;0;28250;28250
23/02/2024 16:00;23/02/2024 16:15;65;kWh;0;4696;0;0;4696;4696
23/02/2024 16:15;23/02/2024 16:30;66;kWh;0;1485;0;0;1485;1485
23/02/2024 16:30;23/02/2024 16:45;67;kWh;0;9790;0;0;9790;9790
23/02/2024 16:45;23/02/2024 17:00;68;kWh;0;60334;0;0;60334;60334
23/02/2024 17:00;23/02/2024 17:15;69;kWh;0;14584;0;0;14584;14584
23/02/2024 17:15;23/02/2024 17:30;70;kWh;0;28947;0;0;28947;28947
23/02/2024 17:30;23/02/2024 17:45;71;kWh;0;75417;0;0;75417;75417
23/02/2024 17:45;23/02/2024 18:00;72;kWh;0;82700;0;0;82700;82700
23/02/2024 18:00;23/02/2024 18:15;73;kWh;0;18412;0;0;18412;18412
23/02/2024 18:15;23/02/2024 18:30;74;kWh;0;1541;0;0;1541;1541
23/02/2024 18:30;23/02/2024 18:45;75;kWh;0;1386;0;0;1386;1386
23/02/2024 18:45;23/02/2024 19:00;76;kWh;0;6984;0;0;6984;6984
23/02/2024 19:00;23/02/2024 19:15;77;kWh;0;12880;0;0;12880;12880
23/02/2024 19:15;23/02/2024 19:30;78;kWh;-1001;430;0;0;1431;-571
23/02/2024 19:30;23/02/2024 19:45;79;kWh;-4745;0;0;0;4745;-4745
23/02/2024 19:45;23/02/2024 20:00;80;kWh;-327;0;0;0;327;-327
23/02/2024 20:00;23/02/2024 20:15;81;kWh;-2;13886;0;0;13888;13884
23/02/2024 20:15;23/02/2024 20:30;82;kWh;0;48936;0;0;48936;48936
23/02/2024 20:30;23/02/2024 20:45;83;kWh;0;7830;0;0;7830;7830
23/02/2024 20:45;23/02/2024 21:00;84;kWh;0;0;0;0;0;0
23/02/2024 21:00;23/02/2024 21:15;85;kWh;0;23249;0;0;23249;23249
23/02/2024 21:15;23/02/2024 21:30;86;kWh;0;76230;0;0;76230;76230
23/02/2024 21:30;23/02/2024 21:45;87;kWh;0;55736;0;0;55736;55736
23/02/2024 21:45;23/02/2024 22:00;88;kWh;0;554;0;0;554;554
23/02/2024 22:00;23/02/2024 22:15;89;kWh;0;4207;0;0;4207;4207
23/02/2024 22:15;23/02/2024 22:30;90;kWh;0;1869;0;0;1869;1869
23/02/2024 22:30;23/02/2024 22:45;91;kWh;0;128;0;0;128;128
23/02/2024 22:45;23/02/2024 23:00;92;kWh;0;0;0;0;0;0
23/02/2024 23:00;23/02/2024 23:15;93;kWh;0;1712;0;0;1712;1712
23/02/2024 23:15;23/02/2024 23:30;94;kWh;0;14304;0;0;14304;14304
23/02/2024 23:30;23/02/2024 23:45;95;kWh;0;458;0;0;458;458
23/02/2024 23:45;24/02/2024 00:00;96;kWh;-2443;0;0;0;2443;-2443
24/02/2024 00:00;24/02/2024 00:15;1;kWh;-4843;5144;0;0;9987;301
24/02/2024 00:15;24/02/2024 00:30;2;kWh;0;8840;0;0;8840;8840
24/02/2024 00:30;24/02/2024 00:45;3;kWh;0;846;0;0;846;846
24/02/2024 00:45;24/02/2024 01:00;4;kWh;-3576;0;0;0;3576;-3576
24/02/2024 01:00;24/02/2024 01:15;5;kWh;-79;337;0;0;416;258
24/02/2024 01:15;24/02/2024 01:30;6;kWh;0;3911;0;0;3911;3911
24/02/2024 01:30;24/02/2024 01:45;7;kWh;0;7428;0;0;7428;7428
24/02/2024 01:45;24/02/2024 02:00;8;kWh;-8276;0;0;0;8276;-8276
24/02/2024 02:00;24/02/2024 02:15;9;kWh;-16795;0;0;0;16795;-16795
24/02/2024 02:15;24/02/2024 02:30;10;kWh;-21354;0;0;0;21354;-21354
24/02/2024 02:30;24/02/2024 02:45;11;kWh;-5574;0;0;0;5574;-5574
24/02/2024 02:45;24/02/2024 03:00;12;kWh;0;824;0;0;824;824
24/02/2024 03:00;24/02/2024 03:15;13;kWh;0;0;0;0;0;0
24/02/2024 03:15;24/02/2024 03:30;14;kWh;0;787;0;0;787;787
24/02/2024 03:30;24/02/2024 03:45;15;kWh;0;1108;0;0;1108;1108
24/02/2024 03:45;24/02/2024 04:00;16;kWh;0;0;0;0;0;0
24/02/2024 04:00;24/02/2024 04:15;17;kWh;0;2353;0;0;2353;2353
24/02/2024 04:15;24/02/2024 04:30;18;kWh;0;9;0;0;9;9
24/02/2024 04:30;24/02/2024 04:45;19;kWh;-609;0;0;0;609;-609
24/02/2024 04:45;24/02/2024 05:00;20;kWh;-6;0;0;0;6;-6
24/02/2024 05:00;24/02/2024 05:15;21;kWh;0;0;0;0;0;0
24/02/2024 05:15;24/02/2024 05:30;22;kWh;-2244;0;0;0;2244;-2244
24/02/2024 05:30;24/02/2024 05:45;23;kWh;-1123;0;0;0;1123;-1123
24/02/2024 05:45;24/02/2024 06:00;24;kWh;-725;0;0;0;725;-725
24/02/2024 06:00;24/02/2024 06:15;25;kWh;-1590;0;0;0;1590;-1590
24/02/2024 06:15;24/02/2024 06:30;26;kWh;0;12234;0;0;12234;12234
24/02/2024 06:30;24/02/2024 06:45;27;kWh;0;27681;0;0;27681;27681
24/02/2024 06:45;24/02/2024 07:00;28;kWh;0;37256;0;0;37256;37256
24/02/2024 07:00;24/02/2024 07:15;29;kWh;0;17905;0;0;17905;17905
24/02/2024 07:15;24/02/2024 07:30;30;kWh;0;42028;0;0;42028;42028
24/02/2024 07:30;24/02/2024 07:45;31;kWh;0;56040;0;0;56040;56040
24/02/2024 07:45;24/02/2024 08:00;32;kWh;0;56254;0;0;56254;56254
24/02/2024 08:00;24/02/2024 08:15;33;kWh;-142;26137;0;0;26279;25995
24/02/2024 08:15;24/02/2024 08:30;34;kWh;-59;0;0;0;59;-59
24/02/2024 08:30;24/02/2024 08:45;35;kWh;0;0;0;0;0;0
24/02/2024 08:45;24/02/2024 09:00;36;kWh;0;0;0;0;0;0
24/02/2024 09:00;24/02/2024 09:15;37;kWh;0;4606;0;0;4606;4606
24/02/2024 09:15;24/02/2024 09:30;38;kWh;0;4791;0;0;4791;4791
24/02/2024 09:30;24/02/2024 09:45;39;kWh;0;780;0;0;780;780
24/02/2024 09:45;24/02/2024 10:00;40;kWh;0;0;0;0;0;0
24/02/2024 10:00;24/02/2024 10:15;41;kWh;0;42017;0;0;42017;42017
24/02/2024 10:15;24/02/2024 10:30;42;kWh;-3785;49025;0;0;52810;45240
24/02/2024 10:30;24/02/2024 10:45;43;kWh;0;25637;0;0;25637;25637
24/02/2024 10:45;24/02/2024 11:00;44;kWh;0;0;0;0;0;0
24/02/2024 11:00;24/02/2024 11:15;45;kWh;-2;16267;0;0;16269;16265
24/02/2024 11:15;24/02/2024 11:30;46;kWh;-214;557;0;0;771;343
24/02/2024 11:30;24/02/2024 11:45;47;kWh;-8337;141;0;0;8478;-8196
24/02/2024 11:45;24/02/2024 12:00;48;kWh;-4;15024;0;0;15028;15020
24/02/2024 12:00;24/02/2024 12:15;49;kWh;0;44483;0;0;44483;44483
24/02/2024 12:15;24/02/2024 12:30;50;kWh;0;51177;0;0;51177;51177
24/02/2024 12:30;24/02/2024 12:45;51;kWh;0;19228;0;0;19228;19228
24/02/2024 12:45;24/02/2024 13:00;52;kWh;0;17426;0;0;17426;17426
24/02/2024 13:00;24/02/2024 13:15;53;kWh;0;21500;0;0;21500;21500
24/02/2024 13:15;24/02/2024 13:30;54;kWh;-296;452;0;0;748;156
24/02/2024 13:30;24/02/2024 13:45;55;kWh;-11470;19;0;0;11489;-11451
24/02/2024 13:45;24/02/2024 14:00;56;kWh;-24553;126;0;0;24679;-24427
24/02/2024 14:00;24/02/2024 14:15;57;kWh;-13571;5230;0;0;18801;-8341
24/02/2024 14:15;24/02/2024 14:30;58;kWh;-16316;1301;0;0;17617;-15015
24/02/2024 14:30;24/02/2024 14:45;59;kWh;-7348;4;0;0;7352;-7344
24/02/2024 14:45;24/02/2024 15:00;60;kWh;-597;0;0;0;597;-597
24/02/2024 15:00;24/02/2024 15:15;61;kWh;-15141;0;0;0;15141;-15141
24/02/2024 15:15;24/02/2024 15:30;62;kWh;-18731;538;0;0;19269;-18193
24/02/2024 15:30;24/02/2024 15:45;63;kWh;0;147;0;0;147;147
24/02/2024 15:45;24/02/2024 16:00;64;kWh;-504;76;0;0;580;-428
24/02/2024 16:00;24/02/2024 16:15;65;kWh;-2240;0;0;0;2240;-2240
24/02/2024 16:15;24/02/2024 16:30;66;kWh;-8;6174;0;0;6182;6166
24/02/2024 16:30;24/02/2024 16:45;67;kWh;0;6783;0;0;6783;6783
24/02/2024 16:45;24/02/2024 17:00;68;kWh;0;32507;0;0;32507;32507
24/02/2024 17:00;24/02/2024 17:15;69;kWh;-34705;12300;0;0;47005;-22405
24/02/2024 17:15;24/02/2024 17:30;70;kWh;-18990;212;0;0;19202;-18778
24/02/2024 17:30;24/02/2024 17:45;71;kWh;-14;17459;0;0;17473;17445
24/02/2024 17:45;24/02/2024 18:00;72;kWh;0;74532;0;0;74532;74532
24/02/2024 18:00;24/02/2024 18:15;73;kWh;-59991;11919;0;0;71910;-48072
24/02/2024 18:15;24/02/2024 18:30;74;kWh;-40735;3872;0;0;44607;-36863
24/02/2024 18:30;24/02/2024 18:45;75;kWh;-17972;98;0;0;18070;-17874
24/02/2024 18:45;24/02/2024 19:00;76;kWh;-22;7254;0;0;7276;7232
24/02/2024 19:00;24/02/2024 19:15;77;kWh;-57;196;0;0;253;139
24/02/2024 19:15;24/02/2024 19:30;78;kWh;0;0;0;0;0;0
24/02/2024 19:30;24/02/2024 19:45;79;kWh;-2773;0;0;0;2773;-2773
24/02/2024 19:45;24/02/2024 20:00;80;kWh;-7044;0;0;0;7044;-7044
24/02/2024 20:00;24/02/2024 20:15;81;kWh;0;6442;0;0;6442;6442
24/02/2024 20:15;24/02/2024 20:30;82;kWh;-3145;360;0;0;3505;-2785
24/02/2024 20:30;24/02/2024 20:45;83;kWh;-31744;0;0;0;31744;-31744
24/02/2024 20:45;24/02/2024 21:00;84;kWh;-23049;0;0;0;23049;-23049
24/02/2024 21:00;24/02/2024 21:15;85;kWh;0;0;0;0;0;0
24/02/2024 21:15;24/02/2024 21:30;86;kWh;0;2026;0;0;2026;2026
24/02/2024 21:30;24/02/2024 21:45;87;kWh;-3269;1318;0;0;4587;-1951
24/02/2024 21:45;24/02/2024 22:00;88;kWh;-35108;0;0;0;35108;-35108
24/02/2024 22:00;24/02/2024 22:15;89;kWh;-14551;0;0;0;14551;-14551
24/02/2024 22:15;24/02/2024 22:30;90;kWh;-29786;0;0;0;29786;-29786
24/02/2024 22:30;24/02/2024 22:45;91;kWh;-35968;0;0;0;35968;-35968
24/02/2024 22:45;24/02/2024 23:00;92;kWh;-16760;0;0;0;16760;-16760
24/02/2024 23:00;24/02/2024 23:15;93;kWh;-24284;0;0;0;24284;-24284
24/02/2024 23:15;24/02/2024 23:30;94;kWh;-12701;0;0;0;12701;-12701
24/02/2024 23:30;24/02/2024 23:45;95;kWh;-10141;0;0;0;10141;-10141
24/02/2024 23:45;25/02/2024 00:00;96;kWh;-452;0;0;0;452;-452
25/02/2024 00:00;25/02/2024 00:15;1;kWh;-1108;0;0;0;1108;-1108
25/02/2024 00:15;25/02/2024 00:30;2;kWh;0;1443;0;0;1443;1443
25/02/2024 00:30;25/02/2024 00:45;3;kWh;0;5352;0;0;5352;5352
25/02/2024 00:45;25/02/2024 01:00;4;kWh;0;11468;0;0;11468;11468
25/02/2024 01:00;25/02/2024 01:15;5;kWh;0;0;0;0;0;0
25/02/2024 01:15;25/02/2024 01:30;6;kWh;0;0;0;0;0;0
25/02/2024 01:30;25/02/2024 01:45;7;kWh;0;0;0;0;0;0
25/02/2024 01:45;25/02/2024 02:00;8;kWh;0;0;0;0;0;0
25/02/2024 02:00;25/02/2024 02:15;9;kWh;0;1174;0;0;1174;1174
25/02/2024 02:15;25/02/2024 02:30;10;kWh;0;0;0;0;0;0
25/02/2024 02:30;25/02/2024 02:45;11;kWh;0;0;0;0;0;0
25/02/2024 02:45;25/02/2024 03:00;12;kWh;-1384;0;0;0;1384;-1384
25/02/2024 03:00;25/02/2024 03:15;13;kWh;-6204;0;0;0;6204;-6204
25/02/2024 03:15;25/02/2024 03:30;14;kWh;0;0;0;0;0;0
25/02/2024 03:30;25/02/2024 03:45;15;kWh;0;0;0;0;0;0
25/02/2024 03:45;25/02/2024 04:00;16;kWh;0;940;0;0;940;940
25/02/2024 04:00;25/02/2024 04:15;17;kWh;0;3;0;0;3;3
25/02/2024 04:15;25/02/2024 04:30;18;kWh;0;0;0;0;0;0
25/02/2024 04:30;25/02/2024 04:45;19;kWh;0;0;0;0;0;0
25/02/2024 04:45;25/02/2024 05:00;20;kWh;0;2467;0;0;2467;2467
25/02/2024 05:00;25/02/2024 05:15;21;kWh;0;4362;0;0;4362;4362
25/02/2024 05:15;25/02/2024 05:30;22;kWh;0;5633;0;0;5633;5633
25/02/2024 05:30;25/02/2024 05:45;23;kWh;0;3418;0;0;3418;3418
25/02/2024 05:45;25/02/2024 06:00;24;kWh;0;343;0;0;343;343
25/02/2024 06:00;25/02/2024 06:15;25;kWh;0;0;0;0;0;0
25/02/2024 06:15;25/02/2024 06:30;26;kWh;0;0;0;0;0;0
25/02/2024 06:30;25/02/2024 06:45;27;kWh;0;0;0;0;0;0
25/02/2024 06:45;25/02/2024 07:00;28;kWh;-2530;0;0;0;2530;-2530
25/02/2024 07:00;25/02/2024 07:15;29;kWh;-9259;0;0;0;9259;-9259
25/02/2024 07:15;25/02/2024 07:30;30;kWh;-18275;0;0;0;18275;-18275
25/02/2024 07:30;25/02/2024 07:45;31;kWh;-28047;0;0;0;28047;-28047
25/02/2024 07:45;25/02/2024 08:00;32;kWh;-37485;0;0;0;37485;-37485
25/02/2024 08:00;25/02/2024 08:15;33;kWh;-28385;0;0;0;28385;-28385
25/02/2024 08:15;25/02/2024 08:30;34;kWh;-2289;0;0;0;2289;-2289
25/02/2024 08:30;25/02/2024 08:45;35;kWh;-10359;0;0;0;10359;-10359
25/02/2024 08:45;25/02/2024 09:00;36;kWh;-2232;0;0;0;2232;-2232
25/02/2024 09:00;25/02/2024 09:15;37;kWh;-560;0;0;0;560;-560
25/02/2024 09:15;25/02/2024 09:30;38;kWh;0;0;0;0;0;0
25/02/2024 09:30;25/02/2024 09:45;39;kWh;-215;0;0;0;215;-215
25/02/2024 09:45;25/02/2024 10:00;40;kWh;-3032;0;0;0;3032;-3032
25/02/2024 10:00;25/02/2024 10:15;41;kWh;-38675;0;0;0;38675;-38675
25/02/2024 10:15;25/02/2024 10:30;42;kWh;-16972;19;0;0;16991;-16953
25/02/2024 10:30;25/02/2024 10:45;43;kWh;-27249;0;0;0;27249;-27249
25/02/2024 10:45;25/02/2024 11:00;44;kWh;-31108;0;0;0;31108;-31108
25/02/2024 11:00;25/02/2024 11:15;45;kWh;-3914;0;0;0;3914;-3914
25/02/2024 11:15;25/02/2024 11:30;46;kWh;0;0;0;0;0;0
25/02/2024 11:30;25/02/2024 11:45;47;kWh;0;13726;0;0;13726;13726
25/02/2024 11:45;25/02/2024 12:00;48;kWh;0;38015;0;0;38015;38015
25/02/2024 12:00;25/02/2024 12:15;49;kWh;0;61764;0;0;61764;61764
25/02/2024 12:15;25/02/2024 12:30;50;kWh;0;65327;0;0;65327;65327
25/02/2024 12:30;25/02/2024 12:45;51;kWh;0;21567;0;0;21567;21567
25/02/2024 12:45;25/02/2024 13:00;52;kWh;0;46628;0;0;46628;46628
25/02/2024 13:00;25/02/2024 13:15;53;kWh;0;30094;0;0;30094;30094
25/02/2024 13:15;25/02/2024 13:30;54;kWh;0;9784;0;0;9784;9784
25/02/2024 13:30;25/02/2024 13:45;55;kWh;0;24516;0;0;24516;24516
25/02/2024 13:45;25/02/2024 14:00;56;kWh;0;33407;0;0;33407;33407
25/02/2024 14:00;25/02/2024 14:15;57;kWh;0;19898;0;0;19898;19898
25/02/2024 14:15;25/02/2024 14:30;58;kWh;0;225;0;0;225;225
25/02/2024 14:30;25/02/2024 14:45;59;kWh;0;1526;0;0;1526;1526
25/02/2024 14:45;25/02/2024 15:00;60;kWh;-3247;372;0;0;3619;-2875
25/02/2024 15:00;25/02/2024 15:15;61;kWh;-288;0;0;0;288;-288
25/02/2024 15:15;25/02/2024 15:30;62;kWh;0;142;0;0;142;142
25/02/2024 15:30;25/02/2024 15:45;63;kWh;0;1815;0;0;1815;1815
25/02/2024 15:45;25/02/2024 16:00;64;kWh;0;0;0;0;0;0
25/02/2024 16:00;25/02/2024 16:15;65;kWh;-25757;633;0;0;26390;-25124
25/02/2024 16:15;25/02/2024 16:30;66;kWh;-20243;2930;0;0;23173;-17313
25/02/2024 16:30;25/02/2024 16:45;67;kWh;-7442;5578;0;0;13020;-1864
25/02/2024 16:45;25/02/2024 17:00;68;kWh;0;45702;0;0;45702;45702
25/02/2024 17:00;25/02/2024 17:15;69;kWh;-33051;4827;0;0;37878;-28224
25/02/2024 17:15;25/02/2024 17:30;70;kWh;0;13513;0;0;13513;13513
25/02/2024 17:30;25/02/2024 17:45;71;kWh;0;39958;0;0;39958;39958
25/02/2024 17:45;25/02/2024 18:00;72;kWh;0;55169;0;0;55169;55169
25/02/2024 18:00;25/02/2024 18:15;73;kWh;0;53517;0;0;53517;53517
25/02/2024 18:15;25/02/2024 18:30;74;kWh;0;38778;0;0;38778;38778
25/02/2024 18:30;25/02/2024 18:45;75;kWh;-969;26362;0;0;27331;25393
25/02/2024 18:45;25/02/2024 19:00;76;kWh;-21106;0;0;0;21106;-21106
25/02/2024 19:00;25/02/2024 19:15;77;kWh;-13488;23834;0;0;37322;10346
25/02/2024 19:15;25/02/2024 19:30;78;kWh;-7736;3674;0;0;11410;-4062
25/02/2024 19:30;25/02/2024 19:45;79;kWh;-7520;0;0;0;7520;-7520
25/02/2024 19:45;25/02/2024 20:00;80;kWh;-4119;6;0;0;4125;-4113
25/02/2024 20:00;25/02/2024 20:15;81;kWh;0;57240;0;0;57240;57240
25/02/2024 20:15;25/02/2024 20:30;82;kWh;0;65239;0;0;65239;65239
25/02/2024 20:30;25/02/2024 20:45;83;kWh;0;31367;0;0;31367;31367
25/02/2024 20:45;25/02/2024 21:00;84;kWh;0;16413;0;0;16413;16413
25/02/2024 21:00;25/02/2024 21:15;85;kWh;0;34742;0;0;34742;34742
25/02/2024 21:15;25/02/2024 21:30;86;kWh;0;28145;0;0;28145;28145
25/02/2024 21:30;25/02/2024 21:45;87;kWh;0;15823;0;0;15823;15823
25/02/2024 21:45;25/02/2024 22:00;88;kWh;0;1044;0;0;1044;1044
25/02/2024 22:00;25/02/2024 22:15;89;kWh;0;321;0;0;321;321
25/02/2024 22:15;25/02/2024 22:30;90;kWh;0;12131;0;0;12131;12131
25/02/2024 22:30;25/02/2024 22:45;91;kWh;0;1375;0;0;1375;1375
25/02/2024 22:45;25/02/2024 23:00;92;kWh;0;5739;0;0;5739;5739
25/02/2024 23:00;25/02/2024 23:15;93;kWh;0;1146;0;0;1146;1146
25/02/2024 23:15;25/02/2024 23:30;94;kWh;0;0;0;0;0;0
25/02/2024 23:30;25/02/2024 23:45;95;kWh;0;0;0;0;0;0
25/02/2024 23:45;26/02/2024 00:00;96;kWh;-1300;0;0;0;1300;-1300
26/02/2024 00:00;26/02/2024 00:15;1;kWh;-18157;0;0;0;18157;-18157
26/02/2024 00:15;26/02/2024 00:30;2;kWh;-37063;0;0;0;37063;-37063
26/02/2024 00:30;26/02/2024 00:45;3;kWh;-69237;0;0;0;69237;-69237
26/02/2024 00:45;26/02/2024 01:00;4;kWh;-65324;0;0;0;65324;-65324
26/02/2024 01:00;26/02/2024 01:15;5;kWh;-27622;0;0;0;27622;-27622
26/02/2024 01:15;26/02/2024 01:30;6;kWh;-11643;0;0;0;11643;-11643
26/02/2024 01:30;26/02/2024 01:45;7;kWh;-38650;0;0;0;38650;-38650
26/02/2024 01:45;26/02/2024 02:00;8;kWh;-67320;0;0;0;67320;-67320
26/02/2024 02:00;26/02/2024 02:15;9;kWh;-18116;0;0;0;18116;-18116
26/02/2024 02:15;26/02/2024 02:30;10;kWh;-20404;0;0;0;20404;-20404
26/02/2024 02:30;26/02/2024 02:45;11;kWh;-45478;0;0;0;45478;-45478
26/02/2024 02:45;26/02/2024 03:00;12;kWh;-58677;0;0;0;58677;-58677
26/02/2024 03:00;26/02/2024 03:15;13;kWh;-8753;13390;0;0;22143;4637
26/02/2024 03:15;26/02/2024 03:30;14;kWh;0;9499;0;0;9499;9499
26/02/2024 03:30;26/02/2024 03:45;15;kWh;0;1805;0;0;1805;1805
26/02/2024 03:45;26/02/2024 04:00;16;kWh;0;14;0;0;14;14
26/02/2024 04:00;26/02/2024 04:15;17;kWh;-247;0;0;0;247;-247
26/02/2024 04:15;26/02/2024 04:30;18;kWh;-1130;0;0;0;1130;-1130
26/02/2024 04:30;26/02/2024 04:45;19;kWh;-1310;0;0;0;1310;-1310
26/02/2024 04:45;26/02/2024 05:00;20;kWh;0;0;0;0;0;0
26/02/2024 05:00;26/02/2024 05:15;21;kWh;0;190;0;0;190;190
26/02/2024 05:15;26/02/2024 05:30;22;kWh;0;5253;0;0;5253;5253
26/02/2024 05:30;26/02/2024 05:45;23;kWh;0;21375;0;0;21375;21375
26/02/2024 05:45;26/02/2024 06:00;24;kWh;-17707;3790;0;0;21497;-13917
26/02/2024 06:00;26/02/2024 06:15;25;kWh;-3407;499;0;0;3906;-2908
26/02/2024 06:15;26/02/2024 06:30;26;kWh;-995;392;0;0;1387;-603
26/02/2024 06:30;26/02/2024 06:45;27;kWh;-1;1356;0;0;1357;1355
26/02/2024 06:45;26/02/2024 07:00;28;kWh;0;19478;0;0;19478;19478
26/02/2024 07:00;26/02/2024 07:15;29;kWh;0;6797;0;0;6797;6797
26/02/2024 07:15;26/02/2024 07:30;30;kWh;0;24102;0;0;24102;24102
26/02/2024 07:30;26/02/2024 07:45;31;kWh;0;14760;0;0;14760;14760
26/02/2024 07:45;26/02/2024 08:00;32;kWh;0;516;0;0;516;516
26/02/2024 08:00;26/02/2024 08:15;33;kWh;0;0;0;0;0;0
26/02/2024 08:15;26/02/2024 08:30;34;kWh;0;0;0;0;0;0
26/02/2024 08:30;26/02/2024 08:45;35;kWh;0;0;0;0;0;0
26/02/2024 08:45;26/02/2024 09:00;36;kWh;0;4;0;0;4;4
26/02/2024 09:00;26/02/2024 09:15;37;kWh;0;33264;0;0;33264;33264
26/02/2024 09:15;26/02/2024 09:30;38;kWh;0;14617;0;0;14617;14617
26/02/2024 09:30;26/02/2024 09:45;39;kWh;0;472;0;0;472;472
26/02/2024 09:45;26/02/2024 10:00;40;kWh;0;505;0;0;505;505
26/02/2024 10:00;26/02/2024 10:15;41;kWh;0;6418;0;0;6418;6418
26/02/2024 10:15;26/02/2024 10:30;42;kWh;0;0;0;0;0;0
26/02/2024 10:30;26/02/2024 10:45;43;kWh;0;0;0;0;0;0
26/02/2024 10:45;26/02/2024 11:00;44;kWh;0;0;0;0;0;0
26/02/2024 11:00;26/02/2024 11:15;45;kWh;0;962;0;0;962;962
26/02/2024 11:15;26/02/2024 11:30;46;kWh;-1151;0;0;0;1151;-1151
26/02/2024 11:30;26/02/2024 11:45;47;kWh;-1215;5077;0;0;6292;3862
26/02/2024 11:45;26/02/2024 12:00;48;kWh;0;6727;0;0;6727;6727
26/02/2024 12:00;26/02/2024 12:15;49;kWh;0;43537;0;0;43537;43537
26/02/2024 12:15;26/02/2024 12:30;50;kWh;0;58432;0;0;58432;58432
26/02/2024 12:30;26/02/2024 12:45;51;kWh;0;42391;0;0;42391;42391
26/02/2024 12:45;26/02/2024 13:00;52;kWh;0;35177;0;0;35177;35177
26/02/2024 13:00;26/02/2024 13:15;53;kWh;0;12213;0;0;12213;12213
26/02/2024 13:15;26/02/2024 13:30;54;kWh;0;16472;0;0;16472;16472
26/02/2024 13:30;26/02/2024 13:45;55;kWh;0;4690;0;0;4690;4690
26/02/2024 13:45;26/02/2024 14:00;56;kWh;0;0;0;0;0;0
26/02/2024 14:00;26/02/2024 14:15;57;kWh;0;0;0;0;0;0
26/02/2024 14:15;26/02/2024 14:30;58;kWh;0;1074;0;0;1074;1074
26/02/2024 14:30;26/02/2024 14:45;59;kWh;0;38281;0;0;38281;38281
26/02/2024 14:45;26/02/2024 15:00;60;kWh;0;8495;0;0;8495;8495
26/02/2024 15:00;26/02/2024 15:15;61;kWh;0;5237;0;0;5237;5237
26/02/2024 15:15;26/02/2024 15:30;62;kWh;-20892;46;0;0;20938;-20846
26/02/2024 15:30;26/02/2024 15:45;63;kWh;-1533;0;0;0;1533;-1533
26/02/2024 15:45;26/02/2024 16:00;64;kWh;-1538;0;0;0;1538;-1538
26/02/2024 16:00;26/02/2024 16:15;65;kWh;-40083;0;0;0;40083;-40083
26/02/2024 16:15;26/02/2024 16:30;66;kWh;-7826;0;0;0;7826;-7826
26/02/2024 16:30;26/02/2024 16:45;67;kWh;-1041;0;0;0;1041;-1041
26/02/2024 16:45;26/02/2024 17:00;68;kWh;-1177;0;0;0;1177;-1177
26/02/2024 17:00;26/02/2024 17:15;69;kWh;0;0;0;0;0;0
26/02/2024 17:15;26/02/2024 17:30;70;kWh;0;0;0;0;0;0
26/02/2024 17:30;26/02/2024 17:45;71;kWh;0;0;0;0;0;0
26/02/2024 17:45;26/02/2024 18:00;72;kWh;0;0;0;0;0;0
26/02/2024 18:00;26/02/2024 18:15;73;kWh;0;261;0;0;261;261
26/02/2024 18:15;26/02/2024 18:30;74;kWh;0;11798;0;0;11798;11798
26/02/2024 18:30;26/02/2024 18:45;75;kWh;0;33632;0;0;33632;33632
26/02/2024 18:45;26/02/2024 19:00;76;kWh;0;61547;0;0;61547;61547
26/02/2024 19:00;26/02/2024 19:15;77;kWh;0;34580;0;0;34580;34580
26/02/2024 19:15;26/02/2024 19:30;78;kWh;0;19783;0;0;19783;19783
26/02/2024 19:30;26/02/2024 19:45;79;kWh;0;17707;0;0;17707;17707
26/02/2024 19:45;26/02/2024 20:00;80;kWh;0;1081;0;0;1081;1081
26/02/2024 20:00;26/02/2024 20:15;81;kWh;0;8879;0;0;8879;8879
26/02/2024 20:15;26/02/2024 20:30;82;kWh;0;40;0;0;40;40
26/02/2024 20:30;26/02/2024 20:45;83;kWh;0;4385;0;0;4385;4385
26/02/2024 20:45;26/02/2024 21:00;84;kWh;0;0;0;0;0;0
26/02/2024 21:00;26/02/2024 21:15;85;kWh;0;3;0;0;3;3
26/02/2024 21:15;26/02/2024 21:30;86;kWh;0;1751;0;0;1751;1751
26/02/2024 21:30;26/02/2024 21:45;87;kWh;-46;0;0;0;46;-46
26/02/2024 21:45;26/02/2024 22:00;88;kWh;-9424;0;0;0;9424;-9424
26/02/2024 22:00;26/02/2024 22:15;89;kWh;-44;0;0;0;44;-44
26/02/2024 22:15;26/02/2024 22:30;90;kWh;0;38;0;0;38;38
26/02/2024 22:30;26/02/2024 22:45;91;kWh;-1403;0;0;0;1403;-1403
26/02/2024 22:45;26/02/2024 23:00;92;kWh;-8364;0;0;0;8364;-8364
26/02/2024 23:00;26/02/2024 23:15;93;kWh;-11482;0;0;0;11482;-11482
26/02/2024 23:15;26/02/2024 23:30;94;kWh;-19322;0;0;0;19322;-19322
26/02/2024 23:30;26/02/2024 23:45;95;kWh;-12491;0;0;0;12491;-12491
26/02/2024 23:45;27/02/2024 00:00;96;kWh;-15853;0;0;0;15853;-15853
27/02/2024 00:00;27/02/2024 00:15;1;kWh;-16868;0;0;0;16868;-16868
27/02/2024 00:15;27/02/2024 00:30;2;kWh;-4945;0;0;0;4945;-4945
27/02/2024 00:30;27/02/2024 00:45;3;kWh;-12018;0;0;0;12018;-12018
27/02/2024 00:45;27/02/2024 01:00;4;kWh;-25837;0;0;0;25837;-25837
27/02/2024 01:00;27/02/2024 01:15;5;kWh;-11078;0;0;0;11078;-11078
27/02/2024 01:15;27/02/2024 01:30;6;kWh;-8026;0;0;0;8026;-8026
27/02/2024 01:30;27/02/2024 01:45;7;kWh;-35383;0;0;0;35383;-35383
27/02/2024 01:45;27/02/2024 02:00;8;kWh;-35121;0;0;0;35121;-35121
27/02/2024 02:00;27/02/2024 02:15;9;kWh;-54301;0;0;0;54301;-54301
27/02/2024 02:15;27/02/2024 02:30;10;kWh;-40319;0;0;0;40319;-40319
27/02/2024 02:30;27/02/2024 02:45;11;kWh;-22858;0;0;0;22858;-22858
27/02/2024 02:45;27/02/2024 03:00;12;kWh;-2206;0;0;0;2206;-2206
27/02/2024 03:00;27/02/2024 03:15;13;kWh;-12647;0;0;0;12647;-12647
27/02/2024 03:15;27/02/2024 03:30;14;kWh;-29251;0;0;0;29251;-29251
27/02/2024 03:30;27/02/2024 03:45;15;kWh;-6339;613;0;0;6952;-5726
27/02/2024 03:45;27/02/2024 04:00;16;kWh;0;7386;0;0;7386;7386
27/02/2024 04:00;27/02/2024 04:15;17;kWh;-15188;0;0;0;15188;-15188
27/02/2024 04:15;27/02/2024 04:30;18;kWh;-10046;0;0;0;10046;-10046
27/02/2024 04:30;27/02/2024 04:45;19;kWh;-29043;0;0;0;29043;-29043
27/02/2024 04:45;27/02/2024 05:00;20;kWh;-33703;0;0;0;33703;-33703
27/02/2024 05:00;27/02/2024 05:15;21;kWh;-46466;0;0;0;46466;-46466
27/02/2024 05:15;27/02/2024 05:30;22;kWh;-69077;0;0;0;69077;-69077
27/02/2024 05:30;27/02/2024 05:45;23;kWh;-55249;0;0;0;55249;-55249
27/02/2024 05:45;27/02/2024 06:00;24;kWh;-62786;0;0;0;62786;-62786
27/02/2024 06:00;27/02/2024 06:15;25;kWh;-34436;0;0;0;34436;-34436
27/02/2024 06:15;27/02/2024 06:30;26;kWh;-19580;0;0;0;19580;-19580
27/02/2024 06:30;27/02/2024 06:45;27;kWh;-1324;3975;0;0;5299;2651
27/02/2024 06:45;27/02/2024 07:00;28;kWh;0;13157;0;0;13157;13157
27/02/2024 07:00;27/02/2024 07:15;29;kWh;-25232;1770;0;0;27002;-23462
27/02/2024 07:15;27/02/2024 07:30;30;kWh;-61;2642;0;0;2703;2581
27/02/2024 07:30;27/02/2024 07:45;31;kWh;0;35934;0;0;35934;35934
27/02/2024 07:45;27/02/2024 08:00;32;kWh;0;21739;0;0;21739;21739
27/02/2024 08:00;27/02/2024 08:15;33;kWh;0;16356;0;0;16356;16356
27/02/2024 08:15;27/02/2024 08:30;34;kWh;0;11751;0;0;11751;11751
27/02/2024 08:30;27/02/2024 08:45;35;kWh;0;4655;0;0;4655;4655
27/02/2024 08:45;27/02/2024 09:00;36;kWh;0;49;0;0;49;49
27/02/2024 09:00;27/02/2024 09:15;37;kWh;0;0;0;0;0;0
27/02/2024 09:15;27/02/2024 09:30;38;kWh;0;0;0;0;0;0
27/02/2024 09:30;27/02/2024 09:45;39;kWh;0;0;0;0;0;0
27/02/2024 09:45;27/02/2024 10:00;40;kWh;-10853;0;0;0;10853;-10853
27/02/2024 10:00;27/02/2024 10:15;41;kWh;-6449;10937;0;0;17386;4488
27/02/2024 10:15;27/02/2024 10:30;42;kWh;0;46870;0;0;46870;46870
27/02/2024 10:30;27/02/2024 10:45;43;kWh;0;9567;0;0;9567;9567
27/02/2024 10:45;27/02/2024 11:00;44;kWh;0;30296;0;0;30296;30296
27/02/2024 11:00;27/02/2024 11:15;45;kWh;0;84540;0;0;84540;84540
27/02/2024 11:15;27/02/2024 11:30;46;kWh;0;47484;0;0;47484;47484
27/02/2024 11:30;27/02/2024 11:45;47;kWh;0;21513;0;0;21513;21513
27/02/2024 11:45;27/02/2024 12:00;48;kWh;-1237;31857;0;0;33094;30620
27/02/2024 12:00;27/02/2024 12:15;49;kWh;-5673;0;0;0;5673;-5673
27/02/2024 12:15;27/02/2024 12:30;50;kWh;-4445;0;0;0;4445;-4445
27/02/2024 12:30;27/02/2024 12:45;51;kWh;-7785;0;0;0;7785;-7785
27/02/2024 12:45;27/02/2024 13:00;52;kWh;-3071;0;0;0;3071;-3071
27/02/2024 13:00;27/02/2024 13:15;53;kWh;-3;10535;0;0;10538;10532
27/02/2024 13:15;27/02/2024 13:30;54;kWh;0;2470;0;0;2470;2470
27/02/2024 13:30;27/02/2024 13:45;55;kWh;0;4494;0;0;4494;4494
27/02/2024 13:45;27/02/2024 14:00;56;kWh;0;4262;0;0;4262;4262
27/02/2024 14:00;27/02/2024 14:15;57;kWh;-7350;35;0;0;7385;-7315
27/02/2024 14:15;27/02/2024 14:30;58;kWh;-3939;0;0;0;3939;-3939
27/02/2024 14:30;27/02/2024 14:45;59;kWh;-3264;0;0;0;3264;-3264
27/02/2024 14:45;27/02/2024 15:00;60;kWh;0;0;0;0;0;0
27/02/2024 15:00;27/02/2024 15:15;61;kWh;-4291;0;0;0;4291;-4291
27/02/2024 15:15;27/02/2024 15:30;62;kWh;-4496;0;0;0;4496;-4496
27/02/2024 15:30;27/02/2024 15:45;63;kWh;-315;0;0;0;315;-315
27/02/2024 15:45;27/02/2024 16:00;64;kWh;-14;0;0;0;14;-14
27/02/2024 16:00;27/02/2024 16:15;65;kWh;-49639;0;0;0;49639;-49639
27/02/2024 16:15;27/02/2024 16:30;66;kWh;-1109;314;0;0;1423;-795
27/02/2024 16:30;27/02/2024 16:45;67;kWh;0;14879;0;0;14879;14879
27/02/2024 16:45;27/02/2024 17:00;68;kWh;0;42669;0;0;42669;42669
27/02/2024 17:00;27/02/2024 17:15;69;kWh;0;9962;0;0;9962;9962
27/02/2024 17:15;27/02/2024 17:30;70;kWh;0;49823;0;0;49823;49823
27/02/2024 17:30;27/02/2024 17:45;71;kWh;0;100291;0;33302;133593;133593
27/02/2024 17:45;27/02/2024 18:00;72;kWh;0;98632;0;96283;194915;194915
27/02/2024 18:00;27/02/2024 18:15;73;kWh;0;75764;0;141990;217754;217754
27/02/2024 18:15;27/02/2024 18:30;74;kWh;0;78268;0;156777;235045;235045
27/02/2024 18:30;27/02/2024 18:45;75;kWh;0;45694;0;138562;184256;184256
27/02/2024 18:45;27/02/2024 19:00;76;kWh;0;3077;0;101758;104835;104835
27/02/2024 19:00;27/02/2024 19:15;77;kWh;0;0;0;15416;15416;15416
27/02/2024 19:15;27/02/2024 19:30;78;kWh;0;0;0;0;0;0
27/02/2024 19:30;27/02/2024 19:45;79;kWh;0;0;0;0;0;0
27/02/2024 19:45;27/02/2024 20:00;80;kWh;-9321;0;0;0;9321;-9321
27/02/2024 20:00;27/02/2024 20:15;81;kWh;-1497;1214;0;0;2711;-283
27/02/2024 20:15;27/02/2024 20:30;82;kWh;0;469;0;0;469;469
27/02/2024 20:30;27/02/2024 20:45;83;kWh;-1;645;0;0;646;644
27/02/2024 20:45;27/02/2024 21:00;84;kWh;-358;0;0;0;358;-358
27/02/2024 21:00;27/02/2024 21:15;85;kWh;0;14253;0;0;14253;14253
27/02/2024 21:15;27/02/2024 21:30;86;kWh;0;190;0;0;190;190
27/02/2024 21:30;27/02/2024 21:45;87;kWh;-1030;0;0;0;1030;-1030
27/02/2024 21:45;27/02/2024 22:00;88;kWh;-35485;0;0;0;35485;-35485
27/02/2024 22:00;27/02/2024 22:15;89;kWh;-6991;0;0;0;6991;-6991
27/02/2024 22:15;27/02/2024 22:30;90;kWh;0;0;0;0;0;0
27/02/2024 22:30;27/02/2024 22:45;91;kWh;0;0;0;0;0;0
27/02/2024 22:45;27/02/2024 23:00;92;kWh;-16096;0;0;0;16096;-16096
27/02/2024 23:00;27/02/2024 23:15;93;kWh;-11661;2858;0;0;14519;-8803
27/02/2024 23:15;27/02/2024 23:30;94;kWh;0;1380;0;0;1380;1380
27/02/2024 23:30;27/02/2024 23:45;95;kWh;-184;0;0;0;184;-184
27/02/2024 23:45;28/02/2024 00:00;96;kWh;-9941;0;0;0;9941;-9941
28/02/2024 00:00;28/02/2024 00:15;1;kWh;-12209;0;0;0;12209;-12209
28/02/2024 00:15;28/02/2024 00:30;2;kWh;0;9086;0;0;9086;9086
28/02/2024 00:30;28/02/2024 00:45;3;kWh;0;13722;0;0;13722;13722
28/02/2024 00:45;28/02/2024 01:00;4;kWh;0;17168;0;0;17168;17168
28/02/2024 01:00;28/02/2024 01:15;5;kWh;0;23886;0;0;23886;23886
28/02/2024 01:15;28/02/2024 01:30;6;kWh;0;4835;0;0;4835;4835
28/02/2024 01:30;28/02/2024 01:45;7;kWh;0;1988;0;0;1988;1988
28/02/2024 01:45;28/02/2024 02:00;8;kWh;0;0;0;0;0;0
28/02/2024 02:00;28/02/2024 02:15;9;kWh;0;10811;0;0;10811;10811
28/02/2024 02:15;28/02/2024 02:30;10;kWh;0;6025;0;0;6025;6025
28/02/2024 02:30;28/02/2024 02:45;11;kWh;0;5588;0;0;5588;5588
28/02/2024 02:45;28/02/2024 03:00;12;kWh;0;4114;0;0;4114;4114
28/02/2024 03:00;28/02/2024 03:15;13;kWh;0;0;0;0;0;0
28/02/2024 03:15;28/02/2024 03:30;14;kWh;0;0;0;0;0;0
28/02/2024 03:30;28/02/2024 03:45;15;kWh;0;4999;0;0;4999;4999
28/02/2024 03:45;28/02/2024 04:00;16;kWh;0;1642;0;0;1642;1642
28/02/2024 04:00;28/02/2024 04:15;17;kWh;0;0;0;0;0;0
28/02/2024 04:15;28/02/2024 04:30;18;kWh;0;0;0;0;0;0
28/02/2024 04:30;28/02/2024 04:45;19;kWh;0;4159;0;0;4159;4159
28/02/2024 04:45;28/02/2024 05:00;20;kWh;0;17550;0;0;17550;17550
28/02/2024 05:00;28/02/2024 05:15;21;kWh;0;528;0;0;528;528
28/02/2024 05:15;28/02/2024 05:30;22;kWh;0;0;0;0;0;0
28/02/2024 05:30;28/02/2024 05:45;23;kWh;0;0;0;0;0;0
28/02/2024 05:45;28/02/2024 06:00;24;kWh;0;0;0;0;0;0
28/02/2024 06:00;28/02/2024 06:15;25;kWh;-5060;337;0;0;5397;-4723
28/02/2024 06:15;28/02/2024 06:30;26;kWh;0;2657;0;0;2657;2657
28/02/2024 06:30;28/02/2024 06:45;27;kWh;0;13094;0;0;13094;13094
28/02/2024 06:45;28/02/2024 07:00;28;kWh;0;46570;0;0;46570;46570
28/02/2024 07:00;28/02/2024 07:15;29;kWh;0;21007;0;0;21007;21007
28/02/2024 07:15;28/02/2024 07:30;30;kWh;0;34026;0;0;34026;34026
28/02/2024 07:30;28/02/2024 07:45;31;kWh;0;45983;0;0;45983;45983
28/02/2024 07:45;28/02/2024 08:00;32;kWh;0;44927;0;0;44927;44927
28/02/2024 08:00;28/02/2024 08:15;33;kWh;0;13169;0;0;13169;13169
28/02/2024 08:15;28/02/2024 08:30;34;kWh;0;23442;0;0;23442;23442
28/02/2024 08:30;28/02/2024 08:45;35;kWh;0;32512;0;0;32512;32512
28/02/2024 08:45;28/02/2024 09:00;36;kWh;0;32109;0;0;32109;32109
28/02/2024 09:00;28/02/2024 09:15;37;kWh;0;22345;0;0;22345;22345
28/02/2024 09:15;28/02/2024 09:30;38;kWh;0;0;0;0;0;0
28/02/2024 09:30;28/02/2024 09:45;39;kWh;-523;0;0;0;523;-523
28/02/2024 09:45;28/02/2024 10:00;40;kWh;-21120;0;0;0;21120;-21120
28/02/2024 10:00;28/02/2024 10:15;41;kWh;-19872;0;0;0;19872;-19872
28/02/2024 10:15;28/02/2024 10:30;42;kWh;-27543;0;0;0;27543;-27543
28/02/2024 10:30;28/02/2024 10:45;43;kWh;-38642;0;0;0;38642;-38642
28/02/2024 10:45;28/02/2024 11:00;44;kWh;-36815;0;0;0;36815;-36815
28/02/2024 11:00;28/02/2024 11:15;45;kWh;-19287;0;0;0;19287;-19287
28/02/2024 11:15;28/02/2024 11:30;46;kWh;-8398;0;0;0;8398;-8398
28/02/2024 11:30;28/02/2024 11:45;47;kWh;-5092;0;0;0;5092;-5092
28/02/2024 11:45;28/02/2024 12:00;48;kWh;-569;522;0;0;1091;-47
28/02/2024 12:00;28/02/2024 12:15;49;kWh;0;0;0;0;0;0
28/02/2024 12:15;28/02/2024 12:30;50;kWh;-141;0;0;0;141;-141
28/02/2024 12:30;28/02/2024 12:45;51;kWh;-2298;0;0;0;2298;-2298
28/02/2024 12:45;28/02/2024 13:00;52;kWh;-673;0;0;0;673;-673
28/02/2024 13:00;28/02/2024 13:15;53;kWh;-22;1420;0;0;1442;1398
28/02/2024 13:15;28/02/2024 13:30;54;kWh;0;22390;0;0;22390;22390
28/02/2024 13:30;28/02/2024 13:45;55;kWh;0;49950;0;0;49950;49950
28/02/2024 13:45;28/02/2024 14:00;56;kWh;0;4799;0;0;4799;4799
28/02/2024 14:00;28/02/2024 14:15;57;kWh;0;9659;0;0;9659;9659
28/02/2024 14:15;28/02/2024 14:30;58;kWh;0;46948;0;0;46948;46948
28/02/2024 14:30;28/02/2024 14:45;59;kWh;0;53047;0;0;53047;53047
28/02/2024 14:45;28/02/2024 15:00;60;kWh;0;23862;0;0;23862;23862
28/02/2024 15:00;28/02/2024 15:15;61;kWh;-10171;0;0;0;10171;-10171
28/02/2024 15:15;28/02/2024 15:30;62;kWh;-19735;0;0;0;19735;-19735
28/02/2024 15:30;28/02/2024 15:45;63;kWh;-39663;0;0;0;39663;-39663
28/02/2024 15:45;28/02/2024 16:00;64;kWh;-23736;0;0;0;23736;-23736
28/02/2024 16:00;28/02/2024 16:15;65;kWh;-9391;0;0;0;9391;-9391
28/02/2024 16:15;28/02/2024 16:30;66;kWh;-27473;0;0;0;27473;-27473
28/02/2024 16:30;28/02/2024 16:45;67;kWh;-47311;0;0;0;47311;-47311
28/02/2024 16:45;28/02/2024 17:00;68;kWh;-42630;0;0;0;42630;-42630
28/02/2024 17:00;28/02/2024 17:15;69;kWh;-59458;0;0;0;59458;-59458
28/02/2024 17:15;28/02/2024 17:30;70;kWh;-17512;0;0;0;17512;-17512
28/02/2024 17:30;28/02/2024 17:45;71;kWh;-44137;0;0;0;44137;-44137
28/02/2024 17:45;28/02/2024 18:00;72;kWh;-47968;0;0;0;47968;-47968
28/02/2024 18:00;28/02/2024 18:15;73;kWh;-5624;24;0;0;5648;-5600
28/02/2024 18:15;28/02/2024 18:30;74;kWh;-1381;0;0;0;1381;-1381
28/02/2024 18:30;28/02/2024 18:45;75;kWh;-62;0;0;0;62;-62
28/02/2024 18:45;28/02/2024 19:00;76;kWh;-3223;161;0;0;3384;-3062
28/02/2024 19:00;28/02/2024 19:15;77;kWh;0;13057;0;0;13057;13057
28/02/2024 19:15;28/02/2024 19:30;78;kWh;-183;6875;0;0;7058;6692
28/02/2024 19:30;28/02/2024 19:45;79;kWh;-6566;0;0;0;6566;-6566
28/02/2024 19:45;28/02/2024 20:00;80;kWh;-11110;0;0;0;11110;-11110
28/02/2024 20:00;28/02/2024 20:15;81;kWh;-9554;0;0;0;9554;-9554
28/02/2024 20:15;28/02/2024 20:30;82;kWh;0;8177;0;0;8177;8177
28/02/2024 20:30;28/02/2024 20:45;83;kWh;0;2902;0;0;2902;2902
28/02/2024 20:45;28/02/2024 21:00;84;kWh;0;11563;0;0;11563;11563
28/02/2024 21:00;28/02/2024 21:15;85;kWh;0;44509;0;0;44509;44509
28/02/2024 21:15;28/02/2024 21:30;86;kWh;0;32232;0;0;32232;32232
28/02/2024 21:30;28/02/2024 21:45;87;kWh;0;11397;0;0;11397;11397
28/02/2024 21:45;28/02/2024 22:00;88;kWh;0;19469;0;0;19469;19469
28/02/2024 22:00;28/02/2024 22:15;89;kWh;0;21755;0;0;21755;21755
28/02/2024 22:15;28/02/2024 22:30;90;kWh;0;6015;0;0;6015;6015
28/02/2024 22:30;28/02/2024 22:45;91;kWh;0;0;0;0;0;0
28/02/2024 22:45;28/02/2024 23:00;92;kWh;0;0;0;0;0;0
28/02/2024 23:00;28/02/2024 23:15;93;kWh;-7988;0;0;0;7988;-7988
28/02/2024 23:15;28/02/2024 23:30;94;kWh;-4647;0;0;0;4647;-4647
28/02/2024 23:30;28/02/2024 23:45;95;kWh;-1626;0;0;0;1626;-1626
28/02/2024 23:45;29/02/2024 00:00;96;kWh;-362;1547;0;0;1909;1185
29/02/2024 00:00;29/02/2024 00:15;1;kWh;-3306;1006;0;0;4312;-2300
29/02/2024 00:15;29/02/2024 00:30;2;kWh;0;4163;0;0;4163;4163
29/02/2024 00:30;29/02/2024 00:45;3;kWh;0;0;0;0;0;0
29/02/2024 00:45;29/02/2024 01:00;4;kWh;-1192;0;0;0;1192;-1192
29/02/2024 01:00;29/02/2024 01:15;5;kWh;-476;717;0;0;1193;241
29/02/2024 01:15;29/02/2024 01:30;6;kWh;0;10;0;0;10;10
29/02/2024 01:30;29/02/2024 01:45;7;kWh;0;0;0;0;0;0
29/02/2024 01:45;29/02/2024 02:00;8;kWh;-1433;0;0;0;1433;-1433
29/02/2024 02:00;29/02/2024 02:15;9;kWh;-248;139;0;0;387;-109
29/02/2024 02:15;29/02/2024 02:30;10;kWh;0;2889;0;0;2889;2889
29/02/2024 02:30;29/02/2024 02:45;11;kWh;0;0;0;0;0;0
29/02/2024 02:45;29/02/2024 03:00;12;kWh;-1481;0;0;0;1481;-1481
29/02/2024 03:00;29/02/2024 03:15;13;kWh;-303;0;0;0;303;-303
29/02/2024 03:15;29/02/2024 03:30;14;kWh;0;1730;0;0;1730;1730
29/02/2024 03:30;29/02/2024 03:45;15;kWh;0;2092;0;0;2092;2092
29/02/2024 03:45;29/02/2024 04:00;16;kWh;0;2233;0;0;2233;2233
29/02/2024 04:00;29/02/2024 04:15;17;kWh;0;11939;0;0;11939;11939
29/02/2024 04:15;29/02/2024 04:30;18;kWh;0;7085;0;0;7085;7085
29/02/2024 04:30;29/02/2024 04:45;19;kWh;0;9933;0;0;9933;9933
29/02/2024 04:45;29/02/2024 05:00;20;kWh;0;7334;0;0;7334;7334
29/02/2024 05:00;29/02/2024 05:15;21;kWh;0;799;0;0;799;799
29/02/2024 05:15;29/02/2024 05:30;22;kWh;-2375;0;0;0;2375;-2375
29/02/2024 05:30;29/02/2024 05:45;23;kWh;-5284;0;0;0;5284;-5284
29/02/2024 05:45;29/02/2024 06:00;24;kWh;-865;0;0;0;865;-865
29/02/2024 06:00;29/02/2024 06:15;25;kWh;-11941;133;0;0;12074;-11808
29/02/2024 06:15;29/02/2024 06:30;26;kWh;-3663;351;0;0;4014;-3312
29/02/2024 06:30;29/02/2024 06:45;27;kWh;-2086;0;0;0;2086;-2086
29/02/2024 06:45;29/02/2024 07:00;28;kWh;0;310;0;0;310;310
29/02/2024 07:00;29/02/2024 07:15;29;kWh;0;915;0;0;915;915
29/02/2024 07:15;29/02/2024 07:30;30;kWh;0;0;0;0;0;0
29/02/2024 07:30;29/02/2024 07:45;31;kWh;-1357;0;0;0;1357;-1357
29/02/2024 07:45;29/02/2024 08:00;32;kWh;-14;0;0;0;14;-14
29/02/2024 08:00;29/02/2024 08:15;33;kWh;-4712;0;0;0;4712;-4712
29/02/2024 08:15;29/02/2024 08:30;34;kWh;-5169;492;0;0;5661;-4677
29/02/2024 08:30;29/02/2024 08:45;35;kWh;-907;0;0;0;907;-907
29/02/2024 08:45;29/02/2024 09:00;36;kWh;-2072;0;0;0;2072;-2072
29/02/2024 09:00;29/02/2024 09:15;37;kWh;-1952;0;0;0;1952;-1952
29/02/2024 09:15;29/02/2024 09:30;38;kWh;-1994;0;0;0;1994;-1994
29/02/2024 09:30;29/02/2024 09:45;39;kWh;0;5623;0;0;5623;5623
29/02/2024 09:45;29/02/2024 10:00;40;kWh;0;0;0;0;0;0
29/02/2024 10:00;29/02/2024 10:15;41;kWh;0;2229;0;0;2229;2229
29/02/2024 10:15;29/02/2024 10:30;42;kWh;0;6767;0;0;6767;6767
29/02/2024 10:30;29/02/2024 10:45;43;kWh;-36;0;0;0;36;-36
29/02/2024 10:45;29/02/2024 11:00;44;kWh;-6127;0;0;0;6127;-6127
29/02/2024 11:00;29/02/2024 11:15;45;kWh;-972;0;0;0;972;-972
29/02/2024 11:15;29/02/2024 11:30;46;kWh;-67;0;0;0;67;-67
29/02/2024 11:30;29/02/2024 11:45;47;kWh;0;0;0;0;0;0
29/02/2024 11:45;29/02/2024 12:00;48;kWh;0;1615;0;0;1615;1615
29/02/2024 12:00;29/02/2024 12:15;49;kWh;0;2704;0;0;2704;2704
29/02/2024 12:15;29/02/2024 12:30;50;kWh;-147;4036;0;0;4183;3889
29/02/2024 12:30;29/02/2024 12:45;51;kWh;-3686;0;0;0;3686;-3686
29/02/2024 12:45;29/02/2024 13:00;52;kWh;-16899;0;0;0;16899;-16899
29/02/2024 13:00;29/02/2024 13:15;53;kWh;-24890;2504;0;0;27394;-22386
29/02/2024 13:15;29/02/2024 13:30;54;kWh;-12808;11;0;0;12819;-12797
29/02/2024 13:30;29/02/2024 13:45;55;kWh;-27054;0;0;0;27054;-27054
29/02/2024 13:45;29/02/2024 14:00;56;kWh;-45434;0;0;0;45434;-45434
29/02/2024 14:00;29/02/2024 14:15;57;kWh;-27917;594;0;0;28511;-27323
29/02/2024 14:15;29/02/2024 14:30;58;kWh;0;2040;0;0;2040;2040
29/02/2024 14:30;29/02/2024 14:45;59;kWh;0;3160;0;0;3160;3160
29/02/2024 14:45;29/02/2024 15:00;60;kWh;-94;71;0;0;165;-23
29/02/2024 15:00;29/02/2024 15:15;61;kWh;0;0;0;0;0;0
29/02/2024 15:15;29/02/2024 15:30;62;kWh;0;0;0;0;0;0
29/02/2024 15:30;29/02/2024 15:45;63;kWh;-625;0;0;0;625;-625
29/02/2024 15:45;29/02/2024 16:00;64;kWh;-16;0;0;0;16;-16
29/02/2024 16:00;29/02/2024 16:15;65;kWh;0;0;0;0;0;0
29/02/2024 16:15;29/02/2024 16:30;66;kWh;-629;0;0;0;629;-629
29/02/2024 16:30;29/02/2024 16:45;67;kWh;-4344;0;0;0;4344;-4344
29/02/2024 16:45;29/02/2024 17:00;68;kWh;0;0;0;0;0;0
29/02/2024 17:00;29/02/2024 17:15;69;kWh;-2955;0;0;0;2955;-2955
29/02/2024 17:15;29/02/2024 17:30;70;kWh;-15;484;0;0;499;469
29/02/2024 17:30;29/02/2024 17:45;71;kWh;0;1321;0;0;1321;1321
29/02/2024 17:45;29/02/2024 18:00;72;kWh;0;21828;0;0;21828;21828
29/02/2024 18:00;29/02/2024 18:15;73;kWh;0;72956;0;0;72956;72956
29/02/2024 18:15;29/02/2024 18:30;74;kWh;0;94367;0;17668;112035;112035
29/02/2024 18:30;29/02/2024 18:45;75;kWh;0;59943;0;53050;112993;112993
29/02/2024 18:45;29/02/2024 19:00;76;kWh;0;11615;0;53073;64688;64688
29/02/2024 19:00;29/02/2024 19:15;77;kWh;0;5905;0;0;5905;5905
29/02/2024 19:15;29/02/2024 19:30;78;kWh;0;4640;0;0;4640;4640
29/02/2024 19:30;29/02/2024 19:45;79;kWh;-2492;0;0;0;2492;-2492
29/02/2024 19:45;29/02/2024 20:00;80;kWh;-15707;0;0;0;15707;-15707
29/02/2024 20:00;29/02/2024 20:15;81;kWh;-14695;0;0;0;14695;-14695
29/02/2024 20:15;29/02/2024 20:30;82;kWh;-10775;0;0;0;10775;-10775
29/02/2024 20:30;29/02/2024 20:45;83;kWh;-3783;0;0;0;3783;-3783
29/02/2024 20:45;29/02/2024 21:00;84;kWh;-17541;94;0;0;17635;-17447
29/02/2024 21:00;29/02/2024 21:15;85;kWh;0;0;0;0;0;0
29/02/2024 21:15;29/02/2024 21:30;86;kWh;0;7680;0;0;7680;7680
29/02/2024 21:30;29/02/2024 21:45;87;kWh;0;7407;0;0;7407;7407
29/02/2024 21:45;29/02/2024 22:00;88;kWh;0;0;0;0;0;0
29/02/2024 22:00;29/02/2024 22:15;89;kWh;0;5721;0;0;5721;5721
29/02/2024 22:15;29/02/2024 22:30;90;kWh;0;5313;0;0;5313;5313
29/02/2024 22:30;29/02/2024 22:45;91;kWh;-298;2035;0;0;2333;1737
29/02/2024 22:45;29/02/2024 23:00;92;kWh;-13887;0;0;0;13887;-13887
29/02/2024 23:00;29/02/2024 23:15;93;kWh;-6344;0;0;0;6344;-6344
29/02/2024 23:15;29/02/2024 23:30;94;kWh;0;1730;0;0;1730;1730
29/02/2024 23:30;29/02/2024 23:45;95;kWh;0;13929;0;0;13929;13929
29/02/2024 23:45;01/03/2024 00:00;96;kWh;-5762;12;0;0;5774;-5750
01/03/2024 00:00;01/03/2024 00:15;1;kWh;-6427;0;0;0;6427;-6427
01/03/2024 00:15;01/03/2024 00:30;2;kWh;-24869;0;0;0;24869;-24869
01/03/2024 00:30;01/03/2024 00:45;3;kWh;-29174;0;0;0;29174;-29174
01/03/2024 00:45;01/03/2024 01:00;4;kWh;-22962;0;0;0;22962;-22962
01/03/2024 01:00;01/03/2024 01:15;5;kWh;-17493;0;0;0;17493;-17493
01/03/2024 01:15;01/03/2024 01:30;6;kWh;-15455;0;0;0;15455;-15455
01/03/2024 01:30;01/03/2024 01:45;7;kWh;-22009;0;0;0;22009;-22009
01/03/2024 01:45;01/03/2024 02:00;8;kWh;-243;0;0;0;243;-243
01/03/2024 02:00;01/03/2024 02:15;9;kWh;-186;0;0;0;186;-186
01/03/2024 02:15;01/03/2024 02:30;10;kWh;0;0;0;0;0;0
01/03/2024 02:30;01/03/2024 02:45;11;kWh;-8637;0;0;0;8637;-8637
01/03/2024 02:45;01/03/2024 03:00;12;kWh;-20128;0;0;0;20128;-20128
01/03/2024 03:00;01/03/2024 03:15;13;kWh;-10801;0;0;0;10801;-10801
01/03/2024 03:15;01/03/2024 03:30;14;kWh;0;0;0;0;0;0
01/03/2024 03:30;01/03/2024 03:45;15;kWh;-641;0;0;0;641;-641
01/03/2024 03:45;01/03/2024 04:00;16;kWh;-8270;0;0;0;8270;-8270
01/03/2024 04:00;01/03/2024 04:15;17;kWh;-12685;424;0;0;13109;-12261
01/03/2024 04:15;01/03/2024 04:30;18;kWh;-2921;0;0;0;2921;-2921
01/03/2024 04:30;01/03/2024 04:45;19;kWh;-1790;0;0;0;1790;-1790
01/03/2024 04:45;01/03/2024 05:00;20;kWh;-9033;0;0;0;9033;-9033
01/03/2024 05:00;01/03/2024 05:15;21;kWh;-2934;0;0;0;2934;-2934
01/03/2024 05:15;01/03/2024 05:30;22;kWh;-3344;903;0;0;4247;-2441
01/03/2024 05:30;01/03/2024 05:45;23;kWh;0;20695;0;0;20695;20695
01/03/2024 05:45;01/03/2024 06:00;24;kWh;0;11951;0;0;11951;11951
01/03/2024 06:00;01/03/2024 06:15;25;kWh;0;0;0;0;0;0
01/03/2024 06:15;01/03/2024 06:30;26;kWh;-257;0;0;0;257;-257
01/03/2024 06:30;01/03/2024 06:45;27;kWh;-22364;0;0;0;22364;-22364
01/03/2024 06:45;01/03/2024 07:00;28;kWh;-23702;12;0;0;23714;-23690
01/03/2024 07:00;01/03/2024 07:15;29;kWh;-15511;0;0;0;15511;-15511
01/03/2024 07:15;01/03/2024 07:30;30;kWh;-10434;0;0;0;10434;-10434
01/03/2024 07:30;01/03/2024 07:45;31;kWh;0;26396;0;0;26396;26396
01/03/2024 07:45;01/03/2024 08:00;32;kWh;0;60431;0;0;60431;60431
01/03/2024 08:00;01/03/2024 08:15;33;kWh;0;27215;0;0;27215;27215
01/03/2024 08:15;01/03/2024 08:30;34;kWh;0;17818;0;0;17818;17818
01/03/2024 08:30;01/03/2024 08:45;35;kWh;0;0;0;0;0;0
01/03/2024 08:45;01/03/2024 09:00;36;kWh;-2323;0;0;0;2323;-2323
01/03/2024 09:00;01/03/2024 09:15;37;kWh;-6508;0;0;0;6508;-6508
01/03/2024 09:15;01/03/2024 09:30;38;kWh;-20151;0;0;0;20151;-20151
01/03/2024 09:30;01/03/2024 09:45;39;kWh;-27595;0;0;0;27595;-27595
01/03/2024 09:45;01/03/2024 10:00;40;kWh;-37637;0;0;0;37637;-37637
01/03/2024 10:00;01/03/2024 10:15;41;kWh;0;0;0;0;0;0
01/03/2024 10:15;01/03/2024 10:30;42;kWh;0;1066;0;0;1066;1066
01/03/2024 10:30;01/03/2024 10:45;43;kWh;-2781;1560;0;0;4341;-1221
01/03/2024 10:45;01/03/2024 11:00;44;kWh;-22751;1498;0;0;24249;-21253
01/03/2024 11:00;01/03/2024 11:15;45;kWh;-5399;0;0;0;5399;-5399
01/03/2024 11:15;01/03/2024 11:30;46;kWh;-25687;0;0;0;25687;-25687
01/03/2024 11:30;01/03/2024 11:45;47;kWh;-32032;0;0;0;32032;-32032
01/03/2024 11:45;01/03/2024 12:00;48;kWh;-72522;0;0;0;72522;-72522
01/03/2024 12:00;01/03/2024 12:15;49;kWh;-91034;0;0;0;91034;-91034
01/03/2024 12:15;01/03/2024 12:30;50;kWh;-145502;0;0;0;145502;-145502
01/03/2024 12:30;01/03/2024 12:45;51;kWh;-112648;0;0;0;112648;-112648
01/03/2024 12:45;01/03/2024 13:00;52;kWh;-55025;0;0;0;55025;-55025
01/03/2024 13:00;01/03/2024 13:15;53;kWh;-25113;40;0;0;25153;-25073
01/03/2024 13:15;01/03/2024 13:30;54;kWh;-17;11490;0;0;11507;11473
01/03/2024 13:30;01/03/2024 13:45;55;kWh;0;46212;0;0;46212;46212
01/03/2024 13:45;01/03/2024 14:00;56;kWh;0;57893;0;0;57893;57893
01/03/2024 14:00;01/03/2024 14:15;57;kWh;-453;13276;0;0;13729;12823
01/03/2024 14:15;01/03/2024 14:30;58;kWh;0;12078;0;0;12078;12078
01/03/2024 14:30;01/03/2024 14:45;59;kWh;0;8534;0;0;8534;8534
01/03/2024 14:45;01/03/2024 15:00;60;kWh;-11938;0;0;0;11938;-11938
01/03/2024 15:00;01/03/2024 15:15;61;kWh;-15292;896;0;0;16188;-14396
01/03/2024 15:15;01/03/2024 15:30;62;kWh;-690;0;0;0;690;-690
01/03/2024 15:30;01/03/2024 15:45;63;kWh;-7319;0;0;0;7319;-7319
01/03/2024 15:45;01/03/2024 16:00;64;kWh;-5631;0;0;0;5631;-5631
01/03/2024 16:00;01/03/2024 16:15;65;kWh;-45787;0;0;0;45787;-45787
01/03/2024 16:15;01/03/2024 16:30;66;kWh;-11593;0;0;0;11593;-11593
01/03/2024 16:30;01/03/2024 16:45;67;kWh;-20640;0;0;0;20640;-20640
01/03/2024 16:45;01/03/2024 17:00;68;kWh;-8555;0;0;0;8555;-8555
01/03/2024 17:00;01/03/2024 17:15;69;kWh;-5687;0;0;0;5687;-5687
01/03/2024 17:15;01/03/2024 17:30;70;kWh;0;5821;0;0;5821;5821
01/03/2024 17:30;01/03/2024 17:45;71;kWh;0;29498;0;0;29498;29498
01/03/2024 17:45;01/03/2024 18:00;72;kWh;0;78211;0;0;78211;78211
01/03/2024 18:00;01/03/2024 18:15;73;kWh;0;40696;0;0;40696;40696
01/03/2024 18:15;01/03/2024 18:30;74;kWh;0;52024;0;0;52024;52024
01/03/2024 18:30;01/03/2024 18:45;75;kWh;0;38365;0;0;38365;38365
01/03/2024 18:45;01/03/2024 19:00;76;kWh;0;30645;0;0;30645;30645
01/03/2024 19:00;01/03/2024 19:15;77;kWh;0;2560;0;0;2560;2560
01/03/2024 19:15;01/03/2024 19:30;78;kWh;0;0;0;0;0;0
01/03/2024 19:30;01/03/2024 19:45;79;kWh;0;0;0;0;0;0
01/03/2024 19:45;01/03/2024 20:00;80;kWh;-1;0;0;0;1;-1
01/03/2024 20:00;01/03/2024 20:15;81;kWh;-84;0;0;0;84;-84
01/03/2024 20:15;01/03/2024 20:30;82;kWh;-40;0;0;0;40;-40
01/03/2024 20:30;01/03/2024 20:45;83;kWh;0;778;0;0;778;778
01/03/2024 20:45;01/03/2024 21:00;84;kWh;-9214;0;0;0;9214;-9214
01/03/2024 21:00;01/03/2024 21:15;85;kWh;-2091;9013;0;0;11104;6922
01/03/2024 21:15;01/03/2024 21:30;86;kWh;-185;19094;0;0;19279;18909
01/03/2024 21:30;01/03/2024 21:45;87;kWh;-17023;0;0;0;17023;-17023
01/03/2024 21:45;01/03/2024 22:00;88;kWh;-75254;0;0;0;75254;-75254
01/03/2024 22:00;01/03/2024 22:15;89;kWh;-21372;0;0;0;21372;-21372
01/03/2024 22:15;01/03/2024 22:30;90;kWh;-9705;0;0;0;9705;-9705
01/03/2024 22:30;01/03/2024 22:45;91;kWh;-43111;0;0;0;43111;-43111
01/03/2024 22:45;01/03/2024 23:00;92;kWh;-34240;0;0;0;34240;-34240
01/03/2024 23:00;01/03/2024 23:15;93;kWh;-13784;685;0;0;14469;-13099
01/03/2024 23:15;01/03/2024 23:30;94;kWh;-2552;0;0;0;2552;-2552
01/03/2024 23:30;01/03/2024 23:45;95;kWh;-1144;145;0;0;1289;-999
01/03/2024 23:45;02/03/2024 00:00;96;kWh;-3738;0;0;0;3738;-3738
02/03/2024 00:00;02/03/2024 00:15;1;kWh;-6897;291;0;0;7188;-6606
02/03/2024 00:15;02/03/2024 00:30;2;kWh;0;0;0;0;0;0
02/03/2024 00:30;02/03/2024 00:45;3;kWh;-207;0;0;0;207;-207
02/03/2024 00:45;02/03/2024 01:00;4;kWh;-6045;0;0;0;6045;-6045
02/03/2024 01:00;02/03/2024 01:15;5;kWh;-1643;821;0;0;2464;-822
02/03/2024 01:15;02/03/2024 01:30;6;kWh;0;3929;0;0;3929;3929
02/03/2024 01:30;02/03/2024 01:45;7;kWh;0;6037;0;0;6037;6037
02/03/2024 01:45;02/03/2024 02:00;8;kWh;0;5507;0;0;5507;5507
02/03/2024 02:00;02/03/2024 02:15;9;kWh;0;27919;0;0;27919;27919
02/03/2024 02:15;02/03/2024 02:30;10;kWh;0;19403;0;0;19403;19403
02/03/2024 02:30;02/03/2024 02:45;11;kWh;0;16202;0;0;16202;16202
02/03/2024 02:45;02/03/2024 03:00;12;kWh;0;48460;0;0;48460;48460
02/03/2024 03:00;02/03/2024 03:15;13;kWh;-147;4799;0;0;4946;4652
02/03/2024 03:15;02/03/2024 03:30;14;kWh;-871;0;0;0;871;-871
02/03/2024 03:30;02/03/2024 03:45;15;kWh;-4886;0;0;0;4886;-4886
02/03/2024 03:45;02/03/2024 04:00;16;kWh;-193;0;0;0;193;-193
02/03/2024 04:00;02/03/2024 04:15;17;kWh;-8572;0;0;0;8572;-8572
02/03/2024 04:15;02/03/2024 04:30;18;kWh;-27427;0;0;0;27427;-27427
02/03/2024 04:30;02/03/2024 04:45;19;kWh;-13135;0;0;0;13135;-13135
02/03/2024 04:45;02/03/2024 05:00;20;kWh;-5264;0;0;0;5264;-5264
02/03/2024 05:00;02/03/2024 05:15;21;kWh;-10175;0;0;0;10175;-10175
02/03/2024 05:15;02/03/2024 05:30;22;kWh;-2116;0;0;0;2116;-2116
02/03/2024 05:30;02/03/2024 05:45;23;kWh;-4182;0;0;0;4182;-4182
02/03/2024 05:45;02/03/2024 06:00;24;kWh;-13215;0;0;0;13215;-13215
02/03/2024 06:00;02/03/2024 06:15;25;kWh;-16669;0;0;0;16669;-16669
02/03/2024 06:15;02/03/2024 06:30;26;kWh;-6441;0;0;0;6441;-6441
02/03/2024 06:30;02/03/2024 06:45;27;kWh;-6835;0;0;0;6835;-6835
02/03/2024 06:45;02/03/2024 07:00;28;kWh;-8725;0;0;0;8725;-8725
02/03/2024 07:00;02/03/2024 07:15;29;kWh;-413;31;0;0;444;-382
02/03/2024 07:15;02/03/2024 07:30;30;kWh;0;319;0;0;319;319
02/03/2024 07:30;02/03/2024 07:45;31;kWh;0;351;0;0;351;351
02/03/2024 07:45;02/03/2024 08:00;32;kWh;0;9752;0;0;9752;9752
02/03/2024 08:00;02/03/2024 08:15;33;kWh;0;1935;0;0;1935;1935
02/03/2024 08:15;02/03/2024 08:30;34;kWh;-580;75;0;0;655;-505
02/03/2024 08:30;02/03/2024 08:45;35;kWh;-6379;0;0;0;6379;-6379
02/03/2024 08:45;02/03/2024 09:00;36;kWh;-18518;0;0;0;18518;-18518
02/03/2024 09:00;02/03/2024 09:15;37;kWh;-19576;0;0;0;19576;-19576
02/03/2024 09:15;02/03/2024 09:30;38;kWh;-22171;0;0;0;22171;-22171
02/03/2024 09:30;02/03/2024 09:45;39;kWh;-34129;478;0;0;34607;-33651
02/03/2024 09:45;02/03/2024 10:00;40;kWh;-28613;0;0;0;28613;-28613
02/03/2024 10:00;02/03/2024 10:15;41;kWh;-12817;0;0;0;12817;-12817
02/03/2024 10:15;02/03/2024 10:30;42;kWh;-21671;0;0;0;21671;-21671
02/03/2024 10:30;02/03/2024 10:45;43;kWh;-25426;0;0;0;25426;-25426
02/03/2024 10:45;02/03/2024 11:00;44;kWh;-71870;0;0;0;71870;-71870
02/03/2024 11:00;02/03/2024 11:15;45;kWh;-71810;0;0;0;71810;-71810
02/03/2024 11:15;02/03/2024 11:30;46;kWh;-92691;0;0;0;92691;-92691
02/03/2024 11:30;02/03/2024 11:45;47;kWh;-109197;0;0;0;109197;-109197
02/03/2024 11:45;02/03/2024 12:00;48;kWh;-62202;0;0;0;62202;-62202
02/03/2024 12:00;02/03/2024 12:15;49;kWh;-31751;0;0;0;31751;-31751
02/03/2024 12:15;02/03/2024 12:30;50;kWh;-23855;0;0;0;23855;-23855
02/03/2024 12:30;02/03/2024 12:45;51;kWh;-20989;0;0;0;20989;-20989
02/03/2024 12:45;02/03/2024 13:00;52;kWh;-23712;0;0;0;23712;-23712
02/03/2024 13:00;02/03/2024 13:15;53;kWh;-29532;23;0;0;29555;-29509
02/03/2024 13:15;02/03/2024 13:30;54;kWh;-16126;440;0;0;16566;-15686
02/03/2024 13:30;02/03/2024 13:45;55;kWh;-19666;25;0;0;19691;-19641
02/03/2024 13:45;02/03/2024 14:00;56;kWh;-18506;23;0;0;18529;-18483
02/03/2024 14:00;02/03/2024 14:15;57;kWh;-25648;132;0;0;25780;-25516
02/03/2024 14:15;02/03/2024 14:30;58;kWh;-30256;31;0;0;30287;-30225
02/03/2024 14:30;02/03/2024 14:45;59;kWh;-18593;664;0;0;19257;-17929
02/03/2024 14:45;02/03/2024 15:00;60;kWh;-28559;0;0;0;28559;-28559
02/03/2024 15:00;02/03/2024 15:15;61;kWh;-12446;12;0;0;12458;-12434
02/03/2024 15:15;02/03/2024 15:30;62;kWh;-16039;4;0;0;16043;-16035
02/03/2024 15:30;02/03/2024 15:45;63;kWh;-235;36;0;0;271;-199
02/03/2024 15:45;02/03/2024 16:00;64;kWh;0;2243;0;0;2243;2243
02/03/2024 16:00;02/03/2024 16:15;65;kWh;-13705;478;0;0;14183;-13227
02/03/2024 16:15;02/03/2024 16:30;66;kWh;-12049;0;0;0;12049;-12049
02/03/2024 16:30;02/03/2024 16:45;67;kWh;-3618;0;0;0;3618;-3618
02/03/2024 16:45;02/03/2024 17:00;68;kWh;-1267;0;0;0;1267;-1267
02/03/2024 17:00;02/03/2024 17:15;69;kWh;-89328;0;0;0;89328;-89328
02/03/2024 17:15;02/03/2024 17:30;70;kWh;-53870;0;0;0;53870;-53870
02/03/2024 17:30;02/03/2024 17:45;71;kWh;-28486;129;0;0;28615;-28357
02/03/2024 17:45;02/03/2024 18:00;72;kWh;-52;3756;0;0;3808;3704
02/03/2024 18:00;02/03/2024 18:15;73;kWh;-25647;0;0;0;25647;-25647
02/03/2024 18:15;02/03/2024 18:30;74;kWh;-3;1442;0;0;1445;1439
02/03/2024 18:30;02/03/2024 18:45;75;kWh;-2139;0;0;0;2139;-2139
02/03/2024 18:45;02/03/2024 19:00;76;kWh;-21567;0;0;0;21567;-21567
02/03/2024 19:00;02/03/2024 19:15;77;kWh;-33238;0;0;0;33238;-33238
02/03/2024 19:15;02/03/2024 19:30;78;kWh;-40177;0;0;0;40177;-40177
02/03/2024 19:30;02/03/2024 19:45;79;kWh;-18518;0;0;0;18518;-18518
02/03/2024 19:45;02/03/2024 20:00;80;kWh;-47106;0;0;0;47106;-47106
02/03/2024 20:00;02/03/2024 20:15;81;kWh;-72732;0;0;0;72732;-72732
02/03/2024 20:15;02/03/2024 20:30;82;kWh;-18957;0;0;0;18957;-18957
02/03/2024 20:30;02/03/2024 20:45;83;kWh;-36072;0;0;0;36072;-36072
02/03/2024 20:45;02/03/2024 21:00;84;kWh;-35029;0;0;0;35029;-35029
02/03/2024 21:00;02/03/2024 21:15;85;kWh;-14463;165;0;0;14628;-14298
02/03/2024 21:15;02/03/2024 21:30;86;kWh;-1808;0;0;0;1808;-1808
02/03/2024 21:30;02/03/2024 21:45;87;kWh;-6103;0;0;0;6103;-6103
02/03/2024 21:45;02/03/2024 22:00;88;kWh;0;0;0;0;0;0
02/03/2024 22:00;02/03/2024 22:15;89;kWh;-51;22857;0;0;22908;22806
02/03/2024 22:15;02/03/2024 22:30;90;kWh;-15939;119;0;0;16058;-15820
02/03/2024 22:30;02/03/2024 22:45;91;kWh;-16581;0;0;0;16581;-16581
02/03/2024 22:45;02/03/2024 23:00;92;kWh;-21434;0;0;0;21434;-21434
02/03/2024 23:00;02/03/2024 23:15;93;kWh;-27603;856;0;0;28459;-26747
02/03/2024 23:15;02/03/2024 23:30;94;kWh;-8344;0;0;0;8344;-8344
02/03/2024 23:30;02/03/2024 23:45;95;kWh;0;616;0;0;616;616
02/03/2024 23:45;03/03/2024 00:00;96;kWh;-46;0;0;0;46;-46
03/03/2024 00:00;03/03/2024 00:15;1;kWh;-11838;0;0;0;11838;-11838
03/03/2024 00:15;03/03/2024 00:30;2;kWh;0;2720;0;0;2720;2720
03/03/2024 00:30;03/03/2024 00:45;3;kWh;0;17721;0;0;17721;17721
03/03/2024 00:45;03/03/2024 01:00;4;kWh;0;7736;0;0;7736;7736
03/03/2024 01:00;03/03/2024 01:15;5;kWh;-28158;290;0;0;28448;-27868
03/03/2024 01:15;03/03/2024 01:30;6;kWh;-19464;257;0;0;19721;-19207
03/03/2024 01:30;03/03/2024 01:45;7;kWh;-30696;0;0;0;30696;-30696
03/03/2024 01:45;03/03/2024 02:00;8;kWh;-28867;0;0;0;28867;-28867
03/03/2024 02:00;03/03/2024 02:15;9;kWh;-40277;19;0;0;40296;-40258
03/03/2024 02:15;03/03/2024 02:30;10;kWh;-26939;326;0;0;27265;-26613
03/03/2024 02:30;03/03/2024 02:45;11;kWh;-2130;3599;0;0;5729;1469
03/03/2024 02:45;03/03/2024 03:00;12;kWh;0;29530;0;0;29530;29530
03/03/2024 03:00;03/03/2024 03:15;13;kWh;-799;1989;0;0;2788;1190
03/03/2024 03:15;03/03/2024 03:30;14;kWh;0;15364;0;0;15364;15364
03/03/2024 03:30;03/03/2024 03:45;15;kWh;0;32329;0;0;32329;32329
03/03/2024 03:45;03/03/2024 04:00;16;kWh;0;20620;0;0;20620;20620
03/03/2024 04:00;03/03/2024 04:15;17;kWh;-1578;384;0;0;1962;-1194
03/03/2024 04:15;03/03/2024 04:30;18;kWh;-16932;0;0;0;16932;-16932
03/03/2024 04:30;03/03/2024 04:45;19;kWh;-7569;0;0;0;7569;-7569
03/03/2024 04:45;03/03/2024 05:00;20;kWh;-1649;0;0;0;1649;-1649
03/03/2024 05:00;03/03/2024 05:15;21;kWh;-5641;0;0;0;5641;-5641
03/03/2024 05:15;03/03/2024 05:30;22;kWh;-30727;0;0;0;30727;-30727
03/03/2024 05:30;03/03/2024 05:45;23;kWh;-31750;0;0;0;31750;-31750
03/03/2024 05:45;03/03/2024 06:00;24;kWh;-13143;0;0;0;13143;-13143
03/03/2024 06:00;03/03/2024 06:15;25;kWh;-3501;3564;0;0;7065;63
03/03/2024 06:15;03/03/2024 06:30;26;kWh;0;9100;0;0;9100;9100
03/03/2024 06:30;03/03/2024 06:45;27;kWh;0;1046;0;0;1046;1046
03/03/2024 06:45;03/03/2024 07:00;28;kWh;0;7607;0;0;7607;7607
03/03/2024 07:00;03/03/2024 07:15;29;kWh;-2505;400;0;0;2905;-2105
03/03/2024 07:15;03/03/2024 07:30;30;kWh;-17544;0;0;0;17544;-17544
03/03/2024 07:30;03/03/2024 07:45;31;kWh;-25258;0;0;0;25258;-25258
03/03/2024 07:45;03/03/2024 08:00;32;kWh;-6834;0;0;0;6834;-6834
03/03/2024 08:00;03/03/2024 08:15;33;kWh;-6557;0;0;0;6557;-6557
03/03/2024 08:15;03/03/2024 08:30;34;kWh;-35;81;0;0;116;46
03/03/2024 08:30;03/03/2024 08:45;35;kWh;0;3346;0;0;3346;3346
03/03/2024 08:45;03/03/2024 09:00;36;kWh;0;9544;0;0;9544;9544
03/03/2024 09:00;03/03/2024 09:15;37;kWh;0;45776;0;0;45776;45776
03/03/2024 09:15;03/03/2024 09:30;38;kWh;0;37639;0;0;37639;37639
03/03/2024 09:30;03/03/2024 09:45;39;kWh;0;11065;0;0;11065;11065
03/03/2024 09:45;03/03/2024 10:00;40;kWh;-310;224;0;0;534;-86
03/03/2024 10:00;03/03/2024 10:15;41;kWh;-29659;0;0;0;29659;-29659
03/03/2024 10:15;03/03/2024 10:30;42;kWh;-15743;0;0;0;15743;-15743
03/03/2024 10:30;03/03/2024 10:45;43;kWh;-18749;0;0;0;18749;-18749
03/03/2024 10:45;03/03/2024 11:00;44;kWh;-7132;0;0;0;7132;-7132
03/03/2024 11:00;03/03/2024 11:15;45;kWh;-559;19442;0;0;20001;18883
03/03/2024 11:15;03/03/2024 11:30;46;kWh;0;54553;0;0;54553;54553
03/03/2024 11:30;03/03/2024 11:45;47;kWh;-32;50887;0;0;50919;50855
03/03/2024 11:45;03/03/2024 12:00;48;kWh;-56;0;0;0;56;-56
03/03/2024 12:00;03/03/2024 12:15;49;kWh;-30251;0;0;0;30251;-30251
03/03/2024 12:15;03/03/2024 12:30;50;kWh;-36083;0;0;0;36083;-36083
03/03/2024 12:30;03/03/2024 12:45;51;kWh;-52577;0;0;0;52577;-52577
03/03/2024 12:45;03/03/2024 13:00;52;kWh;-48125;0;0;0;48125;-48125
03/03/2024 13:00;03/03/2024 13:15;53;kWh;-38698;12;0;0;38710;-38686
03/03/2024 13:15;03/03/2024 13:30;54;kWh;-53036;98;0;0;53134;-52938
03/03/2024 13:30;03/03/2024 13:45;55;kWh;-31142;0;0;0;31142;-31142
03/03/2024 13:45;03/03/2024 14:00;56;kWh;-28432;0;0;0;28432;-28432
03/03/2024 14:00;03/03/2024 14:15;57;kWh;-39500;0;0;0;39500;-39500
03/03/2024 14:15;03/03/2024 14:30;58;kWh;-46835;0;0;0;46835;-46835
03/03/2024 14:30;03/03/2024 14:45;59;kWh;-35718;449;0;0;36167;-35269
03/03/2024 14:45;03/03/2024 15:00;60;kWh;-30588;2;0;0;30590;-30586
03/03/2024 15:00;03/03/2024 15:15;61;kWh;-41341;0;0;0;41341;-41341
03/03/2024 15:15;03/03/2024 15:30;62;kWh;-21349;0;0;0;21349;-21349
03/03/2024 15:30;03/03/2024 15:45;63;kWh;-877;0;0;0;877;-877
03/03/2024 15:45;03/03/2024 16:00;64;kWh;0;1264;0;0;1264;1264
03/03/2024 16:00;03/03/2024 16:15;65;kWh;0;0;0;0;0;0
03/03/2024 16:15;03/03/2024 16:30;66;kWh;-983;819;0;0;1802;-164
03/03/2024 16:30;03/03/2024 16:45;67;kWh;0;9927;0;0;9927;9927
03/03/2024 16:45;03/03/2024 17:00;68;kWh;0;6407;0;0;6407;6407
03/03/2024 17:00;03/03/2024 17:15;69;kWh;-27989;7339;0;0;35328;-20650
03/03/2024 17:15;03/03/2024 17:30;70;kWh;-49232;8648;0;0;57880;-40584
03/03/2024 17:30;03/03/2024 17:45;71;kWh;-41974;710;0;0;42684;-41264
03/03/2024 17:45;03/03/2024 18:00;72;kWh;-28795;653;0;0;29448;-28142
03/03/2024 18:00;03/03/2024 18:15;73;kWh;-49066;0;0;0;49066;-49066
03/03/2024 18:15;03/03/2024 18:30;74;kWh;-9209;0;0;0;9209;-9209
03/03/2024 18:30;03/03/2024 18:45;75;kWh;-2;4887;0;0;4889;4885
03/03/2024 18:45;03/03/2024 19:00;76;kWh;0;8766;0;0;8766;8766
03/03/2024 19:00;03/03/2024 19:15;77;kWh;0;41171;0;0;41171;41171
03/03/2024 19:15;03/03/2024 19:30;78;kWh;0;19430;0;0;19430;19430
03/03/2024 19:30;03/03/2024 19:45;79;kWh;0;2753;0;0;2753;2753
03/03/2024 19:45;03/03/2024 20:00;80;kWh;0;36;0;0;36;36
03/03/2024 20:00;03/03/2024 20:15;81;kWh;0;0;0;0;0;0
03/03/2024 20:15;03/03/2024 20:30;82;kWh;0;0;0;0;0;0
03/03/2024 20:30;03/03/2024 20:45;83;kWh;0;0;0;0;0;0
03/03/2024 20:45;03/03/2024 21:00;84;kWh;0;0;0;0;0;0
03/03/2024 21:00;03/03/2024 21:15;85;kWh;-31;0;0;0;31;-31
03/03/2024 21:15;03/03/2024 21:30;86;kWh;-2750;0;0;0;2750;-2750
03/03/2024 21:30;03/03/2024 21:45;87;kWh;-4648;0;0;0;4648;-4648
03/03/2024 21:45;03/03/2024 22:00;88;kWh;-28429;0;0;0;28429;-28429
03/03/2024 22:00;03/03/2024 22:15;89;kWh;-14918;0;0;0;14918;-14918
03/03/2024 22:15;03/03/2024 22:30;90;kWh;-2381;0;0;0;2381;-2381
03/03/2024 22:30;03/03/2024 22:45;91;kWh;-7825;0;0;0;7825;-7825
03/03/2024 22:45;03/03/2024 23:00;92;kWh;-33931;0;0;0;33931;-33931
03/03/2024 23:00;03/03/2024 23:15;93;kWh;-15297;0;0;0;15297;-15297
03/03/2024 23:15;03/03/2024 23:30;94;kWh;-3430;0;0;0;3430;-3430
03/03/2024 23:30;03/03/2024 23:45;95;kWh;-788;0;0;0;788;-788
03/03/2024 23:45;04/03/2024 00:00;96;kWh;-10621;0;0;0;10621;-10621
04/03/2024 00:00;04/03/2024 00:15;1;kWh;-9400;0;0;0;9400;-9400
04/03/2024 00:15;04/03/2024 00:30;2;kWh;-13396;0;0;0;13396;-13396
04/03/2024 00:30;04/03/2024 00:45;3;kWh;-12775;0;0;0;12775;-12775
04/03/2024 00:45;04/03/2024 01:00;4;kWh;-29547;0;0;0;29547;-29547
04/03/2024 01:00;04/03/2024 01:15;5;kWh;-48590;0;0;0;48590;-48590
04/03/2024 01:15;04/03/2024 01:30;6;kWh;-56313;0;0;0;56313;-56313
04/03/2024 01:30;04/03/2024 01:45;7;kWh;-79312;0;0;0;79312;-79312
04/03/2024 01:45;04/03/2024 02:00;8;kWh;-116313;0;0;0;116313;-116313
04/03/2024 02:00;04/03/2024 02:15;9;kWh;-38696;0;0;0;38696;-38696
04/03/2024 02:15;04/03/2024 02:30;10;kWh;-26892;0;0;0;26892;-26892
04/03/2024 02:30;04/03/2024 02:45;11;kWh;-6470;0;0;0;6470;-6470
04/03/2024 02:45;04/03/2024 03:00;12;kWh;0;507;0;0;507;507
04/03/2024 03:00;04/03/2024 03:15;13;kWh;0;8722;0;0;8722;8722
04/03/2024 03:15;04/03/2024 03:30;14;kWh;0;41290;0;0;41290;41290
04/03/2024 03:30;04/03/2024 03:45;15;kWh;0;20758;0;0;20758;20758
04/03/2024 03:45;04/03/2024 04:00;16;kWh;0;16248;0;0;16248;16248
04/03/2024 04:00;04/03/2024 04:15;17;kWh;0;2502;0;0;2502;2502
04/03/2024 04:15;04/03/2024 04:30;18;kWh;0;0;0;0;0;0
04/03/2024 04:30;04/03/2024 04:45;19;kWh;0;0;0;0;0;0
04/03/2024 04:45;04/03/2024 05:00;20;kWh;0;0;0;0;0;0
04/03/2024 05:00;04/03/2024 05:15;21;kWh;0;0;0;0;0;0
04/03/2024 05:15;04/03/2024 05:30;22;kWh;0;0;0;0;0;0
04/03/2024 05:30;04/03/2024 05:45;23;kWh;0;0;0;0;0;0
04/03/2024 05:45;04/03/2024 06:00;24;kWh;-2077;0;0;0;2077;-2077
04/03/2024 06:00;04/03/2024 06:15;25;kWh;-78;2578;0;0;2656;2500
04/03/2024 06:15;04/03/2024 06:30;26;kWh;0;6395;0;0;6395;6395
04/03/2024 06:30;04/03/2024 06:45;27;kWh;0;8635;0;0;8635;8635
04/03/2024 06:45;04/03/2024 07:00;28;kWh;0;22635;0;0;22635;22635
04/03/2024 07:00;04/03/2024 07:15;29;kWh;-283;5020;0;0;5303;4737
04/03/2024 07:15;04/03/2024 07:30;30;kWh;0;1038;0;0;1038;1038
04/03/2024 07:30;04/03/2024 07:45;31;kWh;0;10209;0;0;10209;10209
04/03/2024 07:45;04/03/2024 08:00;32;kWh;0;35409;0;0;35409;35409
04/03/2024 08:00;04/03/2024 08:15;33;kWh;-315;6003;0;0;6318;5688
04/03/2024 08:15;04/03/2024 08:30;34;kWh;0;0;0;0;0;0
04/03/2024 08:30;04/03/2024 08:45;35;kWh;-919;0;0;0;919;-919
04/03/2024 08:45;04/03/2024 09:00;36;kWh;-4402;0;0;0;4402;-4402
04/03/2024 09:00;04/03/2024 09:15;37;kWh;-14017;0;0;0;14017;-14017
04/03/2024 09:15;04/03/2024 09:30;38;kWh;-483;0;0;0;483;-483
04/03/2024 09:30;04/03/2024 09:45;39;kWh;-4928;0;0;0;4928;-4928
04/03/2024 09:45;04/03/2024 10:00;40;kWh;-35335;0;0;0;35335;-35335
04/03/2024 10:00;04/03/2024 10:15;41;kWh;-1739;41174;0;0;42913;39435
04/03/2024 10:15;04/03/2024 10:30;42;kWh;0;79446;0;0;79446;79446
04/03/2024 10:30;04/03/2024 10:45;43;kWh;0;49763;0;0;49763;49763
04/03/2024 10:45;04/03/2024 11:00;44;kWh;0;17397;0;0;17397;17397
04/03/2024 11:00;04/03/2024 11:15;45;kWh;-301;28350;0;0;28651;28049
04/03/2024 11:15;04/03/2024 11:30;46;kWh;-3847;0;0;0;3847;-3847
04/03/2024 11:30;04/03/2024 11:45;47;kWh;-45226;0;0;0;45226;-45226
04/03/2024 11:45;04/03/2024 12:00;48;kWh;-50980;0;0;0;50980;-50980
04/03/2024 12:00;04/03/2024 12:15;49;kWh;-21227;0;0;0;21227;-21227
04/03/2024 12:15;04/03/2024 12:30;50;kWh;-1;13911;0;0;13912;13910
04/03/2024 12:30;04/03/2024 12:45;51;kWh;-6508;61;0;0;6569;-6447
04/03/2024 12:45;04/03/2024 13:00;52;kWh;-33497;0;0;0;33497;-33497
04/03/2024 13:00;04/03/2024 13:15;53;kWh;-16090;142;0;0;16232;-15948
04/03/2024 13:15;04/03/2024 13:30;54;kWh;-9629;0;0;0;9629;-9629
04/03/2024 13:30;04/03/2024 13:45;55;kWh;-36235;0;0;0;36235;-36235
04/03/2024 13:45;04/03/2024 14:00;56;kWh;-33838;0;0;0;33838;-33838
04/03/2024 14:00;04/03/2024 14:15;57;kWh;-93178;0;0;0;93178;-93178
04/03/2024 14:15;04/03/2024 14:30;58;kWh;-85923;0;0;0;85923;-85923
04/03/2024 14:30;04/03/2024 14:45;59;kWh;-44039;0;0;0;44039;-44039
04/03/2024 14:45;04/03/2024 15:00;60;kWh;-36409;0;0;0;36409;-36409
04/03/2024 15:00;04/03/2024 15:15;61;kWh;-54543;0;0;0;54543;-54543
04/03/2024 15:15;04/03/2024 15:30;62;kWh;-52910;0;0;0;52910;-52910
04/03/2024 15:30;04/03/2024 15:45;63;kWh;-38317;0;0;0;38317;-38317
04/03/2024 15:45;04/03/2024 16:00;64;kWh;-4907;0;0;0;4907;-4907
04/03/2024 16:00;04/03/2024 16:15;65;kWh;-41487;0;0;0;41487;-41487
04/03/2024 16:15;04/03/2024 16:30;66;kWh;-2251;0;0;0;2251;-2251
04/03/2024 16:30;04/03/2024 16:45;67;kWh;-11675;0;0;0;11675;-11675
04/03/2024 16:45;04/03/2024 17:00;68;kWh;-6060;0;0;0;6060;-6060
04/03/2024 17:00;04/03/2024 17:15;69;kWh;-6888;0;0;0;6888;-6888
04/03/2024 17:15;04/03/2024 17:30;70;kWh;-28563;12;0;0;28575;-28551
04/03/2024 17:30;04/03/2024 17:45;71;kWh;-1640;298;0;0;1938;-1342
04/03/2024 17:45;04/03/2024 18:00;72;kWh;0;38324;0;0;38324;38324
04/03/2024 18:00;04/03/2024 18:15;73;kWh;-65962;7276;0;0;73238;-58686
04/03/2024 18:15;04/03/2024 18:30;74;kWh;-45867;534;0;0;46401;-45333
04/03/2024 18:30;04/03/2024 18:45;75;kWh;0;401;0;0;401;401
04/03/2024 18:45;04/03/2024 19:00;76;kWh;0;0;0;0;0;0
04/03/2024 19:00;04/03/2024 19:15;77;kWh;-15;0;0;0;15;-15
04/03/2024 19:15;04/03/2024 19:30;78;kWh;-1545;0;0;0;1545;-1545
04/03/2024 19:30;04/03/2024 19:45;79;kWh;-9843;0;0;0;9843;-9843
04/03/2024 19:45;04/03/2024 20:00;80;kWh;-6801;0;0;0;6801;-6801
04/03/2024 20:00;04/03/2024 20:15;81;kWh;-2881;0;0;0;2881;-2881
04/03/2024 20:15;04/03/2024 20:30;82;kWh;0;11837;0;0;11837;11837
04/03/2024 20:30;04/03/2024 20:45;83;kWh;-225;0;0;0;225;-225
04/03/2024 20:45;04/03/2024 21:00;84;kWh;-3420;0;0;0;3420;-3420
04/03/2024 21:00;04/03/2024 21:15;85;kWh;-12693;0;0;0;12693;-12693
04/03/2024 21:15;04/03/2024 21:30;86;kWh;-1687;0;0;0;1687;-1687
04/03/2024 21:30;04/03/2024 21:45;87;kWh;-196;0;0;0;196;-196
04/03/2024 21:45;04/03/2024 22:00;88;kWh;-4237;0;0;0;4237;-4237
04/03/2024 22:00;04/03/2024 22:15;89;kWh;-15608;0;0;0;15608;-15608
04/03/2024 22:15;04/03/2024 22:30;90;kWh;-1025;0;0;0;1025;-1025
04/03/2024 22:30;04/03/2024 22:45;91;kWh;0;0;0;0;0;0
04/03/2024 22:45;04/03/2024 23:00;92;kWh;-286;0;0;0;286;-286
04/03/2024 23:00;04/03/2024 23:15;93;kWh;-17315;0;0;0;17315;-17315
04/03/2024 23:15;04/03/2024 23:30;94;kWh;-16159;0;0;0;16159;-16159
04/03/2024 23:30;04/03/2024 23:45;95;kWh;-5333;0;0;0;5333;-5333
04/03/2024 23:45;05/03/2024 00:00;96;kWh;0;0;0;0;0;0
05/03/2024 00:00;05/03/2024 00:15;1;kWh;0;434;0;0;434;434
05/03/2024 00:15;05/03/2024 00:30;2;kWh;-67;25455;0;0;25522;25388
05/03/2024 00:30;05/03/2024 00:45;3;kWh;-61;13781;0;0;13842;13720
05/03/2024 00:45;05/03/2024 01:00;4;kWh;0;1864;0;0;1864;1864
05/03/2024 01:00;05/03/2024 01:15;5;kWh;0;35423;0;0;35423;35423
05/03/2024 01:15;05/03/2024 01:30;6;kWh;0;5689;0;0;5689;5689
05/03/2024 01:30;05/03/2024 01:45;7;kWh;0;7;0;0;7;7
05/03/2024 01:45;05/03/2024 02:00;8;kWh;-391;0;0;0;391;-391
05/03/2024 02:00;05/03/2024 02:15;9;kWh;-1274;0;0;0;1274;-1274
05/03/2024 02:15;05/03/2024 02:30;10;kWh;0;0;0;0;0;0
05/03/2024 02:30;05/03/2024 02:45;11;kWh;0;0;0;0;0;0
05/03/2024 02:45;05/03/2024 03:00;12;kWh;0;0;0;0;0;0
05/03/2024 03:00;05/03/2024 03:15;13;kWh;0;5266;0;0;5266;5266
05/03/2024 03:15;05/03/2024 03:30;14;kWh;0;1909;0;0;1909;1909
05/03/2024 03:30;05/03/2024 03:45;15;kWh;0;4446;0;0;4446;4446
05/03/2024 03:45;05/03/2024 04:00;16;kWh;0;3075;0;0;3075;3075
05/03/2024 04:00;05/03/2024 04:15;17;kWh;-146;9193;0;0;9339;9047
05/03/2024 04:15;05/03/2024 04:30;18;kWh;0;10138;0;0;10138;10138
05/03/2024 04:30;05/03/2024 04:45;19;kWh;0;11560;0;0;11560;11560
05/03/2024 04:45;05/03/2024 05:00;20;kWh;0;3049;0;0;3049;3049
05/03/2024 05:00;05/03/2024 05:15;21;kWh;0;28221;0;0;28221;28221
05/03/2024 05:15;05/03/2024 05:30;22;kWh;0;29140;0;0;29140;29140
05/03/2024 05:30;05/03/2024 05:45;23;kWh;0;39455;0;0;39455;39455
05/03/2024 05:45;05/03/2024 06:00;24;kWh;0;12957;0;0;12957;12957
05/03/2024 06:00;05/03/2024 06:15;25;kWh;0;5168;0;0;5168;5168
05/03/2024 06:15;05/03/2024 06:30;26;kWh;0;14984;0;0;14984;14984
05/03/2024 06:30;05/03/2024 06:45;27;kWh;0;11099;0;0;11099;11099
05/03/2024 06:45;05/03/2024 07:00;28;kWh;0;13774;0;0;13774;13774
05/03/2024 07:00;05/03/2024 07:15;29;kWh;0;1523;0;0;1523;1523
05/03/2024 07:15;05/03/2024 07:30;30;kWh;-29604;440;0;0;30044;-29164
05/03/2024 07:30;05/03/2024 07:45;31;kWh;-14067;0;0;0;14067;-14067
05/03/2024 07:45;05/03/2024 08:00;32;kWh;-12323;0;0;0;12323;-12323
05/03/2024 08:00;05/03/2024 08:15;33;kWh;-3132;311;0;0;3443;-2821
05/03/2024 08:15;05/03/2024 08:30;34;kWh;0;1959;0;0;1959;1959
05/03/2024 08:30;05/03/2024 08:45;35;kWh;0;10042;0;0;10042;10042
05/03/2024 08:45;05/03/2024 09:00;36;kWh;0;32323;0;0;32323;32323
05/03/2024 09:00;05/03/2024 09:15;37;kWh;-481;912;0;0;1393;431
05/03/2024 09:15;05/03/2024 09:30;38;kWh;0;9377;0;0;9377;9377
05/03/2024 09:30;05/03/2024 09:45;39;kWh;0;1074;0;0;1074;1074
05/03/2024 09:45;05/03/2024 10:00;40;kWh;0;582;0;0;582;582
05/03/2024 10:00;05/03/2024 10:15;41;kWh;0;10060;0;0;10060;10060
05/03/2024 10:15;05/03/2024 10:30;42;kWh;-338;225;0;0;563;-113
05/03/2024 10:30;05/03/2024 10:45;43;kWh;-50;0;0;0;50;-50
05/03/2024 10:45;05/03/2024 11:00;44;kWh;0;0;0;0;0;0
05/03/2024 11:00;05/03/2024 11:15;45;kWh;0;11002;0;0;11002;11002
05/03/2024 11:15;05/03/2024 11:30;46;kWh;0;4227;0;0;4227;4227
05/03/2024 11:30;05/03/2024 11:45;47;kWh;0;0;0;0;0;0
05/03/2024 11:45;05/03/2024 12:00;48;kWh;0;1799;0;0;1799;1799
05/03/2024 12:00;05/03/2024 12:15;49;kWh;0;51220;0;0;51220;51220
05/03/2024 12:15;05/03/2024 12:30;50;kWh;0;44940;0;0;44940;44940
05/03/2024 12:30;05/03/2024 12:45;51;kWh;0;56688;0;0;56688;56688
05/03/2024 12:45;05/03/2024 13:00;52;kWh;0;68542;0;0;68542;68542
05/03/2024 13:00;05/03/2024 13:15;53;kWh;0;27549;0;0;27549;27549
05/03/2024 13:15;05/03/2024 13:30;54;kWh;0;41446;0;0;41446;41446
05/03/2024 13:30;05/03/2024 13:45;55;kWh;0;37393;0;0;37393;37393
05/03/2024 13:45;05/03/2024 14:00;56;kWh;0;24566;0;0;24566;24566
05/03/2024 14:00;05/03/2024 14:15;57;kWh;-1793;4736;0;0;6529;2943
05/03/2024 14:15;05/03/2024 14:30;58;kWh;0;0;0;0;0;0
05/03/2024 14:30;05/03/2024 14:45;59;kWh;0;0;0;0;0;0
05/03/2024 14:45;05/03/2024 15:00;60;kWh;0;148;0;0;148;148
05/03/2024 15:00;05/03/2024 15:15;61;kWh;0;3241;0;0;3241;3241
05/03/2024 15:15;05/03/2024 15:30;62;kWh;0;19822;0;0;19822;19822
05/03/2024 15:30;05/03/2024 15:45;63;kWh;0;28364;0;0;28364;28364
05/03/2024 15:45;05/03/2024 16:00;64;kWh;-218;4532;0;0;4750;4314
05/03/2024 16:00;05/03/2024 16:15;65;kWh;-3231;0;0;0;3231;-3231
05/03/2024 16:15;05/03/2024 16:30;66;kWh;-7140;0;0;0;7140;-7140
05/03/2024 16:30;05/03/2024 16:45;67;kWh;-24256;0;0;0;24256;-24256
05/03/2024 16:45;05/03/2024 17:00;68;kWh;-6757;0;0;0;6757;-6757
05/03/2024 17:00;05/03/2024 17:15;69;kWh;-55428;0;0;0;55428;-55428
05/03/2024 17:15;05/03/2024 17:30;70;kWh;-20135;0;0;0;20135;-20135
05/03/2024 17:30;05/03/2024 17:45;71;kWh;-77;529;0;0;606;452
05/03/2024 17:45;05/03/2024 18:00;72;kWh;0;2086;0;0;2086;2086
05/03/2024 18:00;05/03/2024 18:15;73;kWh;-16746;42;0;0;16788;-16704
05/03/2024 18:15;05/03/2024 18:30;74;kWh;-7432;0;0;0;7432;-7432
05/03/2024 18:30;05/03/2024 18:45;75;kWh;0;710;0;0;710;710
05/03/2024 18:45;05/03/2024 19:00;76;kWh;0;9752;0;0;9752;9752
05/03/2024 19:00;05/03/2024 19:15;77;kWh;0;52961;0;0;52961;52961
05/03/2024 19:15;05/03/2024 19:30;78;kWh;0;71509;0;0;71509;71509
05/03/2024 19:30;05/03/2024 19:45;79;kWh;0;75490;0;0;75490;75490
05/03/2024 19:45;05/03/2024 20:00;80;kWh;-1;41311;0;0;41312;41310
05/03/2024 20:00;05/03/2024 20:15;81;kWh;-46;36830;0;0;36876;36784
05/03/2024 20:15;05/03/2024 20:30;82;kWh;0;51589;0;0;51589;51589
05/03/2024 20:30;05/03/2024 20:45;83;kWh;0;28309;0;0;28309;28309
05/03/2024 20:45;05/03/2024 21:00;84;kWh;0;7479;0;0;7479;7479
05/03/2024 21:00;05/03/2024 21:15;85;kWh;-99;6;0;0;105;-93
05/03/2024 21:15;05/03/2024 21:30;86;kWh;0;530;0;0;530;530
05/03/2024 21:30;05/03/2024 21:45;87;kWh;0;0;0;0;0;0
05/03/2024 21:45;05/03/2024 22:00;88;kWh;-9;0;0;0;9;-9
05/03/2024 22:00;05/03/2024 22:15;89;kWh;-269;0;0;0;269;-269
05/03/2024 22:15;05/03/2024 22:30;90;kWh;0;0;0;0;0;0
05/03/2024 22:30;05/03/2024 22:45;91;kWh;0;0;0;0;0;0
05/03/2024 22:45;05/03/2024 23:00;92;kWh;0;0;0;0;0;0
05/03/2024 23:00;05/03/2024 23:15;93;kWh;0;9784;0;0;9784;9784
05/03/2024 23:15;05/03/2024 23:30;94;kWh;0;0;0;0;0;0
05/03/2024 23:30;05/03/2024 23:45;95;kWh;0;0;0;0;0;0
05/03/2024 23:45;06/03/2024 00:00;96;kWh;0;0;0;0;0;0
06/03/2024 00:00;06/03/2024 00:15;1;kWh;-18;0;0;0;18;-18
06/03/2024 00:15;06/03/2024 00:30;2;kWh;0;0;0;0;0;0
06/03/2024 00:30;06/03/2024 00:45;3;kWh;0;22165;0;0;22165;22165
06/03/2024 00:45;06/03/2024 01:00;4;kWh;-30;8289;0;0;8319;8259
06/03/2024 01:00;06/03/2024 01:15;5;kWh;-1812;0;0;0;1812;-1812
06/03/2024 01:15;06/03/2024 01:30;6;kWh;0;0;0;0;0;0
06/03/2024 01:30;06/03/2024 01:45;7;kWh;0;0;0;0;0;0
06/03/2024 01:45;06/03/2024 02:00;8;kWh;-2094;0;0;0;2094;-2094
06/03/2024 02:00;06/03/2024 02:15;9;kWh;-1506;0;0;0;1506;-1506
06/03/2024 02:15;06/03/2024 02:30;10;kWh;-1;0;0;0;1;-1
06/03/2024 02:30;06/03/2024 02:45;11;kWh;0;0;0;0;0;0
06/03/2024 02:45;06/03/2024 03:00;12;kWh;0;0;0;0;0;0
06/03/2024 03:00;06/03/2024 03:15;13;kWh;0;0;0;0;0;0
06/03/2024 03:15;06/03/2024 03:30;14;kWh;0;0;0;0;0;0
06/03/2024 03:30;06/03/2024 03:45;15;kWh;0;0;0;0;0;0
06/03/2024 03:45;06/03/2024 04:00;16;kWh;0;0;0;0;0;0
06/03/2024 04:00;06/03/2024 04:15;17;kWh;-2117;0;0;0;2117;-2117
06/03/2024 04:15;06/03/2024 04:30;18;kWh;-1083;0;0;0;1083;-1083
06/03/2024 04:30;06/03/2024 04:45;19;kWh;0;0;0;0;0;0
06/03/2024 04:45;06/03/2024 05:00;20;kWh;0;0;0;0;0;0
06/03/2024 05:00;06/03/2024 05:15;21;kWh;0;0;0;0;0;0
06/03/2024 05:15;06/03/2024 05:30;22;kWh;0;0;0;0;0;0
06/03/2024 05:30;06/03/2024 05:45;23;kWh;-2588;0;0;0;2588;-2588
06/03/2024 05:45;06/03/2024 06:00;24;kWh;0;840;0;0;840;840
06/03/2024 06:00;06/03/2024 06:15;25;kWh;0;940;0;0;940;940
06/03/2024 06:15;06/03/2024 06:30;26;kWh;0;5560;0;0;5560;5560
06/03/2024 06:30;06/03/2024 06:45;27;kWh;0;1184;0;0;1184;1184
06/03/2024 06:45;06/03/2024 07:00;28;kWh;0;0;0;0;0;0
06/03/2024 07:00;06/03/2024 07:15;29;kWh;0;334;0;0;334;334
06/03/2024 07:15;06/03/2024 07:30;30;kWh;0;712;0;0;712;712
06/03/2024 07:30;06/03/2024 07:45;31;kWh;0;0;0;0;0;0
06/03/2024 07:45;06/03/2024 08:00;32;kWh;-3038;0;0;0;3038;-3038
06/03/2024 08:00;06/03/2024 08:15;33;kWh;-354;0;0;0;354;-354
06/03/2024 08:15;06/03/2024 08:30;34;kWh;-8974;0;0;0;8974;-8974
06/03/2024 08:30;06/03/2024 08:45;35;kWh;-24960;0;0;0;24960;-24960
06/03/2024 08:45;06/03/2024 09:00;36;kWh;-44298;0;0;0;44298;-44298
06/03/2024 09:00;06/03/2024 09:15;37;kWh;-20101;0;0;0;20101;-20101
06/03/2024 09:15;06/03/2024 09:30;38;kWh;-10453;0;0;0;10453;-10453
06/03/2024 09:30;06/03/2024 09:45;39;kWh;-37063;0;0;0;37063;-37063
06/03/2024 09:45;06/03/2024 10:00;40;kWh;-68147;0;0;0;68147;-68147
06/03/2024 10:00;06/03/2024 10:15;41;kWh;-27884;0;0;0;27884;-27884
06/03/2024 10:15;06/03/2024 10:30;42;kWh;-29261;0;0;0;29261;-29261
06/03/2024 10:30;06/03/2024 10:45;43;kWh;-32584;0;0;0;32584;-32584
06/03/2024 10:45;06/03/2024 11:00;44;kWh;-20608;0;0;0;20608;-20608
06/03/2024 11:00;06/03/2024 11:15;45;kWh;-41155;0;0;0;41155;-41155
06/03/2024 11:15;06/03/2024 11:30;46;kWh;-12363;0;0;0;12363;-12363
06/03/2024 11:30;06/03/2024 11:45;47;kWh;-12504;0;0;0;12504;-12504
06/03/2024 11:45;06/03/2024 12:00;48;kWh;-47651;0;0;0;47651;-47651
06/03/2024 12:00;06/03/2024 12:15;49;kWh;-46901;0;0;0;46901;-46901
06/03/2024 12:15;06/03/2024 12:30;50;kWh;-39710;0;0;0;39710;-39710
06/03/2024 12:30;06/03/2024 12:45;51;kWh;-71575;0;0;0;71575;-71575
06/03/2024 12:45;06/03/2024 13:00;52;kWh;-80904;0;0;0;80904;-80904
06/03/2024 13:00;06/03/2024 13:15;53;kWh;-41834;0;0;0;41834;-41834
06/03/2024 13:15;06/03/2024 13:30;54;kWh;-29080;0;0;0;29080;-29080
06/03/2024 13:30;06/03/2024 13:45;55;kWh;-44728;0;0;0;44728;-44728
06/03/2024 13:45;06/03/2024 14:00;56;kWh;-26624;0;0;0;26624;-26624
06/03/2024 14:00;06/03/2024 14:15;57;kWh;-15620;0;0;0;15620;-15620
06/03/2024 14:15;06/03/2024 14:30;58;kWh;-1603;0;0;0;1603;-1603
06/03/2024 14:30;06/03/2024 14:45;59;kWh;-3064;0;0;0;3064;-3064
06/03/2024 14:45;06/03/2024 15:00;60;kWh;-3288;0;0;0;3288;-3288
06/03/2024 15:00;06/03/2024 15:15;61;kWh;-14409;0;0;0;14409;-14409
06/03/2024 15:15;06/03/2024 15:30;62;kWh;-6548;0;0;0;6548;-6548
06/03/2024 15:30;06/03/2024 15:45;63;kWh;-3515;0;0;0;3515;-3515
06/03/2024 15:45;06/03/2024 16:00;64;kWh;-28834;0;0;0;28834;-28834
06/03/2024 16:00;06/03/2024 16:15;65;kWh;-45514;0;0;0;45514;-45514
06/03/2024 16:15;06/03/2024 16:30;66;kWh;-28250;0;0;0;28250;-28250
06/03/2024 16:30;06/03/2024 16:45;67;kWh;-3850;0;0;0;3850;-3850
06/03/2024 16:45;06/03/2024 17:00;68;kWh;0;0;0;0;0;0
06/03/2024 17:00;06/03/2024 17:15;69;kWh;-40775;0;0;0;40775;-40775
06/03/2024 17:15;06/03/2024 17:30;70;kWh;-21978;0;0;0;21978;-21978
06/03/2024 17:30;06/03/2024 17:45;71;kWh;-14362;0;0;0;14362;-14362
06/03/2024 17:45;06/03/2024 18:00;72;kWh;-1033;0;0;0;1033;-1033
06/03/2024 18:00;06/03/2024 18:15;73;kWh;-16852;0;0;0;16852;-16852
06/03/2024 18:15;06/03/2024 18:30;74;kWh;-28090;0;0;0;28090;-28090
06/03/2024 18:30;06/03/2024 18:45;75;kWh;-2023;0;0;0;2023;-2023
06/03/2024 18:45;06/03/2024 19:00;76;kWh;0;3802;0;0;3802;3802
06/03/2024 19:00;06/03/2024 19:15;77;kWh;0;27570;0;0;27570;27570
06/03/2024 19:15;06/03/2024 19:30;78;kWh;0;22660;0;0;22660;22660
06/03/2024 19:30;06/03/2024 19:45;79;kWh;0;182;0;0;182;182
06/03/2024 19:45;06/03/2024 20:00;80;kWh;-1311;0;0;0;1311;-1311
06/03/2024 20:00;06/03/2024 20:15;81;kWh;-1245;0;0;0;1245;-1245
06/03/2024 20:15;06/03/2024 20:30;82;kWh;-2101;0;0;0;2101;-2101
06/03/2024 20:30;06/03/2024 20:45;83;kWh;-14479;0;0;0;14479;-14479
06/03/2024 20:45;06/03/2024 21:00;84;kWh;-28085;0;0;0;28085;-28085
06/03/2024 21:00;06/03/2024 21:15;85;kWh;-11440;0;0;0;11440;-11440
06/03/2024 21:15;06/03/2024 21:30;86;kWh;-1006;1789;0;0;2795;783
06/03/2024 21:30;06/03/2024 21:45;87;kWh;-724;856;0;0;1580;132
06/03/2024 21:45;06/03/2024 22:00;88;kWh;-3855;0;0;0;3855;-3855
06/03/2024 22:00;06/03/2024 22:15;89;kWh;-19974;0;0;0;19974;-19974
06/03/2024 22:15;06/03/2024 22:30;90;kWh;-1282;0;0;0;1282;-1282
06/03/2024 22:30;06/03/2024 22:45;91;kWh;-2;0;0;0;2;-2
06/03/2024 22:45;06/03/2024 23:00;92;kWh;-1598;0;0;0;1598;-1598
06/03/2024 23:00;06/03/2024 23:15;93;kWh;0;12178;0;0;12178;12178
06/03/2024 23:15;06/03/2024 23:30;94;kWh;0;957;0;0;957;957
06/03/2024 23:30;06/03/2024 23:45;95;kWh;0;0;0;0;0;0
06/03/2024 23:45;07/03/2024 00:00;96;kWh;-135;16023;0;0;16158;15888
07/03/2024 00:00;07/03/2024 00:15;1;kWh;-6242;24;0;0;6266;-6218
07/03/2024 00:15;07/03/2024 00:30;2;kWh;-204;0;0;0;204;-204
07/03/2024 00:30;07/03/2024 00:45;3;kWh;-3032;0;0;0;3032;-3032
07/03/2024 00:45;07/03/2024 01:00;4;kWh;0;0;0;0;0;0
07/03/2024 01:00;07/03/2024 01:15;5;kWh;0;0;0;0;0;0
07/03/2024 01:15;07/03/2024 01:30;6;kWh;0;2207;0;0;2207;2207
07/03/2024 01:30;07/03/2024 01:45;7;kWh;0;3195;0;0;3195;3195
07/03/2024 01:45;07/03/2024 02:00;8;kWh;0;709;0;0;709;709
07/03/2024 02:00;07/03/2024 02:15;9;kWh;0;13537;0;0;13537;13537
07/03/2024 02:15;07/03/2024 02:30;10;kWh;0;26523;0;0;26523;26523
07/03/2024 02:30;07/03/2024 02:45;11;kWh;0;35432;0;0;35432;35432
07/03/2024 02:45;07/03/2024 03:00;12;kWh;0;28430;0;0;28430;28430
07/03/2024 03:00;07/03/2024 03:15;13;kWh;0;8208;0;0;8208;8208
07/03/2024 03:15;07/03/2024 03:30;14;kWh;0;3596;0;0;3596;3596
07/03/2024 03:30;07/03/2024 03:45;15;kWh;0;3592;0;0;3592;3592
07/03/2024 03:45;07/03/2024 04:00;16;kWh;0;12232;0;0;12232;12232
07/03/2024 04:00;07/03/2024 04:15;17;kWh;0;7017;0;0;7017;7017
07/03/2024 04:15;07/03/2024 04:30;18;kWh;0;12788;0;0;12788;12788
07/03/2024 04:30;07/03/2024 04:45;19;kWh;0;4061;0;0;4061;4061
07/03/2024 04:45;07/03/2024 05:00;20;kWh;0;1443;0;0;1443;1443
07/03/2024 05:00;07/03/2024 05:15;21;kWh;-216;1117;0;0;1333;901
07/03/2024 05:15;07/03/2024 05:30;22;kWh;-1029;0;0;0;1029;-1029
07/03/2024 05:30;07/03/2024 05:45;23;kWh;0;1017;0;0;1017;1017
07/03/2024 05:45;07/03/2024 06:00;24;kWh;0;4949;0;0;4949;4949
07/03/2024 06:00;07/03/2024 06:15;25;kWh;-771;289;0;0;1060;-482
07/03/2024 06:15;07/03/2024 06:30;26;kWh;0;73;0;0;73;73
07/03/2024 06:30;07/03/2024 06:45;27;kWh;0;4838;0;0;4838;4838
07/03/2024 06:45;07/03/2024 07:00;28;kWh;0;3009;0;0;3009;3009
07/03/2024 07:00;07/03/2024 07:15;29;kWh;0;6309;0;0;6309;6309
07/03/2024 07:15;07/03/2024 07:30;30;kWh;0;20553;0;0;20553;20553
07/03/2024 07:30;07/03/2024 07:45;31;kWh;0;15825;0;0;15825;15825
07/03/2024 07:45;07/03/2024 08:00;32;kWh;0;24724;0;0;24724;24724
07/03/2024 08:00;07/03/2024 08:15;33;kWh;0;29021;0;0;29021;29021
07/03/2024 08:15;07/03/2024 08:30;34;kWh;-269;3109;0;0;3378;2840
07/03/2024 08:30;07/03/2024 08:45;35;kWh;-10574;0;0;0;10574;-10574
07/03/2024 08:45;07/03/2024 09:00;36;kWh;-57254;0;0;0;57254;-57254
07/03/2024 09:00;07/03/2024 09:15;37;kWh;-16241;0;0;0;16241;-16241
07/03/2024 09:15;07/03/2024 09:30;38;kWh;-7651;0;0;0;7651;-7651
07/03/2024 09:30;07/03/2024 09:45;39;kWh;-7679;0;0;0;7679;-7679
07/03/2024 09:45;07/03/2024 10:00;40;kWh;-3778;0;0;0;3778;-3778
07/03/2024 10:00;07/03/2024 10:15;41;kWh;0;11655;0;0;11655;11655
07/03/2024 10:15;07/03/2024 10:30;42;kWh;0;44979;0;0;44979;44979
07/03/2024 10:30;07/03/2024 10:45;43;kWh;0;2008;0;0;2008;2008
07/03/2024 10:45;07/03/2024 11:00;44;kWh;-18887;0;0;0;18887;-18887
07/03/2024 11:00;07/03/2024 11:15;45;kWh;-25909;0;0;0;25909;-25909
07/03/2024 11:15;07/03/2024 11:30;46;kWh;-35044;0;0;0;35044;-35044
07/03/2024 11:30;07/03/2024 11:45;47;kWh;-61360;0;0;0;61360;-61360
07/03/2024 11:45;07/03/2024 12:00;48;kWh;-67433;0;0;0;67433;-67433
07/03/2024 12:00;07/03/2024 12:15;49;kWh;-14635;9503;0;0;24138;-5132
07/03/2024 12:15;07/03/2024 12:30;50;kWh;0;40136;0;0;40136;40136
07/03/2024 12:30;07/03/2024 12:45;51;kWh;0;60949;0;0;60949;60949
07/03/2024 12:45;07/03/2024 13:00;52;kWh;0;76303;0;0;76303;76303
07/03/2024 13:00;07/03/2024 13:15;53;kWh;-149;36358;0;0;36507;36209
07/03/2024 13:15;07/03/2024 13:30;54;kWh;-2096;0;0;0;2096;-2096
07/03/2024 13:30;07/03/2024 13:45;55;kWh;-1152;0;0;0;1152;-1152
07/03/2024 13:45;07/03/2024 14:00;56;kWh;-3159;0;0;0;3159;-3159
07/03/2024 14:00;07/03/2024 14:15;57;kWh;-23480;0;0;0;23480;-23480
07/03/2024 14:15;07/03/2024 14:30;58;kWh;-3099;9688;0;0;12787;6589
07/03/2024 14:30;07/03/2024 14:45;59;kWh;0;62214;0;0;62214;62214
07/03/2024 14:45;07/03/2024 15:00;60;kWh;0;51585;0;0;51585;51585
07/03/2024 15:00;07/03/2024 15:15;61;kWh;0;19557;0;0;19557;19557
07/03/2024 15:15;07/03/2024 15:30;62;kWh;0;56414;0;0;56414;56414
07/03/2024 15:30;07/03/2024 15:45;63;kWh;0;18907;0;0;18907;18907
07/03/2024 15:45;07/03/2024 16:00;64;kWh;-487;4689;0;0;5176;4202
07/03/2024 16:00;07/03/2024 16:15;65;kWh;-19445;0;0;0;19445;-19445
07/03/2024 16:15;07/03/2024 16:30;66;kWh;-400;0;0;0;400;-400
07/03/2024 16:30;07/03/2024 16:45;67;kWh;-14827;0;0;0;14827;-14827
07/03/2024 16:45;07/03/2024 17:00;68;kWh;-47414;0;0;0;47414;-47414
07/03/2024 17:00;07/03/2024 17:15;69;kWh;-58504;0;0;0;58504;-58504
07/03/2024 17:15;07/03/2024 17:30;70;kWh;-7901;0;0;0;7901;-7901
07/03/2024 17:30;07/03/2024 17:45;71;kWh;-11646;0;0;0;11646;-11646
07/03/2024 17:45;07/03/2024 18:00;72;kWh;0;0;0;0;0;0
07/03/2024 18:00;07/03/2024 18:15;73;kWh;-38837;0;0;0;38837;-38837
07/03/2024 18:15;07/03/2024 18:30;74;kWh;-30334;0;0;0;30334;-30334
07/03/2024 18:30;07/03/2024 18:45;75;kWh;-7228;0;0;0;7228;-7228
07/03/2024 18:45;07/03/2024 19:00;76;kWh;0;2571;0;0;2571;2571
07/03/2024 19:00;07/03/2024 19:15;77;kWh;-1211;20848;0;0;22059;19637
07/03/2024 19:15;07/03/2024 19:30;78;kWh;-8244;0;0;0;8244;-8244
07/03/2024 19:30;07/03/2024 19:45;79;kWh;-26084;0;0;0;26084;-26084
07/03/2024 19:45;07/03/2024 20:00;80;kWh;-52335;0;0;0;52335;-52335
07/03/2024 20:00;07/03/2024 20:15;81;kWh;-34724;790;0;0;35514;-33934
07/03/2024 20:15;07/03/2024 20:30;82;kWh;-12575;0;0;0;12575;-12575
07/03/2024 20:30;07/03/2024 20:45;83;kWh;-49566;0;0;0;49566;-49566
07/03/2024 20:45;07/03/2024 21:00;84;kWh;-68784;0;0;0;68784;-68784
07/03/2024 21:00;07/03/2024 21:15;85;kWh;-19936;390;0;0;20326;-19546
07/03/2024 21:15;07/03/2024 21:30;86;kWh;-1180;0;0;0;1180;-1180
07/03/2024 21:30;07/03/2024 21:45;87;kWh;-7462;0;0;0;7462;-7462
07/03/2024 21:45;07/03/2024 22:00;88;kWh;-28156;0;0;0;28156;-28156
07/03/2024 22:00;07/03/2024 22:15;89;kWh;-1610;1089;0;0;2699;-521
07/03/2024 22:15;07/03/2024 22:30;90;kWh;0;654;0;0;654;654
07/03/2024 22:30;07/03/2024 22:45;91;kWh;-8084;0;0;0;8084;-8084
07/03/2024 22:45;07/03/2024 23:00;92;kWh;-33139;0;0;0;33139;-33139
07/03/2024 23:00;07/03/2024 23:15;93;kWh;-5749;32491;0;0;38240;26742
07/03/2024 23:15;07/03/2024 23:30;94;kWh;0;33472;0;0;33472;33472
07/03/2024 23:30;07/03/2024 23:45;95;kWh;0;14672;0;0;14672;14672
07/03/2024 23:45;08/03/2024 00:00;96;kWh;-4055;144;0;0;4199;-3911
08/03/2024 00:00;08/03/2024 00:15;1;kWh;-17810;1711;0;0;19521;-16099
08/03/2024 00:15;08/03/2024 00:30;2;kWh;0;0;0;0;0;0
08/03/2024 00:30;08/03/2024 00:45;3;kWh;0;0;0;0;0;0
08/03/2024 00:45;08/03/2024 01:00;4;kWh;0;0;0;0;0;0
08/03/2024 01:00;08/03/2024 01:15;5;kWh;0;8317;0;0;8317;8317
08/03/2024 01:15;08/03/2024 01:30;6;kWh;0;84;0;0;84;84
08/03/2024 01:30;08/03/2024 01:45;7;kWh;0;0;0;0;0;0
08/03/2024 01:45;08/03/2024 02:00;8;kWh;0;0;0;0;0;0
08/03/2024 02:00;08/03/2024 02:15;9;kWh;0;176;0;0;176;176
08/03/2024 02:15;08/03/2024 02:30;10;kWh;0;966;0;0;966;966
08/03/2024 02:30;08/03/2024 02:45;11;kWh;0;0;0;0;0;0
08/03/2024 02:45;08/03/2024 03:00;12;kWh;0;0;0;0;0;0
08/03/2024 03:00;08/03/2024 03:15;13;kWh;0;16425;0;0;16425;16425
08/03/2024 03:15;08/03/2024 03:30;14;kWh;0;3734;0;0;3734;3734
08/03/2024 03:30;08/03/2024 03:45;15;kWh;0;2185;0;0;2185;2185
08/03/2024 03:45;08/03/2024 04:00;16;kWh;0;869;0;0;869;869
08/03/2024 04:00;08/03/2024 04:15;17;kWh;0;68;0;0;68;68
08/03/2024 04:15;08/03/2024 04:30;18;kWh;0;0;0;0;0;0
08/03/2024 04:30;08/03/2024 04:45;19;kWh;0;0;0;0;0;0
08/03/2024 04:45;08/03/2024 05:00;20;kWh;0;947;0;0;947;947
08/03/2024 05:00;08/03/2024 05:15;21;kWh;0;610;0;0;610;610
08/03/2024 05:15;08/03/2024 05:30;22;kWh;0;0;0;0;0;0
08/03/2024 05:30;08/03/2024 05:45;23;kWh;0;329;0;0;329;329
08/03/2024 05:45;08/03/2024 06:00;24;kWh;0;1987;0;0;1987;1987
08/03/2024 06:00;08/03/2024 06:15;25;kWh;0;581;0;0;581;581
08/03/2024 06:15;08/03/2024 06:30;26;kWh;0;7303;0;0;7303;7303
08/03/2024 06:30;08/03/2024 06:45;27;kWh;0;57344;0;0;57344;57344
08/03/2024 06:45;08/03/2024 07:00;28;kWh;0;61972;0;0;61972;61972
08/03/2024 07:00;08/03/2024 07:15;29;kWh;-83;39366;0;0;39449;39283
08/03/2024 07:15;08/03/2024 07:30;30;kWh;0;4543;0;0;4543;4543
08/03/2024 07:30;08/03/2024 07:45;31;kWh;0;32609;0;0;32609;32609
08/03/2024 07:45;08/03/2024 08:00;32;kWh;0;13786;0;0;13786;13786
08/03/2024 08:00;08/03/2024 08:15;33;kWh;0;3917;0;0;3917;3917
08/03/2024 08:15;08/03/2024 08:30;34;kWh;0;95;0;0;95;95
08/03/2024 08:30;08/03/2024 08:45;35;kWh;0;0;0;0;0;0
08/03/2024 08:45;08/03/2024 09:00;36;kWh;0;0;0;0;0;0
08/03/2024 09:00;08/03/2024 09:15;37;kWh;0;0;0;0;0;0
08/03/2024 09:15;08/03/2024 09:30;38;kWh;-38;0;0;0;38;-38
08/03/2024 09:30;08/03/2024 09:45;39;kWh;-14982;0;0;0;14982;-14982
08/03/2024 09:45;08/03/2024 10:00;40;kWh;-11157;5394;0;0;16551;-5763
08/03/2024 10:00;08/03/2024 10:15;41;kWh;-2504;1674;0;0;4178;-830
08/03/2024 10:15;08/03/2024 10:30;42;kWh;-202;19190;0;0;19392;18988
08/03/2024 10:30;08/03/2024 10:45;43;kWh;-3480;10314;0;0;13794;6834
08/03/2024 10:45;08/03/2024 11:00;44;kWh;-9176;4875;0;0;14051;-4301
08/03/2024 11:00;08/03/2024 11:15;45;kWh;-13191;6443;0;0;19634;-6748
08/03/2024 11:15;08/03/2024 11:30;46;kWh;-6037;0;0;0;6037;-6037
08/03/2024 11:30;08/03/2024 11:45;47;kWh;-3708;0;0;0;3708;-3708
08/03/2024 11:45;08/03/2024 12:00;48;kWh;-2695;0;0;0;2695;-2695
08/03/2024 12:00;08/03/2024 12:15;49;kWh;-7532;1994;0;0;9526;-5538
08/03/2024 12:15;08/03/2024 12:30;50;kWh;-6603;0;0;0;6603;-6603
08/03/2024 12:30;08/03/2024 12:45;51;kWh;-8279;976;0;0;9255;-7303
08/03/2024 12:45;08/03/2024 13:00;52;kWh;-14610;789;0;0;15399;-13821
08/03/2024 13:00;08/03/2024 13:15;53;kWh;-24192;564;0;0;24756;-23628
08/03/2024 13:15;08/03/2024 13:30;54;kWh;-9165;1443;0;0;10608;-7722
08/03/2024 13:30;08/03/2024 13:45;55;kWh;-15163;146;0;0;15309;-15017
08/03/2024 13:45;08/03/2024 14:00;56;kWh;-8980;141;0;0;9121;-8839
08/03/2024 14:00;08/03/2024 14:15;57;kWh;-11345;422;0;0;11767;-10923
08/03/2024 14:15;08/03/2024 14:30;58;kWh;-15380;983;0;0;16363;-14397
08/03/2024 14:30;08/03/2024 14:45;59;kWh;-17332;6126;0;0;23458;-11206
08/03/2024 14:45;08/03/2024 15:00;60;kWh;-8682;972;0;0;9654;-7710
08/03/2024 15:00;08/03/2024 15:15;61;kWh;-10420;4421;0;0;14841;-5999
08/03/2024 15:15;08/03/2024 15:30;62;kWh;-11225;10966;0;0;22191;-259
08/03/2024 15:30;08/03/2024 15:45;63;kWh;0;7903;0;0;7903;7903
08/03/2024 15:45;08/03/2024 16:00;64;kWh;-12;11795;0;0;11807;11783
08/03/2024 16:00;08/03/2024 16:15;65;kWh;-7576;6804;0;0;14380;-772
08/03/2024 16:15;08/03/2024 16:30;66;kWh;0;7693;0;0;7693;7693
08/03/2024 16:30;08/03/2024 16:45;67;kWh;0;7940;0;0;7940;7940
08/03/2024 16:45;08/03/2024 17:00;68;kWh;0;1519;0;0;1519;1519
08/03/2024 17:00;08/03/2024 17:15;69;kWh;-7339;300;0;0;7639;-7039
08/03/2024 17:15;08/03/2024 17:30;70;kWh;-341;435;0;0;776;94
08/03/2024 17:30;08/03/2024 17:45;71;kWh;0;0;0;0;0;0
08/03/2024 17:45;08/03/2024 18:00;72;kWh;0;137;0;0;137;137
08/03/2024 18:00;08/03/2024 18:15;73;kWh;-2150;794;0;0;2944;-1356
08/03/2024 18:15;08/03/2024 18:30;74;kWh;-12536;52;0;0;12588;-12484
08/03/2024 18:30;08/03/2024 18:45;75;kWh;-1660;0;0;0;1660;-1660
08/03/2024 18:45;08/03/2024 19:00;76;kWh;-1198;0;0;0;1198;-1198
08/03/2024 19:00;08/03/2024 19:15;77;kWh;0;0;0;0;0;0
08/03/2024 19:15;08/03/2024 19:30;78;kWh;0;1044;0;0;1044;1044
08/03/2024 19:30;08/03/2024 19:45;79;kWh;-6;0;0;0;6;-6
08/03/2024 19:45;08/03/2024 20:00;80;kWh;-4650;0;0;0;4650;-4650
08/03/2024 20:00;08/03/2024 20:15;81;kWh;-11056;1110;0;0;12166;-9946
08/03/2024 20:15;08/03/2024 20:30;82;kWh;0;0;0;0;0;0
08/03/2024 20:30;08/03/2024 20:45;83;kWh;-1139;0;0;0;1139;-1139
08/03/2024 20:45;08/03/2024 21:00;84;kWh;-5895;0;0;0;5895;-5895
08/03/2024 21:00;08/03/2024 21:15;85;kWh;0;1149;0;0;1149;1149
08/03/2024 21:15;08/03/2024 21:30;86;kWh;0;5185;0;0;5185;5185
08/03/2024 21:30;08/03/2024 21:45;87;kWh;0;1723;0;0;1723;1723
08/03/2024 21:45;08/03/2024 22:00;88;kWh;0;0;0;0;0;0
08/03/2024 22:00;08/03/2024 22:15;89;kWh;0;0;0;0;0;0
08/03/2024 22:15;08/03/2024 22:30;90;kWh;0;311;0;0;311;311
08/03/2024 22:30;08/03/2024 22:45;91;kWh;0;2213;0;0;2213;2213
08/03/2024 22:45;08/03/2024 23:00;92;kWh;-444;0;0;0;444;-444
08/03/2024 23:00;08/03/2024 23:15;93;kWh;-4892;0;0;0;4892;-4892
08/03/2024 23:15;08/03/2024 23:30;94;kWh;-3512;0;0;0;3512;-3512
08/03/2024 23:30;08/03/2024 23:45;95;kWh;-1;0;0;0;1;-1
08/03/2024 23:45;09/03/2024 00:00;96;kWh;-2539;0;0;0;2539;-2539
09/03/2024 00:00;09/03/2024 00:15;1;kWh;-8445;4606;0;0;13051;-3839
09/03/2024 00:15;09/03/2024 00:30;2;kWh;-559;844;0;0;1403;285
09/03/2024 00:30;09/03/2024 00:45;3;kWh;-10396;186;0;0;10582;-10210
09/03/2024 00:45;09/03/2024 01:00;4;kWh;-365;0;0;0;365;-365
09/03/2024 01:00;09/03/2024 01:15;5;kWh;-6515;0;0;0;6515;-6515
09/03/2024 01:15;09/03/2024 01:30;6;kWh;-2659;0;0;0;2659;-2659
09/03/2024 01:30;09/03/2024 01:45;7;kWh;-6022;472;0;0;6494;-5550
09/03/2024 01:45;09/03/2024 02:00;8;kWh;-7212;54;0;0;7266;-7158
09/03/2024 02:00;09/03/2024 02:15;9;kWh;-1757;0;0;0;1757;-1757
09/03/2024 02:15;09/03/2024 02:30;10;kWh;0;0;0;0;0;0
09/03/2024 02:30;09/03/2024 02:45;11;kWh;0;2;0;0;2;2
09/03/2024 02:45;09/03/2024 03:00;12;kWh;0;0;0;0;0;0
09/03/2024 03:00;09/03/2024 03:15;13;kWh;-178;20255;0;0;20433;20077
09/03/2024 03:15;09/03/2024 03:30;14;kWh;0;28534;0;0;28534;28534
09/03/2024 03:30;09/03/2024 03:45;15;kWh;0;6752;0;0;6752;6752
09/03/2024 03:45;09/03/2024 04:00;16;kWh;0;9080;0;0;9080;9080
09/03/2024 04:00;09/03/2024 04:15;17;kWh;0;14450;0;0;14450;14450
09/03/2024 04:15;09/03/2024 04:30;18;kWh;0;19613;0;0;19613;19613
09/03/2024 04:30;09/03/2024 04:45;19;kWh;0;20514;0;0;20514;20514
09/03/2024 04:45;09/03/2024 05:00;20;kWh;0;3837;0;0;3837;3837
09/03/2024 05:00;09/03/2024 05:15;21;kWh;0;5439;0;0;5439;5439
09/03/2024 05:15;09/03/2024 05:30;22;kWh;0;2039;0;0;2039;2039
09/03/2024 05:30;09/03/2024 05:45;23;kWh;0;12607;0;0;12607;12607
09/03/2024 05:45;09/03/2024 06:00;24;kWh;0;861;0;0;861;861
09/03/2024 06:00;09/03/2024 06:15;25;kWh;0;177;0;0;177;177
09/03/2024 06:15;09/03/2024 06:30;26;kWh;0;15005;0;0;15005;15005
09/03/2024 06:30;09/03/2024 06:45;27;kWh;0;33631;0;0;33631;33631
09/03/2024 06:45;09/03/2024 07:00;28;kWh;0;46430;0;0;46430;46430
09/03/2024 07:00;09/03/2024 07:15;29;kWh;0;39797;0;0;39797;39797
09/03/2024 07:15;09/03/2024 07:30;30;kWh;0;25560;0;0;25560;25560
09/03/2024 07:30;09/03/2024 07:45;31;kWh;0;737;0;0;737;737
09/03/2024 07:45;09/03/2024 08:00;32;kWh;0;0;0;0;0;0
09/03/2024 08:00;09/03/2024 08:15;33;kWh;0;26803;0;0;26803;26803
09/03/2024 08:15;09/03/2024 08:30;34;kWh;0;2655;0;0;2655;2655
09/03/2024 08:30;09/03/2024 08:45;35;kWh;-1605;0;0;0;1605;-1605
09/03/2024 08:45;09/03/2024 09:00;36;kWh;-1538;0;0;0;1538;-1538
09/03/2024 09:00;09/03/2024 09:15;37;kWh;-10;41442;0;0;41452;41432
09/03/2024 09:15;09/03/2024 09:30;38;kWh;-3063;29848;0;0;32911;26785
09/03/2024 09:30;09/03/2024 09:45;39;kWh;-2200;21380;0;0;23580;19180
09/03/2024 09:45;09/03/2024 10:00;40;kWh;-1629;75;0;0;1704;-1554
09/03/2024 10:00;09/03/2024 10:15;41;kWh;-3;0;0;0;3;-3
09/03/2024 10:15;09/03/2024 10:30;42;kWh;0;1;0;0;1;1
09/03/2024 10:30;09/03/2024 10:45;43;kWh;0;0;0;0;0;0
09/03/2024 10:45;09/03/2024 11:00;44;kWh;-5358;0;0;0;5358;-5358
09/03/2024 11:00;09/03/2024 11:15;45;kWh;-13132;3142;0;0;16274;-9990
09/03/2024 11:15;09/03/2024 11:30;46;kWh;-3170;10446;0;0;13616;7276
09/03/2024 11:30;09/03/2024 11:45;47;kWh;0;12687;0;0;12687;12687
09/03/2024 11:45;09/03/2024 12:00;48;kWh;-1415;41606;0;0;43021;40191
09/03/2024 12:00;09/03/2024 12:15;49;kWh;0;0;0;0;0;0
09/03/2024 12:15;09/03/2024 12:30;50;kWh;-650;0;0;0;650;-650
09/03/2024 12:30;09/03/2024 12:45;51;kWh;-2713;0;0;0;2713;-2713
09/03/2024 12:45;09/03/2024 13:00;52;kWh;-3679;0;0;0;3679;-3679
09/03/2024 13:00;09/03/2024 13:15;53;kWh;-13701;5369;0;0;19070;-8332
09/03/2024 13:15;09/03/2024 13:30;54;kWh;-21611;3847;0;0;25458;-17764
09/03/2024 13:30;09/03/2024 13:45;55;kWh;-11851;8693;0;0;20544;-3158
09/03/2024 13:45;09/03/2024 14:00;56;kWh;-21685;10076;0;0;31761;-11609
09/03/2024 14:00;09/03/2024 14:15;57;kWh;-9065;1012;0;0;10077;-8053
09/03/2024 14:15;09/03/2024 14:30;58;kWh;-12057;25;0;0;12082;-12032
09/03/2024 14:30;09/03/2024 14:45;59;kWh;-14617;2935;0;0;17552;-11682
09/03/2024 14:45;09/03/2024 15:00;60;kWh;-13192;1490;0;0;14682;-11702
09/03/2024 15:00;09/03/2024 15:15;61;kWh;-5007;2367;0;0;7374;-2640
09/03/2024 15:15;09/03/2024 15:30;62;kWh;-640;3839;0;0;4479;3199
09/03/2024 15:30;09/03/2024 15:45;63;kWh;-3710;3049;0;0;6759;-661
09/03/2024 15:45;09/03/2024 16:00;64;kWh;0;4802;0;0;4802;4802
09/03/2024 16:00;09/03/2024 16:15;65;kWh;0;3836;0;0;3836;3836
09/03/2024 16:15;09/03/2024 16:30;66;kWh;0;20297;0;0;20297;20297
09/03/2024 16:30;09/03/2024 16:45;67;kWh;0;46278;0;0;46278;46278
09/03/2024 16:45;09/03/2024 17:00;68;kWh;0;13166;0;0;13166;13166
09/03/2024 17:00;09/03/2024 17:15;69;kWh;-8293;6385;0;0;14678;-1908
09/03/2024 17:15;09/03/2024 17:30;70;kWh;-3055;584;0;0;3639;-2471
09/03/2024 17:30;09/03/2024 17:45;71;kWh;-368;1143;0;0;1511;775
09/03/2024 17:45;09/03/2024 18:00;72;kWh;-373;0;0;0;373;-373
09/03/2024 18:00;09/03/2024 18:15;73;kWh;-17399;138;0;0;17537;-17261
09/03/2024 18:15;09/03/2024 18:30;74;kWh;-14319;179;0;0;14498;-14140
09/03/2024 18:30;09/03/2024 18:45;75;kWh;-14696;276;0;0;14972;-14420
09/03/2024 18:45;09/03/2024 19:00;76;kWh;-25219;1033;0;0;26252;-24186
09/03/2024 19:00;09/03/2024 19:15;77;kWh;-13178;5788;0;0;18966;-7390
09/03/2024 19:15;09/03/2024 19:30;78;kWh;-14424;0;0;0;14424;-14424
09/03/2024 19:30;09/03/2024 19:45;79;kWh;-14384;9;0;0;14393;-14375
09/03/2024 19:45;09/03/2024 20:00;80;kWh;-34681;269;0;0;34950;-34412
09/03/2024 20:00;09/03/2024 20:15;81;kWh;-26006;261;0;0;26267;-25745
09/03/2024 20:15;09/03/2024 20:30;82;kWh;-31154;1553;0;0;32707;-29601
09/03/2024 20:30;09/03/2024 20:45;83;kWh;-9036;3879;0;0;12915;-5157
09/03/2024 20:45;09/03/2024 21:00;84;kWh;-1345;0;0;0;1345;-1345
09/03/2024 21:00;09/03/2024 21:15;85;kWh;0;3215;0;0;3215;3215
09/03/2024 21:15;09/03/2024 21:30;86;kWh;0;22;0;0;22;22
09/03/2024 21:30;09/03/2024 21:45;87;kWh;0;0;0;0;0;0
09/03/2024 21:45;09/03/2024 22:00;88;kWh;0;0;0;0;0;0
09/03/2024 22:00;09/03/2024 22:15;89;kWh;0;265;0;0;265;265
09/03/2024 22:15;09/03/2024 22:30;90;kWh;0;2644;0;0;2644;2644
09/03/2024 22:30;09/03/2024 22:45;91;kWh;0;5699;0;0;5699;5699
09/03/2024 22:45;09/03/2024 23:00;92;kWh;-4162;6396;0;0;10558;2234
09/03/2024 23:00;09/03/2024 23:15;93;kWh;-9685;9765;0;0;19450;80
09/03/2024 23:15;09/03/2024 23:30;94;kWh;-7648;12637;0;0;20285;4989
09/03/2024 23:30;09/03/2024 23:45;95;kWh;-2778;20774;0;0;23552;17996
09/03/2024 23:45;10/03/2024 00:00;96;kWh;0;25206;0;0;25206;25206
10/03/2024 00:00;10/03/2024 00:15;1;kWh;0;11956;0;0;11956;11956
10/03/2024 00:15;10/03/2024 00:30;2;kWh;0;13624;0;0;13624;13624
10/03/2024 00:30;10/03/2024 00:45;3;kWh;-1042;1653;0;0;2695;611
10/03/2024 00:45;10/03/2024 01:00;4;kWh;-4034;0;0;0;4034;-4034
10/03/2024 01:00;10/03/2024 01:15;5;kWh;0;13305;0;0;13305;13305
10/03/2024 01:15;10/03/2024 01:30;6;kWh;0;3931;0;0;3931;3931
10/03/2024 01:30;10/03/2024 01:45;7;kWh;0;35600;0;0;35600;35600
10/03/2024 01:45;10/03/2024 02:00;8;kWh;0;28570;0;0;28570;28570
10/03/2024 02:00;10/03/2024 02:15;9;kWh;-31;64377;0;0;64408;64346
10/03/2024 02:15;10/03/2024 02:30;10;kWh;-331;430;0;0;761;99
10/03/2024 02:30;10/03/2024 02:45;11;kWh;0;42;0;0;42;42
10/03/2024 02:45;10/03/2024 03:00;12;kWh;-6920;0;0;0;6920;-6920
10/03/2024 03:00;10/03/2024 03:15;13;kWh;-7112;0;0;0;7112;-7112
10/03/2024 03:15;10/03/2024 03:30;14;kWh;0;492;0;0;492;492
10/03/2024 03:30;10/03/2024 03:45;15;kWh;-2902;0;0;0;2902;-2902
10/03/2024 03:45;10/03/2024 04:00;16;kWh;-6937;0;0;0;6937;-6937
10/03/2024 04:00;10/03/2024 04:15;17;kWh;-6289;896;0;0;7185;-5393
10/03/2024 04:15;10/03/2024 04:30;18;kWh;-814;1708;0;0;2522;894
10/03/2024 04:30;10/03/2024 04:45;19;kWh;-1886;0;0;0;1886;-1886
10/03/2024 04:45;10/03/2024 05:00;20;kWh;-7585;0;0;0;7585;-7585
10/03/2024 05:00;10/03/2024 05:15;21;kWh;-7370;0;0;0;7370;-7370
10/03/2024 05:15;10/03/2024 05:30;22;kWh;-14608;97;0;0;14705;-14511
10/03/2024 05:30;10/03/2024 05:45;23;kWh;-6632;269;0;0;6901;-6363
10/03/2024 05:45;10/03/2024 06:00;24;kWh;-4786;1867;0;0;6653;-2919
10/03/2024 06:00;10/03/2024 06:15;25;kWh;-7582;11;0;0;7593;-7571
10/03/2024 06:15;10/03/2024 06:30;26;kWh;0;0;0;0;0;0
10/03/2024 06:30;10/03/2024 06:45;27;kWh;0;0;0;0;0;0
10/03/2024 06:45;10/03/2024 07:00;28;kWh;-5913;0;0;0;5913;-5913
10/03/2024 07:00;10/03/2024 07:15;29;kWh;-840;0;0;0;840;-840
10/03/2024 07:15;10/03/2024 07:30;30;kWh;-586;0;0;0;586;-586
10/03/2024 07:30;10/03/2024 07:45;31;kWh;0;0;0;0;0;0
10/03/2024 07:45;10/03/2024 08:00;32;kWh;0;0;0;0;0;0
10/03/2024 08:00;10/03/2024 08:15;33;kWh;0;0;0;0;0;0
10/03/2024 08:15;10/03/2024 08:30;34;kWh;0;0;0;0;0;0
10/03/2024 08:30;10/03/2024 08:45;35;kWh;0;0;0;0;0;0
10/03/2024 08:45;10/03/2024 09:00;36;kWh;-32;0;0;0;32;-32
10/03/2024 09:00;10/03/2024 09:15;37;kWh;-1194;0;0;0;1194;-1194
10/03/2024 09:15;10/03/2024 09:30;38;kWh;-1508;0;0;0;1508;-1508
10/03/2024 09:30;10/03/2024 09:45;39;kWh;-1192;0;0;0;1192;-1192
10/03/2024 09:45;10/03/2024 10:00;40;kWh;-160;380;0;0;540;220
10/03/2024 10:00;10/03/2024 10:15;41;kWh;0;22655;0;0;22655;22655
10/03/2024 10:15;10/03/2024 10:30;42;kWh;0;24242;0;0;24242;24242
10/03/2024 10:30;10/03/2024 10:45;43;kWh;0;17687;0;0;17687;17687
10/03/2024 10:45;10/03/2024 11:00;44;kWh;-1;16789;0;0;16790;16788
10/03/2024 11:00;10/03/2024 11:15;45;kWh;-8180;21365;0;0;29545;13185
10/03/2024 11:15;10/03/2024 11:30;46;kWh;-8110;15467;0;0;23577;7357
10/03/2024 11:30;10/03/2024 11:45;47;kWh;0;23108;0;0;23108;23108
10/03/2024 11:45;10/03/2024 12:00;48;kWh;0;63080;0;0;63080;63080
10/03/2024 12:00;10/03/2024 12:15;49;kWh;0;58586;0;0;58586;58586
10/03/2024 12:15;10/03/2024 12:30;50;kWh;0;43945;0;0;43945;43945
10/03/2024 12:30;10/03/2024 12:45;51;kWh;0;41187;0;0;41187;41187
10/03/2024 12:45;10/03/2024 13:00;52;kWh;0;40586;0;0;40586;40586
10/03/2024 13:00;10/03/2024 13:15;53;kWh;0;10867;0;0;10867;10867
10/03/2024 13:15;10/03/2024 13:30;54;kWh;0;14051;0;0;14051;14051
10/03/2024 13:30;10/03/2024 13:45;55;kWh;0;510;0;0;510;510
10/03/2024 13:45;10/03/2024 14:00;56;kWh;-2284;0;0;0;2284;-2284
10/03/2024 14:00;10/03/2024 14:15;57;kWh;-2001;0;0;0;2001;-2001
10/03/2024 14:15;10/03/2024 14:30;58;kWh;-1801;0;0;0;1801;-1801
10/03/2024 14:30;10/03/2024 14:45;59;kWh;-5759;745;0;0;6504;-5014
10/03/2024 14:45;10/03/2024 15:00;60;kWh;0;134;0;0;134;134
10/03/2024 15:00;10/03/2024 15:15;61;kWh;-11539;15451;0;0;26990;3912
10/03/2024 15:15;10/03/2024 15:30;62;kWh;-3020;5996;0;0;9016;2976
10/03/2024 15:30;10/03/2024 15:45;63;kWh;-14572;776;0;0;15348;-13796
10/03/2024 15:45;10/03/2024 16:00;64;kWh;-14408;4451;0;0;18859;-9957
10/03/2024 16:00;10/03/2024 16:15;65;kWh;-20210;627;0;0;20837;-19583
10/03/2024 16:15;10/03/2024 16:30;66;kWh;-13364;5855;0;0;19219;-7509
10/03/2024 16:30;10/03/2024 16:45;67;kWh;0;21495;0;0;21495;21495
10/03/2024 16:45;10/03/2024 17:00;68;kWh;-13456;6558;0;0;20014;-6898
10/03/2024 17:00;10/03/2024 17:15;69;kWh;-30272;345;0;0;30617;-29927
10/03/2024 17:15;10/03/2024 17:30;70;kWh;-1763;177;0;0;1940;-1586
10/03/2024 17:30;10/03/2024 17:45;71;kWh;-1580;49;0;0;1629;-1531
10/03/2024 17:45;10/03/2024 18:00;72;kWh;0;3087;0;0;3087;3087
10/03/2024 18:00;10/03/2024 18:15;73;kWh;0;14610;0;0;14610;14610
10/03/2024 18:15;10/03/2024 18:30;74;kWh;0;16263;0;0;16263;16263
10/03/2024 18:30;10/03/2024 18:45;75;kWh;0;7551;0;0;7551;7551
10/03/2024 18:45;10/03/2024 19:00;76;kWh;0;11048;0;0;11048;11048
10/03/2024 19:00;10/03/2024 19:15;77;kWh;0;25752;0;0;25752;25752
10/03/2024 19:15;10/03/2024 19:30;78;kWh;0;20813;0;0;20813;20813
10/03/2024 19:30;10/03/2024 19:45;79;kWh;0;7837;0;0;7837;7837
10/03/2024 19:45;10/03/2024 20:00;80;kWh;0;7667;0;0;7667;7667
10/03/2024 20:00;10/03/2024 20:15;81;kWh;0;9731;0;0;9731;9731
10/03/2024 20:15;10/03/2024 20:30;82;kWh;0;1508;0;0;1508;1508
10/03/2024 20:30;10/03/2024 20:45;83;kWh;-9;0;0;0;9;-9
10/03/2024 20:45;10/03/2024 21:00;84;kWh;-130;0;0;0;130;-130
10/03/2024 21:00;10/03/2024 21:15;85;kWh;-365;0;0;0;365;-365
10/03/2024 21:15;10/03/2024 21:30;86;kWh;0;0;0;0;0;0
10/03/2024 21:30;10/03/2024 21:45;87;kWh;-1307;0;0;0;1307;-1307
10/03/2024 21:45;10/03/2024 22:00;88;kWh;-7847;0;0;0;7847;-7847
10/03/2024 22:00;10/03/2024 22:15;89;kWh;-2926;0;0;0;2926;-2926
10/03/2024 22:15;10/03/2024 22:30;90;kWh;-12605;0;0;0;12605;-12605
10/03/2024 22:30;10/03/2024 22:45;91;kWh;-13813;0;0;0;13813;-13813
10/03/2024 22:45;10/03/2024 23:00;92;kWh;-18571;0;0;0;18571;-18571
10/03/2024 23:00;10/03/2024 23:15;93;kWh;-13934;0;0;0;13934;-13934
10/03/2024 23:15;10/03/2024 23:30;94;kWh;-28710;0;0;0;28710;-28710
10/03/2024 23:30;10/03/2024 23:45;95;kWh;-31208;0;0;0;31208;-31208
10/03/2024 23:45;11/03/2024 00:00;96;kWh;-38635;0;0;0;38635;-38635
11/03/2024 00:00;11/03/2024 00:15;1;kWh;-13034;0;0;0;13034;-13034
11/03/2024 00:15;11/03/2024 00:30;2;kWh;0;0;0;0;0;0
11/03/2024 00:30;11/03/2024 00:45;3;kWh;0;0;0;0;0;0
11/03/2024 00:45;11/03/2024 01:00;4;kWh;-4505;0;0;0;4505;-4505
11/03/2024 01:00;11/03/2024 01:15;5;kWh;-3068;0;0;0;3068;-3068
11/03/2024 01:15;11/03/2024 01:30;6;kWh;-33045;0;0;0;33045;-33045
11/03/2024 01:30;11/03/2024 01:45;7;kWh;-51249;0;0;0;51249;-51249
11/03/2024 01:45;11/03/2024 02:00;8;kWh;-45981;0;0;0;45981;-45981
11/03/2024 02:00;11/03/2024 02:15;9;kWh;-2270;0;0;0;2270;-2270
11/03/2024 02:15;11/03/2024 02:30;10;kWh;-46;0;0;0;46;-46
11/03/2024 02:30;11/03/2024 02:45;11;kWh;-696;0;0;0;696;-696
11/03/2024 02:45;11/03/2024 03:00;12;kWh;-46;1;0;0;47;-45
11/03/2024 03:00;11/03/2024 03:15;13;kWh;-444;0;0;0;444;-444
11/03/2024 03:15;11/03/2024 03:30;14;kWh;0;2552;0;0;2552;2552
11/03/2024 03:30;11/03/2024 03:45;15;kWh;0;16061;0;0;16061;16061
11/03/2024 03:45;11/03/2024 04:00;16;kWh;0;11386;0;0;11386;11386
11/03/2024 04:00;11/03/2024 04:15;17;kWh;0;34256;0;0;34256;34256
11/03/2024 04:15;11/03/2024 04:30;18;kWh;0;46624;0;0;46624;46624
11/03/2024 04:30;11/03/2024 04:45;19;kWh;0;35945;0;0;35945;35945
11/03/2024 04:45;11/03/2024 05:00;20;kWh;0;32245;0;0;32245;32245
11/03/2024 05:00;11/03/2024 05:15;21;kWh;-728;3584;0;0;4312;2856
11/03/2024 05:15;11/03/2024 05:30;22;kWh;0;8840;0;0;8840;8840
11/03/2024 05:30;11/03/2024 05:45;23;kWh;0;11222;0;0;11222;11222
11/03/2024 05:45;11/03/2024 06:00;24;kWh;0;7997;0;0;7997;7997
11/03/2024 06:00;11/03/2024 06:15;25;kWh;0;0;0;0;0;0
11/03/2024 06:15;11/03/2024 06:30;26;kWh;0;276;0;0;276;276
11/03/2024 06:30;11/03/2024 06:45;27;kWh;-2127;0;0;0;2127;-2127
11/03/2024 06:45;11/03/2024 07:00;28;kWh;-1761;0;0;0;1761;-1761
11/03/2024 07:00;11/03/2024 07:15;29;kWh;-37443;67;0;0;37510;-37376
11/03/2024 07:15;11/03/2024 07:30;30;kWh;-1007;0;0;0;1007;-1007
11/03/2024 07:30;11/03/2024 07:45;31;kWh;0;48;0;0;48;48
11/03/2024 07:45;11/03/2024 08:00;32;kWh;0;225;0;0;225;225
11/03/2024 08:00;11/03/2024 08:15;33;kWh;0;20995;0;0;20995;20995
11/03/2024 08:15;11/03/2024 08:30;34;kWh;0;45245;0;0;45245;45245
11/03/2024 08:30;11/03/2024 08:45;35;kWh;0;39409;0;0;39409;39409
11/03/2024 08:45;11/03/2024 09:00;36;kWh;0;60399;0;0;60399;60399
11/03/2024 09:00;11/03/2024 09:15;37;kWh;0;99970;0;0;99970;99970
11/03/2024 09:15;11/03/2024 09:30;38;kWh;0;102793;0;0;102793;102793
11/03/2024 09:30;11/03/2024 09:45;39;kWh;0;76741;0;0;76741;76741
11/03/2024 09:45;11/03/2024 10:00;40;kWh;0;36360;0;0;36360;36360
11/03/2024 10:00;11/03/2024 10:15;41;kWh;-1353;9186;0;0;10539;7833
11/03/2024 10:15;11/03/2024 10:30;42;kWh;0;3523;0;0;3523;3523
11/03/2024 10:30;11/03/2024 10:45;43;kWh;0;1286;0;0;1286;1286
11/03/2024 10:45;11/03/2024 11:00;44;kWh;0;27536;0;0;27536;27536
11/03/2024 11:00;11/03/2024 11:15;45;kWh;-601;1539;0;0;2140;938
11/03/2024 11:15;11/03/2024 11:30;46;kWh;0;17440;0;0;17440;17440
11/03/2024 11:30;11/03/2024 11:45;47;kWh;0;18662;0;0;18662;18662
11/03/2024 11:45;11/03/2024 12:00;48;kWh;0;39199;0;0;39199;39199
11/03/2024 12:00;11/03/2024 12:15;49;kWh;-1081;1277;0;0;2358;196
11/03/2024 12:15;11/03/2024 12:30;50;kWh;0;296;0;0;296;296
11/03/2024 12:30;11/03/2024 12:45;51;kWh;-480;0;0;0;480;-480
11/03/2024 12:45;11/03/2024 13:00;52;kWh;0;0;0;0;0;0
11/03/2024 13:00;11/03/2024 13:15;53;kWh;0;0;0;0;0;0
11/03/2024 13:15;11/03/2024 13:30;54;kWh;0;0;0;0;0;0
11/03/2024 13:30;11/03/2024 13:45;55;kWh;0;642;0;0;642;642
11/03/2024 13:45;11/03/2024 14:00;56;kWh;0;0;0;0;0;0
11/03/2024 14:00;11/03/2024 14:15;57;kWh;0;36716;0;0;36716;36716
11/03/2024 14:15;11/03/2024 14:30;58;kWh;-161;19586;0;0;19747;19425
11/03/2024 14:30;11/03/2024 14:45;59;kWh;0;12581;0;0;12581;12581
11/03/2024 14:45;11/03/2024 15:00;60;kWh;0;34257;0;0;34257;34257
11/03/2024 15:00;11/03/2024 15:15;61;kWh;-133;4642;0;0;4775;4509
11/03/2024 15:15;11/03/2024 15:30;62;kWh;0;2064;0;0;2064;2064
11/03/2024 15:30;11/03/2024 15:45;63;kWh;0;71384;0;0;71384;71384
11/03/2024 15:45;11/03/2024 16:00;64;kWh;0;39273;0;0;39273;39273
11/03/2024 16:00;11/03/2024 16:15;65;kWh;0;43613;0;0;43613;43613
11/03/2024 16:15;11/03/2024 16:30;66;kWh;0;58791;0;0;58791;58791
11/03/2024 16:30;11/03/2024 16:45;67;kWh;0;58427;0;0;58427;58427
11/03/2024 16:45;11/03/2024 17:00;68;kWh;0;53701;0;0;53701;53701
11/03/2024 17:00;11/03/2024 17:15;69;kWh;-1029;19753;0;0;20782;18724
11/03/2024 17:15;11/03/2024 17:30;70;kWh;-15;2874;0;0;2889;2859
11/03/2024 17:30;11/03/2024 17:45;71;kWh;0;7880;0;0;7880;7880
11/03/2024 17:45;11/03/2024 18:00;72;kWh;0;52236;0;0;52236;52236
11/03/2024 18:00;11/03/2024 18:15;73;kWh;-52;18233;0;0;18285;18181
11/03/2024 18:15;11/03/2024 18:30;74;kWh;0;3142;0;0;3142;3142
11/03/2024 18:30;11/03/2024 18:45;75;kWh;0;30897;0;0;30897;30897
11/03/2024 18:45;11/03/2024 19:00;76;kWh;0;17997;0;0;17997;17997
11/03/2024 19:00;11/03/2024 19:15;77;kWh;0;14357;0;0;14357;14357
11/03/2024 19:15;11/03/2024 19:30;78;kWh;0;1390;0;0;1390;1390
11/03/2024 19:30;11/03/2024 19:45;79;kWh;0;1585;0;0;1585;1585
11/03/2024 19:45;11/03/2024 20:00;80;kWh;0;0;0;0;0;0
11/03/2024 20:00;11/03/2024 20:15;81;kWh;0;57906;0;0;57906;57906
11/03/2024 20:15;11/03/2024 20:30;82;kWh;0;55038;0;0;55038;55038
11/03/2024 20:30;11/03/2024 20:45;83;kWh;0;16958;0;0;16958;16958
11/03/2024 20:45;11/03/2024 21:00;84;kWh;0;11546;0;0;11546;11546
11/03/2024 21:00;11/03/2024 21:15;85;kWh;0;56705;0;0;56705;56705
11/03/2024 21:15;11/03/2024 21:30;86;kWh;0;78061;0;0;78061;78061
11/03/2024 21:30;11/03/2024 21:45;87;kWh;0;29898;0;0;29898;29898
11/03/2024 21:45;11/03/2024 22:00;88;kWh;0;2879;0;0;2879;2879
11/03/2024 22:00;11/03/2024 22:15;89;kWh;-2256;0;0;0;2256;-2256
11/03/2024 22:15;11/03/2024 22:30;90;kWh;-17412;0;0;0;17412;-17412
11/03/2024 22:30;11/03/2024 22:45;91;kWh;-7704;794;0;0;8498;-6910
11/03/2024 22:45;11/03/2024 23:00;92;kWh;0;6;0;0;6;6
11/03/2024 23:00;11/03/2024 23:15;93;kWh;-178;0;0;0;178;-178
11/03/2024 23:15;11/03/2024 23:30;94;kWh;0;0;0;0;0;0
11/03/2024 23:30;11/03/2024 23:45;95;kWh;-293;0;0;0;293;-293
11/03/2024 23:45;12/03/2024 00:00;96;kWh;-12364;0;0;0;12364;-12364
12/03/2024 00:00;12/03/2024 00:15;1;kWh;-612;0;0;0;612;-612
12/03/2024 00:15;12/03/2024 00:30;2;kWh;-810;0;0;0;810;-810
12/03/2024 00:30;12/03/2024 00:45;3;kWh;-2198;0;0;0;2198;-2198
12/03/2024 00:45;12/03/2024 01:00;4;kWh;-4924;0;0;0;4924;-4924
12/03/2024 01:00;12/03/2024 01:15;5;kWh;-2252;10;0;0;2262;-2242
12/03/2024 01:15;12/03/2024 01:30;6;kWh;-2192;0;0;0;2192;-2192
12/03/2024 01:30;12/03/2024 01:45;7;kWh;-2450;0;0;0;2450;-2450
12/03/2024 01:45;12/03/2024 02:00;8;kWh;-3985;0;0;0;3985;-3985
12/03/2024 02:00;12/03/2024 02:15;9;kWh;-2452;0;0;0;2452;-2452
12/03/2024 02:15;12/03/2024 02:30;10;kWh;-4631;0;0;0;4631;-4631
12/03/2024 02:30;12/03/2024 02:45;11;kWh;-2572;0;0;0;2572;-2572
12/03/2024 02:45;12/03/2024 03:00;12;kWh;-6049;0;0;0;6049;-6049
12/03/2024 03:00;12/03/2024 03:15;13;kWh;-2881;0;0;0;2881;-2881
12/03/2024 03:15;12/03/2024 03:30;14;kWh;0;0;0;0;0;0
12/03/2024 03:30;12/03/2024 03:45;15;kWh;0;964;0;0;964;964
12/03/2024 03:45;12/03/2024 04:00;16;kWh;0;2749;0;0;2749;2749
12/03/2024 04:00;12/03/2024 04:15;17;kWh;0;13325;0;0;13325;13325
12/03/2024 04:15;12/03/2024 04:30;18;kWh;0;8172;0;0;8172;8172
12/03/2024 04:30;12/03/2024 04:45;19;kWh;0;9665;0;0;9665;9665
12/03/2024 04:45;12/03/2024 05:00;20;kWh;-3;6;0;0;9;3
12/03/2024 05:00;12/03/2024 05:15;21;kWh;-421;957;0;0;1378;536
12/03/2024 05:15;12/03/2024 05:30;22;kWh;0;10135;0;0;10135;10135
12/03/2024 05:30;12/03/2024 05:45;23;kWh;0;12347;0;0;12347;12347
12/03/2024 05:45;12/03/2024 06:00;24;kWh;-1461;312;0;0;1773;-1149
12/03/2024 06:00;12/03/2024 06:15;25;kWh;-18080;0;0;0;18080;-18080
12/03/2024 06:15;12/03/2024 06:30;26;kWh;-6543;0;0;0;6543;-6543
12/03/2024 06:30;12/03/2024 06:45;27;kWh;0;0;0;0;0;0
12/03/2024 06:45;12/03/2024 07:00;28;kWh;0;141;0;0;141;141
12/03/2024 07:00;12/03/2024 07:15;29;kWh;-11928;0;0;0;11928;-11928
12/03/2024 07:15;12/03/2024 07:30;30;kWh;-631;15;0;0;646;-616
12/03/2024 07:30;12/03/2024 07:45;31;kWh;0;11511;0;0;11511;11511
12/03/2024 07:45;12/03/2024 08:00;32;kWh;-1273;174;0;0;1447;-1099
12/03/2024 08:00;12/03/2024 08:15;33;kWh;0;5778;0;0;5778;5778
12/03/2024 08:15;12/03/2024 08:30;34;kWh;0;10368;0;0;10368;10368
12/03/2024 08:30;12/03/2024 08:45;35;kWh;0;1838;0;0;1838;1838
12/03/2024 08:45;12/03/2024 09:00;36;kWh;0;5949;0;0;5949;5949
12/03/2024 09:00;12/03/2024 09:15;37;kWh;0;1162;0;0;1162;1162
12/03/2024 09:15;12/03/2024 09:30;38;kWh;0;2384;0;0;2384;2384
12/03/2024 09:30;12/03/2024 09:45;39;kWh;0;0;0;0;0;0
12/03/2024 09:45;12/03/2024 10:00;40;kWh;0;1589;0;0;1589;1589
12/03/2024 10:00;12/03/2024 10:15;41;kWh;-2366;22;0;0;2388;-2344
12/03/2024 10:15;12/03/2024 10:30;42;kWh;-6506;0;0;0;6506;-6506
12/03/2024 10:30;12/03/2024 10:45;43;kWh;-2776;0;0;0;2776;-2776
12/03/2024 10:45;12/03/2024 11:00;44;kWh;-53077;0;0;0;53077;-53077
12/03/2024 11:00;12/03/2024 11:15;45;kWh;-30179;548;0;0;30727;-29631
12/03/2024 11:15;12/03/2024 11:30;46;kWh;-22471;51;0;0;22522;-22420
12/03/2024 11:30;12/03/2024 11:45;47;kWh;-40404;0;0;0;40404;-40404
12/03/2024 11:45;12/03/2024 12:00;48;kWh;-17043;258;0;0;17301;-16785
12/03/2024 12:00;12/03/2024 12:15;49;kWh;0;0;0;0;0;0
12/03/2024 12:15;12/03/2024 12:30;50;kWh;-1697;0;0;0;1697;-1697
12/03/2024 12:30;12/03/2024 12:45;51;kWh;-44957;0;0;0;44957;-44957
12/03/2024 12:45;12/03/2024 13:00;52;kWh;-97803;0;0;0;97803;-97803
12/03/2024 13:00;12/03/2024 13:15;53;kWh;-41876;88;0;0;41964;-41788
12/03/2024 13:15;12/03/2024 13:30;54;kWh;-1414;0;0;0;1414;-1414
12/03/2024 13:30;12/03/2024 13:45;55;kWh;-731;5205;0;0;5936;4474
12/03/2024 13:45;12/03/2024 14:00;56;kWh;0;11242;0;0;11242;11242
12/03/2024 14:00;12/03/2024 14:15;57;kWh;-57398;0;0;0;57398;-57398
12/03/2024 14:15;12/03/2024 14:30;58;kWh;-9083;44;0;0;9127;-9039
12/03/2024 14:30;12/03/2024 14:45;59;kWh;-2353;0;0;0;2353;-2353
12/03/2024 14:45;12/03/2024 15:00;60;kWh;-1233;0;0;0;1233;-1233
12/03/2024 15:00;12/03/2024 15:15;61;kWh;-43344;0;0;0;43344;-43344
12/03/2024 15:15;12/03/2024 15:30;62;kWh;-33838;0;0;0;33838;-33838
12/03/2024 15:30;12/03/2024 15:45;63;kWh;-3;1376;0;0;1379;1373
12/03/2024 15:45;12/03/2024 16:00;64;kWh;0;15021;0;0;15021;15021
12/03/2024 16:00;12/03/2024 16:15;65;kWh;0;8831;0;0;8831;8831
12/03/2024 16:15;12/03/2024 16:30;66;kWh;0;22287;0;0;22287;22287
12/03/2024 16:30;12/03/2024 16:45;67;kWh;0;9574;0;0;9574;9574
12/03/2024 16:45;12/03/2024 17:00;68;kWh;-182;2626;0;0;2808;2444
12/03/2024 17:00;12/03/2024 17:15;69;kWh;-36302;0;0;0;36302;-36302
12/03/2024 17:15;12/03/2024 17:30;70;kWh;-23291;0;0;0;23291;-23291
12/03/2024 17:30;12/03/2024 17:45;71;kWh;-32222;0;0;0;32222;-32222
12/03/2024 17:45;12/03/2024 18:00;72;kWh;-22568;126;0;0;22694;-22442
12/03/2024 18:00;12/03/2024 18:15;73;kWh;-37490;133;0;0;37623;-37357
12/03/2024 18:15;12/03/2024 18:30;74;kWh;-7618;0;0;0;7618;-7618
12/03/2024 18:30;12/03/2024 18:45;75;kWh;-19055;0;0;0;19055;-19055
12/03/2024 18:45;12/03/2024 19:00;76;kWh;-43983;0;0;0;43983;-43983
12/03/2024 19:00;12/03/2024 19:15;77;kWh;-4999;3081;0;0;8080;-1918
12/03/2024 19:15;12/03/2024 19:30;78;kWh;-16;7;0;0;23;-9
12/03/2024 19:30;12/03/2024 19:45;79;kWh;-5623;0;0;0;5623;-5623
12/03/2024 19:45;12/03/2024 20:00;80;kWh;-17258;0;0;0;17258;-17258
12/03/2024 20:00;12/03/2024 20:15;81;kWh;-6954;0;0;0;6954;-6954
12/03/2024 20:15;12/03/2024 20:30;82;kWh;-14738;0;0;0;14738;-14738
12/03/2024 20:30;12/03/2024 20:45;83;kWh;-12419;0;0;0;12419;-12419
12/03/2024 20:45;12/03/2024 21:00;84;kWh;-27356;0;0;0;27356;-27356
12/03/2024 21:00;12/03/2024 21:15;85;kWh;-11454;1171;0;0;12625;-10283
12/03/2024 21:15;12/03/2024 21:30;86;kWh;0;3942;0;0;3942;3942
12/03/2024 21:30;12/03/2024 21:45;87;kWh;-199;0;0;0;199;-199
12/03/2024 21:45;12/03/2024 22:00;88;kWh;-159;0;0;0;159;-159
12/03/2024 22:00;12/03/2024 22:15;89;kWh;-1930;4742;0;0;6672;2812
12/03/2024 22:15;12/03/2024 22:30;90;kWh;0;4431;0;0;4431;4431
12/03/2024 22:30;12/03/2024 22:45;91;kWh;0;7030;0;0;7030;7030
12/03/2024 22:45;12/03/2024 23:00;92;kWh;0;260;0;0;260;260
12/03/2024 23:00;12/03/2024 23:15;93;kWh;-356;2809;0;0;3165;2453
12/03/2024 23:15;12/03/2024 23:30;94;kWh;0;2549;0;0;2549;2549
12/03/2024 23:30;12/03/2024 23:45;95;kWh;-1755;0;0;0;1755;-1755
12/03/2024 23:45;13/03/2024 00:00;96;kWh;-32853;0;0;0;32853;-32853
13/03/2024 00:00;13/03/2024 00:15;1;kWh;-50084;54;0;0;50138;-50030
13/03/2024 00:15;13/03/2024 00:30;2;kWh;-2671;0;0;0;2671;-2671
13/03/2024 00:30;13/03/2024 00:45;3;kWh;-731;0;0;0;731;-731
13/03/2024 00:45;13/03/2024 01:00;4;kWh;0;1450;0;0;1450;1450
13/03/2024 01:00;13/03/2024 01:15;5;kWh;0;20342;0;0;20342;20342
13/03/2024 01:15;13/03/2024 01:30;6;kWh;0;1951;0;0;1951;1951
13/03/2024 01:30;13/03/2024 01:45;7;kWh;0;8693;0;0;8693;8693
13/03/2024 01:45;13/03/2024 02:00;8;kWh;0;730;0;0;730;730
13/03/2024 02:00;13/03/2024 02:15;9;kWh;-3051;0;0;0;3051;-3051
13/03/2024 02:15;13/03/2024 02:30;10;kWh;-45645;0;0;0;45645;-45645
13/03/2024 02:30;13/03/2024 02:45;11;kWh;-31463;0;0;0;31463;-31463
13/03/2024 02:45;13/03/2024 03:00;12;kWh;-19058;0;0;0;19058;-19058
13/03/2024 03:00;13/03/2024 03:15;13;kWh;-29721;0;0;0;29721;-29721
13/03/2024 03:15;13/03/2024 03:30;14;kWh;-35509;0;0;0;35509;-35509
13/03/2024 03:30;13/03/2024 03:45;15;kWh;-69845;0;0;0;69845;-69845
13/03/2024 03:45;13/03/2024 04:00;16;kWh;-88945;0;0;0;88945;-88945
13/03/2024 04:00;13/03/2024 04:15;17;kWh;-16506;1706;0;0;18212;-14800
13/03/2024 04:15;13/03/2024 04:30;18;kWh;-127;1351;0;0;1478;1224
13/03/2024 04:30;13/03/2024 04:45;19;kWh;0;15397;0;0;15397;15397
13/03/2024 04:45;13/03/2024 05:00;20;kWh;0;37666;0;0;37666;37666
13/03/2024 05:00;13/03/2024 05:15;21;kWh;0;1610;0;0;1610;1610
13/03/2024 05:15;13/03/2024 05:30;22;kWh;0;11443;0;0;11443;11443
13/03/2024 05:30;13/03/2024 05:45;23;kWh;0;18806;0;0;18806;18806
13/03/2024 05:45;13/03/2024 06:00;24;kWh;0;20455;0;0;20455;20455
13/03/2024 06:00;13/03/2024 06:15;25;kWh;0;2431;0;0;2431;2431
13/03/2024 06:15;13/03/2024 06:30;26;kWh;0;28496;0;0;28496;28496
13/03/2024 06:30;13/03/2024 06:45;27;kWh;0;22526;0;0;22526;22526
13/03/2024 06:45;13/03/2024 07:00;28;kWh;-455;1794;0;0;2249;1339
13/03/2024 07:00;13/03/2024 07:15;29;kWh;-3485;0;0;0;3485;-3485
13/03/2024 07:15;13/03/2024 07:30;30;kWh;-821;0;0;0;821;-821
13/03/2024 07:30;13/03/2024 07:45;31;kWh;0;0;0;0;0;0
13/03/2024 07:45;13/03/2024 08:00;32;kWh;0;0;0;0;0;0
13/03/2024 08:00;13/03/2024 08:15;33;kWh;0;1087;0;0;1087;1087
13/03/2024 08:15;13/03/2024 08:30;34;kWh;-448;0;0;0;448;-448
13/03/2024 08:30;13/03/2024 08:45;35;kWh;-1445;0;0;0;1445;-1445
13/03/2024 08:45;13/03/2024 09:00;36;kWh;-1576;0;0;0;1576;-1576
13/03/2024 09:00;13/03/2024 09:15;37;kWh;-2165;1058;0;0;3223;-1107
13/03/2024 09:15;13/03/2024 09:30;38;kWh;0;39;0;0;39;39
13/03/2024 09:30;13/03/2024 09:45;39;kWh;0;0;0;0;0;0
13/03/2024 09:45;13/03/2024 10:00;40;kWh;0;0;0;0;0;0
13/03/2024 10:00;13/03/2024 10:15;41;kWh;0;6170;0;0;6170;6170
13/03/2024 10:15;13/03/2024 10:30;42;kWh;0;7;0;0;7;7
13/03/2024 10:30;13/03/2024 10:45;43;kWh;0;0;0;0;0;0
13/03/2024 10:45;13/03/2024 11:00;44;kWh;0;5626;0;0;5626;5626
13/03/2024 11:00;13/03/2024 11:15;45;kWh;0;691;0;0;691;691
13/03/2024 11:15;13/03/2024 11:30;46;kWh;-774;33308;0;0;34082;32534
13/03/2024 11:30;13/03/2024 11:45;47;kWh;-1314;490;0;0;1804;-824
13/03/2024 11:45;13/03/2024 12:00;48;kWh;0;1383;0;0;1383;1383
13/03/2024 12:00;13/03/2024 12:15;49;kWh;0;10754;0;0;10754;10754
13/03/2024 12:15;13/03/2024 12:30;50;kWh;0;72889;0;0;72889;72889
13/03/2024 12:30;13/03/2024 12:45;51;kWh;0;33987;0;0;33987;33987
13/03/2024 12:45;13/03/2024 13:00;52;kWh;-443;4993;0;0;5436;4550
13/03/2024 13:00;13/03/2024 13:15;53;kWh;0;10604;0;0;10604;10604
13/03/2024 13:15;13/03/2024 13:30;54;kWh;0;185;0;0;185;185
13/03/2024 13:30;13/03/2024 13:45;55;kWh;0;0;0;0;0;0
13/03/2024 13:45;13/03/2024 14:00;56;kWh;-2861;0;0;0;2861;-2861
13/03/2024 14:00;13/03/2024 14:15;57;kWh;0;0;0;0;0;0
13/03/2024 14:15;13/03/2024 14:30;58;kWh;0;2097;0;0;2097;2097
13/03/2024 14:30;13/03/2024 14:45;59;kWh;0;15853;0;0;15853;15853
13/03/2024 14:45;13/03/2024 15:00;60;kWh;0;2057;0;0;2057;2057
13/03/2024 15:00;13/03/2024 15:15;61;kWh;-2;0;0;0;2;-2
13/03/2024 15:15;13/03/2024 15:30;62;kWh;-13182;0;0;0;13182;-13182
13/03/2024 15:30;13/03/2024 15:45;63;kWh;-13364;0;0;0;13364;-13364
13/03/2024 15:45;13/03/2024 16:00;64;kWh;-28489;0;0;0;28489;-28489
13/03/2024 16:00;13/03/2024 16:15;65;kWh;-12456;0;0;0;12456;-12456
13/03/2024 16:15;13/03/2024 16:30;66;kWh;0;1890;0;0;1890;1890
13/03/2024 16:30;13/03/2024 16:45;67;kWh;0;1759;0;0;1759;1759
13/03/2024 16:45;13/03/2024 17:00;68;kWh;0;14;0;0;14;14
13/03/2024 17:00;13/03/2024 17:15;69;kWh;0;247;0;0;247;247
13/03/2024 17:15;13/03/2024 17:30;70;kWh;0;0;0;0;0;0
13/03/2024 17:30;13/03/2024 17:45;71;kWh;-598;0;0;0;598;-598
13/03/2024 17:45;13/03/2024 18:00;72;kWh;0;0;0;0;0;0
13/03/2024 18:00;13/03/2024 18:15;73;kWh;0;0;0;0;0;0
13/03/2024 18:15;13/03/2024 18:30;74;kWh;0;8799;0;0;8799;8799
13/03/2024 18:30;13/03/2024 18:45;75;kWh;0;32404;0;0;32404;32404
13/03/2024 18:45;13/03/2024 19:00;76;kWh;-2197;13674;0;0;15871;11477
13/03/2024 19:00;13/03/2024 19:15;77;kWh;-6067;13632;0;0;19699;7565
13/03/2024 19:15;13/03/2024 19:30;78;kWh;0;20243;0;0;20243;20243
13/03/2024 19:30;13/03/2024 19:45;79;kWh;0;992;0;0;992;992
13/03/2024 19:45;13/03/2024 20:00;80;kWh;-2936;0;0;0;2936;-2936
13/03/2024 20:00;13/03/2024 20:15;81;kWh;-46165;0;0;0;46165;-46165
13/03/2024 20:15;13/03/2024 20:30;82;kWh;-52141;0;0;0;52141;-52141
13/03/2024 20:30;13/03/2024 20:45;83;kWh;-8801;0;0;0;8801;-8801
13/03/2024 20:45;13/03/2024 21:00;84;kWh;0;0;0;0;0;0
13/03/2024 21:00;13/03/2024 21:15;85;kWh;0;5063;0;0;5063;5063
13/03/2024 21:15;13/03/2024 21:30;86;kWh;0;6793;0;0;6793;6793
13/03/2024 21:30;13/03/2024 21:45;87;kWh;0;1034;0;0;1034;1034
13/03/2024 21:45;13/03/2024 22:00;88;kWh;0;0;0;0;0;0
13/03/2024 22:00;13/03/2024 22:15;89;kWh;-5743;4762;0;0;10505;-981
13/03/2024 22:15;13/03/2024 22:30;90;kWh;0;25170;0;0;25170;25170
13/03/2024 22:30;13/03/2024 22:45;91;kWh;0;9502;0;0;9502;9502
13/03/2024 22:45;13/03/2024 23:00;92;kWh;0;156;0;0;156;156
13/03/2024 23:00;13/03/2024 23:15;93;kWh;0;30927;0;0;30927;30927
13/03/2024 23:15;13/03/2024 23:30;94;kWh;0;3151;0;0;3151;3151
13/03/2024 23:30;13/03/2024 23:45;95;kWh;0;0;0;0;0;0
13/03/2024 23:45;14/03/2024 00:00;96;kWh;0;0;0;0;0;0
14/03/2024 00:00;14/03/2024 00:15;1;kWh;-446;242;0;0;688;-204
14/03/2024 00:15;14/03/2024 00:30;2;kWh;0;21904;0;0;21904;21904
14/03/2024 00:30;14/03/2024 00:45;3;kWh;0;445;0;0;445;445
14/03/2024 00:45;14/03/2024 01:00;4;kWh;0;0;0;0;0;0
14/03/2024 01:00;14/03/2024 01:15;5;kWh;0;20849;0;0;20849;20849
14/03/2024 01:15;14/03/2024 01:30;6;kWh;0;10175;0;0;10175;10175
14/03/2024 01:30;14/03/2024 01:45;7;kWh;0;0;0;0;0;0
14/03/2024 01:45;14/03/2024 02:00;8;kWh;-1151;0;0;0;1151;-1151
14/03/2024 02:00;14/03/2024 02:15;9;kWh;-711;0;0;0;711;-711
14/03/2024 02:15;14/03/2024 02:30;10;kWh;0;0;0;0;0;0
14/03/2024 02:30;14/03/2024 02:45;11;kWh;0;0;0;0;0;0
14/03/2024 02:45;14/03/2024 03:00;12;kWh;-4;0;0;0;4;-4
14/03/2024 03:00;14/03/2024 03:15;13;kWh;0;1579;0;0;1579;1579
14/03/2024 03:15;14/03/2024 03:30;14;kWh;0;8719;0;0;8719;8719
14/03/2024 03:30;14/03/2024 03:45;15;kWh;0;4850;0;0;4850;4850
14/03/2024 03:45;14/03/2024 04:00;16;kWh;-11;1002;0;0;1013;991
14/03/2024 04:00;14/03/2024 04:15;17;kWh;-3020;0;0;0;3020;-3020
14/03/2024 04:15;14/03/2024 04:30;18;kWh;-818;0;0;0;818;-818
14/03/2024 04:30;14/03/2024 04:45;19;kWh;0;0;0;0;0;0
14/03/2024 04:45;14/03/2024 05:00;20;kWh;0;0;0;0;0;0
14/03/2024 05:00;14/03/2024 05:15;21;kWh;-7954;853;0;0;8807;-7101
14/03/2024 05:15;14/03/2024 05:30;22;kWh;-7608;1992;0;0;9600;-5616
14/03/2024 05:30;14/03/2024 05:45;23;kWh;-26;6712;0;0;6738;6686
14/03/2024 05:45;14/03/2024 06:00;24;kWh;-865;332;0;0;1197;-533
14/03/2024 06:00;14/03/2024 06:15;25;kWh;0;0;0;0;0;0
14/03/2024 06:15;14/03/2024 06:30;26;kWh;-1706;0;0;0;1706;-1706
14/03/2024 06:30;14/03/2024 06:45;27;kWh;-1071;0;0;0;1071;-1071
14/03/2024 06:45;14/03/2024 07:00;28;kWh;-225;0;0;0;225;-225
14/03/2024 07:00;14/03/2024 07:15;29;kWh;-144;0;0;0;144;-144
14/03/2024 07:15;14/03/2024 07:30;30;kWh;-61;0;0;0;61;-61
14/03/2024 07:30;14/03/2024 07:45;31;kWh;-16131;0;0;0;16131;-16131
14/03/2024 07:45;14/03/2024 08:00;32;kWh;-33308;0;0;0;33308;-33308
14/03/2024 08:00;14/03/2024 08:15;33;kWh;-14292;0;0;0;14292;-14292
14/03/2024 08:15;14/03/2024 08:30;34;kWh;-48517;0;0;0;48517;-48517
14/03/2024 08:30;14/03/2024 08:45;35;kWh;-31963;0;0;0;31963;-31963
14/03/2024 08:45;14/03/2024 09:00;36;kWh;-37698;0;0;0;37698;-37698
14/03/2024 09:00;14/03/2024 09:15;37;kWh;-12443;0;0;0;12443;-12443
14/03/2024 09:15;14/03/2024 09:30;38;kWh;-4983;0;0;0;4983;-4983
14/03/2024 09:30;14/03/2024 09:45;39;kWh;-1646;0;0;0;1646;-1646
14/03/2024 09:45;14/03/2024 10:00;40;kWh;-10799;7;0;0;10806;-10792
14/03/2024 10:00;14/03/2024 10:15;41;kWh;-81;32008;0;0;32089;31927
14/03/2024 10:15;14/03/2024 10:30;42;kWh;0;290;0;0;290;290
14/03/2024 10:30;14/03/2024 10:45;43;kWh;-7157;0;0;0;7157;-7157
14/03/2024 10:45;14/03/2024 11:00;44;kWh;-13338;0;0;0;13338;-13338
14/03/2024 11:00;14/03/2024 11:15;45;kWh;-1067;446;0;0;1513;-621
14/03/2024 11:15;14/03/2024 11:30;46;kWh;-7708;0;0;0;7708;-7708
14/03/2024 11:30;14/03/2024 11:45;47;kWh;-9670;0;0;0;9670;-9670
14/03/2024 11:45;14/03/2024 12:00;48;kWh;-8753;1402;0;0;10155;-7351
14/03/2024 12:00;14/03/2024 12:15;49;kWh;-18376;0;0;0;18376;-18376
14/03/2024 12:15;14/03/2024 12:30;50;kWh;-14077;10;0;0;14087;-14067
14/03/2024 12:30;14/03/2024 12:45;51;kWh;-28064;1341;0;0;29405;-26723
14/03/2024 12:45;14/03/2024 13:00;52;kWh;-25500;437;0;0;25937;-25063
14/03/2024 13:00;14/03/2024 13:15;53;kWh;-20422;73;0;0;20495;-20349
14/03/2024 13:15;14/03/2024 13:30;54;kWh;-30028;131;0;0;30159;-29897
14/03/2024 13:30;14/03/2024 13:45;55;kWh;-21885;348;0;0;22233;-21537
14/03/2024 13:45;14/03/2024 14:00;56;kWh;-13781;47;0;0;13828;-13734
14/03/2024 14:00;14/03/2024 14:15;57;kWh;-15018;40;0;0;15058;-14978
14/03/2024 14:15;14/03/2024 14:30;58;kWh;-1566;379;0;0;1945;-1187
14/03/2024 14:30;14/03/2024 14:45;59;kWh;0;4533;0;0;4533;4533
14/03/2024 14:45;14/03/2024 15:00;60;kWh;0;60433;0;0;60433;60433
14/03/2024 15:00;14/03/2024 15:15;61;kWh;-260;5805;0;0;6065;5545
14/03/2024 15:15;14/03/2024 15:30;62;kWh;0;1438;0;0;1438;1438
14/03/2024 15:30;14/03/2024 15:45;63;kWh;0;9044;0;0;9044;9044
14/03/2024 15:45;14/03/2024 16:00;64;kWh;-820;4558;0;0;5378;3738
14/03/2024 16:00;14/03/2024 16:15;65;kWh;-33510;810;0;0;34320;-32700
14/03/2024 16:15;14/03/2024 16:30;66;kWh;-14931;1932;0;0;16863;-12999
14/03/2024 16:30;14/03/2024 16:45;67;kWh;-7380;3903;0;0;11283;-3477
14/03/2024 16:45;14/03/2024 17:00;68;kWh;-1382;0;0;0;1382;-1382
14/03/2024 17:00;14/03/2024 17:15;69;kWh;-615;1357;0;0;1972;742
14/03/2024 17:15;14/03/2024 17:30;70;kWh;0;1285;0;0;1285;1285
14/03/2024 17:30;14/03/2024 17:45;71;kWh;0;726;0;0;726;726
14/03/2024 17:45;14/03/2024 18:00;72;kWh;0;1165;0;0;1165;1165
14/03/2024 18:00;14/03/2024 18:15;73;kWh;0;4859;0;0;4859;4859
14/03/2024 18:15;14/03/2024 18:30;74;kWh;0;47480;0;0;47480;47480
14/03/2024 18:30;14/03/2024 18:45;75;kWh;0;41417;0;0;41417;41417
14/03/2024 18:45;14/03/2024 19:00;76;kWh;0;4728;0;0;4728;4728
14/03/2024 19:00;14/03/2024 19:15;77;kWh;-62;32985;0;0;33047;32923
14/03/2024 19:15;14/03/2024 19:30;78;kWh;-947;0;0;0;947;-947
14/03/2024 19:30;14/03/2024 19:45;79;kWh;-6703;0;0;0;6703;-6703
14/03/2024 19:45;14/03/2024 20:00;80;kWh;-55265;0;0;0;55265;-55265
14/03/2024 20:00;14/03/2024 20:15;81;kWh;-46982;11;0;0;46993;-46971
14/03/2024 20:15;14/03/2024 20:30;82;kWh;-35365;0;0;0;35365;-35365
14/03/2024 20:30;14/03/2024 20:45;83;kWh;-22943;0;0;0;22943;-22943
14/03/2024 20:45;14/03/2024 21:00;84;kWh;-12245;234;0;0;12479;-12011
14/03/2024 21:00;14/03/2024 21:15;85;kWh;-1500;0;0;0;1500;-1500
14/03/2024 21:15;14/03/2024 21:30;86;kWh;0;21783;0;0;21783;21783
14/03/2024 21:30;14/03/2024 21:45;87;kWh;-394;8;0;0;402;-386
14/03/2024 21:45;14/03/2024 22:00;88;kWh;-16579;0;0;0;16579;-16579
14/03/2024 22:00;14/03/2024 22:15;89;kWh;-2050;15177;0;0;17227;13127
14/03/2024 22:15;14/03/2024 22:30;90;kWh;0;13128;0;0;13128;13128
14/03/2024 22:30;14/03/2024 22:45;91;kWh;-6244;131;0;0;6375;-6113
14/03/2024 22:45;14/03/2024 23:00;92;kWh;-41620;0;0;0;41620;-41620
14/03/2024 23:00;14/03/2024 23:15;93;kWh;-4269;0;0;0;4269;-4269
14/03/2024 23:15;14/03/2024 23:30;94;kWh;-27628;0;0;0;27628;-27628
14/03/2024 23:30;14/03/2024 23:45;95;kWh;-43956;0;0;0;43956;-43956
14/03/2024 23:45;15/03/2024 00:00;96;kWh;-36115;0;0;0;36115;-36115
15/03/2024 00:00;15/03/2024 00:15;1;kWh;-23842;1476;0;0;25318;-22366
15/03/2024 00:15;15/03/2024 00:30;2;kWh;0;1715;0;0;1715;1715
15/03/2024 00:30;15/03/2024 00:45;3;kWh;-2;1137;0;0;1139;1135
15/03/2024 00:45;15/03/2024 01:00;4;kWh;-6162;272;0;0;6434;-5890
15/03/2024 01:00;15/03/2024 01:15;5;kWh;-71;38900;0;0;38971;38829
15/03/2024 01:15;15/03/2024 01:30;6;kWh;0;10571;0;0;10571;10571
15/03/2024 01:30;15/03/2024 01:45;7;kWh;0;42;0;0;42;42
15/03/2024 01:45;15/03/2024 02:00;8;kWh;-13460;0;0;0;13460;-13460
15/03/2024 02:00;15/03/2024 02:15;9;kWh;-6419;84;0;0;6503;-6335
15/03/2024 02:15;15/03/2024 02:30;10;kWh;0;168;0;0;168;168
15/03/2024 02:30;15/03/2024 02:45;11;kWh;0;0;0;0;0;0
15/03/2024 02:45;15/03/2024 03:00;12;kWh;0;0;0;0;0;0
15/03/2024 03:00;15/03/2024 03:15;13;kWh;-907;988;0;0;1895;81
15/03/2024 03:15;15/03/2024 03:30;14;kWh;0;12292;0;0;12292;12292
15/03/2024 03:30;15/03/2024 03:45;15;kWh;-20;3974;0;0;3994;3954
15/03/2024 03:45;15/03/2024 04:00;16;kWh;-7869;0;0;0;7869;-7869
15/03/2024 04:00;15/03/2024 04:15;17;kWh;-3209;11114;0;0;14323;7905
15/03/2024 04:15;15/03/2024 04:30;18;kWh;0;9710;0;0;9710;9710
15/03/2024 04:30;15/03/2024 04:45;19;kWh;0;5947;0;0;5947;5947
15/03/2024 04:45;15/03/2024 05:00;20;kWh;0;12223;0;0;12223;12223
15/03/2024 05:00;15/03/2024 05:15;21;kWh;-17263;182;0;0;17445;-17081
15/03/2024 05:15;15/03/2024 05:30;22;kWh;-12328;0;0;0;12328;-12328
15/03/2024 05:30;15/03/2024 05:45;23;kWh;-334;2163;0;0;2497;1829
15/03/2024 05:45;15/03/2024 06:00;24;kWh;-12513;74;0;0;12587;-12439
15/03/2024 06:00;15/03/2024 06:15;25;kWh;-11108;449;0;0;11557;-10659
15/03/2024 06:15;15/03/2024 06:30;26;kWh;0;2861;0;0;2861;2861
15/03/2024 06:30;15/03/2024 06:45;27;kWh;0;5851;0;0;5851;5851
15/03/2024 06:45;15/03/2024 07:00;28;kWh;-197;1842;0;0;2039;1645
15/03/2024 07:00;15/03/2024 07:15;29;kWh;-33027;241;0;0;33268;-32786
15/03/2024 07:15;15/03/2024 07:30;30;kWh;-3544;1548;0;0;5092;-1996
15/03/2024 07:30;15/03/2024 07:45;31;kWh;-9448;788;0;0;10236;-8660
15/03/2024 07:45;15/03/2024 08:00;32;kWh;-1654;12;0;0;1666;-1642
15/03/2024 08:00;15/03/2024 08:15;33;kWh;-1141;0;0;0;1141;-1141
15/03/2024 08:15;15/03/2024 08:30;34;kWh;-5945;0;0;0;5945;-5945
15/03/2024 08:30;15/03/2024 08:45;35;kWh;-12620;0;0;0;12620;-12620
15/03/2024 08:45;15/03/2024 09:00;36;kWh;-31452;0;0;0;31452;-31452
15/03/2024 09:00;15/03/2024 09:15;37;kWh;-19428;114;0;0;19542;-19314
15/03/2024 09:15;15/03/2024 09:30;38;kWh;-11279;0;0;0;11279;-11279
15/03/2024 09:30;15/03/2024 09:45;39;kWh;-25552;0;0;0;25552;-25552
15/03/2024 09:45;15/03/2024 10:00;40;kWh;-21396;138;0;0;21534;-21258
15/03/2024 10:00;15/03/2024 10:15;41;kWh;-19333;4764;0;0;24097;-14569
15/03/2024 10:15;15/03/2024 10:30;42;kWh;-55;627;0;0;682;572
15/03/2024 10:30;15/03/2024 10:45;43;kWh;-1041;0;0;0;1041;-1041
15/03/2024 10:45;15/03/2024 11:00;44;kWh;-16957;2;0;0;16959;-16955
15/03/2024 11:00;15/03/2024 11:15;45;kWh;-2;430;0;0;432;428
15/03/2024 11:15;15/03/2024 11:30;46;kWh;0;17182;0;0;17182;17182
15/03/2024 11:30;15/03/2024 11:45;47;kWh;0;9;0;0;9;9
15/03/2024 11:45;15/03/2024 12:00;48;kWh;0;0;0;0;0;0
15/03/2024 12:00;15/03/2024 12:15;49;kWh;0;1412;0;0;1412;1412
15/03/2024 12:15;15/03/2024 12:30;50;kWh;-48;0;0;0;48;-48
15/03/2024 12:30;15/03/2024 12:45;51;kWh;-13136;0;0;0;13136;-13136
15/03/2024 12:45;15/03/2024 13:00;52;kWh;-1702;0;0;0;1702;-1702
15/03/2024 13:00;15/03/2024 13:15;53;kWh;-2035;0;0;0;2035;-2035
15/03/2024 13:15;15/03/2024 13:30;54;kWh;-9986;0;0;0;9986;-9986
15/03/2024 13:30;15/03/2024 13:45;55;kWh;-11490;1027;0;0;12517;-10463
15/03/2024 13:45;15/03/2024 14:00;56;kWh;-20854;317;0;0;21171;-20537
15/03/2024 14:00;15/03/2024 14:15;57;kWh;-25537;590;0;0;26127;-24947
15/03/2024 14:15;15/03/2024 14:30;58;kWh;-14058;0;0;0;14058;-14058
15/03/2024 14:30;15/03/2024 14:45;59;kWh;-16728;516;0;0;17244;-16212
15/03/2024 14:45;15/03/2024 15:00;60;kWh;-5552;31;0;0;5583;-5521
15/03/2024 15:00;15/03/2024 15:15;61;kWh;-9949;9;0;0;9958;-9940
15/03/2024 15:15;15/03/2024 15:30;62;kWh;-698;90;0;0;788;-608
15/03/2024 15:30;15/03/2024 15:45;63;kWh;-224;0;0;0;224;-224
15/03/2024 15:45;15/03/2024 16:00;64;kWh;-3853;0;0;0;3853;-3853
15/03/2024 16:00;15/03/2024 16:15;65;kWh;-16493;2;0;0;16495;-16491
15/03/2024 16:15;15/03/2024 16:30;66;kWh;-644;169;0;0;813;-475
15/03/2024 16:30;15/03/2024 16:45;67;kWh;0;0;0;0;0;0
15/03/2024 16:45;15/03/2024 17:00;68;kWh;-1158;0;0;0;1158;-1158
15/03/2024 17:00;15/03/2024 17:15;69;kWh;-22305;0;0;0;22305;-22305
15/03/2024 17:15;15/03/2024 17:30;70;kWh;-12171;370;0;0;12541;-11801
15/03/2024 17:30;15/03/2024 17:45;71;kWh;-200;138;0;0;338;-62
15/03/2024 17:45;15/03/2024 18:00;72;kWh;-1624;0;0;0;1624;-1624
15/03/2024 18:00;15/03/2024 18:15;73;kWh;-28971;47;0;0;29018;-28924
15/03/2024 18:15;15/03/2024 18:30;74;kWh;-17166;95;0;0;17261;-17071
15/03/2024 18:30;15/03/2024 18:45;75;kWh;-967;630;0;0;1597;-337
15/03/2024 18:45;15/03/2024 19:00;76;kWh;-9715;0;0;0;9715;-9715
15/03/2024 19:00;15/03/2024 19:15;77;kWh;-326;0;0;0;326;-326
15/03/2024 19:15;15/03/2024 19:30;78;kWh;-2153;0;0;0;2153;-2153
15/03/2024 19:30;15/03/2024 19:45;79;kWh;-4;0;0;0;4;-4
15/03/2024 19:45;15/03/2024 20:00;80;kWh;-2;0;0;0;2;-2
15/03/2024 20:00;15/03/2024 20:15;81;kWh;-1002;0;0;0;1002;-1002
15/03/2024 20:15;15/03/2024 20:30;82;kWh;0;2073;0;0;2073;2073
15/03/2024 20:30;15/03/2024 20:45;83;kWh;-330;0;0;0;330;-330
15/03/2024 20:45;15/03/2024 21:00;84;kWh;-15905;0;0;0;15905;-15905
15/03/2024 21:00;15/03/2024 21:15;85;kWh;-16052;1038;0;0;17090;-15014
15/03/2024 21:15;15/03/2024 21:30;86;kWh;-6817;0;0;0;6817;-6817
15/03/2024 21:30;15/03/2024 21:45;87;kWh;-14852;0;0;0;14852;-14852
15/03/2024 21:45;15/03/2024 22:00;88;kWh;-19534;0;0;0;19534;-19534
15/03/2024 22:00;15/03/2024 22:15;89;kWh;-12255;0;0;0;12255;-12255
15/03/2024 22:15;15/03/2024 22:30;90;kWh;-4313;0;0;0;4313;-4313
15/03/2024 22:30;15/03/2024 22:45;91;kWh;-11100;0;0;0;11100;-11100
15/03/2024 22:45;15/03/2024 23:00;92;kWh;-16547;0;0;0;16547;-16547
15/03/2024 23:00;15/03/2024 23:15;93;kWh;-5070;0;0;0;5070;-5070
15/03/2024 23:15;15/03/2024 23:30;94;kWh;-9490;0;0;0;9490;-9490
15/03/2024 23:30;15/03/2024 23:45;95;kWh;-9384;0;0;0;9384;-9384
15/03/2024 23:45;16/03/2024 00:00;96;kWh;-4015;0;0;0;4015;-4015
16/03/2024 00:00;16/03/2024 00:15;1;kWh;-17018;56;0;0;17074;-16962
16/03/2024 00:15;16/03/2024 00:30;2;kWh;-498;2238;0;0;2736;1740
16/03/2024 00:30;16/03/2024 00:45;3;kWh;-498;3074;0;0;3572;2576
16/03/2024 00:45;16/03/2024 01:00;4;kWh;-498;0;0;0;498;-498
16/03/2024 01:00;16/03/2024 01:15;5;kWh;-498;1498;0;0;1996;1000
16/03/2024 01:15;16/03/2024 01:30;6;kWh;-498;7869;0;0;8367;7371
16/03/2024 01:30;16/03/2024 01:45;7;kWh;-498;1296;0;0;1794;798
16/03/2024 01:45;16/03/2024 02:00;8;kWh;-498;0;0;0;498;-498
16/03/2024 02:00;16/03/2024 02:15;9;kWh;-6137;0;0;0;6137;-6137
16/03/2024 02:15;16/03/2024 02:30;10;kWh;-16318;0;0;0;16318;-16318
16/03/2024 02:30;16/03/2024 02:45;11;kWh;-8815;0;0;0;8815;-8815
16/03/2024 02:45;16/03/2024 03:00;12;kWh;-12606;0;0;0;12606;-12606
16/03/2024 03:00;16/03/2024 03:15;13;kWh;-10011;0;0;0;10011;-10011
16/03/2024 03:15;16/03/2024 03:30;14;kWh;-498;0;0;0;498;-498
16/03/2024 03:30;16/03/2024 03:45;15;kWh;-4404;0;0;0;4404;-4404
16/03/2024 03:45;16/03/2024 04:00;16;kWh;-18194;0;0;0;18194;-18194
16/03/2024 04:00;16/03/2024 04:15;17;kWh;-6356;0;0;0;6356;-6356
16/03/2024 04:15;16/03/2024 04:30;18;kWh;-498;0;0;0;498;-498
16/03/2024 04:30;16/03/2024 04:45;19;kWh;-498;0;0;0;498;-498
16/03/2024 04:45;16/03/2024 05:00;20;kWh;-2753;0;0;0;2753;-2753
16/03/2024 05:00;16/03/2024 05:15;21;kWh;-15532;0;0;0;15532;-15532
16/03/2024 05:15;16/03/2024 05:30;22;kWh;-15182;0;0;0;15182;-15182
16/03/2024 05:30;16/03/2024 05:45;23;kWh;-15148;0;0;0;15148;-15148
16/03/2024 05:45;16/03/2024 06:00;24;kWh;-25574;0;0;0;25574;-25574
16/03/2024 06:00;16/03/2024 06:15;25;kWh;-5428;0;0;0;5428;-5428
16/03/2024 06:15;16/03/2024 06:30;26;kWh;-498;0;0;0;498;-498
16/03/2024 06:30;16/03/2024 06:45;27;kWh;-498;0;0;0;498;-498
16/03/2024 06:45;16/03/2024 07:00;28;kWh;-4674;0;0;0;4674;-4674
16/03/2024 07:00;16/03/2024 07:15;29;kWh;-1721;0;0;0;1721;-1721
16/03/2024 07:15;16/03/2024 07:30;30;kWh;-498;0;0;0;498;-498
16/03/2024 07:30;16/03/2024 07:45;31;kWh;-498;19;0;0;517;-479
16/03/2024 07:45;16/03/2024 08:00;32;kWh;-498;308;0;0;806;-190
16/03/2024 08:00;16/03/2024 08:15;33;kWh;-498;6;0;0;504;-492
16/03/2024 08:15;16/03/2024 08:30;34;kWh;-498;119;0;0;617;-379
16/03/2024 08:30;16/03/2024 08:45;35;kWh;-498;0;0;0;498;-498
16/03/2024 08:45;16/03/2024 09:00;36;kWh;-498;3;0;0;501;-495
16/03/2024 09:00;16/03/2024 09:15;37;kWh;-1028;44263;0;0;45291;43235
16/03/2024 09:15;16/03/2024 09:30;38;kWh;-1333;40249;0;0;41582;38916
16/03/2024 09:30;16/03/2024 09:45;39;kWh;-498;21613;0;0;22111;21115
16/03/2024 09:45;16/03/2024 10:00;40;kWh;-498;21342;0;0;21840;20844
16/03/2024 10:00;16/03/2024 10:15;41;kWh;-498;48752;0;0;49250;48254
16/03/2024 10:15;16/03/2024 10:30;42;kWh;-498;52686;0;0;53184;52188
16/03/2024 10:30;16/03/2024 10:45;43;kWh;-498;82855;0;0;83353;82357
16/03/2024 10:45;16/03/2024 11:00;44;kWh;-498;48472;0;0;48970;47974
16/03/2024 11:00;16/03/2024 11:15;45;kWh;-498;75056;0;0;75554;74558
16/03/2024 11:15;16/03/2024 11:30;46;kWh;-498;54400;0;0;54898;53902
16/03/2024 11:30;16/03/2024 11:45;47;kWh;-498;58232;0;0;58730;57734
16/03/2024 11:45;16/03/2024 12:00;48;kWh;-579;20377;0;0;20956;19798
16/03/2024 12:00;16/03/2024 12:15;49;kWh;-498;77824;0;0;78322;77326
16/03/2024 12:15;16/03/2024 12:30;50;kWh;-498;8945;0;0;9443;8447
16/03/2024 12:30;16/03/2024 12:45;51;kWh;-498;62578;0;0;63076;62080
16/03/2024 12:45;16/03/2024 13:00;52;kWh;-552;15099;0;0;15651;14547
16/03/2024 13:00;16/03/2024 13:15;53;kWh;-21091;4867;0;0;25958;-16224
16/03/2024 13:15;16/03/2024 13:30;54;kWh;-838;13555;0;0;14393;12717
16/03/2024 13:30;16/03/2024 13:45;55;kWh;-5323;2045;0;0;7368;-3278
16/03/2024 13:45;16/03/2024 14:00;56;kWh;-498;3499;0;0;3997;3001
16/03/2024 14:00;16/03/2024 14:15;57;kWh;-3013;0;0;0;3013;-3013
16/03/2024 14:15;16/03/2024 14:30;58;kWh;-1043;1401;0;0;2444;358
16/03/2024 14:30;16/03/2024 14:45;59;kWh;-498;3754;0;0;4252;3256
16/03/2024 14:45;16/03/2024 15:00;60;kWh;-594;42;0;0;636;-552
16/03/2024 15:00;16/03/2024 15:15;61;kWh;-498;2195;0;0;2693;1697
16/03/2024 15:15;16/03/2024 15:30;62;kWh;-949;1451;0;0;2400;502
16/03/2024 15:30;16/03/2024 15:45;63;kWh;-498;1788;0;0;2286;1290
16/03/2024 15:45;16/03/2024 16:00;64;kWh;-498;11232;0;0;11730;10734
16/03/2024 16:00;16/03/2024 16:15;65;kWh;-2552;133;0;0;2685;-2419
16/03/2024 16:15;16/03/2024 16:30;66;kWh;-24488;59;0;0;24547;-24429
16/03/2024 16:30;16/03/2024 16:45;67;kWh;-532;492;0;0;1024;-40
16/03/2024 16:45;16/03/2024 17:00;68;kWh;-656;0;0;0;656;-656
16/03/2024 17:00;16/03/2024 17:15;69;kWh;-30342;0;0;0;30342;-30342
16/03/2024 17:15;16/03/2024 17:30;70;kWh;-31987;0;0;0;31987;-31987
16/03/2024 17:30;16/03/2024 17:45;71;kWh;-2358;295;0;0;2653;-2063
16/03/2024 17:45;16/03/2024 18:00;72;kWh;-498;1692;0;0;2190;1194
16/03/2024 18:00;16/03/2024 18:15;73;kWh;-498;1359;0;0;1857;861
16/03/2024 18:15;16/03/2024 18:30;74;kWh;-498;0;0;0;498;-498
16/03/2024 18:30;16/03/2024 18:45;75;kWh;-498;0;0;0;498;-498
16/03/2024 18:45;16/03/2024 19:00;76;kWh;-498;0;0;0;498;-498
16/03/2024 19:00;16/03/2024 19:15;77;kWh;-498;0;0;0;498;-498
16/03/2024 19:15;16/03/2024 19:30;78;kWh;-498;0;0;0;498;-498
16/03/2024 19:30;16/03/2024 19:45;79;kWh;-1002;0;0;0;1002;-1002
16/03/2024 19:45;16/03/2024 20:00;80;kWh;-990;0;0;0;990;-990
16/03/2024 20:00;16/03/2024 20:15;81;kWh;-779;1979;0;0;2758;1200
16/03/2024 20:15;16/03/2024 20:30;82;kWh;-498;0;0;0;498;-498
16/03/2024 20:30;16/03/2024 20:45;83;kWh;-498;0;0;0;498;-498
16/03/2024 20:45;16/03/2024 21:00;84;kWh;-498;0;0;0;498;-498
16/03/2024 21:00;16/03/2024 21:15;85;kWh;-498;25779;0;0;26277;25281
16/03/2024 21:15;16/03/2024 21:30;86;kWh;-498;23764;0;0;24262;23266
16/03/2024 21:30;16/03/2024 21:45;87;kWh;-498;4921;0;0;5419;4423
16/03/2024 21:45;16/03/2024 22:00;88;kWh;-498;16;0;0;514;-482
16/03/2024 22:00;16/03/2024 22:15;89;kWh;-498;0;0;0;498;-498
16/03/2024 22:15;16/03/2024 22:30;90;kWh;-498;5364;0;0;5862;4866
16/03/2024 22:30;16/03/2024 22:45;91;kWh;-498;0;0;0;498;-498
16/03/2024 22:45;16/03/2024 23:00;92;kWh;-1566;0;0;0;1566;-1566
16/03/2024 23:00;16/03/2024 23:15;93;kWh;-2276;0;0;0;2276;-2276
16/03/2024 23:15;16/03/2024 23:30;94;kWh;-498;0;0;0;498;-498
16/03/2024 23:30;16/03/2024 23:45;95;kWh;-669;0;0;0;669;-669
16/03/2024 23:45;17/03/2024 00:00;96;kWh;-2489;0;0;0;2489;-2489
17/03/2024 00:00;17/03/2024 00:15;1;kWh;-181;2259;0;0;2440;2078
17/03/2024 00:15;17/03/2024 00:30;2;kWh;-7481;430;0;0;7911;-7051
17/03/2024 00:30;17/03/2024 00:45;3;kWh;-12662;0;0;0;12662;-12662
17/03/2024 00:45;17/03/2024 01:00;4;kWh;-23817;0;0;0;23817;-23817
17/03/2024 01:00;17/03/2024 01:15;5;kWh;-17235;0;0;0;17235;-17235
17/03/2024 01:15;17/03/2024 01:30;6;kWh;-19681;0;0;0;19681;-19681
17/03/2024 01:30;17/03/2024 01:45;7;kWh;-28232;0;0;0;28232;-28232
17/03/2024 01:45;17/03/2024 02:00;8;kWh;-42044;0;0;0;42044;-42044
17/03/2024 02:00;17/03/2024 02:15;9;kWh;-7721;49057;0;0;56778;41336
17/03/2024 02:15;17/03/2024 02:30;10;kWh;-1516;12002;0;0;13518;10486
17/03/2024 02:30;17/03/2024 02:45;11;kWh;-4517;0;0;0;4517;-4517
17/03/2024 02:45;17/03/2024 03:00;12;kWh;-10613;0;0;0;10613;-10613
17/03/2024 03:00;17/03/2024 03:15;13;kWh;-383;10060;0;0;10443;9677
17/03/2024 03:15;17/03/2024 03:30;14;kWh;0;2594;0;0;2594;2594
17/03/2024 03:30;17/03/2024 03:45;15;kWh;0;2082;0;0;2082;2082
17/03/2024 03:45;17/03/2024 04:00;16;kWh;0;902;0;0;902;902
17/03/2024 04:00;17/03/2024 04:15;17;kWh;0;0;0;0;0;0
17/03/2024 04:15;17/03/2024 04:30;18;kWh;0;0;0;0;0;0
17/03/2024 04:30;17/03/2024 04:45;19;kWh;0;0;0;0;0;0
17/03/2024 04:45;17/03/2024 05:00;20;kWh;0;2116;0;0;2116;2116
17/03/2024 05:00;17/03/2024 05:15;21;kWh;0;10738;0;0;10738;10738
17/03/2024 05:15;17/03/2024 05:30;22;kWh;0;9877;0;0;9877;9877
17/03/2024 05:30;17/03/2024 05:45;23;kWh;0;5932;0;0;5932;5932
17/03/2024 05:45;17/03/2024 06:00;24;kWh;-341;7;0;0;348;-334
17/03/2024 06:00;17/03/2024 06:15;25;kWh;-6;31119;0;0;31125;31113
17/03/2024 06:15;17/03/2024 06:30;26;kWh;0;14877;0;0;14877;14877
17/03/2024 06:30;17/03/2024 06:45;27;kWh;0;0;0;0;0;0
17/03/2024 06:45;17/03/2024 07:00;28;kWh;-2602;0;0;0;2602;-2602
17/03/2024 07:00;17/03/2024 07:15;29;kWh;-9572;1380;0;0;10952;-8192
17/03/2024 07:15;17/03/2024 07:30;30;kWh;-32762;179;0;0;32941;-32583
17/03/2024 07:30;17/03/2024 07:45;31;kWh;-30258;0;0;0;30258;-30258
17/03/2024 07:45;17/03/2024 08:00;32;kWh;-44375;0;0;0;44375;-44375
17/03/2024 08:00;17/03/2024 08:15;33;kWh;-34823;0;0;0;34823;-34823
17/03/2024 08:15;17/03/2024 08:30;34;kWh;-51121;0;0;0;51121;-51121
17/03/2024 08:30;17/03/2024 08:45;35;kWh;-48453;0;0;0;48453;-48453
17/03/2024 08:45;17/03/2024 09:00;36;kWh;-42054;0;0;0;42054;-42054
17/03/2024 09:00;17/03/2024 09:15;37;kWh;-6111;501;0;0;6612;-5610
17/03/2024 09:15;17/03/2024 09:30;38;kWh;-1900;9;0;0;1909;-1891
17/03/2024 09:30;17/03/2024 09:45;39;kWh;-17124;0;0;0;17124;-17124
17/03/2024 09:45;17/03/2024 10:00;40;kWh;-30411;0;0;0;30411;-30411
17/03/2024 10:00;17/03/2024 10:15;41;kWh;-28522;0;0;0;28522;-28522
17/03/2024 10:15;17/03/2024 10:30;42;kWh;-70137;19;0;0;70156;-70118
17/03/2024 10:30;17/03/2024 10:45;43;kWh;-46445;1121;0;0;47566;-45324
17/03/2024 10:45;17/03/2024 11:00;44;kWh;-22131;0;0;0;22131;-22131
17/03/2024 11:00;17/03/2024 11:15;45;kWh;-36983;0;0;0;36983;-36983
17/03/2024 11:15;17/03/2024 11:30;46;kWh;-35623;227;0;0;35850;-35396
17/03/2024 11:30;17/03/2024 11:45;47;kWh;-21202;518;0;0;21720;-20684
17/03/2024 11:45;17/03/2024 12:00;48;kWh;-18734;2909;0;0;21643;-15825
17/03/2024 12:00;17/03/2024 12:15;49;kWh;-5775;0;0;0;5775;-5775
17/03/2024 12:15;17/03/2024 12:30;50;kWh;0;0;0;0;0;0
17/03/2024 12:30;17/03/2024 12:45;51;kWh;0;0;0;0;0;0
17/03/2024 12:45;17/03/2024 13:00;52;kWh;-11189;0;0;0;11189;-11189
17/03/2024 13:00;17/03/2024 13:15;53;kWh;-30648;0;0;0;30648;-30648
17/03/2024 13:15;17/03/2024 13:30;54;kWh;-27279;112;0;0;27391;-27167
17/03/2024 13:30;17/03/2024 13:45;55;kWh;-48344;185;0;0;48529;-48159
17/03/2024 13:45;17/03/2024 14:00;56;kWh;-35416;0;0;0;35416;-35416
17/03/2024 14:00;17/03/2024 14:15;57;kWh;-95855;0;0;0;95855;-95855
17/03/2024 14:15;17/03/2024 14:30;58;kWh;-108157;0;0;0;108157;-108157
17/03/2024 14:30;17/03/2024 14:45;59;kWh;-65592;0;0;0;65592;-65592
17/03/2024 14:45;17/03/2024 15:00;60;kWh;-61799;0;0;0;61799;-61799
17/03/2024 15:00;17/03/2024 15:15;61;kWh;-78440;0;0;0;78440;-78440
17/03/2024 15:15;17/03/2024 15:30;62;kWh;-76459;0;0;0;76459;-76459
17/03/2024 15:30;17/03/2024 15:45;63;kWh;-35826;0;0;0;35826;-35826
17/03/2024 15:45;17/03/2024 16:00;64;kWh;-21379;2714;0;0;24093;-18665
17/03/2024 16:00;17/03/2024 16:15;65;kWh;-334;17115;0;0;17449;16781
17/03/2024 16:15;17/03/2024 16:30;66;kWh;-7879;1459;0;0;9338;-6420
17/03/2024 16:30;17/03/2024 16:45;67;kWh;-82;8958;0;0;9040;8876
17/03/2024 16:45;17/03/2024 17:00;68;kWh;-85;0;0;0;85;-85
17/03/2024 17:00;17/03/2024 17:15;69;kWh;-20358;0;0;0;20358;-20358
17/03/2024 17:15;17/03/2024 17:30;70;kWh;-8130;171;0;0;8301;-7959
17/03/2024 17:30;17/03/2024 17:45;71;kWh;0;462;0;0;462;462
17/03/2024 17:45;17/03/2024 18:00;72;kWh;0;13626;0;0;13626;13626
17/03/2024 18:00;17/03/2024 18:15;73;kWh;0;17764;0;0;17764;17764
17/03/2024 18:15;17/03/2024 18:30;74;kWh;0;8779;0;0;8779;8779
17/03/2024 18:30;17/03/2024 18:45;75;kWh;0;11909;0;0;11909;11909
17/03/2024 18:45;17/03/2024 19:00;76;kWh;0;10531;0;0;10531;10531
17/03/2024 19:00;17/03/2024 19:15;77;kWh;0;0;0;0;0;0
17/03/2024 19:15;17/03/2024 19:30;78;kWh;-40;0;0;0;40;-40
17/03/2024 19:30;17/03/2024 19:45;79;kWh;-10707;0;0;0;10707;-10707
17/03/2024 19:45;17/03/2024 20:00;80;kWh;-38342;0;0;0;38342;-38342
17/03/2024 20:00;17/03/2024 20:15;81;kWh;-36081;0;0;0;36081;-36081
17/03/2024 20:15;17/03/2024 20:30;82;kWh;-33514;0;0;0;33514;-33514
17/03/2024 20:30;17/03/2024 20:45;83;kWh;-26623;0;0;0;26623;-26623
17/03/2024 20:45;17/03/2024 21:00;84;kWh;-31455;0;0;0;31455;-31455
17/03/2024 21:00;17/03/2024 21:15;85;kWh;-12520;0;0;0;12520;-12520
17/03/2024 21:15;17/03/2024 21:30;86;kWh;-21152;0;0;0;21152;-21152
17/03/2024 21:30;17/03/2024 21:45;87;kWh;-19975;0;0;0;19975;-19975
17/03/2024 21:45;17/03/2024 22:00;88;kWh;-4355;0;0;0;4355;-4355
17/03/2024 22:00;17/03/2024 22:15;89;kWh;0;13284;0;0;13284;13284
17/03/2024 22:15;17/03/2024 22:30;90;kWh;0;6328;0;0;6328;6328
17/03/2024 22:30;17/03/2024 22:45;91;kWh;0;3961;0;0;3961;3961
17/03/2024 22:45;17/03/2024 23:00;92;kWh;0;19395;0;0;19395;19395
17/03/2024 23:00;17/03/2024 23:15;93;kWh;0;3901;0;0;3901;3901
17/03/2024 23:15;17/03/2024 23:30;94;kWh;0;5762;0;0;5762;5762
17/03/2024 23:30;17/03/2024 23:45;95;kWh;0;11959;0;0;11959;11959
17/03/2024 23:45;18/03/2024 00:00;96;kWh;0;1602;0;0;1602;1602
18/03/2024 00:00;18/03/2024 00:15;1;kWh;-16544;0;0;0;16544;-16544
18/03/2024 00:15;18/03/2024 00:30;2;kWh;-5039;0;0;0;5039;-5039
18/03/2024 00:30;18/03/2024 00:45;3;kWh;-18423;0;0;0;18423;-18423
18/03/2024 00:45;18/03/2024 01:00;4;kWh;-26948;0;0;0;26948;-26948
18/03/2024 01:00;18/03/2024 01:15;5;kWh;-6210;0;0;0;6210;-6210
18/03/2024 01:15;18/03/2024 01:30;6;kWh;-679;0;0;0;679;-679
18/03/2024 01:30;18/03/2024 01:45;7;kWh;-809;0;0;0;809;-809
18/03/2024 01:45;18/03/2024 02:00;8;kWh;-60;1764;0;0;1824;1704
18/03/2024 02:00;18/03/2024 02:15;9;kWh;0;3195;0;0;3195;3195
18/03/2024 02:15;18/03/2024 02:30;10;kWh;0;5332;0;0;5332;5332
18/03/2024 02:30;18/03/2024 02:45;11;kWh;0;925;0;0;925;925
18/03/2024 02:45;18/03/2024 03:00;12;kWh;0;825;0;0;825;825
18/03/2024 03:00;18/03/2024 03:15;13;kWh;0;0;0;0;0;0
18/03/2024 03:15;18/03/2024 03:30;14;kWh;0;0;0;0;0;0
18/03/2024 03:30;18/03/2024 03:45;15;kWh;0;0;0;0;0;0
18/03/2024 03:45;18/03/2024 04:00;16;kWh;0;23;0;0;23;23
18/03/2024 04:00;18/03/2024 04:15;17;kWh;0;619;0;0;619;619
18/03/2024 04:15;18/03/2024 04:30;18;kWh;-4276;75;0;0;4351;-4201
18/03/2024 04:30;18/03/2024 04:45;19;kWh;-7046;0;0;0;7046;-7046
18/03/2024 04:45;18/03/2024 05:00;20;kWh;-15284;0;0;0;15284;-15284
18/03/2024 05:00;18/03/2024 05:15;21;kWh;-7636;0;0;0;7636;-7636
18/03/2024 05:15;18/03/2024 05:30;22;kWh;-2517;0;0;0;2517;-2517
18/03/2024 05:30;18/03/2024 05:45;23;kWh;-213;1470;0;0;1683;1257
18/03/2024 05:45;18/03/2024 06:00;24;kWh;0;1401;0;0;1401;1401
18/03/2024 06:00;18/03/2024 06:15;25;kWh;-7286;0;0;0;7286;-7286
18/03/2024 06:15;18/03/2024 06:30;26;kWh;0;191;0;0;191;191
18/03/2024 06:30;18/03/2024 06:45;27;kWh;0;9023;0;0;9023;9023
18/03/2024 06:45;18/03/2024 07:00;28;kWh;0;22056;0;0;22056;22056
18/03/2024 07:00;18/03/2024 07:15;29;kWh;-383;11051;0;0;11434;10668
18/03/2024 07:15;18/03/2024 07:30;30;kWh;-2;139;0;0;141;137
18/03/2024 07:30;18/03/2024 07:45;31;kWh;0;5269;0;0;5269;5269
18/03/2024 07:45;18/03/2024 08:00;32;kWh;-1;4307;0;0;4308;4306
18/03/2024 08:00;18/03/2024 08:15;33;kWh;-5687;80;0;0;5767;-5607
18/03/2024 08:15;18/03/2024 08:30;34;kWh;0;0;0;0;0;0
18/03/2024 08:30;18/03/2024 08:45;35;kWh;-1876;0;0;0;1876;-1876
18/03/2024 08:45;18/03/2024 09:00;36;kWh;-9288;0;0;0;9288;-9288
18/03/2024 09:00;18/03/2024 09:15;37;kWh;-2741;235;0;0;2976;-2506
18/03/2024 09:15;18/03/2024 09:30;38;kWh;-43424;0;0;0;43424;-43424
18/03/2024 09:30;18/03/2024 09:45;39;kWh;-83393;0;0;0;83393;-83393
18/03/2024 09:45;18/03/2024 10:00;40;kWh;-63190;0;0;0;63190;-63190
18/03/2024 10:00;18/03/2024 10:15;41;kWh;-19378;12937;0;0;32315;-6441
18/03/2024 10:15;18/03/2024 10:30;42;kWh;0;14553;0;0;14553;14553
18/03/2024 10:30;18/03/2024 10:45;43;kWh;-971;430;0;0;1401;-541
18/03/2024 10:45;18/03/2024 11:00;44;kWh;-52108;0;0;0;52108;-52108
18/03/2024 11:00;18/03/2024 11:15;45;kWh;-8160;10685;0;0;18845;2525
18/03/2024 11:15;18/03/2024 11:30;46;kWh;-26934;0;0;0;26934;-26934
18/03/2024 11:30;18/03/2024 11:45;47;kWh;-54059;0;0;0;54059;-54059
18/03/2024 11:45;18/03/2024 12:00;48;kWh;-23533;910;0;0;24443;-22623
18/03/2024 12:00;18/03/2024 12:15;49;kWh;0;31323;0;0;31323;31323
18/03/2024 12:15;18/03/2024 12:30;50;kWh;0;31433;0;0;31433;31433
18/03/2024 12:30;18/03/2024 12:45;51;kWh;0;40175;0;0;40175;40175
18/03/2024 12:45;18/03/2024 13:00;52;kWh;0;92937;0;0;92937;92937
18/03/2024 13:00;18/03/2024 13:15;53;kWh;-6941;1940;0;0;8881;-5001
18/03/2024 13:15;18/03/2024 13:30;54;kWh;-8442;82;0;0;8524;-8360
18/03/2024 13:30;18/03/2024 13:45;55;kWh;-1171;0;0;0;1171;-1171
18/03/2024 13:45;18/03/2024 14:00;56;kWh;-8890;0;0;0;8890;-8890
18/03/2024 14:00;18/03/2024 14:15;57;kWh;-19561;0;0;0;19561;-19561
18/03/2024 14:15;18/03/2024 14:30;58;kWh;-1438;287;0;0;1725;-1151
18/03/2024 14:30;18/03/2024 14:45;59;kWh;0;163;0;0;163;163
18/03/2024 14:45;18/03/2024 15:00;60;kWh;-1021;0;0;0;1021;-1021
18/03/2024 15:00;18/03/2024 15:15;61;kWh;-3384;0;0;0;3384;-3384
18/03/2024 15:15;18/03/2024 15:30;62;kWh;-3364;0;0;0;3364;-3364
18/03/2024 15:30;18/03/2024 15:45;63;kWh;-33383;0;0;0;33383;-33383
18/03/2024 15:45;18/03/2024 16:00;64;kWh;-14392;0;0;0;14392;-14392
18/03/2024 16:00;18/03/2024 16:15;65;kWh;-40468;0;0;0;40468;-40468
18/03/2024 16:15;18/03/2024 16:30;66;kWh;-16547;0;0;0;16547;-16547
18/03/2024 16:30;18/03/2024 16:45;67;kWh;-6701;0;0;0;6701;-6701
18/03/2024 16:45;18/03/2024 17:00;68;kWh;-14491;0;0;0;14491;-14491
18/03/2024 17:00;18/03/2024 17:15;69;kWh;-50310;0;0;0;50310;-50310
18/03/2024 17:15;18/03/2024 17:30;70;kWh;-980;211;0;0;1191;-769
18/03/2024 17:30;18/03/2024 17:45;71;kWh;-9914;8;0;0;9922;-9906
18/03/2024 17:45;18/03/2024 18:00;72;kWh;0;18010;0;0;18010;18010
18/03/2024 18:00;18/03/2024 18:15;73;kWh;-11079;3128;0;0;14207;-7951
18/03/2024 18:15;18/03/2024 18:30;74;kWh;-2;0;0;0;2;-2
18/03/2024 18:30;18/03/2024 18:45;75;kWh;0;1511;0;0;1511;1511
18/03/2024 18:45;18/03/2024 19:00;76;kWh;0;787;0;0;787;787
18/03/2024 19:00;18/03/2024 19:15;77;kWh;0;6647;0;0;6647;6647
18/03/2024 19:15;18/03/2024 19:30;78;kWh;0;3491;0;0;3491;3491
18/03/2024 19:30;18/03/2024 19:45;79;kWh;-185;60;0;0;245;-125
18/03/2024 19:45;18/03/2024 20:00;80;kWh;-9408;0;0;0;9408;-9408
18/03/2024 20:00;18/03/2024 20:15;81;kWh;-3895;3549;0;0;7444;-346
18/03/2024 20:15;18/03/2024 20:30;82;kWh;0;2374;0;0;2374;2374
18/03/2024 20:30;18/03/2024 20:45;83;kWh;-112;7428;0;0;7540;7316
18/03/2024 20:45;18/03/2024 21:00;84;kWh;-5836;0;0;0;5836;-5836
18/03/2024 21:00;18/03/2024 21:15;85;kWh;-19758;6508;0;0;26266;-13250
18/03/2024 21:15;18/03/2024 21:30;86;kWh;0;10213;0;0;10213;10213
18/03/2024 21:30;18/03/2024 21:45;87;kWh;0;0;0;0;0;0
18/03/2024 21:45;18/03/2024 22:00;88;kWh;0;0;0;0;0;0
18/03/2024 22:00;18/03/2024 22:15;89;kWh;-1440;0;0;0;1440;-1440
18/03/2024 22:15;18/03/2024 22:30;90;kWh;-1483;0;0;0;1483;-1483
18/03/2024 22:30;18/03/2024 22:45;91;kWh;-31;2465;0;0;2496;2434
18/03/2024 22:45;18/03/2024 23:00;92;kWh;-9121;8;0;0;9129;-9113
18/03/2024 23:00;18/03/2024 23:15;93;kWh;-49811;2015;0;0;51826;-47796
18/03/2024 23:15;18/03/2024 23:30;94;kWh;0;8060;0;0;8060;8060
18/03/2024 23:30;18/03/2024 23:45;95;kWh;-162;420;0;0;582;258
18/03/2024 23:45;19/03/2024 00:00;96;kWh;-2352;0;0;0;2352;-2352
19/03/2024 00:00;19/03/2024 00:15;1;kWh;-24605;58;0;0;24663;-24547
19/03/2024 00:15;19/03/2024 00:30;2;kWh;-13036;0;0;0;13036;-13036
19/03/2024 00:30;19/03/2024 00:45;3;kWh;-10082;0;0;0;10082;-10082
19/03/2024 00:45;19/03/2024 01:00;4;kWh;-8135;0;0;0;8135;-8135
19/03/2024 01:00;19/03/2024 01:15;5;kWh;0;1717;0;0;1717;1717
19/03/2024 01:15;19/03/2024 01:30;6;kWh;0;4349;0;0;4349;4349
19/03/2024 01:30;19/03/2024 01:45;7;kWh;-1041;0;0;0;1041;-1041
19/03/2024 01:45;19/03/2024 02:00;8;kWh;-23178;0;0;0;23178;-23178
19/03/2024 02:00;19/03/2024 02:15;9;kWh;-4384;3706;0;0;8090;-678
19/03/2024 02:15;19/03/2024 02:30;10;kWh;0;1187;0;0;1187;1187
19/03/2024 02:30;19/03/2024 02:45;11;kWh;-2836;53;0;0;2889;-2783
19/03/2024 02:45;19/03/2024 03:00;12;kWh;-28029;0;0;0;28029;-28029
19/03/2024 03:00;19/03/2024 03:15;13;kWh;-3704;4360;0;0;8064;656
19/03/2024 03:15;19/03/2024 03:30;14;kWh;0;16979;0;0;16979;16979
19/03/2024 03:30;19/03/2024 03:45;15;kWh;-7454;696;0;0;8150;-6758
19/03/2024 03:45;19/03/2024 04:00;16;kWh;-29246;0;0;0;29246;-29246
19/03/2024 04:00;19/03/2024 04:15;17;kWh;-5228;0;0;0;5228;-5228
19/03/2024 04:15;19/03/2024 04:30;18;kWh;-18360;0;0;0;18360;-18360
19/03/2024 04:30;19/03/2024 04:45;19;kWh;-6835;0;0;0;6835;-6835
19/03/2024 04:45;19/03/2024 05:00;20;kWh;-2293;0;0;0;2293;-2293
19/03/2024 05:00;19/03/2024 05:15;21;kWh;-8290;0;0;0;8290;-8290
19/03/2024 05:15;19/03/2024 05:30;22;kWh;0;0;0;0;0;0
19/03/2024 05:30;19/03/2024 05:45;23;kWh;-5638;0;0;0;5638;-5638
19/03/2024 05:45;19/03/2024 06:00;24;kWh;-31201;0;0;0;31201;-31201
19/03/2024 06:00;19/03/2024 06:15;25;kWh;-4682;523;0;0;5205;-4159
19/03/2024 06:15;19/03/2024 06:30;26;kWh;-295;0;0;0;295;-295
19/03/2024 06:30;19/03/2024 06:45;27;kWh;0;2126;0;0;2126;2126
19/03/2024 06:45;19/03/2024 07:00;28;kWh;-16;1082;0;0;1098;1066
19/03/2024 07:00;19/03/2024 07:15;29;kWh;-2543;0;0;0;2543;-2543
19/03/2024 07:15;19/03/2024 07:30;30;kWh;-3845;0;0;0;3845;-3845
19/03/2024 07:30;19/03/2024 07:45;31;kWh;-6525;0;0;0;6525;-6525
19/03/2024 07:45;19/03/2024 08:00;32;kWh;-359;7;0;0;366;-352
19/03/2024 08:00;19/03/2024 08:15;33;kWh;-11;3632;0;0;3643;3621
19/03/2024 08:15;19/03/2024 08:30;34;kWh;-1514;0;0;0;1514;-1514
19/03/2024 08:30;19/03/2024 08:45;35;kWh;-788;0;0;0;788;-788
19/03/2024 08:45;19/03/2024 09:00;36;kWh;-4853;0;0;0;4853;-4853
19/03/2024 09:00;19/03/2024 09:15;37;kWh;-10570;283;0;0;10853;-10287
19/03/2024 09:15;19/03/2024 09:30;38;kWh;-6652;0;0;0;6652;-6652
19/03/2024 09:30;19/03/2024 09:45;39;kWh;-39166;0;0;0;39166;-39166
19/03/2024 09:45;19/03/2024 10:00;40;kWh;-29579;341;0;0;29920;-29238
19/03/2024 10:00;19/03/2024 10:15;41;kWh;-28534;811;0;0;29345;-27723
19/03/2024 10:15;19/03/2024 10:30;42;kWh;-19483;0;0;0;19483;-19483
19/03/2024 10:30;19/03/2024 10:45;43;kWh;-36554;5;0;0;36559;-36549
19/03/2024 10:45;19/03/2024 11:00;44;kWh;-73169;0;0;0;73169;-73169
19/03/2024 11:00;19/03/2024 11:15;45;kWh;-38212;0;0;0;38212;-38212
19/03/2024 11:15;19/03/2024 11:30;46;kWh;-63336;0;0;0;63336;-63336
19/03/2024 11:30;19/03/2024 11:45;47;kWh;-43672;0;0;0;43672;-43672
19/03/2024 11:45;19/03/2024 12:00;48;kWh;-102837;0;0;0;102837;-102837
19/03/2024 12:00;19/03/2024 12:15;49;kWh;-36743;136;0;0;36879;-36607
19/03/2024 12:15;19/03/2024 12:30;50;kWh;-36214;75;0;0;36289;-36139
19/03/2024 12:30;19/03/2024 12:45;51;kWh;-29545;49;0;0;29594;-29496
19/03/2024 12:45;19/03/2024 13:00;52;kWh;-24845;449;0;0;25294;-24396
19/03/2024 13:00;19/03/2024 13:15;53;kWh;-528;0;0;0;528;-528
19/03/2024 13:15;19/03/2024 13:30;54;kWh;0;2541;0;0;2541;2541
19/03/2024 13:30;19/03/2024 13:45;55;kWh;0;31028;0;0;31028;31028
19/03/2024 13:45;19/03/2024 14:00;56;kWh;-490;24830;0;0;25320;24340
19/03/2024 14:00;19/03/2024 14:15;57;kWh;-23248;15;0;0;23263;-23233
19/03/2024 14:15;19/03/2024 14:30;58;kWh;-21442;246;0;0;21688;-21196
19/03/2024 14:30;19/03/2024 14:45;59;kWh;-42707;24;0;0;42731;-42683
19/03/2024 14:45;19/03/2024 15:00;60;kWh;-71687;115;0;0;71802;-71572
19/03/2024 15:00;19/03/2024 15:15;61;kWh;-33246;154;0;0;33400;-33092
19/03/2024 15:15;19/03/2024 15:30;62;kWh;-72604;0;0;0;72604;-72604
19/03/2024 15:30;19/03/2024 15:45;63;kWh;-84957;0;0;0;84957;-84957
19/03/2024 15:45;19/03/2024 16:00;64;kWh;-28055;702;0;0;28757;-27353
19/03/2024 16:00;19/03/2024 16:15;65;kWh;-15912;103;0;0;16015;-15809
19/03/2024 16:15;19/03/2024 16:30;66;kWh;-28479;1488;0;0;29967;-26991
19/03/2024 16:30;19/03/2024 16:45;67;kWh;0;4147;0;0;4147;4147
19/03/2024 16:45;19/03/2024 17:00;68;kWh;0;289;0;0;289;289
19/03/2024 17:00;19/03/2024 17:15;69;kWh;0;664;0;0;664;664
19/03/2024 17:15;19/03/2024 17:30;70;kWh;0;1107;0;0;1107;1107
19/03/2024 17:30;19/03/2024 17:45;71;kWh;-1360;0;0;0;1360;-1360
19/03/2024 17:45;19/03/2024 18:00;72;kWh;0;60;0;0;60;60
19/03/2024 18:00;19/03/2024 18:15;73;kWh;-17100;406;0;0;17506;-16694
19/03/2024 18:15;19/03/2024 18:30;74;kWh;-3308;0;0;0;3308;-3308
19/03/2024 18:30;19/03/2024 18:45;75;kWh;0;0;0;0;0;0
19/03/2024 18:45;19/03/2024 19:00;76;kWh;0;0;0;0;0;0
19/03/2024 19:00;19/03/2024 19:15;77;kWh;-1810;0;0;0;1810;-1810
19/03/2024 19:15;19/03/2024 19:30;78;kWh;-396;0;0;0;396;-396
19/03/2024 19:30;19/03/2024 19:45;79;kWh;0;0;0;0;0;0
19/03/2024 19:45;19/03/2024 20:00;80;kWh;-273;0;0;0;273;-273
19/03/2024 20:00;19/03/2024 20:15;81;kWh;-1290;0;0;0;1290;-1290
19/03/2024 20:15;19/03/2024 20:30;82;kWh;-1599;0;0;0;1599;-1599
19/03/2024 20:30;19/03/2024 20:45;83;kWh;0;0;0;0;0;0
19/03/2024 20:45;19/03/2024 21:00;84;kWh;-2;0;0;0;2;-2
19/03/2024 21:00;19/03/2024 21:15;85;kWh;-882;0;0;0;882;-882
19/03/2024 21:15;19/03/2024 21:30;86;kWh;-569;0;0;0;569;-569
19/03/2024 21:30;19/03/2024 21:45;87;kWh;-14;0;0;0;14;-14
19/03/2024 21:45;19/03/2024 22:00;88;kWh;0;0;0;0;0;0
19/03/2024 22:00;19/03/2024 22:15;89;kWh;0;0;0;0;0;0
19/03/2024 22:15;19/03/2024 22:30;90;kWh;0;4649;0;0;4649;4649
19/03/2024 22:30;19/03/2024 22:45;91;kWh;0;1696;0;0;1696;1696
19/03/2024 22:45;19/03/2024 23:00;92;kWh;-7;16266;0;0;16273;16259
19/03/2024 23:00;19/03/2024 23:15;93;kWh;-143;5520;0;0;5663;5377
19/03/2024 23:15;19/03/2024 23:30;94;kWh;0;5342;0;0;5342;5342
19/03/2024 23:30;19/03/2024 23:45;95;kWh;0;2601;0;0;2601;2601
19/03/2024 23:45;20/03/2024 00:00;96;kWh;0;0;0;0;0;0
20/03/2024 00:00;20/03/2024 00:15;1;kWh;0;3829;0;0;3829;3829
20/03/2024 00:15;20/03/2024 00:30;2;kWh;-52;0;0;0;52;-52
20/03/2024 00:30;20/03/2024 00:45;3;kWh;-699;0;0;0;699;-699
20/03/2024 00:45;20/03/2024 01:00;4;kWh;-28;0;0;0;28;-28
20/03/2024 01:00;20/03/2024 01:15;5;kWh;-536;0;0;0;536;-536
20/03/2024 01:15;20/03/2024 01:30;6;kWh;-1606;0;0;0;1606;-1606
20/03/2024 01:30;20/03/2024 01:45;7;kWh;-903;0;0;0;903;-903
20/03/2024 01:45;20/03/2024 02:00;8;kWh;-492;0;0;0;492;-492
20/03/2024 02:00;20/03/2024 02:15;9;kWh;-802;0;0;0;802;-802
20/03/2024 02:15;20/03/2024 02:30;10;kWh;0;0;0;0;0;0
20/03/2024 02:30;20/03/2024 02:45;11;kWh;0;0;0;0;0;0
20/03/2024 02:45;20/03/2024 03:00;12;kWh;-3660;0;0;0;3660;-3660
20/03/2024 03:00;20/03/2024 03:15;13;kWh;-4064;0;0;0;4064;-4064
20/03/2024 03:15;20/03/2024 03:30;14;kWh;0;0;0;0;0;0
20/03/2024 03:30;20/03/2024 03:45;15;kWh;0;7362;0;0;7362;7362
20/03/2024 03:45;20/03/2024 04:00;16;kWh;0;10959;0;0;10959;10959
20/03/2024 04:00;20/03/2024 04:15;17;kWh;0;3216;0;0;3216;3216
20/03/2024 04:15;20/03/2024 04:30;18;kWh;0;1720;0;0;1720;1720
20/03/2024 04:30;20/03/2024 04:45;19;kWh;0;44;0;0;44;44
20/03/2024 04:45;20/03/2024 05:00;20;kWh;-4361;0;0;0;4361;-4361
20/03/2024 05:00;20/03/2024 05:15;21;kWh;-12123;518;0;0;12641;-11605
20/03/2024 05:15;20/03/2024 05:30;22;kWh;0;111;0;0;111;111
20/03/2024 05:30;20/03/2024 05:45;23;kWh;0;0;0;0;0;0
20/03/2024 05:45;20/03/2024 06:00;24;kWh;-74;0;0;0;74;-74
20/03/2024 06:00;20/03/2024 06:15;25;kWh;-15884;0;0;0;15884;-15884
20/03/2024 06:15;20/03/2024 06:30;26;kWh;-673;0;0;0;673;-673
20/03/2024 06:30;20/03/2024 06:45;27;kWh;-1694;0;0;0;1694;-1694
20/03/2024 06:45;20/03/2024 07:00;28;kWh;0;0;0;0;0;0
20/03/2024 07:00;20/03/2024 07:15;29;kWh;0;0;0;0;0;0
20/03/2024 07:15;20/03/2024 07:30;30;kWh;-194;0;0;0;194;-194
20/03/2024 07:30;20/03/2024 07:45;31;kWh;-4092;0;0;0;4092;-4092
20/03/2024 07:45;20/03/2024 08:00;32;kWh;-19260;0;0;0;19260;-19260
20/03/2024 08:00;20/03/2024 08:15;33;kWh;-962;0;0;0;962;-962
20/03/2024 08:15;20/03/2024 08:30;34;kWh;-37573;0;0;0;37573;-37573
20/03/2024 08:30;20/03/2024 08:45;35;kWh;-42184;0;0;0;42184;-42184
20/03/2024 08:45;20/03/2024 09:00;36;kWh;-37006;0;0;0;37006;-37006
20/03/2024 09:00;20/03/2024 09:15;37;kWh;-37112;0;0;0;37112;-37112
20/03/2024 09:15;20/03/2024 09:30;38;kWh;-41719;0;0;0;41719;-41719
20/03/2024 09:30;20/03/2024 09:45;39;kWh;-25286;147;0;0;25433;-25139
20/03/2024 09:45;20/03/2024 10:00;40;kWh;-27273;605;0;0;27878;-26668
20/03/2024 10:00;20/03/2024 10:15;41;kWh;-27834;28;0;0;27862;-27806
20/03/2024 10:15;20/03/2024 10:30;42;kWh;-5056;0;0;0;5056;-5056
20/03/2024 10:30;20/03/2024 10:45;43;kWh;-41281;0;0;0;41281;-41281
20/03/2024 10:45;20/03/2024 11:00;44;kWh;-33871;0;0;0;33871;-33871
20/03/2024 11:00;20/03/2024 11:15;45;kWh;-39274;0;0;0;39274;-39274
20/03/2024 11:15;20/03/2024 11:30;46;kWh;-43014;0;0;0;43014;-43014
20/03/2024 11:30;20/03/2024 11:45;47;kWh;-47383;0;0;0;47383;-47383
20/03/2024 11:45;20/03/2024 12:00;48;kWh;-33239;187;0;0;33426;-33052
20/03/2024 12:00;20/03/2024 12:15;49;kWh;-46824;10336;0;0;57160;-36488
20/03/2024 12:15;20/03/2024 12:30;50;kWh;-47930;6581;0;0;54511;-41349
20/03/2024 12:30;20/03/2024 12:45;51;kWh;-44078;19184;0;0;63262;-24894
20/03/2024 12:45;20/03/2024 13:00;52;kWh;-35400;9357;0;0;44757;-26043
20/03/2024 13:00;20/03/2024 13:15;53;kWh;-40629;7672;0;0;48301;-32957
20/03/2024 13:15;20/03/2024 13:30;54;kWh;-45608;5912;0;0;51520;-39696
20/03/2024 13:30;20/03/2024 13:45;55;kWh;-9699;513;0;0;10212;-9186
20/03/2024 13:45;20/03/2024 14:00;56;kWh;-44311;0;0;0;44311;-44311
20/03/2024 14:00;20/03/2024 14:15;57;kWh;-26075;0;0;0;26075;-26075
20/03/2024 14:15;20/03/2024 14:30;58;kWh;-2538;0;0;0;2538;-2538
20/03/2024 14:30;20/03/2024 14:45;59;kWh;0;658;0;0;658;658
20/03/2024 14:45;20/03/2024 15:00;60;kWh;0;10659;0;0;10659;10659
20/03/2024 15:00;20/03/2024 15:15;61;kWh;-47331;5296;0;0;52627;-42035
20/03/2024 15:15;20/03/2024 15:30;62;kWh;-49460;0;0;0;49460;-49460
20/03/2024 15:30;20/03/2024 15:45;63;kWh;-38720;526;0;0;39246;-38194
20/03/2024 15:45;20/03/2024 16:00;64;kWh;-3333;6645;0;0;9978;3312
20/03/2024 16:00;20/03/2024 16:15;65;kWh;-2898;0;0;0;2898;-2898
20/03/2024 16:15;20/03/2024 16:30;66;kWh;0;970;0;0;970;970
20/03/2024 16:30;20/03/2024 16:45;67;kWh;0;1808;0;0;1808;1808
20/03/2024 16:45;20/03/2024 17:00;68;kWh;0;0;0;0;0;0
20/03/2024 17:00;20/03/2024 17:15;69;kWh;-27942;0;0;0;27942;-27942
20/03/2024 17:15;20/03/2024 17:30;70;kWh;-30021;5;0;0;30026;-30016
20/03/2024 17:30;20/03/2024 17:45;71;kWh;-1831;38;0;0;1869;-1793
20/03/2024 17:45;20/03/2024 18:00;72;kWh;0;2058;0;0;2058;2058
20/03/2024 18:00;20/03/2024 18:15;73;kWh;-1535;952;0;0;2487;-583
20/03/2024 18:15;20/03/2024 18:30;74;kWh;-19;967;0;0;986;948
20/03/2024 18:30;20/03/2024 18:45;75;kWh;0;30382;0;0;30382;30382
20/03/2024 18:45;20/03/2024 19:00;76;kWh;0;46744;0;0;46744;46744
20/03/2024 19:00;20/03/2024 19:15;77;kWh;-8;10212;0;0;10220;10204
20/03/2024 19:15;20/03/2024 19:30;78;kWh;0;8414;0;0;8414;8414
20/03/2024 19:30;20/03/2024 19:45;79;kWh;0;0;0;0;0;0
20/03/2024 19:45;20/03/2024 20:00;80;kWh;0;0;0;0;0;0
20/03/2024 20:00;20/03/2024 20:15;81;kWh;-18;0;0;0;18;-18
20/03/2024 20:15;20/03/2024 20:30;82;kWh;-2547;0;0;0;2547;-2547
20/03/2024 20:30;20/03/2024 20:45;83;kWh;-2101;0;0;0;2101;-2101
20/03/2024 20:45;20/03/2024 21:00;84;kWh;-13289;0;0;0;13289;-13289
20/03/2024 21:00;20/03/2024 21:15;85;kWh;-1658;302;0;0;1960;-1356
20/03/2024 21:15;20/03/2024 21:30;86;kWh;-1701;0;0;0;1701;-1701
20/03/2024 21:30;20/03/2024 21:45;87;kWh;-10380;0;0;0;10380;-10380
20/03/2024 21:45;20/03/2024 22:00;88;kWh;-20882;0;0;0;20882;-20882
20/03/2024 22:00;20/03/2024 22:15;89;kWh;-5740;319;0;0;6059;-5421
20/03/2024 22:15;20/03/2024 22:30;90;kWh;-6819;0;0;0;6819;-6819
20/03/2024 22:30;20/03/2024 22:45;91;kWh;-49420;0;0;0;49420;-49420
20/03/2024 22:45;20/03/2024 23:00;92;kWh;-29513;0;0;0;29513;-29513
20/03/2024 23:00;20/03/2024 23:15;93;kWh;-16513;7498;0;0;24011;-9015
20/03/2024 23:15;20/03/2024 23:30;94;kWh;0;29116;0;0;29116;29116
20/03/2024 23:30;20/03/2024 23:45;95;kWh;0;22705;0;0;22705;22705
20/03/2024 23:45;21/03/2024 00:00;96;kWh;-87;43020;0;0;43107;42933
21/03/2024 00:00;21/03/2024 00:15;1;kWh;-45489;2807;0;0;48296;-42682
21/03/2024 00:15;21/03/2024 00:30;2;kWh;-1186;8575;0;0;9761;7389
21/03/2024 00:30;21/03/2024 00:45;3;kWh;-79294;0;0;0;79294;-79294
21/03/2024 00:45;21/03/2024 01:00;4;kWh;-111297;0;0;0;111297;-111297
21/03/2024 01:00;21/03/2024 01:15;5;kWh;-43133;0;0;0;43133;-43133
21/03/2024 01:15;21/03/2024 01:30;6;kWh;-62034;0;0;0;62034;-62034
21/03/2024 01:30;21/03/2024 01:45;7;kWh;-69113;0;0;0;69113;-69113
21/03/2024 01:45;21/03/2024 02:00;8;kWh;-115113;0;0;0;115113;-115113
21/03/2024 02:00;21/03/2024 02:15;9;kWh;-123988;0;0;0;123988;-123988
21/03/2024 02:15;21/03/2024 02:30;10;kWh;-116343;0;0;0;116343;-116343
21/03/2024 02:30;21/03/2024 02:45;11;kWh;-95038;0;0;0;95038;-95038
21/03/2024 02:45;21/03/2024 03:00;12;kWh;-89764;0;0;0;89764;-89764
21/03/2024 03:00;21/03/2024 03:15;13;kWh;-12193;24910;0;0;37103;12717
21/03/2024 03:15;21/03/2024 03:30;14;kWh;-1242;1606;0;0;2848;364
21/03/2024 03:30;21/03/2024 03:45;15;kWh;-16410;0;0;0;16410;-16410
21/03/2024 03:45;21/03/2024 04:00;16;kWh;-75013;0;0;0;75013;-75013
21/03/2024 04:00;21/03/2024 04:15;17;kWh;-39024;0;0;0;39024;-39024
21/03/2024 04:15;21/03/2024 04:30;18;kWh;-66915;0;0;0;66915;-66915
21/03/2024 04:30;21/03/2024 04:45;19;kWh;-91598;0;0;0;91598;-91598
21/03/2024 04:45;21/03/2024 05:00;20;kWh;-43939;0;0;0;43939;-43939
21/03/2024 05:00;21/03/2024 05:15;21;kWh;-82158;0;0;0;82158;-82158
21/03/2024 05:15;21/03/2024 05:30;22;kWh;-64117;0;0;0;64117;-64117
21/03/2024 05:30;21/03/2024 05:45;23;kWh;-15691;0;0;0;15691;-15691
21/03/2024 05:45;21/03/2024 06:00;24;kWh;-373;0;0;0;373;-373
21/03/2024 06:00;21/03/2024 06:15;25;kWh;-8369;0;0;0;8369;-8369
21/03/2024 06:15;21/03/2024 06:30;26;kWh;-5786;489;0;0;6275;-5297
21/03/2024 06:30;21/03/2024 06:45;27;kWh;0;13612;0;0;13612;13612
21/03/2024 06:45;21/03/2024 07:00;28;kWh;0;22927;0;0;22927;22927
21/03/2024 07:00;21/03/2024 07:15;29;kWh;0;1809;0;0;1809;1809
21/03/2024 07:15;21/03/2024 07:30;30;kWh;0;9313;0;0;9313;9313
21/03/2024 07:30;21/03/2024 07:45;31;kWh;0;32716;0;0;32716;32716
21/03/2024 07:45;21/03/2024 08:00;32;kWh;0;29714;0;0;29714;29714
21/03/2024 08:00;21/03/2024 08:15;33;kWh;0;40332;0;0;40332;40332
21/03/2024 08:15;21/03/2024 08:30;34;kWh;0;65231;0;0;65231;65231
21/03/2024 08:30;21/03/2024 08:45;35;kWh;0;31709;0;0;31709;31709
21/03/2024 08:45;21/03/2024 09:00;36;kWh;0;37993;0;0;37993;37993
21/03/2024 09:00;21/03/2024 09:15;37;kWh;-2396;55074;0;0;57470;52678
21/03/2024 09:15;21/03/2024 09:30;38;kWh;-6021;13139;0;0;19160;7118
21/03/2024 09:30;21/03/2024 09:45;39;kWh;-6660;495;0;0;7155;-6165
21/03/2024 09:45;21/03/2024 10:00;40;kWh;-16660;140;0;0;16800;-16520
21/03/2024 10:00;21/03/2024 10:15;41;kWh;-520;461;0;0;981;-59
21/03/2024 10:15;21/03/2024 10:30;42;kWh;-961;0;0;0;961;-961
21/03/2024 10:30;21/03/2024 10:45;43;kWh;-1142;0;0;0;1142;-1142
21/03/2024 10:45;21/03/2024 11:00;44;kWh;0;207;0;0;207;207
21/03/2024 11:00;21/03/2024 11:15;45;kWh;0;47529;0;0;47529;47529
21/03/2024 11:15;21/03/2024 11:30;46;kWh;-118;3345;0;0;3463;3227
21/03/2024 11:30;21/03/2024 11:45;47;kWh;0;22001;0;0;22001;22001
21/03/2024 11:45;21/03/2024 12:00;48;kWh;-2049;9847;0;0;11896;7798
21/03/2024 12:00;21/03/2024 12:15;49;kWh;-25856;0;0;0;25856;-25856
21/03/2024 12:15;21/03/2024 12:30;50;kWh;-24383;526;0;0;24909;-23857
21/03/2024 12:30;21/03/2024 12:45;51;kWh;-59030;197;0;0;59227;-58833
21/03/2024 12:45;21/03/2024 13:00;52;kWh;-20211;216;0;0;20427;-19995
21/03/2024 13:00;21/03/2024 13:15;53;kWh;-13521;2220;0;0;15741;-11301
21/03/2024 13:15;21/03/2024 13:30;54;kWh;0;33544;0;0;33544;33544
21/03/2024 13:30;21/03/2024 13:45;55;kWh;0;26059;0;0;26059;26059
21/03/2024 13:45;21/03/2024 14:00;56;kWh;-82;548;0;0;630;466
21/03/2024 14:00;21/03/2024 14:15;57;kWh;0;4217;0;0;4217;4217
21/03/2024 14:15;21/03/2024 14:30;58;kWh;-24051;0;0;0;24051;-24051
21/03/2024 14:30;21/03/2024 14:45;59;kWh;-45221;0;0;0;45221;-45221
21/03/2024 14:45;21/03/2024 15:00;60;kWh;-83812;0;0;0;83812;-83812
21/03/2024 15:00;21/03/2024 15:15;61;kWh;-71802;0;0;0;71802;-71802
21/03/2024 15:15;21/03/2024 15:30;62;kWh;-70332;0;0;0;70332;-70332
21/03/2024 15:30;21/03/2024 15:45;63;kWh;-92447;0;0;0;92447;-92447
21/03/2024 15:45;21/03/2024 16:00;64;kWh;-38117;300;0;0;38417;-37817
21/03/2024 16:00;21/03/2024 16:15;65;kWh;-1016;21683;0;0;22699;20667
21/03/2024 16:15;21/03/2024 16:30;66;kWh;-10238;0;0;0;10238;-10238
21/03/2024 16:30;21/03/2024 16:45;67;kWh;-2576;0;0;0;2576;-2576
21/03/2024 16:45;21/03/2024 17:00;68;kWh;-7223;0;0;0;7223;-7223
21/03/2024 17:00;21/03/2024 17:15;69;kWh;-7233;0;0;0;7233;-7233
21/03/2024 17:15;21/03/2024 17:30;70;kWh;-29364;0;0;0;29364;-29364
21/03/2024 17:30;21/03/2024 17:45;71;kWh;-8269;0;0;0;8269;-8269
21/03/2024 17:45;21/03/2024 18:00;72;kWh;-8;0;0;0;8;-8
21/03/2024 18:00;21/03/2024 18:15;73;kWh;-38298;0;0;0;38298;-38298
21/03/2024 18:15;21/03/2024 18:30;74;kWh;-8622;0;0;0;8622;-8622
21/03/2024 18:30;21/03/2024 18:45;75;kWh;0;16340;0;0;16340;16340
21/03/2024 18:45;21/03/2024 19:00;76;kWh;0;26680;0;0;26680;26680
21/03/2024 19:00;21/03/2024 19:15;77;kWh;0;12258;0;0;12258;12258
21/03/2024 19:15;21/03/2024 19:30;78;kWh;0;2536;0;0;2536;2536
21/03/2024 19:30;21/03/2024 19:45;79;kWh;0;1842;0;0;1842;1842
21/03/2024 19:45;21/03/2024 20:00;80;kWh;-5427;0;0;0;5427;-5427
21/03/2024 20:00;21/03/2024 20:15;81;kWh;-25552;0;0;0;25552;-25552
21/03/2024 20:15;21/03/2024 20:30;82;kWh;-74522;0;0;0;74522;-74522
21/03/2024 20:30;21/03/2024 20:45;83;kWh;-69823;0;0;0;69823;-69823
21/03/2024 20:45;21/03/2024 21:00;84;kWh;-83762;0;0;0;83762;-83762
21/03/2024 21:00;21/03/2024 21:15;85;kWh;-33790;655;0;0;34445;-33135
21/03/2024 21:15;21/03/2024 21:30;86;kWh;0;975;0;0;975;975
21/03/2024 21:30;21/03/2024 21:45;87;kWh;0;0;0;0;0;0
21/03/2024 21:45;21/03/2024 22:00;88;kWh;-115;0;0;0;115;-115
21/03/2024 22:00;21/03/2024 22:15;89;kWh;-18222;0;0;0;18222;-18222
21/03/2024 22:15;21/03/2024 22:30;90;kWh;-4280;0;0;0;4280;-4280
21/03/2024 22:30;21/03/2024 22:45;91;kWh;-18557;0;0;0;18557;-18557
21/03/2024 22:45;21/03/2024 23:00;92;kWh;-57638;0;0;0;57638;-57638
21/03/2024 23:00;21/03/2024 23:15;93;kWh;-11271;0;0;0;11271;-11271
21/03/2024 23:15;21/03/2024 23:30;94;kWh;-28283;0;0;0;28283;-28283
21/03/2024 23:30;21/03/2024 23:45;95;kWh;-57439;0;0;0;57439;-57439
21/03/2024 23:45;22/03/2024 00:00;96;kWh;-60776;0;0;0;60776;-60776
22/03/2024 00:00;22/03/2024 00:15;1;kWh;-8312;880;0;0;9192;-7432
22/03/2024 00:15;22/03/2024 00:30;2;kWh;-9827;0;0;0;9827;-9827
22/03/2024 00:30;22/03/2024 00:45;3;kWh;-34586;0;0;0;34586;-34586
22/03/2024 00:45;22/03/2024 01:00;4;kWh;-27046;133;0;0;27179;-26913
22/03/2024 01:00;22/03/2024 01:15;5;kWh;-770;1233;0;0;2003;463
22/03/2024 01:15;22/03/2024 01:30;6;kWh;-508;939;0;0;1447;431
22/03/2024 01:30;22/03/2024 01:45;7;kWh;-4413;0;0;0;4413;-4413
22/03/2024 01:45;22/03/2024 02:00;8;kWh;-15810;0;0;0;15810;-15810
22/03/2024 02:00;22/03/2024 02:15;9;kWh;-2564;12356;0;0;14920;9792
22/03/2024 02:15;22/03/2024 02:30;10;kWh;0;1333;0;0;1333;1333
22/03/2024 02:30;22/03/2024 02:45;11;kWh;0;0;0;0;0;0
22/03/2024 02:45;22/03/2024 03:00;12;kWh;0;0;0;0;0;0
22/03/2024 03:00;22/03/2024 03:15;13;kWh;0;10472;0;0;10472;10472
22/03/2024 03:15;22/03/2024 03:30;14;kWh;0;32681;0;0;32681;32681
22/03/2024 03:30;22/03/2024 03:45;15;kWh;-248;15716;0;0;15964;15468
22/03/2024 03:45;22/03/2024 04:00;16;kWh;0;43765;0;0;43765;43765
22/03/2024 04:00;22/03/2024 04:15;17;kWh;-791;17035;0;0;17826;16244
22/03/2024 04:15;22/03/2024 04:30;18;kWh;-6;0;0;0;6;-6
22/03/2024 04:30;22/03/2024 04:45;19;kWh;0;0;0;0;0;0
22/03/2024 04:45;22/03/2024 05:00;20;kWh;0;0;0;0;0;0
22/03/2024 05:00;22/03/2024 05:15;21;kWh;-16051;0;0;0;16051;-16051
22/03/2024 05:15;22/03/2024 05:30;22;kWh;-18721;0;0;0;18721;-18721
22/03/2024 05:30;22/03/2024 05:45;23;kWh;-5617;0;0;0;5617;-5617
22/03/2024 05:45;22/03/2024 06:00;24;kWh;-2693;0;0;0;2693;-2693
22/03/2024 06:00;22/03/2024 06:15;25;kWh;-37749;103;0;0;37852;-37646
22/03/2024 06:15;22/03/2024 06:30;26;kWh;-28678;86;0;0;28764;-28592
22/03/2024 06:30;22/03/2024 06:45;27;kWh;-6760;257;0;0;7017;-6503
22/03/2024 06:45;22/03/2024 07:00;28;kWh;-10015;0;0;0;10015;-10015
22/03/2024 07:00;22/03/2024 07:15;29;kWh;-28927;1793;0;0;30720;-27134
22/03/2024 07:15;22/03/2024 07:30;30;kWh;-31573;212;0;0;31785;-31361
22/03/2024 07:30;22/03/2024 07:45;31;kWh;-36583;19;0;0;36602;-36564
22/03/2024 07:45;22/03/2024 08:00;32;kWh;-26775;0;0;0;26775;-26775
22/03/2024 08:00;22/03/2024 08:15;33;kWh;-37855;0;0;0;37855;-37855
22/03/2024 08:15;22/03/2024 08:30;34;kWh;-29278;0;0;0;29278;-29278
22/03/2024 08:30;22/03/2024 08:45;35;kWh;-24511;0;0;0;24511;-24511
22/03/2024 08:45;22/03/2024 09:00;36;kWh;-12065;0;0;0;12065;-12065
22/03/2024 09:00;22/03/2024 09:15;37;kWh;-32937;1524;0;0;34461;-31413
22/03/2024 09:15;22/03/2024 09:30;38;kWh;-14814;11;0;0;14825;-14803
22/03/2024 09:30;22/03/2024 09:45;39;kWh;-223;9789;0;0;10012;9566
22/03/2024 09:45;22/03/2024 10:00;40;kWh;0;32595;0;0;32595;32595
22/03/2024 10:00;22/03/2024 10:15;41;kWh;0;17566;0;0;17566;17566
22/03/2024 10:15;22/03/2024 10:30;42;kWh;0;18822;0;0;18822;18822
22/03/2024 10:30;22/03/2024 10:45;43;kWh;0;62370;0;0;62370;62370
22/03/2024 10:45;22/03/2024 11:00;44;kWh;0;10023;0;0;10023;10023
22/03/2024 11:00;22/03/2024 11:15;45;kWh;-4399;164;0;0;4563;-4235
22/03/2024 11:15;22/03/2024 11:30;46;kWh;-17402;0;0;0;17402;-17402
22/03/2024 11:30;22/03/2024 11:45;47;kWh;-23478;0;0;0;23478;-23478
22/03/2024 11:45;22/03/2024 12:00;48;kWh;-865;0;0;0;865;-865
22/03/2024 12:00;22/03/2024 12:15;49;kWh;-27452;96;0;0;27548;-27356
22/03/2024 12:15;22/03/2024 12:30;50;kWh;-25007;676;0;0;25683;-24331
22/03/2024 12:30;22/03/2024 12:45;51;kWh;-25950;0;0;0;25950;-25950
22/03/2024 12:45;22/03/2024 13:00;52;kWh;-12456;0;0;0;12456;-12456
22/03/2024 13:00;22/03/2024 13:15;53;kWh;-27108;0;0;0;27108;-27108
22/03/2024 13:15;22/03/2024 13:30;54;kWh;-32309;1983;0;0;34292;-30326
22/03/2024 13:30;22/03/2024 13:45;55;kWh;-29511;1849;0;0;31360;-27662
22/03/2024 13:45;22/03/2024 14:00;56;kWh;-37294;0;0;0;37294;-37294
22/03/2024 14:00;22/03/2024 14:15;57;kWh;-43071;420;0;0;43491;-42651
22/03/2024 14:15;22/03/2024 14:30;58;kWh;-46414;33;0;0;46447;-46381
22/03/2024 14:30;22/03/2024 14:45;59;kWh;-54356;0;0;0;54356;-54356
22/03/2024 14:45;22/03/2024 15:00;60;kWh;-51740;658;0;0;52398;-51082
22/03/2024 15:00;22/03/2024 15:15;61;kWh;-5420;26659;0;0;32079;21239
22/03/2024 15:15;22/03/2024 15:30;62;kWh;-44037;0;0;0;44037;-44037
22/03/2024 15:30;22/03/2024 15:45;63;kWh;-34659;308;0;0;34967;-34351
22/03/2024 15:45;22/03/2024 16:00;64;kWh;-43000;3801;0;0;46801;-39199
22/03/2024 16:00;22/03/2024 16:15;65;kWh;-26539;12699;0;0;39238;-13840
22/03/2024 16:15;22/03/2024 16:30;66;kWh;-35150;0;0;0;35150;-35150
22/03/2024 16:30;22/03/2024 16:45;67;kWh;-16877;0;0;0;16877;-16877
22/03/2024 16:45;22/03/2024 17:00;68;kWh;-36733;1;0;0;36734;-36732
22/03/2024 17:00;22/03/2024 17:15;69;kWh;-39258;216;0;0;39474;-39042
22/03/2024 17:15;22/03/2024 17:30;70;kWh;-41702;0;0;0;41702;-41702
22/03/2024 17:30;22/03/2024 17:45;71;kWh;-26180;3;0;0;26183;-26177
22/03/2024 17:45;22/03/2024 18:00;72;kWh;-3;249;0;0;252;246
22/03/2024 18:00;22/03/2024 18:15;73;kWh;0;20215;0;0;20215;20215
22/03/2024 18:15;22/03/2024 18:30;74;kWh;0;54033;0;0;54033;54033
22/03/2024 18:30;22/03/2024 18:45;75;kWh;0;84689;0;0;84689;84689
22/03/2024 18:45;22/03/2024 19:00;76;kWh;0;70463;0;0;70463;70463
22/03/2024 19:00;22/03/2024 19:15;77;kWh;0;32100;0;0;32100;32100
22/03/2024 19:15;22/03/2024 19:30;78;kWh;0;2605;0;0;2605;2605
22/03/2024 19:30;22/03/2024 19:45;79;kWh;0;11267;0;0;11267;11267
22/03/2024 19:45;22/03/2024 20:00;80;kWh;0;27425;0;0;27425;27425
22/03/2024 20:00;22/03/2024 20:15;81;kWh;0;1008;0;0;1008;1008
22/03/2024 20:15;22/03/2024 20:30;82;kWh;-6595;0;0;0;6595;-6595
22/03/2024 20:30;22/03/2024 20:45;83;kWh;-32573;0;0;0;32573;-32573
22/03/2024 20:45;22/03/2024 21:00;84;kWh;-9976;373;0;0;10349;-9603
22/03/2024 21:00;22/03/2024 21:15;85;kWh;0;27763;0;0;27763;27763
22/03/2024 21:15;22/03/2024 21:30;86;kWh;-774;64;0;0;838;-710
22/03/2024 21:30;22/03/2024 21:45;87;kWh;-3122;0;0;0;3122;-3122
22/03/2024 21:45;22/03/2024 22:00;88;kWh;-2126;0;0;0;2126;-2126
22/03/2024 22:00;22/03/2024 22:15;89;kWh;-40378;0;0;0;40378;-40378
22/03/2024 22:15;22/03/2024 22:30;90;kWh;-5891;61;0;0;5952;-5830
22/03/2024 22:30;22/03/2024 22:45;91;kWh;0;2347;0;0;2347;2347
22/03/2024 22:45;22/03/2024 23:00;92;kWh;0;15802;0;0;15802;15802
22/03/2024 23:00;22/03/2024 23:15;93;kWh;-220;2947;0;0;3167;2727
22/03/2024 23:15;22/03/2024 23:30;94;kWh;0;13882;0;0;13882;13882
22/03/2024 23:30;22/03/2024 23:45;95;kWh;0;3975;0;0;3975;3975
22/03/2024 23:45;23/03/2024 00:00;96;kWh;0;0;0;0;0;0
23/03/2024 00:00;23/03/2024 00:15;1;kWh;0;10098;0;0;10098;10098
23/03/2024 00:15;23/03/2024 00:30;2;kWh;0;43233;0;0;43233;43233
23/03/2024 00:30;23/03/2024 00:45;3;kWh;0;18721;0;0;18721;18721
23/03/2024 00:45;23/03/2024 01:00;4;kWh;-838;263;0;0;1101;-575
23/03/2024 01:00;23/03/2024 01:15;5;kWh;-1412;7840;0;0;9252;6428
23/03/2024 01:15;23/03/2024 01:30;6;kWh;0;3470;0;0;3470;3470
23/03/2024 01:30;23/03/2024 01:45;7;kWh;0;0;0;0;0;0
23/03/2024 01:45;23/03/2024 02:00;8;kWh;-6220;0;0;0;6220;-6220
23/03/2024 02:00;23/03/2024 02:15;9;kWh;-1206;2225;0;0;3431;1019
23/03/2024 02:15;23/03/2024 02:30;10;kWh;0;1291;0;0;1291;1291
23/03/2024 02:30;23/03/2024 02:45;11;kWh;0;0;0;0;0;0
23/03/2024 02:45;23/03/2024 03:00;12;kWh;0;0;0;0;0;0
23/03/2024 03:00;23/03/2024 03:15;13;kWh;0;31807;0;0;31807;31807
23/03/2024 03:15;23/03/2024 03:30;14;kWh;-151;18305;0;0;18456;18154
23/03/2024 03:30;23/03/2024 03:45;15;kWh;-4208;363;0;0;4571;-3845
23/03/2024 03:45;23/03/2024 04:00;16;kWh;-1199;0;0;0;1199;-1199
23/03/2024 04:00;23/03/2024 04:15;17;kWh;-73;9667;0;0;9740;9594
23/03/2024 04:15;23/03/2024 04:30;18;kWh;0;41;0;0;41;41
23/03/2024 04:30;23/03/2024 04:45;19;kWh;0;1367;0;0;1367;1367
23/03/2024 04:45;23/03/2024 05:00;20;kWh;0;76;0;0;76;76
23/03/2024 05:00;23/03/2024 05:15;21;kWh;0;0;0;0;0;0
23/03/2024 05:15;23/03/2024 05:30;22;kWh;0;0;0;0;0;0
23/03/2024 05:30;23/03/2024 05:45;23;kWh;-2121;0;0;0;2121;-2121
23/03/2024 05:45;23/03/2024 06:00;24;kWh;-11094;0;0;0;11094;-11094
23/03/2024 06:00;23/03/2024 06:15;25;kWh;-11792;0;0;0;11792;-11792
23/03/2024 06:15;23/03/2024 06:30;26;kWh;-13082;0;0;0;13082;-13082
23/03/2024 06:30;23/03/2024 06:45;27;kWh;-10024;0;0;0;10024;-10024
23/03/2024 06:45;23/03/2024 07:00;28;kWh;-9976;19;0;0;9995;-9957
23/03/2024 07:00;23/03/2024 07:15;29;kWh;-48;182;0;0;230;134
23/03/2024 07:15;23/03/2024 07:30;30;kWh;-6508;0;0;0;6508;-6508
23/03/2024 07:30;23/03/2024 07:45;31;kWh;-10394;0;0;0;10394;-10394
23/03/2024 07:45;23/03/2024 08:00;32;kWh;-6005;0;0;0;6005;-6005
23/03/2024 08:00;23/03/2024 08:15;33;kWh;-10;0;0;0;10;-10
23/03/2024 08:15;23/03/2024 08:30;34;kWh;-4420;0;0;0;4420;-4420
23/03/2024 08:30;23/03/2024 08:45;35;kWh;-11880;0;0;0;11880;-11880
23/03/2024 08:45;23/03/2024 09:00;36;kWh;-16123;1452;0;0;17575;-14671
23/03/2024 09:00;23/03/2024 09:15;37;kWh;-7481;0;0;0;7481;-7481
23/03/2024 09:15;23/03/2024 09:30;38;kWh;-7762;0;0;0;7762;-7762
23/03/2024 09:30;23/03/2024 09:45;39;kWh;-6695;0;0;0;6695;-6695
23/03/2024 09:45;23/03/2024 10:00;40;kWh;-15236;0;0;0;15236;-15236
23/03/2024 10:00;23/03/2024 10:15;41;kWh;-41146;26;0;0;41172;-41120
23/03/2024 10:15;23/03/2024 10:30;42;kWh;-28577;2450;0;0;31027;-26127
23/03/2024 10:30;23/03/2024 10:45;43;kWh;-13368;150;0;0;13518;-13218
23/03/2024 10:45;23/03/2024 11:00;44;kWh;-9943;802;0;0;10745;-9141
23/03/2024 11:00;23/03/2024 11:15;45;kWh;-3447;3560;0;0;7007;113
23/03/2024 11:15;23/03/2024 11:30;46;kWh;-5318;0;0;0;5318;-5318
23/03/2024 11:30;23/03/2024 11:45;47;kWh;-12963;349;0;0;13312;-12614
23/03/2024 11:45;23/03/2024 12:00;48;kWh;-7908;874;0;0;8782;-7034
23/03/2024 12:00;23/03/2024 12:15;49;kWh;-1400;0;0;0;1400;-1400
23/03/2024 12:15;23/03/2024 12:30;50;kWh;-249;0;0;0;249;-249
23/03/2024 12:30;23/03/2024 12:45;51;kWh;-249;222;0;0;471;-27
23/03/2024 12:45;23/03/2024 13:00;52;kWh;-2081;216;0;0;2297;-1865
23/03/2024 13:00;23/03/2024 13:15;53;kWh;-3298;95;0;0;3393;-3203
23/03/2024 13:15;23/03/2024 13:30;54;kWh;-5200;0;0;0;5200;-5200
23/03/2024 13:30;23/03/2024 13:45;55;kWh;-897;716;0;0;1613;-181
23/03/2024 13:45;23/03/2024 14:00;56;kWh;-2214;0;0;0;2214;-2214
23/03/2024 14:00;23/03/2024 14:15;57;kWh;-14497;0;0;0;14497;-14497
23/03/2024 14:15;23/03/2024 14:30;58;kWh;-1574;0;0;0;1574;-1574
23/03/2024 14:30;23/03/2024 14:45;59;kWh;-249;0;0;0;249;-249
23/03/2024 14:45;23/03/2024 15:00;60;kWh;-296;0;0;0;296;-296
23/03/2024 15:00;23/03/2024 15:15;61;kWh;-4150;0;0;0;4150;-4150
23/03/2024 15:15;23/03/2024 15:30;62;kWh;-3967;0;0;0;3967;-3967
23/03/2024 15:30;23/03/2024 15:45;63;kWh;-232;0;0;0;232;-232
23/03/2024 15:45;23/03/2024 16:00;64;kWh;0;9287;0;0;9287;9287
23/03/2024 16:00;23/03/2024 16:15;65;kWh;-15615;1500;0;0;17115;-14115
23/03/2024 16:15;23/03/2024 16:30;66;kWh;-45;2230;0;0;2275;2185
23/03/2024 16:30;23/03/2024 16:45;67;kWh;-247;6216;0;0;6463;5969
23/03/2024 16:45;23/03/2024 17:00;68;kWh;0;12523;0;0;12523;12523
23/03/2024 17:00;23/03/2024 17:15;69;kWh;-7364;13476;0;0;20840;6112
23/03/2024 17:15;23/03/2024 17:30;70;kWh;-752;5861;0;0;6613;5109
23/03/2024 17:30;23/03/2024 17:45;71;kWh;0;3245;0;0;3245;3245
23/03/2024 17:45;23/03/2024 18:00;72;kWh;0;64430;0;0;64430;64430
23/03/2024 18:00;23/03/2024 18:15;73;kWh;-6424;2000;0;0;8424;-4424
23/03/2024 18:15;23/03/2024 18:30;74;kWh;-15;5697;0;0;5712;5682
23/03/2024 18:30;23/03/2024 18:45;75;kWh;0;58727;0;0;58727;58727
23/03/2024 18:45;23/03/2024 19:00;76;kWh;0;83023;0;0;83023;83023
23/03/2024 19:00;23/03/2024 19:15;77;kWh;0;45330;0;0;45330;45330
23/03/2024 19:15;23/03/2024 19:30;78;kWh;0;9578;0;0;9578;9578
23/03/2024 19:30;23/03/2024 19:45;79;kWh;-7664;5;0;0;7669;-7659
23/03/2024 19:45;23/03/2024 20:00;80;kWh;-6783;0;0;0;6783;-6783
23/03/2024 20:00;23/03/2024 20:15;81;kWh;-38;0;0;0;38;-38
23/03/2024 20:15;23/03/2024 20:30;82;kWh;-426;0;0;0;426;-426
23/03/2024 20:30;23/03/2024 20:45;83;kWh;-8249;0;0;0;8249;-8249
23/03/2024 20:45;23/03/2024 21:00;84;kWh;-18320;0;0;0;18320;-18320
23/03/2024 21:00;23/03/2024 21:15;85;kWh;-3988;921;0;0;4909;-3067
23/03/2024 21:15;23/03/2024 21:30;86;kWh;-4194;0;0;0;4194;-4194
23/03/2024 21:30;23/03/2024 21:45;87;kWh;-14417;0;0;0;14417;-14417
23/03/2024 21:45;23/03/2024 22:00;88;kWh;-18969;0;0;0;18969;-18969
23/03/2024 22:00;23/03/2024 22:15;89;kWh;-6513;39;0;0;6552;-6474
23/03/2024 22:15;23/03/2024 22:30;90;kWh;-28724;251;0;0;28975;-28473
23/03/2024 22:30;23/03/2024 22:45;91;kWh;-10199;0;0;0;10199;-10199
23/03/2024 22:45;23/03/2024 23:00;92;kWh;-26318;0;0;0;26318;-26318
23/03/2024 23:00;23/03/2024 23:15;93;kWh;-3680;0;0;0;3680;-3680
23/03/2024 23:15;23/03/2024 23:30;94;kWh;-7786;228;0;0;8014;-7558
23/03/2024 23:30;23/03/2024 23:45;95;kWh;-17450;329;0;0;17779;-17121
23/03/2024 23:45;24/03/2024 00:00;96;kWh;-16757;279;0;0;17036;-16478
24/03/2024 00:00;24/03/2024 00:15;1;kWh;-13516;13;0;0;13529;-13503
24/03/2024 00:15;24/03/2024 00:30;2;kWh;-7790;0;0;0;7790;-7790
24/03/2024 00:30;24/03/2024 00:45;3;kWh;-4824;0;0;0;4824;-4824
24/03/2024 00:45;24/03/2024 01:00;4;kWh;-1733;39;0;0;1772;-1694
24/03/2024 01:00;24/03/2024 01:15;5;kWh;0;541;0;0;541;541
24/03/2024 01:15;24/03/2024 01:30;6;kWh;0;0;0;0;0;0
24/03/2024 01:30;24/03/2024 01:45;7;kWh;-486;0;0;0;486;-486
24/03/2024 01:45;24/03/2024 02:00;8;kWh;-2620;0;0;0;2620;-2620
24/03/2024 02:00;24/03/2024 02:15;9;kWh;0;0;0;0;0;0
24/03/2024 02:15;24/03/2024 02:30;10;kWh;0;1128;0;0;1128;1128
24/03/2024 02:30;24/03/2024 02:45;11;kWh;0;1852;0;0;1852;1852
24/03/2024 02:45;24/03/2024 03:00;12;kWh;0;690;0;0;690;690
24/03/2024 03:00;24/03/2024 03:15;13;kWh;0;8133;0;0;8133;8133
24/03/2024 03:15;24/03/2024 03:30;14;kWh;0;22526;0;0;22526;22526
24/03/2024 03:30;24/03/2024 03:45;15;kWh;0;24281;0;0;24281;24281
24/03/2024 03:45;24/03/2024 04:00;16;kWh;0;6064;0;0;6064;6064
24/03/2024 04:00;24/03/2024 04:15;17;kWh;0;2134;0;0;2134;2134
24/03/2024 04:15;24/03/2024 04:30;18;kWh;0;1498;0;0;1498;1498
24/03/2024 04:30;24/03/2024 04:45;19;kWh;-1813;1826;0;0;3639;13
24/03/2024 04:45;24/03/2024 05:00;20;kWh;0;391;0;0;391;391
24/03/2024 05:00;24/03/2024 05:15;21;kWh;-2570;0;0;0;2570;-2570
24/03/2024 05:15;24/03/2024 05:30;22;kWh;-1572;0;0;0;1572;-1572
24/03/2024 05:30;24/03/2024 05:45;23;kWh;-2266;0;0;0;2266;-2266
24/03/2024 05:45;24/03/2024 06:00;24;kWh;-2795;0;0;0;2795;-2795
24/03/2024 06:00;24/03/2024 06:15;25;kWh;-3365;19;0;0;3384;-3346
24/03/2024 06:15;24/03/2024 06:30;26;kWh;-4885;0;0;0;4885;-4885
24/03/2024 06:30;24/03/2024 06:45;27;kWh;-7415;2732;0;0;10147;-4683
24/03/2024 06:45;24/03/2024 07:00;28;kWh;-4577;71;0;0;4648;-4506
24/03/2024 07:00;24/03/2024 07:15;29;kWh;-3631;148;0;0;3779;-3483
24/03/2024 07:15;24/03/2024 07:30;30;kWh;-2804;0;0;0;2804;-2804
24/03/2024 07:30;24/03/2024 07:45;31;kWh;-6246;0;0;0;6246;-6246
24/03/2024 07:45;24/03/2024 08:00;32;kWh;-11063;0;0;0;11063;-11063
24/03/2024 08:00;24/03/2024 08:15;33;kWh;-9828;0;0;0;9828;-9828
24/03/2024 08:15;24/03/2024 08:30;34;kWh;-30916;0;0;0;30916;-30916
24/03/2024 08:30;24/03/2024 08:45;35;kWh;-25408;0;0;0;25408;-25408
24/03/2024 08:45;24/03/2024 09:00;36;kWh;-24001;0;0;0;24001;-24001
24/03/2024 09:00;24/03/2024 09:15;37;kWh;-11205;0;0;0;11205;-11205
24/03/2024 09:15;24/03/2024 09:30;38;kWh;-8115;0;0;0;8115;-8115
24/03/2024 09:30;24/03/2024 09:45;39;kWh;-3955;0;0;0;3955;-3955
24/03/2024 09:45;24/03/2024 10:00;40;kWh;-3368;0;0;0;3368;-3368
24/03/2024 10:00;24/03/2024 10:15;41;kWh;-226;0;0;0;226;-226
24/03/2024 10:15;24/03/2024 10:30;42;kWh;0;0;0;0;0;0
24/03/2024 10:30;24/03/2024 10:45;43;kWh;0;0;0;0;0;0
24/03/2024 10:45;24/03/2024 11:00;44;kWh;0;0;0;0;0;0
24/03/2024 11:00;24/03/2024 11:15;45;kWh;0;0;0;0;0;0
24/03/2024 11:15;24/03/2024 11:30;46;kWh;-3115;0;0;0;3115;-3115
24/03/2024 11:30;24/03/2024 11:45;47;kWh;-1233;0;0;0;1233;-1233
24/03/2024 11:45;24/03/2024 12:00;48;kWh;-1430;5;0;0;1435;-1425
24/03/2024 12:00;24/03/2024 12:15;49;kWh;-5098;0;0;0;5098;-5098
24/03/2024 12:15;24/03/2024 12:30;50;kWh;-1495;0;0;0;1495;-1495
24/03/2024 12:30;24/03/2024 12:45;51;kWh;-2359;0;0;0;2359;-2359
24/03/2024 12:45;24/03/2024 13:00;52;kWh;-2898;0;0;0;2898;-2898
24/03/2024 13:00;24/03/2024 13:15;53;kWh;-102;0;0;0;102;-102
24/03/2024 13:15;24/03/2024 13:30;54;kWh;-1065;0;0;0;1065;-1065
24/03/2024 13:30;24/03/2024 13:45;55;kWh;-2914;0;0;0;2914;-2914
24/03/2024 13:45;24/03/2024 14:00;56;kWh;-3088;0;0;0;3088;-3088
24/03/2024 14:00;24/03/2024 14:15;57;kWh;-1381;0;0;0;1381;-1381
24/03/2024 14:15;24/03/2024 14:30;58;kWh;-219;0;0;0;219;-219
24/03/2024 14:30;24/03/2024 14:45;59;kWh;0;134;0;0;134;134
24/03/2024 14:45;24/03/2024 15:00;60;kWh;0;288;0;0;288;288
24/03/2024 15:00;24/03/2024 15:15;61;kWh;0;1710;0;0;1710;1710
24/03/2024 15:15;24/03/2024 15:30;62;kWh;0;30845;0;0;30845;30845
24/03/2024 15:30;24/03/2024 15:45;63;kWh;-572;529;0;0;1101;-43
24/03/2024 15:45;24/03/2024 16:00;64;kWh;0;0;0;0;0;0
24/03/2024 16:00;24/03/2024 16:15;65;kWh;-457;0;0;0;457;-457
24/03/2024 16:15;24/03/2024 16:30;66;kWh;-788;0;0;0;788;-788
24/03/2024 16:30;24/03/2024 16:45;67;kWh;-12;0;0;0;12;-12
24/03/2024 16:45;24/03/2024 17:00;68;kWh;0;37;0;0;37;37
24/03/2024 17:00;24/03/2024 17:15;69;kWh;-460;55;0;0;515;-405
24/03/2024 17:15;24/03/2024 17:30;70;kWh;0;0;0;0;0;0
24/03/2024 17:30;24/03/2024 17:45;71;kWh;-8;0;0;0;8;-8
24/03/2024 17:45;24/03/2024 18:00;72;kWh;-1;0;0;0;1;-1
24/03/2024 18:00;24/03/2024 18:15;73;kWh;-9909;0;0;0;9909;-9909
24/03/2024 18:15;24/03/2024 18:30;74;kWh;-9129;0;0;0;9129;-9129
24/03/2024 18:30;24/03/2024 18:45;75;kWh;-6855;0;0;0;6855;-6855
24/03/2024 18:45;24/03/2024 19:00;76;kWh;0;0;0;0;0;0
24/03/2024 19:00;24/03/2024 19:15;77;kWh;-6734;0;0;0;6734;-6734
24/03/2024 19:15;24/03/2024 19:30;78;kWh;-420;0;0;0;420;-420
24/03/2024 19:30;24/03/2024 19:45;79;kWh;-346;0;0;0;346;-346
24/03/2024 19:45;24/03/2024 20:00;80;kWh;-2276;0;0;0;2276;-2276
24/03/2024 20:00;24/03/2024 20:15;81;kWh;-252;562;0;0;814;310
24/03/2024 20:15;24/03/2024 20:30;82;kWh;0;1851;0;0;1851;1851
24/03/2024 20:30;24/03/2024 20:45;83;kWh;0;0;0;0;0;0
24/03/2024 20:45;24/03/2024 21:00;84;kWh;0;0;0;0;0;0
24/03/2024 21:00;24/03/2024 21:15;85;kWh;0;3923;0;0;3923;3923
24/03/2024 21:15;24/03/2024 21:30;86;kWh;0;4278;0;0;4278;4278
24/03/2024 21:30;24/03/2024 21:45;87;kWh;0;0;0;0;0;0
24/03/2024 21:45;24/03/2024 22:00;88;kWh;-1973;0;0;0;1973;-1973
24/03/2024 22:00;24/03/2024 22:15;89;kWh;-5875;359;0;0;6234;-5516
24/03/2024 22:15;24/03/2024 22:30;90;kWh;-9004;4124;0;0;13128;-4880
24/03/2024 22:30;24/03/2024 22:45;91;kWh;-1851;479;0;0;2330;-1372
24/03/2024 22:45;24/03/2024 23:00;92;kWh;-8975;311;0;0;9286;-8664
24/03/2024 23:00;24/03/2024 23:15;93;kWh;-1799;0;0;0;1799;-1799
24/03/2024 23:15;24/03/2024 23:30;94;kWh;-1587;5635;0;0;7222;4048
24/03/2024 23:30;24/03/2024 23:45;95;kWh;-291;5062;0;0;5353;4771
24/03/2024 23:45;25/03/2024 00:00;96;kWh;-198;0;0;0;198;-198
25/03/2024 00:00;25/03/2024 00:15;1;kWh;0;2930;0;0;2930;2930
25/03/2024 00:15;25/03/2024 00:30;2;kWh;0;0;0;0;0;0
25/03/2024 00:30;25/03/2024 00:45;3;kWh;0;0;0;0;0;0
25/03/2024 00:45;25/03/2024 01:00;4;kWh;0;0;0;0;0;0
25/03/2024 01:00;25/03/2024 01:15;5;kWh;0;336;0;0;336;336
25/03/2024 01:15;25/03/2024 01:30;6;kWh;0;3867;0;0;3867;3867
25/03/2024 01:30;25/03/2024 01:45;7;kWh;0;4691;0;0;4691;4691
25/03/2024 01:45;25/03/2024 02:00;8;kWh;0;1271;0;0;1271;1271
25/03/2024 02:00;25/03/2024 02:15;9;kWh;0;0;0;0;0;0
25/03/2024 02:15;25/03/2024 02:30;10;kWh;0;0;0;0;0;0
25/03/2024 02:30;25/03/2024 02:45;11;kWh;0;12474;0;0;12474;12474
25/03/2024 02:45;25/03/2024 03:00;12;kWh;-15742;4128;0;0;19870;-11614
25/03/2024 03:00;25/03/2024 03:15;13;kWh;-20385;0;0;0;20385;-20385
25/03/2024 03:15;25/03/2024 03:30;14;kWh;-3281;0;0;0;3281;-3281
25/03/2024 03:30;25/03/2024 03:45;15;kWh;-4272;0;0;0;4272;-4272
25/03/2024 03:45;25/03/2024 04:00;16;kWh;-3145;0;0;0;3145;-3145
25/03/2024 04:00;25/03/2024 04:15;17;kWh;-3783;0;0;0;3783;-3783
25/03/2024 04:15;25/03/2024 04:30;18;kWh;-17185;0;0;0;17185;-17185
25/03/2024 04:30;25/03/2024 04:45;19;kWh;-9497;0;0;0;9497;-9497
25/03/2024 04:45;25/03/2024 05:00;20;kWh;-11626;0;0;0;11626;-11626
25/03/2024 05:00;25/03/2024 05:15;21;kWh;-6718;2476;0;0;9194;-4242
25/03/2024 05:15;25/03/2024 05:30;22;kWh;0;1336;0;0;1336;1336
25/03/2024 05:30;25/03/2024 05:45;23;kWh;0;7826;0;0;7826;7826
25/03/2024 05:45;25/03/2024 06:00;24;kWh;0;1781;0;0;1781;1781
25/03/2024 06:00;25/03/2024 06:15;25;kWh;0;2968;0;0;2968;2968
25/03/2024 06:15;25/03/2024 06:30;26;kWh;0;2810;0;0;2810;2810
25/03/2024 06:30;25/03/2024 06:45;27;kWh;0;2928;0;0;2928;2928
25/03/2024 06:45;25/03/2024 07:00;28;kWh;0;3133;0;0;3133;3133
25/03/2024 07:00;25/03/2024 07:15;29;kWh;0;0;0;0;0;0
25/03/2024 07:15;25/03/2024 07:30;30;kWh;-277;0;0;0;277;-277
25/03/2024 07:30;25/03/2024 07:45;31;kWh;-10855;0;0;0;10855;-10855
25/03/2024 07:45;25/03/2024 08:00;32;kWh;-74901;0;0;0;74901;-74901
25/03/2024 08:00;25/03/2024 08:15;33;kWh;-13672;0;0;0;13672;-13672
25/03/2024 08:15;25/03/2024 08:30;34;kWh;-25822;0;0;0;25822;-25822
25/03/2024 08:30;25/03/2024 08:45;35;kWh;-25982;0;0;0;25982;-25982
25/03/2024 08:45;25/03/2024 09:00;36;kWh;-50000;0;0;0;50000;-50000
25/03/2024 09:00;25/03/2024 09:15;37;kWh;-9480;0;0;0;9480;-9480
25/03/2024 09:15;25/03/2024 09:30;38;kWh;-32437;0;0;0;32437;-32437
25/03/2024 09:30;25/03/2024 09:45;39;kWh;-51426;0;0;0;51426;-51426
25/03/2024 09:45;25/03/2024 10:00;40;kWh;-14991;0;0;0;14991;-14991
25/03/2024 10:00;25/03/2024 10:15;41;kWh;-28519;0;0;0;28519;-28519
25/03/2024 10:15;25/03/2024 10:30;42;kWh;-327;0;0;0;327;-327
25/03/2024 10:30;25/03/2024 10:45;43;kWh;-1888;0;0;0;1888;-1888
25/03/2024 10:45;25/03/2024 11:00;44;kWh;-29362;0;0;0;29362;-29362
25/03/2024 11:00;25/03/2024 11:15;45;kWh;-3330;0;0;0;3330;-3330
25/03/2024 11:15;25/03/2024 11:30;46;kWh;-42678;0;0;0;42678;-42678
25/03/2024 11:30;25/03/2024 11:45;47;kWh;-62456;0;0;0;62456;-62456
25/03/2024 11:45;25/03/2024 12:00;48;kWh;-31911;0;0;0;31911;-31911
25/03/2024 12:00;25/03/2024 12:15;49;kWh;-40507;0;0;0;40507;-40507
25/03/2024 12:15;25/03/2024 12:30;50;kWh;-43851;0;0;0;43851;-43851
25/03/2024 12:30;25/03/2024 12:45;51;kWh;-36611;0;0;0;36611;-36611
25/03/2024 12:45;25/03/2024 13:00;52;kWh;-25990;0;0;0;25990;-25990
25/03/2024 13:00;25/03/2024 13:15;53;kWh;-10978;0;0;0;10978;-10978
25/03/2024 13:15;25/03/2024 13:30;54;kWh;-9619;0;0;0;9619;-9619
25/03/2024 13:30;25/03/2024 13:45;55;kWh;0;0;0;0;0;0
25/03/2024 13:45;25/03/2024 14:00;56;kWh;0;0;0;0;0;0
25/03/2024 14:00;25/03/2024 14:15;57;kWh;0;0;0;0;0;0
25/03/2024 14:15;25/03/2024 14:30;58;kWh;-1894;0;0;0;1894;-1894
25/03/2024 14:30;25/03/2024 14:45;59;kWh;-14088;0;0;0;14088;-14088
25/03/2024 14:45;25/03/2024 15:00;60;kWh;-16958;0;0;0;16958;-16958
25/03/2024 15:00;25/03/2024 15:15;61;kWh;-14343;0;0;0;14343;-14343
25/03/2024 15:15;25/03/2024 15:30;62;kWh;-25631;0;0;0;25631;-25631
25/03/2024 15:30;25/03/2024 15:45;63;kWh;-26510;0;0;0;26510;-26510
25/03/2024 15:45;25/03/2024 16:00;64;kWh;-4536;72;0;0;4608;-4464
25/03/2024 16:00;25/03/2024 16:15;65;kWh;-29715;0;0;0;29715;-29715
25/03/2024 16:15;25/03/2024 16:30;66;kWh;-21823;785;0;0;22608;-21038
25/03/2024 16:30;25/03/2024 16:45;67;kWh;-997;89;0;0;1086;-908
25/03/2024 16:45;25/03/2024 17:00;68;kWh;-5086;0;0;0;5086;-5086
25/03/2024 17:00;25/03/2024 17:15;69;kWh;-44730;0;0;0;44730;-44730
25/03/2024 17:15;25/03/2024 17:30;70;kWh;-1119;922;0;0;2041;-197
25/03/2024 17:30;25/03/2024 17:45;71;kWh;0;704;0;0;704;704
25/03/2024 17:45;25/03/2024 18:00;72;kWh;0;178;0;0;178;178
25/03/2024 18:00;25/03/2024 18:15;73;kWh;-2807;323;0;0;3130;-2484
25/03/2024 18:15;25/03/2024 18:30;74;kWh;-69;0;0;0;69;-69
25/03/2024 18:30;25/03/2024 18:45;75;kWh;0;0;0;0;0;0
25/03/2024 18:45;25/03/2024 19:00;76;kWh;0;27;0;0;27;27
25/03/2024 19:00;25/03/2024 19:15;77;kWh;0;39225;0;0;39225;39225
25/03/2024 19:15;25/03/2024 19:30;78;kWh;-540;477;0;0;1017;-63
25/03/2024 19:30;25/03/2024 19:45;79;kWh;-15273;0;0;0;15273;-15273
25/03/2024 19:45;25/03/2024 20:00;80;kWh;-43716;0;0;0;43716;-43716
25/03/2024 20:00;25/03/2024 20:15;81;kWh;-204;0;0;0;204;-204
25/03/2024 20:15;25/03/2024 20:30;82;kWh;-482;0;0;0;482;-482
25/03/2024 20:30;25/03/2024 20:45;83;kWh;-6717;0;0;0;6717;-6717
25/03/2024 20:45;25/03/2024 21:00;84;kWh;-125;0;0;0;125;-125
25/03/2024 21:00;25/03/2024 21:15;85;kWh;0;439;0;0;439;439
25/03/2024 21:15;25/03/2024 21:30;86;kWh;0;51532;0;0;51532;51532
25/03/2024 21:30;25/03/2024 21:45;87;kWh;0;1437;0;0;1437;1437
25/03/2024 21:45;25/03/2024 22:00;88;kWh;0;0;0;0;0;0
25/03/2024 22:00;25/03/2024 22:15;89;kWh;-252;0;0;0;252;-252
25/03/2024 22:15;25/03/2024 22:30;90;kWh;-1488;0;0;0;1488;-1488
25/03/2024 22:30;25/03/2024 22:45;91;kWh;-5492;0;0;0;5492;-5492
25/03/2024 22:45;25/03/2024 23:00;92;kWh;-24335;0;0;0;24335;-24335
25/03/2024 23:00;25/03/2024 23:15;93;kWh;-10909;0;0;0;10909;-10909
25/03/2024 23:15;25/03/2024 23:30;94;kWh;-18090;0;0;0;18090;-18090
25/03/2024 23:30;25/03/2024 23:45;95;kWh;-16714;0;0;0;16714;-16714
25/03/2024 23:45;26/03/2024 00:00;96;kWh;-10692;0;0;0;10692;-10692
26/03/2024 00:00;26/03/2024 00:15;1;kWh;-313;0;0;0;313;-313
26/03/2024 00:15;26/03/2024 00:30;2;kWh;0;0;0;0;0;0
26/03/2024 00:30;26/03/2024 00:45;3;kWh;-131;0;0;0;131;-131
26/03/2024 00:45;26/03/2024 01:00;4;kWh;-5376;0;0;0;5376;-5376
26/03/2024 01:00;26/03/2024 01:15;5;kWh;-6728;616;0;0;7344;-6112
26/03/2024 01:15;26/03/2024 01:30;6;kWh;-1078;0;0;0;1078;-1078
26/03/2024 01:30;26/03/2024 01:45;7;kWh;-2954;0;0;0;2954;-2954
26/03/2024 01:45;26/03/2024 02:00;8;kWh;-3290;0;0;0;3290;-3290
26/03/2024 02:00;26/03/2024 02:15;9;kWh;-1735;0;0;0;1735;-1735
26/03/2024 02:15;26/03/2024 02:30;10;kWh;0;0;0;0;0;0
26/03/2024 02:30;26/03/2024 02:45;11;kWh;-2437;0;0;0;2437;-2437
26/03/2024 02:45;26/03/2024 03:00;12;kWh;-3181;0;0;0;3181;-3181
26/03/2024 03:00;26/03/2024 03:15;13;kWh;-951;0;0;0;951;-951
26/03/2024 03:15;26/03/2024 03:30;14;kWh;0;0;0;0;0;0
26/03/2024 03:30;26/03/2024 03:45;15;kWh;0;0;0;0;0;0
26/03/2024 03:45;26/03/2024 04:00;16;kWh;0;12;0;0;12;12
26/03/2024 04:00;26/03/2024 04:15;17;kWh;0;9;0;0;9;9
26/03/2024 04:15;26/03/2024 04:30;18;kWh;0;0;0;0;0;0
26/03/2024 04:30;26/03/2024 04:45;19;kWh;0;2353;0;0;2353;2353
26/03/2024 04:45;26/03/2024 05:00;20;kWh;0;4125;0;0;4125;4125
26/03/2024 05:00;26/03/2024 05:15;21;kWh;0;4353;0;0;4353;4353
26/03/2024 05:15;26/03/2024 05:30;22;kWh;0;8985;0;0;8985;8985
26/03/2024 05:30;26/03/2024 05:45;23;kWh;0;17724;0;0;17724;17724
26/03/2024 05:45;26/03/2024 06:00;24;kWh;0;31114;0;0;31114;31114
26/03/2024 06:00;26/03/2024 06:15;25;kWh;-275;8762;0;0;9037;8487
26/03/2024 06:15;26/03/2024 06:30;26;kWh;0;1323;0;0;1323;1323
26/03/2024 06:30;26/03/2024 06:45;27;kWh;0;2151;0;0;2151;2151
26/03/2024 06:45;26/03/2024 07:00;28;kWh;0;17009;0;0;17009;17009
26/03/2024 07:00;26/03/2024 07:15;29;kWh;-1036;5166;0;0;6202;4130
26/03/2024 07:15;26/03/2024 07:30;30;kWh;-1888;0;0;0;1888;-1888
26/03/2024 07:30;26/03/2024 07:45;31;kWh;0;5038;0;0;5038;5038
26/03/2024 07:45;26/03/2024 08:00;32;kWh;0;11983;0;0;11983;11983
26/03/2024 08:00;26/03/2024 08:15;33;kWh;0;373;0;0;373;373
26/03/2024 08:15;26/03/2024 08:30;34;kWh;0;0;0;0;0;0
26/03/2024 08:30;26/03/2024 08:45;35;kWh;0;2598;0;0;2598;2598
26/03/2024 08:45;26/03/2024 09:00;36;kWh;0;22561;0;0;22561;22561
26/03/2024 09:00;26/03/2024 09:15;37;kWh;-554;46945;0;0;47499;46391
26/03/2024 09:15;26/03/2024 09:30;38;kWh;-645;9956;0;0;10601;9311
26/03/2024 09:30;26/03/2024 09:45;39;kWh;0;67250;0;0;67250;67250
26/03/2024 09:45;26/03/2024 10:00;40;kWh;0;17180;0;0;17180;17180
26/03/2024 10:00;26/03/2024 10:15;41;kWh;0;51121;0;0;51121;51121
26/03/2024 10:15;26/03/2024 10:30;42;kWh;0;64914;0;0;64914;64914
26/03/2024 10:30;26/03/2024 10:45;43;kWh;0;83270;0;0;83270;83270
26/03/2024 10:45;26/03/2024 11:00;44;kWh;0;33647;0;0;33647;33647
26/03/2024 11:00;26/03/2024 11:15;45;kWh;-19;5567;0;0;5586;5548
26/03/2024 11:15;26/03/2024 11:30;46;kWh;0;13124;0;0;13124;13124
26/03/2024 11:30;26/03/2024 11:45;47;kWh;0;29389;0;0;29389;29389
26/03/2024 11:45;26/03/2024 12:00;48;kWh;-2240;1825;0;0;4065;-415
26/03/2024 12:00;26/03/2024 12:15;49;kWh;-4278;22727;0;0;27005;18449
26/03/2024 12:15;26/03/2024 12:30;50;kWh;0;37144;0;0;37144;37144
26/03/2024 12:30;26/03/2024 12:45;51;kWh;-988;977;0;0;1965;-11
26/03/2024 12:45;26/03/2024 13:00;52;kWh;-4516;2189;0;0;6705;-2327
26/03/2024 13:00;26/03/2024 13:15;53;kWh;-136;56292;0;0;56428;56156
26/03/2024 13:15;26/03/2024 13:30;54;kWh;-1582;21966;0;0;23548;20384
26/03/2024 13:30;26/03/2024 13:45;55;kWh;0;40881;0;0;40881;40881
26/03/2024 13:45;26/03/2024 14:00;56;kWh;0;41175;0;0;41175;41175
26/03/2024 14:00;26/03/2024 14:15;57;kWh;-111;2767;0;0;2878;2656
26/03/2024 14:15;26/03/2024 14:30;58;kWh;0;8138;0;0;8138;8138
26/03/2024 14:30;26/03/2024 14:45;59;kWh;0;56721;0;0;56721;56721
26/03/2024 14:45;26/03/2024 15:00;60;kWh;0;71021;0;0;71021;71021
26/03/2024 15:00;26/03/2024 15:15;61;kWh;-261;12768;0;0;13029;12507
26/03/2024 15:15;26/03/2024 15:30;62;kWh;0;7280;0;0;7280;7280
26/03/2024 15:30;26/03/2024 15:45;63;kWh;0;53807;0;0;53807;53807
26/03/2024 15:45;26/03/2024 16:00;64;kWh;-2785;15986;0;0;18771;13201
26/03/2024 16:00;26/03/2024 16:15;65;kWh;-8828;73;0;0;8901;-8755
26/03/2024 16:15;26/03/2024 16:30;66;kWh;-1645;215;0;0;1860;-1430
26/03/2024 16:30;26/03/2024 16:45;67;kWh;-21746;761;0;0;22507;-20985
26/03/2024 16:45;26/03/2024 17:00;68;kWh;-21793;3939;0;0;25732;-17854
26/03/2024 17:00;26/03/2024 17:15;69;kWh;-851;10422;0;0;11273;9571
26/03/2024 17:15;26/03/2024 17:30;70;kWh;-1656;0;0;0;1656;-1656
26/03/2024 17:30;26/03/2024 17:45;71;kWh;-1077;0;0;0;1077;-1077
26/03/2024 17:45;26/03/2024 18:00;72;kWh;0;0;0;0;0;0
26/03/2024 18:00;26/03/2024 18:15;73;kWh;-11385;0;0;0;11385;-11385
26/03/2024 18:15;26/03/2024 18:30;74;kWh;-3412;0;0;0;3412;-3412
26/03/2024 18:30;26/03/2024 18:45;75;kWh;0;0;0;0;0;0
26/03/2024 18:45;26/03/2024 19:00;76;kWh;0;26021;0;0;26021;26021
26/03/2024 19:00;26/03/2024 19:15;77;kWh;0;53013;0;0;53013;53013
26/03/2024 19:15;26/03/2024 19:30;78;kWh;0;2487;0;0;2487;2487
26/03/2024 19:30;26/03/2024 19:45;79;kWh;0;75;0;0;75;75
26/03/2024 19:45;26/03/2024 20:00;80;kWh;-1870;0;0;0;1870;-1870
26/03/2024 20:00;26/03/2024 20:15;81;kWh;0;3674;0;0;3674;3674
26/03/2024 20:15;26/03/2024 20:30;82;kWh;-5126;0;0;0;5126;-5126
26/03/2024 20:30;26/03/2024 20:45;83;kWh;-7587;0;0;0;7587;-7587
26/03/2024 20:45;26/03/2024 21:00;84;kWh;-2203;0;0;0;2203;-2203
26/03/2024 21:00;26/03/2024 21:15;85;kWh;-185;10353;0;0;10538;10168
26/03/2024 21:15;26/03/2024 21:30;86;kWh;0;13891;0;0;13891;13891
26/03/2024 21:30;26/03/2024 21:45;87;kWh;-35;2339;0;0;2374;2304
26/03/2024 21:45;26/03/2024 22:00;88;kWh;-33133;0;0;0;33133;-33133
26/03/2024 22:00;26/03/2024 22:15;89;kWh;-10406;44263;0;0;54669;33857
26/03/2024 22:15;26/03/2024 22:30;90;kWh;-426;39869;0;0;40295;39443
26/03/2024 22:30;26/03/2024 22:45;91;kWh;-943;0;0;0;943;-943
26/03/2024 22:45;26/03/2024 23:00;92;kWh;-886;0;0;0;886;-886
26/03/2024 23:00;26/03/2024 23:15;93;kWh;-887;15882;0;0;16769;14995
26/03/2024 23:15;26/03/2024 23:30;94;kWh;0;23062;0;0;23062;23062
26/03/2024 23:30;26/03/2024 23:45;95;kWh;0;5300;0;0;5300;5300
26/03/2024 23:45;27/03/2024 00:00;96;kWh;-17805;0;0;0;17805;-17805
27/03/2024 00:00;27/03/2024 00:15;1;kWh;-7720;1373;0;0;9093;-6347
27/03/2024 00:15;27/03/2024 00:30;2;kWh;0;0;0;0;0;0
27/03/2024 00:30;27/03/2024 00:45;3;kWh;0;0;0;0;0;0
27/03/2024 00:45;27/03/2024 01:00;4;kWh;-8098;0;0;0;8098;-8098
27/03/2024 01:00;27/03/2024 01:15;5;kWh;-1456;31197;0;0;32653;29741
27/03/2024 01:15;27/03/2024 01:30;6;kWh;0;31148;0;0;31148;31148
27/03/2024 01:30;27/03/2024 01:45;7;kWh;0;1199;0;0;1199;1199
27/03/2024 01:45;27/03/2024 02:00;8;kWh;-13973;0;0;0;13973;-13973
27/03/2024 02:00;27/03/2024 02:15;9;kWh;-13246;4406;0;0;17652;-8840
27/03/2024 02:15;27/03/2024 02:30;10;kWh;-29044;5024;0;0;34068;-24020
27/03/2024 02:30;27/03/2024 02:45;11;kWh;-16640;934;0;0;17574;-15706
27/03/2024 02:45;27/03/2024 03:00;12;kWh;-28332;0;0;0;28332;-28332
27/03/2024 03:00;27/03/2024 03:15;13;kWh;-36049;0;0;0;36049;-36049
27/03/2024 03:15;27/03/2024 03:30;14;kWh;-22006;0;0;0;22006;-22006
27/03/2024 03:30;27/03/2024 03:45;15;kWh;-30650;0;0;0;30650;-30650
27/03/2024 03:45;27/03/2024 04:00;16;kWh;-45630;0;0;0;45630;-45630
27/03/2024 04:00;27/03/2024 04:15;17;kWh;-33919;164;0;0;34083;-33755
27/03/2024 04:15;27/03/2024 04:30;18;kWh;-19409;33;0;0;19442;-19376
27/03/2024 04:30;27/03/2024 04:45;19;kWh;-12723;1652;0;0;14375;-11071
27/03/2024 04:45;27/03/2024 05:00;20;kWh;-17387;367;0;0;17754;-17020
27/03/2024 05:00;27/03/2024 05:15;21;kWh;-7430;5;0;0;7435;-7425
27/03/2024 05:15;27/03/2024 05:30;22;kWh;0;398;0;0;398;398
27/03/2024 05:30;27/03/2024 05:45;23;kWh;0;12162;0;0;12162;12162
27/03/2024 05:45;27/03/2024 06:00;24;kWh;0;35315;0;0;35315;35315
27/03/2024 06:00;27/03/2024 06:15;25;kWh;-13684;3560;0;0;17244;-10124
27/03/2024 06:15;27/03/2024 06:30;26;kWh;-15344;2036;0;0;17380;-13308
27/03/2024 06:30;27/03/2024 06:45;27;kWh;-6433;4499;0;0;10932;-1934
27/03/2024 06:45;27/03/2024 07:00;28;kWh;-10013;0;0;0;10013;-10013
27/03/2024 07:00;27/03/2024 07:15;29;kWh;-27192;2784;0;0;29976;-24408
27/03/2024 07:15;27/03/2024 07:30;30;kWh;-160;1575;0;0;1735;1415
27/03/2024 07:30;27/03/2024 07:45;31;kWh;0;4975;0;0;4975;4975
27/03/2024 07:45;27/03/2024 08:00;32;kWh;0;51299;0;0;51299;51299
27/03/2024 08:00;27/03/2024 08:15;33;kWh;0;51743;0;0;51743;51743
27/03/2024 08:15;27/03/2024 08:30;34;kWh;0;46750;0;0;46750;46750
27/03/2024 08:30;27/03/2024 08:45;35;kWh;-12458;2545;0;0;15003;-9913
27/03/2024 08:45;27/03/2024 09:00;36;kWh;-13223;0;0;0;13223;-13223
27/03/2024 09:00;27/03/2024 09:15;37;kWh;-21207;0;0;0;21207;-21207
27/03/2024 09:15;27/03/2024 09:30;38;kWh;-35434;0;0;0;35434;-35434
27/03/2024 09:30;27/03/2024 09:45;39;kWh;-66058;0;0;0;66058;-66058
27/03/2024 09:45;27/03/2024 10:00;40;kWh;-22597;0;0;0;22597;-22597
27/03/2024 10:00;27/03/2024 10:15;41;kWh;-11881;0;0;0;11881;-11881
27/03/2024 10:15;27/03/2024 10:30;42;kWh;-2766;0;0;0;2766;-2766
27/03/2024 10:30;27/03/2024 10:45;43;kWh;-15004;0;0;0;15004;-15004
27/03/2024 10:45;27/03/2024 11:00;44;kWh;-29460;21;0;0;29481;-29439
27/03/2024 11:00;27/03/2024 11:15;45;kWh;-15467;6828;0;0;22295;-8639
27/03/2024 11:15;27/03/2024 11:30;46;kWh;0;6619;0;0;6619;6619
27/03/2024 11:30;27/03/2024 11:45;47;kWh;0;24889;0;0;24889;24889
27/03/2024 11:45;27/03/2024 12:00;48;kWh;0;26309;0;0;26309;26309
27/03/2024 12:00;27/03/2024 12:15;49;kWh;-7852;11;0;0;7863;-7841
27/03/2024 12:15;27/03/2024 12:30;50;kWh;-43288;0;0;0;43288;-43288
27/03/2024 12:30;27/03/2024 12:45;51;kWh;-43983;0;0;0;43983;-43983
27/03/2024 12:45;27/03/2024 13:00;52;kWh;-69198;0;0;0;69198;-69198
27/03/2024 13:00;27/03/2024 13:15;53;kWh;-46749;0;0;0;46749;-46749
27/03/2024 13:15;27/03/2024 13:30;54;kWh;-39611;0;0;0;39611;-39611
27/03/2024 13:30;27/03/2024 13:45;55;kWh;-56601;0;0;0;56601;-56601
27/03/2024 13:45;27/03/2024 14:00;56;kWh;-64650;0;0;0;64650;-64650
27/03/2024 14:00;27/03/2024 14:15;57;kWh;-23018;0;0;0;23018;-23018
27/03/2024 14:15;27/03/2024 14:30;58;kWh;-22231;0;0;0;22231;-22231
27/03/2024 14:30;27/03/2024 14:45;59;kWh;-30283;82;0;0;30365;-30201
27/03/2024 14:45;27/03/2024 15:00;60;kWh;-18;33634;0;0;33652;33616
27/03/2024 15:00;27/03/2024 15:15;61;kWh;0;101633;0;0;101633;101633
27/03/2024 15:15;27/03/2024 15:30;62;kWh;0;14306;0;0;14306;14306
27/03/2024 15:30;27/03/2024 15:45;63;kWh;0;43732;0;0;43732;43732
27/03/2024 15:45;27/03/2024 16:00;64;kWh;-51;3139;0;0;3190;3088
27/03/2024 16:00;27/03/2024 16:15;65;kWh;-32891;0;0;0;32891;-32891
27/03/2024 16:15;27/03/2024 16:30;66;kWh;-25387;0;0;0;25387;-25387
27/03/2024 16:30;27/03/2024 16:45;67;kWh;-27794;108;0;0;27902;-27686
27/03/2024 16:45;27/03/2024 17:00;68;kWh;-6975;46;0;0;7021;-6929
27/03/2024 17:00;27/03/2024 17:15;69;kWh;-46175;6;0;0;46181;-46169
27/03/2024 17:15;27/03/2024 17:30;70;kWh;-3835;25;0;0;3860;-3810
27/03/2024 17:30;27/03/2024 17:45;71;kWh;-673;0;0;0;673;-673
27/03/2024 17:45;27/03/2024 18:00;72;kWh;0;0;0;0;0;0
27/03/2024 18:00;27/03/2024 18:15;73;kWh;-1423;0;0;0;1423;-1423
27/03/2024 18:15;27/03/2024 18:30;74;kWh;-3089;0;0;0;3089;-3089
27/03/2024 18:30;27/03/2024 18:45;75;kWh;-1099;0;0;0;1099;-1099
27/03/2024 18:45;27/03/2024 19:00;76;kWh;0;0;0;0;0;0
27/03/2024 19:00;27/03/2024 19:15;77;kWh;0;0;0;0;0;0
27/03/2024 19:15;27/03/2024 19:30;78;kWh;0;0;0;0;0;0
27/03/2024 19:30;27/03/2024 19:45;79;kWh;-2835;0;0;0;2835;-2835
27/03/2024 19:45;27/03/2024 20:00;80;kWh;-30409;0;0;0;30409;-30409
27/03/2024 20:00;27/03/2024 20:15;81;kWh;-11761;33034;0;0;44795;21273
27/03/2024 20:15;27/03/2024 20:30;82;kWh;-18;1614;0;0;1632;1596
27/03/2024 20:30;27/03/2024 20:45;83;kWh;-859;0;0;0;859;-859
27/03/2024 20:45;27/03/2024 21:00;84;kWh;-323;13687;0;0;14010;13364
27/03/2024 21:00;27/03/2024 21:15;85;kWh;0;9147;0;0;9147;9147
27/03/2024 21:15;27/03/2024 21:30;86;kWh;0;4611;0;0;4611;4611
27/03/2024 21:30;27/03/2024 21:45;87;kWh;0;3749;0;0;3749;3749
27/03/2024 21:45;27/03/2024 22:00;88;kWh;0;0;0;0;0;0
27/03/2024 22:00;27/03/2024 22:15;89;kWh;-3441;0;0;0;3441;-3441
27/03/2024 22:15;27/03/2024 22:30;90;kWh;0;296;0;0;296;296
27/03/2024 22:30;27/03/2024 22:45;91;kWh;0;12911;0;0;12911;12911
27/03/2024 22:45;27/03/2024 23:00;92;kWh;0;2926;0;0;2926;2926
27/03/2024 23:00;27/03/2024 23:15;93;kWh;-15289;14345;0;0;29634;-944
27/03/2024 23:15;27/03/2024 23:30;94;kWh;-331;53418;0;0;53749;53087
27/03/2024 23:30;27/03/2024 23:45;95;kWh;-2977;140;0;0;3117;-2837
27/03/2024 23:45;28/03/2024 00:00;96;kWh;-11455;3228;0;0;14683;-8227
28/03/2024 00:00;28/03/2024 00:15;1;kWh;-22096;885;0;0;22981;-21211
28/03/2024 00:15;28/03/2024 00:30;2;kWh;-6199;2413;0;0;8612;-3786
28/03/2024 00:30;28/03/2024 00:45;3;kWh;-906;5496;0;0;6402;4590
28/03/2024 00:45;28/03/2024 01:00;4;kWh;-1344;0;0;0;1344;-1344
28/03/2024 01:00;28/03/2024 01:15;5;kWh;-190;35267;0;0;35457;35077
28/03/2024 01:15;28/03/2024 01:30;6;kWh;0;55031;0;0;55031;55031
28/03/2024 01:30;28/03/2024 01:45;7;kWh;0;52218;0;0;52218;52218
28/03/2024 01:45;28/03/2024 02:00;8;kWh;0;45804;0;0;45804;45804
28/03/2024 02:00;28/03/2024 02:15;9;kWh;0;90394;0;0;90394;90394
28/03/2024 02:15;28/03/2024 02:30;10;kWh;0;44235;0;0;44235;44235
28/03/2024 02:30;28/03/2024 02:45;11;kWh;0;35772;0;0;35772;35772
28/03/2024 02:45;28/03/2024 03:00;12;kWh;0;20994;0;0;20994;20994
28/03/2024 03:00;28/03/2024 03:15;13;kWh;0;2833;0;0;2833;2833
28/03/2024 03:15;28/03/2024 03:30;14;kWh;0;1;0;0;1;1
28/03/2024 03:30;28/03/2024 03:45;15;kWh;0;218;0;0;218;218
28/03/2024 03:45;28/03/2024 04:00;16;kWh;-20;365;0;0;385;345
28/03/2024 04:00;28/03/2024 04:15;17;kWh;-162;0;0;0;162;-162
28/03/2024 04:15;28/03/2024 04:30;18;kWh;0;0;0;0;0;0
28/03/2024 04:30;28/03/2024 04:45;19;kWh;-1755;0;0;0;1755;-1755
28/03/2024 04:45;28/03/2024 05:00;20;kWh;-435;0;0;0;435;-435
28/03/2024 05:00;28/03/2024 05:15;21;kWh;-8687;380;0;0;9067;-8307
28/03/2024 05:15;28/03/2024 05:30;22;kWh;-8938;465;0;0;9403;-8473
28/03/2024 05:30;28/03/2024 05:45;23;kWh;-1916;0;0;0;1916;-1916
28/03/2024 05:45;28/03/2024 06:00;24;kWh;-901;0;0;0;901;-901
28/03/2024 06:00;28/03/2024 06:15;25;kWh;-8156;61;0;0;8217;-8095
28/03/2024 06:15;28/03/2024 06:30;26;kWh;0;275;0;0;275;275
28/03/2024 06:30;28/03/2024 06:45;27;kWh;0;0;0;0;0;0
28/03/2024 06:45;28/03/2024 07:00;28;kWh;0;0;0;0;0;0
28/03/2024 07:00;28/03/2024 07:15;29;kWh;-7273;282;0;0;7555;-6991
28/03/2024 07:15;28/03/2024 07:30;30;kWh;-523;710;0;0;1233;187
28/03/2024 07:30;28/03/2024 07:45;31;kWh;-423;0;0;0;423;-423
28/03/2024 07:45;28/03/2024 08:00;32;kWh;0;1995;0;0;1995;1995
28/03/2024 08:00;28/03/2024 08:15;33;kWh;0;23833;0;0;23833;23833
28/03/2024 08:15;28/03/2024 08:30;34;kWh;0;56910;0;0;56910;56910
28/03/2024 08:30;28/03/2024 08:45;35;kWh;-44;31492;0;0;31536;31448
28/03/2024 08:45;28/03/2024 09:00;36;kWh;0;70370;0;0;70370;70370
28/03/2024 09:00;28/03/2024 09:15;37;kWh;0;79937;0;0;79937;79937
28/03/2024 09:15;28/03/2024 09:30;38;kWh;0;38754;0;0;38754;38754
28/03/2024 09:30;28/03/2024 09:45;39;kWh;0;50424;0;0;50424;50424
28/03/2024 09:45;28/03/2024 10:00;40;kWh;-1120;3434;0;0;4554;2314
28/03/2024 10:00;28/03/2024 10:15;41;kWh;-3557;5202;0;0;8759;1645
28/03/2024 10:15;28/03/2024 10:30;42;kWh;0;19;0;0;19;19
28/03/2024 10:30;28/03/2024 10:45;43;kWh;-6790;0;0;0;6790;-6790
28/03/2024 10:45;28/03/2024 11:00;44;kWh;-22890;0;0;0;22890;-22890
28/03/2024 11:00;28/03/2024 11:15;45;kWh;-1649;69000;0;0;70649;67351
28/03/2024 11:15;28/03/2024 11:30;46;kWh;0;45440;0;0;45440;45440
28/03/2024 11:30;28/03/2024 11:45;47;kWh;-18;3451;0;0;3469;3433
28/03/2024 11:45;28/03/2024 12:00;48;kWh;0;54;0;0;54;54
28/03/2024 12:00;28/03/2024 12:15;49;kWh;-96;0;0;0;96;-96
28/03/2024 12:15;28/03/2024 12:30;50;kWh;-95;0;0;0;95;-95
28/03/2024 12:30;28/03/2024 12:45;51;kWh;-1382;0;0;0;1382;-1382
28/03/2024 12:45;28/03/2024 13:00;52;kWh;-3088;0;0;0;3088;-3088
28/03/2024 13:00;28/03/2024 13:15;53;kWh;-193;0;0;0;193;-193
28/03/2024 13:15;28/03/2024 13:30;54;kWh;-10020;0;0;0;10020;-10020
28/03/2024 13:30;28/03/2024 13:45;55;kWh;-53798;1253;0;0;55051;-52545
28/03/2024 13:45;28/03/2024 14:00;56;kWh;-15975;0;0;0;15975;-15975
28/03/2024 14:00;28/03/2024 14:15;57;kWh;-52042;0;0;0;52042;-52042
28/03/2024 14:15;28/03/2024 14:30;58;kWh;-15510;0;0;0;15510;-15510
28/03/2024 14:30;28/03/2024 14:45;59;kWh;-25471;291;0;0;25762;-25180
28/03/2024 14:45;28/03/2024 15:00;60;kWh;-6330;247;0;0;6577;-6083
28/03/2024 15:00;28/03/2024 15:15;61;kWh;0;1333;0;0;1333;1333
28/03/2024 15:15;28/03/2024 15:30;62;kWh;0;4941;0;0;4941;4941
28/03/2024 15:30;28/03/2024 15:45;63;kWh;0;3713;0;0;3713;3713
28/03/2024 15:45;28/03/2024 16:00;64;kWh;0;16;0;0;16;16
28/03/2024 16:00;28/03/2024 16:15;65;kWh;-240;0;0;0;240;-240
28/03/2024 16:15;28/03/2024 16:30;66;kWh;-19;0;0;0;19;-19
28/03/2024 16:30;28/03/2024 16:45;67;kWh;0;0;0;0;0;0
28/03/2024 16:45;28/03/2024 17:00;68;kWh;-9428;0;0;0;9428;-9428
28/03/2024 17:00;28/03/2024 17:15;69;kWh;-37657;0;0;0;37657;-37657
28/03/2024 17:15;28/03/2024 17:30;70;kWh;-22373;2052;0;0;24425;-20321
28/03/2024 17:30;28/03/2024 17:45;71;kWh;-3847;697;0;0;4544;-3150
28/03/2024 17:45;28/03/2024 18:00;72;kWh;0;0;0;0;0;0
28/03/2024 18:00;28/03/2024 18:15;73;kWh;-1990;155;0;0;2145;-1835
28/03/2024 18:15;28/03/2024 18:30;74;kWh;-2;48648;0;0;48650;48646
28/03/2024 18:30;28/03/2024 18:45;75;kWh;0;62196;0;0;62196;62196
28/03/2024 18:45;28/03/2024 19:00;76;kWh;0;39651;0;0;39651;39651
28/03/2024 19:00;28/03/2024 19:15;77;kWh;0;80959;0;0;80959;80959
28/03/2024 19:15;28/03/2024 19:30;78;kWh;0;52306;0;0;52306;52306
28/03/2024 19:30;28/03/2024 19:45;79;kWh;0;18451;0;0;18451;18451
28/03/2024 19:45;28/03/2024 20:00;80;kWh;-913;0;0;0;913;-913
28/03/2024 20:00;28/03/2024 20:15;81;kWh;-629;0;0;0;629;-629
28/03/2024 20:15;28/03/2024 20:30;82;kWh;-2266;0;0;0;2266;-2266
28/03/2024 20:30;28/03/2024 20:45;83;kWh;-484;0;0;0;484;-484
28/03/2024 20:45;28/03/2024 21:00;84;kWh;-6563;0;0;0;6563;-6563
28/03/2024 21:00;28/03/2024 21:15;85;kWh;-922;7706;0;0;8628;6784
28/03/2024 21:15;28/03/2024 21:30;86;kWh;0;3380;0;0;3380;3380
28/03/2024 21:30;28/03/2024 21:45;87;kWh;-7789;0;0;0;7789;-7789
28/03/2024 21:45;28/03/2024 22:00;88;kWh;-12201;0;0;0;12201;-12201
28/03/2024 22:00;28/03/2024 22:15;89;kWh;-350;679;0;0;1029;329
28/03/2024 22:15;28/03/2024 22:30;90;kWh;-987;0;0;0;987;-987
28/03/2024 22:30;28/03/2024 22:45;91;kWh;-8728;0;0;0;8728;-8728
28/03/2024 22:45;28/03/2024 23:00;92;kWh;-6419;0;0;0;6419;-6419
28/03/2024 23:00;28/03/2024 23:15;93;kWh;-593;0;0;0;593;-593
28/03/2024 23:15;28/03/2024 23:30;94;kWh;-1872;0;0;0;1872;-1872
28/03/2024 23:30;28/03/2024 23:45;95;kWh;-4109;0;0;0;4109;-4109
28/03/2024 23:45;29/03/2024 00:00;96;kWh;-5150;0;0;0;5150;-5150
29/03/2024 00:00;29/03/2024 00:15;1;kWh;-16;0;0;0;16;-16
29/03/2024 00:15;29/03/2024 00:30;2;kWh;0;1252;0;0;1252;1252
29/03/2024 00:30;29/03/2024 00:45;3;kWh;0;11114;0;0;11114;11114
29/03/2024 00:45;29/03/2024 01:00;4;kWh;0;820;0;0;820;820
29/03/2024 01:00;29/03/2024 01:15;5;kWh;0;19743;0;0;19743;19743
29/03/2024 01:15;29/03/2024 01:30;6;kWh;0;23497;0;0;23497;23497
29/03/2024 01:30;29/03/2024 01:45;7;kWh;0;7700;0;0;7700;7700
29/03/2024 01:45;29/03/2024 02:00;8;kWh;-232;0;0;0;232;-232
29/03/2024 02:00;29/03/2024 02:15;9;kWh;-325;0;0;0;325;-325
29/03/2024 02:15;29/03/2024 02:30;10;kWh;-2537;0;0;0;2537;-2537
29/03/2024 02:30;29/03/2024 02:45;11;kWh;-703;0;0;0;703;-703
29/03/2024 02:45;29/03/2024 03:00;12;kWh;-7865;0;0;0;7865;-7865
29/03/2024 03:00;29/03/2024 03:15;13;kWh;-6215;0;0;0;6215;-6215
29/03/2024 03:15;29/03/2024 03:30;14;kWh;-7073;0;0;0;7073;-7073
29/03/2024 03:30;29/03/2024 03:45;15;kWh;-7090;0;0;0;7090;-7090
29/03/2024 03:45;29/03/2024 04:00;16;kWh;-7723;0;0;0;7723;-7723
29/03/2024 04:00;29/03/2024 04:15;17;kWh;-5500;0;0;0;5500;-5500
29/03/2024 04:15;29/03/2024 04:30;18;kWh;-10306;0;0;0;10306;-10306
29/03/2024 04:30;29/03/2024 04:45;19;kWh;-12936;230;0;0;13166;-12706
29/03/2024 04:45;29/03/2024 05:00;20;kWh;-13565;994;0;0;14559;-12571
29/03/2024 05:00;29/03/2024 05:15;21;kWh;-3156;52;0;0;3208;-3104
29/03/2024 05:15;29/03/2024 05:30;22;kWh;-6421;0;0;0;6421;-6421
29/03/2024 05:30;29/03/2024 05:45;23;kWh;-12469;0;0;0;12469;-12469
29/03/2024 05:45;29/03/2024 06:00;24;kWh;-10374;0;0;0;10374;-10374
29/03/2024 06:00;29/03/2024 06:15;25;kWh;-16684;0;0;0;16684;-16684
29/03/2024 06:15;29/03/2024 06:30;26;kWh;-10928;0;0;0;10928;-10928
29/03/2024 06:30;29/03/2024 06:45;27;kWh;-11511;298;0;0;11809;-11213
29/03/2024 06:45;29/03/2024 07:00;28;kWh;-14885;144;0;0;15029;-14741
29/03/2024 07:00;29/03/2024 07:15;29;kWh;-15495;0;0;0;15495;-15495
29/03/2024 07:15;29/03/2024 07:30;30;kWh;-13489;380;0;0;13869;-13109
29/03/2024 07:30;29/03/2024 07:45;31;kWh;-12742;242;0;0;12984;-12500
29/03/2024 07:45;29/03/2024 08:00;32;kWh;-35291;13;0;0;35304;-35278
29/03/2024 08:00;29/03/2024 08:15;33;kWh;-13599;443;0;0;14042;-13156
29/03/2024 08:15;29/03/2024 08:30;34;kWh;-12978;0;0;0;12978;-12978
29/03/2024 08:30;29/03/2024 08:45;35;kWh;-30894;0;0;0;30894;-30894
29/03/2024 08:45;29/03/2024 09:00;36;kWh;-23021;0;0;0;23021;-23021
29/03/2024 09:00;29/03/2024 09:15;37;kWh;-31013;0;0;0;31013;-31013
29/03/2024 09:15;29/03/2024 09:30;38;kWh;-21652;0;0;0;21652;-21652
29/03/2024 09:30;29/03/2024 09:45;39;kWh;-25913;0;0;0;25913;-25913
29/03/2024 09:45;29/03/2024 10:00;40;kWh;-17017;0;0;0;17017;-17017
29/03/2024 10:00;29/03/2024 10:15;41;kWh;-24939;0;0;0;24939;-24939
29/03/2024 10:15;29/03/2024 10:30;42;kWh;-30609;0;0;0;30609;-30609
29/03/2024 10:30;29/03/2024 10:45;43;kWh;-49315;0;0;0;49315;-49315
29/03/2024 10:45;29/03/2024 11:00;44;kWh;-74795;0;0;0;74795;-74795
29/03/2024 11:00;29/03/2024 11:15;45;kWh;-76883;0;0;0;76883;-76883
29/03/2024 11:15;29/03/2024 11:30;46;kWh;-78883;0;0;0;78883;-78883
29/03/2024 11:30;29/03/2024 11:45;47;kWh;-85627;0;0;0;85627;-85627
29/03/2024 11:45;29/03/2024 12:00;48;kWh;-53768;0;0;0;53768;-53768
29/03/2024 12:00;29/03/2024 12:15;49;kWh;-19541;0;0;0;19541;-19541
29/03/2024 12:15;29/03/2024 12:30;50;kWh;-9905;0;0;0;9905;-9905
29/03/2024 12:30;29/03/2024 12:45;51;kWh;-2512;0;0;0;2512;-2512
29/03/2024 12:45;29/03/2024 13:00;52;kWh;-4224;0;0;0;4224;-4224
29/03/2024 13:00;29/03/2024 13:15;53;kWh;-1992;0;0;0;1992;-1992
29/03/2024 13:15;29/03/2024 13:30;54;kWh;-8183;941;0;0;9124;-7242
29/03/2024 13:30;29/03/2024 13:45;55;kWh;-5565;533;0;0;6098;-5032
29/03/2024 13:45;29/03/2024 14:00;56;kWh;-3304;0;0;0;3304;-3304
29/03/2024 14:00;29/03/2024 14:15;57;kWh;-4245;0;0;0;4245;-4245
29/03/2024 14:15;29/03/2024 14:30;58;kWh;-2511;319;0;0;2830;-2192
29/03/2024 14:30;29/03/2024 14:45;59;kWh;-2295;0;0;0;2295;-2295
29/03/2024 14:45;29/03/2024 15:00;60;kWh;-1698;0;0;0;1698;-1698
29/03/2024 15:00;29/03/2024 15:15;61;kWh;-1318;0;0;0;1318;-1318
29/03/2024 15:15;29/03/2024 15:30;62;kWh;0;0;0;0;0;0
29/03/2024 15:30;29/03/2024 15:45;63;kWh;0;7;0;0;7;7
29/03/2024 15:45;29/03/2024 16:00;64;kWh;0;24029;0;0;24029;24029
29/03/2024 16:00;29/03/2024 16:15;65;kWh;-10568;725;0;0;11293;-9843
29/03/2024 16:15;29/03/2024 16:30;66;kWh;-5013;0;0;0;5013;-5013
29/03/2024 16:30;29/03/2024 16:45;67;kWh;-777;0;0;0;777;-777
29/03/2024 16:45;29/03/2024 17:00;68;kWh;0;14658;0;0;14658;14658
29/03/2024 17:00;29/03/2024 17:15;69;kWh;-24613;4325;0;0;28938;-20288
29/03/2024 17:15;29/03/2024 17:30;70;kWh;-12230;178;0;0;12408;-12052
29/03/2024 17:30;29/03/2024 17:45;71;kWh;-21;16229;0;0;16250;16208
29/03/2024 17:45;29/03/2024 18:00;72;kWh;0;30769;0;0;30769;30769
29/03/2024 18:00;29/03/2024 18:15;73;kWh;-1818;11637;0;0;13455;9819
29/03/2024 18:15;29/03/2024 18:30;74;kWh;-1836;0;0;0;1836;-1836
29/03/2024 18:30;29/03/2024 18:45;75;kWh;-18;0;0;0;18;-18
29/03/2024 18:45;29/03/2024 19:00;76;kWh;-1018;0;0;0;1018;-1018
29/03/2024 19:00;29/03/2024 19:15;77;kWh;-21;0;0;0;21;-21
29/03/2024 19:15;29/03/2024 19:30;78;kWh;0;16876;0;0;16876;16876
29/03/2024 19:30;29/03/2024 19:45;79;kWh;0;5188;0;0;5188;5188
29/03/2024 19:45;29/03/2024 20:00;80;kWh;0;0;0;0;0;0
29/03/2024 20:00;29/03/2024 20:15;81;kWh;0;44903;0;0;44903;44903
29/03/2024 20:15;29/03/2024 20:30;82;kWh;0;77320;0;0;77320;77320
29/03/2024 20:30;29/03/2024 20:45;83;kWh;0;11148;0;0;11148;11148
29/03/2024 20:45;29/03/2024 21:00;84;kWh;0;1082;0;0;1082;1082
29/03/2024 21:00;29/03/2024 21:15;85;kWh;0;14061;0;0;14061;14061
29/03/2024 21:15;29/03/2024 21:30;86;kWh;0;22575;0;0;22575;22575
29/03/2024 21:30;29/03/2024 21:45;87;kWh;0;30038;0;0;30038;30038
29/03/2024 21:45;29/03/2024 22:00;88;kWh;0;22981;0;0;22981;22981
29/03/2024 22:00;29/03/2024 22:15;89;kWh;0;69515;0;0;69515;69515
29/03/2024 22:15;29/03/2024 22:30;90;kWh;0;75285;0;0;75285;75285
29/03/2024 22:30;29/03/2024 22:45;91;kWh;0;44325;0;0;44325;44325
29/03/2024 22:45;29/03/2024 23:00;92;kWh;0;20939;0;0;20939;20939
29/03/2024 23:00;29/03/2024 23:15;93;kWh;-508;990;0;0;1498;482
29/03/2024 23:15;29/03/2024 23:30;94;kWh;-13813;0;0;0;13813;-13813
29/03/2024 23:30;29/03/2024 23:45;95;kWh;-10443;0;0;0;10443;-10443
29/03/2024 23:45;30/03/2024 00:00;96;kWh;-11981;0;0;0;11981;-11981
30/03/2024 00:00;30/03/2024 00:15;1;kWh;-5607;0;0;0;5607;-5607
30/03/2024 00:15;30/03/2024 00:30;2;kWh;-45757;0;0;0;45757;-45757
30/03/2024 00:30;30/03/2024 00:45;3;kWh;-70391;0;0;0;70391;-70391
30/03/2024 00:45;30/03/2024 01:00;4;kWh;-125768;0;0;0;125768;-125768
30/03/2024 01:00;30/03/2024 01:15;5;kWh;-65424;0;0;0;65424;-65424
30/03/2024 01:15;30/03/2024 01:30;6;kWh;-70823;0;0;0;70823;-70823
30/03/2024 01:30;30/03/2024 01:45;7;kWh;-53647;0;0;0;53647;-53647
30/03/2024 01:45;30/03/2024 02:00;8;kWh;-110503;0;0;0;110503;-110503
30/03/2024 02:00;30/03/2024 02:15;9;kWh;-29471;0;0;0;29471;-29471
30/03/2024 02:15;30/03/2024 02:30;10;kWh;-3797;0;0;0;3797;-3797
30/03/2024 02:30;30/03/2024 02:45;11;kWh;-1293;0;0;0;1293;-1293
30/03/2024 02:45;30/03/2024 03:00;12;kWh;0;391;0;0;391;391
30/03/2024 03:00;30/03/2024 03:15;13;kWh;0;3066;0;0;3066;3066
30/03/2024 03:15;30/03/2024 03:30;14;kWh;0;23638;0;0;23638;23638
30/03/2024 03:30;30/03/2024 03:45;15;kWh;0;34158;0;0;34158;34158
30/03/2024 03:45;30/03/2024 04:00;16;kWh;0;17357;0;0;17357;17357
30/03/2024 04:00;30/03/2024 04:15;17;kWh;0;67;0;0;67;67
30/03/2024 04:15;30/03/2024 04:30;18;kWh;0;0;0;0;0;0
30/03/2024 04:30;30/03/2024 04:45;19;kWh;0;0;0;0;0;0
30/03/2024 04:45;30/03/2024 05:00;20;kWh;-584;0;0;0;584;-584
30/03/2024 05:00;30/03/2024 05:15;21;kWh;-72899;0;0;0;72899;-72899
30/03/2024 05:15;30/03/2024 05:30;22;kWh;-47435;0;0;0;47435;-47435
30/03/2024 05:30;30/03/2024 05:45;23;kWh;-28526;0;0;0;28526;-28526
30/03/2024 05:45;30/03/2024 06:00;24;kWh;-16983;0;0;0;16983;-16983
30/03/2024 06:00;30/03/2024 06:15;25;kWh;-22772;485;0;0;23257;-22287
30/03/2024 06:15;30/03/2024 06:30;26;kWh;0;4226;0;0;4226;4226
30/03/2024 06:30;30/03/2024 06:45;27;kWh;-3064;0;0;0;3064;-3064
30/03/2024 06:45;30/03/2024 07:00;28;kWh;-1048;0;0;0;1048;-1048
30/03/2024 07:00;30/03/2024 07:15;29;kWh;-284;16;0;0;300;-268
30/03/2024 07:15;30/03/2024 07:30;30;kWh;0;8973;0;0;8973;8973
30/03/2024 07:30;30/03/2024 07:45;31;kWh;0;536;0;0;536;536
30/03/2024 07:45;30/03/2024 08:00;32;kWh;0;2;0;0;2;2
30/03/2024 08:00;30/03/2024 08:15;33;kWh;-2791;0;0;0;2791;-2791
30/03/2024 08:15;30/03/2024 08:30;34;kWh;-2938;0;0;0;2938;-2938
30/03/2024 08:30;30/03/2024 08:45;35;kWh;-4727;0;0;0;4727;-4727
30/03/2024 08:45;30/03/2024 09:00;36;kWh;-573;0;0;0;573;-573
30/03/2024 09:00;30/03/2024 09:15;37;kWh;-1263;2717;0;0;3980;1454
30/03/2024 09:15;30/03/2024 09:30;38;kWh;-252;548;0;0;800;296
30/03/2024 09:30;30/03/2024 09:45;39;kWh;-3498;0;0;0;3498;-3498
30/03/2024 09:45;30/03/2024 10:00;40;kWh;-14331;0;0;0;14331;-14331
30/03/2024 10:00;30/03/2024 10:15;41;kWh;-34693;0;0;0;34693;-34693
30/03/2024 10:15;30/03/2024 10:30;42;kWh;-1973;0;0;0;1973;-1973
30/03/2024 10:30;30/03/2024 10:45;43;kWh;-1567;0;0;0;1567;-1567
30/03/2024 10:45;30/03/2024 11:00;44;kWh;-13195;0;0;0;13195;-13195
30/03/2024 11:00;30/03/2024 11:15;45;kWh;-4892;6203;0;0;11095;1311
30/03/2024 11:15;30/03/2024 11:30;46;kWh;0;57925;0;0;57925;57925
30/03/2024 11:30;30/03/2024 11:45;47;kWh;0;18046;0;0;18046;18046
30/03/2024 11:45;30/03/2024 12:00;48;kWh;0;56577;0;0;56577;56577
30/03/2024 12:00;30/03/2024 12:15;49;kWh;0;94458;0;0;94458;94458
30/03/2024 12:15;30/03/2024 12:30;50;kWh;0;65170;0;0;65170;65170
30/03/2024 12:30;30/03/2024 12:45;51;kWh;0;46739;0;0;46739;46739
30/03/2024 12:45;30/03/2024 13:00;52;kWh;0;31531;0;0;31531;31531
30/03/2024 13:00;30/03/2024 13:15;53;kWh;0;3647;0;0;3647;3647
30/03/2024 13:15;30/03/2024 13:30;54;kWh;0;7943;0;0;7943;7943
30/03/2024 13:30;30/03/2024 13:45;55;kWh;0;8460;0;0;8460;8460
30/03/2024 13:45;30/03/2024 14:00;56;kWh;0;5026;0;0;5026;5026
30/03/2024 14:00;30/03/2024 14:15;57;kWh;0;3851;0;0;3851;3851
30/03/2024 14:15;30/03/2024 14:30;58;kWh;-1304;0;0;0;1304;-1304
30/03/2024 14:30;30/03/2024 14:45;59;kWh;-24679;0;0;0;24679;-24679
30/03/2024 14:45;30/03/2024 15:00;60;kWh;-29727;0;0;0;29727;-29727
30/03/2024 15:00;30/03/2024 15:15;61;kWh;-67917;0;0;0;67917;-67917
30/03/2024 15:15;30/03/2024 15:30;62;kWh;-26773;0;0;0;26773;-26773
30/03/2024 15:30;30/03/2024 15:45;63;kWh;-83;0;0;0;83;-83
30/03/2024 15:45;30/03/2024 16:00;64;kWh;-40861;0;0;0;40861;-40861
30/03/2024 16:00;30/03/2024 16:15;65;kWh;-51906;0;0;0;51906;-51906
30/03/2024 16:15;30/03/2024 16:30;66;kWh;-19779;0;0;0;19779;-19779
30/03/2024 16:30;30/03/2024 16:45;67;kWh;-36025;0;0;0;36025;-36025
30/03/2024 16:45;30/03/2024 17:00;68;kWh;-14580;0;0;0;14580;-14580
30/03/2024 17:00;30/03/2024 17:15;69;kWh;-86736;0;0;0;86736;-86736
30/03/2024 17:15;30/03/2024 17:30;70;kWh;-87037;0;0;0;87037;-87037
30/03/2024 17:30;30/03/2024 17:45;71;kWh;-69983;0;0;0;69983;-69983
30/03/2024 17:45;30/03/2024 18:00;72;kWh;-53893;0;0;0;53893;-53893
30/03/2024 18:00;30/03/2024 18:15;73;kWh;-96460;0;0;0;96460;-96460
30/03/2024 18:15;30/03/2024 18:30;74;kWh;-44189;0;0;0;44189;-44189
30/03/2024 18:30;30/03/2024 18:45;75;kWh;-29;0;0;0;29;-29
30/03/2024 18:45;30/03/2024 19:00;76;kWh;0;0;0;0;0;0
30/03/2024 19:00;30/03/2024 19:15;77;kWh;-5419;0;0;0;5419;-5419
30/03/2024 19:15;30/03/2024 19:30;78;kWh;-15683;0;0;0;15683;-15683
30/03/2024 19:30;30/03/2024 19:45;79;kWh;-2601;0;0;0;2601;-2601
30/03/2024 19:45;30/03/2024 20:00;80;kWh;-986;0;0;0;986;-986
30/03/2024 20:00;30/03/2024 20:15;81;kWh;-3951;0;0;0;3951;-3951
30/03/2024 20:15;30/03/2024 20:30;82;kWh;-2818;0;0;0;2818;-2818
30/03/2024 20:30;30/03/2024 20:45;83;kWh;-228;0;0;0;228;-228
30/03/2024 20:45;30/03/2024 21:00;84;kWh;-10809;0;0;0;10809;-10809
30/03/2024 21:00;30/03/2024 21:15;85;kWh;-22932;0;0;0;22932;-22932
30/03/2024 21:15;30/03/2024 21:30;86;kWh;-35241;0;0;0;35241;-35241
30/03/2024 21:30;30/03/2024 21:45;87;kWh;-33193;0;0;0;33193;-33193
30/03/2024 21:45;30/03/2024 22:00;88;kWh;-40181;0;0;0;40181;-40181
30/03/2024 22:00;30/03/2024 22:15;89;kWh;-25763;0;0;0;25763;-25763
30/03/2024 22:15;30/03/2024 22:30;90;kWh;-28546;0;0;0;28546;-28546
30/03/2024 22:30;30/03/2024 22:45;91;kWh;-18938;0;0;0;18938;-18938
30/03/2024 22:45;30/03/2024 23:00;92;kWh;-19692;0;0;0;19692;-19692
30/03/2024 23:00;30/03/2024 23:15;93;kWh;-9830;0;0;0;9830;-9830
30/03/2024 23:15;30/03/2024 23:30;94;kWh;0;0;0;0;0;0
30/03/2024 23:30;30/03/2024 23:45;95;kWh;-2111;0;0;0;2111;-2111
30/03/2024 23:45;31/03/2024 00:00;96;kWh;-24160;0;0;0;24160;-24160
31/03/2024 00:00;31/03/2024 00:15;1;kWh;-2578;15023;0;0;17601;12445
31/03/2024 00:15;31/03/2024 00:30;2;kWh;0;15001;0;0;15001;15001
31/03/2024 00:30;31/03/2024 00:45;3;kWh;0;17662;0;0;17662;17662
31/03/2024 00:45;31/03/2024 01:00;4;kWh;0;5054;0;0;5054;5054
31/03/2024 01:00;31/03/2024 01:15;5;kWh;0;27544;0;0;27544;27544
31/03/2024 01:15;31/03/2024 01:30;6;kWh;0;26559;0;0;26559;26559
31/03/2024 01:30;31/03/2024 01:45;7;kWh;0;5612;0;0;5612;5612
31/03/2024 01:45;31/03/2024 02:00;8;kWh;-119;0;0;0;119;-119
31/03/2024 03:00;31/03/2024 03:15;9;kWh;-467;2952;0;0;3419;2485
31/03/2024 03:15;31/03/2024 03:30;10;kWh;0;16279;0;0;16279;16279
31/03/2024 03:30;31/03/2024 03:45;11;kWh;-631;1549;0;0;2180;918
31/03/2024 03:45;31/03/2024 04:00;12;kWh;-10763;0;0;0;10763;-10763
31/03/2024 04:00;31/03/2024 04:15;13;kWh;-28338;0;0;0;28338;-28338
31/03/2024 04:15;31/03/2024 04:30;14;kWh;-15272;0;0;0;15272;-15272
31/03/2024 04:30;31/03/2024 04:45;15;kWh;-50005;0;0;0;50005;-50005
31/03/2024 04:45;31/03/2024 05:00;16;kWh;-74275;0;0;0;74275;-74275
31/03/2024 05:00;31/03/2024 05:15;17;kWh;-40068;0;0;0;40068;-40068
31/03/2024 05:15;31/03/2024 05:30;18;kWh;-20825;0;0;0;20825;-20825
31/03/2024 05:30;31/03/2024 05:45;19;kWh;-71909;0;0;0;71909;-71909
31/03/2024 05:45;31/03/2024 06:00;20;kWh;-116261;0;0;0;116261;-116261
31/03/2024 06:00;31/03/2024 06:15;21;kWh;-30691;0;0;0;30691;-30691
31/03/2024 06:15;31/03/2024 06:30;22;kWh;-39439;0;0;0;39439;-39439
31/03/2024 06:30;31/03/2024 06:45;23;kWh;-95852;0;0;0;95852;-95852
31/03/2024 06:45;31/03/2024 07:00;24;kWh;-114853;0;0;0;114853;-114853
31/03/2024 07:00;31/03/2024 07:15;25;kWh;-113997;0;0;0;113997;-113997
31/03/2024 07:15;31/03/2024 07:30;26;kWh;-86923;0;0;0;86923;-86923
31/03/2024 07:30;31/03/2024 07:45;27;kWh;-92722;0;0;0;92722;-92722
31/03/2024 07:45;31/03/2024 08:00;28;kWh;-103386;0;0;0;103386;-103386
31/03/2024 08:00;31/03/2024 08:15;29;kWh;-59643;0;0;0;59643;-59643
31/03/2024 08:15;31/03/2024 08:30;30;kWh;-112101;0;0;0;112101;-112101
31/03/2024 08:30;31/03/2024 08:45;31;kWh;-90967;0;0;0;90967;-90967
31/03/2024 08:45;31/03/2024 09:00;32;kWh;-107143;0;0;0;107143;-107143
31/03/2024 09:00;31/03/2024 09:15;33;kWh;-5981;0;0;0;5981;-5981
31/03/2024 09:15;31/03/2024 09:30;34;kWh;-21717;0;0;0;21717;-21717
31/03/2024 09:30;31/03/2024 09:45;35;kWh;-100113;0;0;0;100113;-100113
31/03/2024 09:45;31/03/2024 10:00;36;kWh;-108557;0;0;0;108557;-108557
31/03/2024 10:00;31/03/2024 10:15;37;kWh;-10649;0;0;0;10649;-10649
31/03/2024 10:15;31/03/2024 10:30;38;kWh;-9598;0;0;0;9598;-9598
31/03/2024 10:30;31/03/2024 10:45;39;kWh;-50708;0;0;0;50708;-50708
31/03/2024 10:45;31/03/2024 11:00;40;kWh;-59170;0;0;0;59170;-59170
31/03/2024 11:00;31/03/2024 11:15;41;kWh;-54919;0;0;0;54919;-54919
31/03/2024 11:15;31/03/2024 11:30;42;kWh;-111647;0;0;0;111647;-111647
31/03/2024 11:30;31/03/2024 11:45;43;kWh;-115025;0;0;0;115025;-115025
31/03/2024 11:45;31/03/2024 12:00;44;kWh;-155455;0;0;0;155455;-155455
31/03/2024 12:00;31/03/2024 12:15;45;kWh;-145013;0;0;0;145013;-145013
31/03/2024 12:15;31/03/2024 12:30;46;kWh;-184045;0;0;0;184045;-184045
31/03/2024 12:30;31/03/2024 12:45;47;kWh;-200250;0;-91066;0;291316;-291316
31/03/2024 12:45;31/03/2024 13:00;48;kWh;-199417;0;-92916;0;292333;-292333
31/03/2024 13:00;31/03/2024 13:15;49;kWh;-196940;0;-92916;0;289856;-289856
31/03/2024 13:15;31/03/2024 13:30;50;kWh;-187086;0;-92916;0;280002;-280002
31/03/2024 13:30;31/03/2024 13:45;51;kWh;-161486;0;-83254;0;244740;-244740
31/03/2024 13:45;31/03/2024 14:00;52;kWh;-103311;0;-75405;0;178716;-178716
31/03/2024 14:00;31/03/2024 14:15;53;kWh;-114223;0;-73896;0;188119;-188119
31/03/2024 14:15;31/03/2024 14:30;54;kWh;-135054;0;-73896;0;208950;-208950
31/03/2024 14:30;31/03/2024 14:45;55;kWh;-48214;0;-63546;0;111760;-111760
31/03/2024 14:45;31/03/2024 15:00;56;kWh;-27759;0;0;0;27759;-27759
31/03/2024 15:00;31/03/2024 15:15;57;kWh;-32897;0;0;0;32897;-32897
31/03/2024 15:15;31/03/2024 15:30;58;kWh;-19001;0;0;0;19001;-19001
31/03/2024 15:30;31/03/2024 15:45;59;kWh;-43971;0;0;0;43971;-43971
31/03/2024 15:45;31/03/2024 16:00;60;kWh;-120284;0;0;0;120284;-120284
31/03/2024 16:00;31/03/2024 16:15;61;kWh;-73958;0;0;0;73958;-73958
31/03/2024 16:15;31/03/2024 16:30;62;kWh;-164602;0;0;0;164602;-164602
31/03/2024 16:30;31/03/2024 16:45;63;kWh;-132382;0;0;0;132382;-132382
31/03/2024 16:45;31/03/2024 17:00;64;kWh;-57461;0;0;0;57461;-57461
31/03/2024 17:00;31/03/2024 17:15;65;kWh;-84279;0;0;0;84279;-84279
31/03/2024 17:15;31/03/2024 17:30;66;kWh;-1138;10489;0;0;11627;9351
31/03/2024 17:30;31/03/2024 17:45;67;kWh;0;90781;0;0;90781;90781
31/03/2024 17:45;31/03/2024 18:00;68;kWh;0;39480;0;0;39480;39480
31/03/2024 18:00;31/03/2024 18:15;69;kWh;-31812;5827;0;0;37639;-25985
31/03/2024 18:15;31/03/2024 18:30;70;kWh;-53668;0;0;0;53668;-53668
31/03/2024 18:30;31/03/2024 18:45;71;kWh;-23994;0;0;0;23994;-23994
31/03/2024 18:45;31/03/2024 19:00;72;kWh;-3351;0;0;0;3351;-3351
31/03/2024 19:00;31/03/2024 19:15;73;kWh;-84297;0;0;0;84297;-84297
31/03/2024 19:15;31/03/2024 19:30;74;kWh;-49684;0;0;0;49684;-49684
31/03/2024 19:30;31/03/2024 19:45;75;kWh;-62317;0;0;0;62317;-62317
31/03/2024 19:45;31/03/2024 20:00;76;kWh;-12730;0;0;0;12730;-12730
31/03/2024 20:00;31/03/2024 20:15;77;kWh;-13954;0;0;0;13954;-13954
31/03/2024 20:15;31/03/2024 20:30;78;kWh;-27;5854;0;0;5881;5827
31/03/2024 20:30;31/03/2024 20:45;79;kWh;0;34483;0;0;34483;34483
31/03/2024 20:45;31/03/2024 21:00;80;kWh;-8808;6253;0;0;15061;-2555
31/03/2024 21:00;31/03/2024 21:15;81;kWh;-2965;53880;0;0;56845;50915
31/03/2024 21:15;31/03/2024 21:30;82;kWh;0;39709;0;0;39709;39709
31/03/2024 21:30;31/03/2024 21:45;83;kWh;0;2092;0;0;2092;2092
31/03/2024 21:45;31/03/2024 22:00;84;kWh;-16;0;0;0;16;-16
31/03/2024 22:00;31/03/2024 22:15;85;kWh;-126;0;0;0;126;-126
31/03/2024 22:15;31/03/2024 22:30;86;kWh;-4011;0;0;0;4011;-4011
31/03/2024 22:30;31/03/2024 22:45;87;kWh;-2129;0;0;0;2129;-2129
31/03/2024 22:45;31/03/2024 23:00;88;kWh;-239;1;0;0;240;-238
31/03/2024 23:00;31/03/2024 23:15;89;kWh;0;77578;0;0;77578;77578
31/03/2024 23:15;31/03/2024 23:30;90;kWh;0;107122;0;0;107122;107122
31/03/2024 23:30;31/03/2024 23:45;91;kWh;0;60101;0;0;60101;60101
31/03/2024 23:45;01/04/2024 00:00;92;kWh;0;23991;0;0;23991;23991
01/04/2024 00:00;01/04/2024 00:15;1;kWh;-6350;25081;0;0;31431;18731
01/04/2024 00:15;01/04/2024 00:30;2;kWh;0;71944;0;0;71944;71944
01/04/2024 00:30;01/04/2024 00:45;3;kWh;0;21298;0;0;21298;21298
01/04/2024 00:45;01/04/2024 01:00;4;kWh;-472;1538;0;0;2010;1066
01/04/2024 01:00;01/04/2024 01:15;5;kWh;0;5280;0;0;5280;5280
01/04/2024 01:15;01/04/2024 01:30;6;kWh;0;33755;0;0;33755;33755
01/04/2024 01:30;01/04/2024 01:45;7;kWh;0;51114;0;0;51114;51114
01/04/2024 01:45;01/04/2024 02:00;8;kWh;0;54770;0;0;54770;54770
01/04/2024 02:00;01/04/2024 02:15;9;kWh;0;84312;0;0;84312;84312
01/04/2024 02:15;01/04/2024 02:30;10;kWh;0;60762;0;0;60762;60762
01/04/2024 02:30;01/04/2024 02:45;11;kWh;0;68475;0;0;68475;68475
01/04/2024 02:45;01/04/2024 03:00;12;kWh;0;105880;0;0;105880;105880
01/04/2024 03:00;01/04/2024 03:15;13;kWh;0;28307;0;0;28307;28307
01/04/2024 03:15;01/04/2024 03:30;14;kWh;0;51900;0;0;51900;51900
01/04/2024 03:30;01/04/2024 03:45;15;kWh;0;24792;0;0;24792;24792
01/04/2024 03:45;01/04/2024 04:00;16;kWh;0;17092;0;0;17092;17092
01/04/2024 04:00;01/04/2024 04:15;17;kWh;-4002;4318;0;0;8320;316
01/04/2024 04:15;01/04/2024 04:30;18;kWh;-37;1361;0;0;1398;1324
01/04/2024 04:30;01/04/2024 04:45;19;kWh;-3621;0;0;0;3621;-3621
01/04/2024 04:45;01/04/2024 05:00;20;kWh;-4;13280;0;0;13284;13276
01/04/2024 05:00;01/04/2024 05:15;21;kWh;-1444;528;0;0;1972;-916
01/04/2024 05:15;01/04/2024 05:30;22;kWh;-174;0;0;0;174;-174
01/04/2024 05:30;01/04/2024 05:45;23;kWh;0;446;0;0;446;446
01/04/2024 05:45;01/04/2024 06:00;24;kWh;-9806;0;0;0;9806;-9806
01/04/2024 06:00;01/04/2024 06:15;25;kWh;-2596;188;0;0;2784;-2408
01/04/2024 06:15;01/04/2024 06:30;26;kWh;-4267;0;0;0;4267;-4267
01/04/2024 06:30;01/04/2024 06:45;27;kWh;-28590;0;0;0;28590;-28590
01/04/2024 06:45;01/04/2024 07:00;28;kWh;-50181;0;0;0;50181;-50181
01/04/2024 07:00;01/04/2024 07:15;29;kWh;-9806;1945;0;0;11751;-7861
01/04/2024 07:15;01/04/2024 07:30;30;kWh;-7566;87;0;0;7653;-7479
01/04/2024 07:30;01/04/2024 07:45;31;kWh;-3460;0;0;0;3460;-3460
01/04/2024 07:45;01/04/2024 08:00;32;kWh;-2745;0;0;0;2745;-2745
01/04/2024 08:00;01/04/2024 08:15;33;kWh;-2181;0;0;0;2181;-2181
01/04/2024 08:15;01/04/2024 08:30;34;kWh;-284;0;0;0;284;-284
01/04/2024 08:30;01/04/2024 08:45;35;kWh;-102;0;0;0;102;-102
01/04/2024 08:45;01/04/2024 09:00;36;kWh;-101;0;0;0;101;-101
01/04/2024 09:00;01/04/2024 09:15;37;kWh;-516;0;0;0;516;-516
01/04/2024 09:15;01/04/2024 09:30;38;kWh;-299;0;0;0;299;-299
01/04/2024 09:30;01/04/2024 09:45;39;kWh;-6;0;0;0;6;-6
01/04/2024 09:45;01/04/2024 10:00;40;kWh;0;1;0;0;1;1
01/04/2024 10:00;01/04/2024 10:15;41;kWh;0;18816;0;0;18816;18816
01/04/2024 10:15;01/04/2024 10:30;42;kWh;0;52554;0;0;52554;52554
01/04/2024 10:30;01/04/2024 10:45;43;kWh;0;46804;0;0;46804;46804
01/04/2024 10:45;01/04/2024 11:00;44;kWh;0;14924;0;0;14924;14924
01/04/2024 11:00;01/04/2024 11:15;45;kWh;-641;1154;0;0;1795;513
01/04/2024 11:15;01/04/2024 11:30;46;kWh;-949;0;0;0;949;-949
01/04/2024 11:30;01/04/2024 11:45;47;kWh;-3879;0;0;0;3879;-3879
01/04/2024 11:45;01/04/2024 12:00;48;kWh;-3086;7;0;0;3093;-3079
01/04/2024 12:00;01/04/2024 12:15;49;kWh;0;51357;0;0;51357;51357
01/04/2024 12:15;01/04/2024 12:30;50;kWh;0;4803;0;0;4803;4803
01/04/2024 12:30;01/04/2024 12:45;51;kWh;0;0;0;0;0;0
01/04/2024 12:45;01/04/2024 13:00;52;kWh;-1478;0;0;0;1478;-1478
01/04/2024 13:00;01/04/2024 13:15;53;kWh;-8712;0;0;0;8712;-8712
01/04/2024 13:15;01/04/2024 13:30;54;kWh;-16011;0;0;0;16011;-16011
01/04/2024 13:30;01/04/2024 13:45;55;kWh;-34107;0;0;0;34107;-34107
01/04/2024 13:45;01/04/2024 14:00;56;kWh;-45217;0;0;0;45217;-45217
01/04/2024 14:00;01/04/2024 14:15;57;kWh;-9816;152;0;0;9968;-9664
01/04/2024 14:15;01/04/2024 14:30;58;kWh;-7173;0;0;0;7173;-7173
01/04/2024 14:30;01/04/2024 14:45;59;kWh;-17850;0;0;0;17850;-17850
01/04/2024 14:45;01/04/2024 15:00;60;kWh;-24156;0;0;0;24156;-24156
01/04/2024 15:00;01/04/2024 15:15;61;kWh;-4917;0;0;0;4917;-4917
01/04/2024 15:15;01/04/2024 15:30;62;kWh;-8921;0;0;0;8921;-8921
01/04/2024 15:30;01/04/2024 15:45;63;kWh;-18006;0;0;0;18006;-18006
01/04/2024 15:45;01/04/2024 16:00;64;kWh;-24199;0;0;0;24199;-24199
01/04/2024 16:00;01/04/2024 16:15;65;kWh;-24988;0;0;0;24988;-24988
01/04/2024 16:15;01/04/2024 16:30;66;kWh;-19113;0;0;0;19113;-19113
01/04/2024 16:30;01/04/2024 16:45;67;kWh;-7926;0;0;0;7926;-7926
01/04/2024 16:45;01/04/2024 17:00;68;kWh;-3474;0;0;0;3474;-3474
01/04/2024 17:00;01/04/2024 17:15;69;kWh;-18960;0;0;0;18960;-18960
01/04/2024 17:15;01/04/2024 17:30;70;kWh;-17488;601;0;0;18089;-16887
01/04/2024 17:30;01/04/2024 17:45;71;kWh;-4292;169;0;0;4461;-4123
01/04/2024 17:45;01/04/2024 18:00;72;kWh;-75;0;0;0;75;-75
01/04/2024 18:00;01/04/2024 18:15;73;kWh;-16977;49;0;0;17026;-16928
01/04/2024 18:15;01/04/2024 18:30;74;kWh;-15801;347;0;0;16148;-15454
01/04/2024 18:30;01/04/2024 18:45;75;kWh;-1712;0;0;0;1712;-1712
01/04/2024 18:45;01/04/2024 19:00;76;kWh;-24;0;0;0;24;-24
01/04/2024 19:00;01/04/2024 19:15;77;kWh;-18768;0;0;0;18768;-18768
01/04/2024 19:15;01/04/2024 19:30;78;kWh;-2057;0;0;0;2057;-2057
01/04/2024 19:30;01/04/2024 19:45;79;kWh;0;0;0;0;0;0
01/04/2024 19:45;01/04/2024 20:00;80;kWh;0;0;0;0;0;0
01/04/2024 20:00;01/04/2024 20:15;81;kWh;-272;0;0;0;272;-272
01/04/2024 20:15;01/04/2024 20:30;82;kWh;-4496;0;0;0;4496;-4496
01/04/2024 20:30;01/04/2024 20:45;83;kWh;-14554;0;0;0;14554;-14554
01/04/2024 20:45;01/04/2024 21:00;84;kWh;-1902;0;0;0;1902;-1902
01/04/2024 21:00;01/04/2024 21:15;85;kWh;-4413;0;0;0;4413;-4413
01/04/2024 21:15;01/04/2024 21:30;86;kWh;-3565;31065;0;0;34630;27500
01/04/2024 21:30;01/04/2024 21:45;87;kWh;0;17367;0;0;17367;17367
01/04/2024 21:45;01/04/2024 22:00;88;kWh;-7;0;0;0;7;-7
01/04/2024 22:00;01/04/2024 22:15;89;kWh;-5607;0;0;0;5607;-5607
01/04/2024 22:15;01/04/2024 22:30;90;kWh;-12058;2283;0;0;14341;-9775
01/04/2024 22:30;01/04/2024 22:45;91;kWh;0;9605;0;0;9605;9605
01/04/2024 22:45;01/04/2024 23:00;92;kWh;-2411;446;0;0;2857;-1965
01/04/2024 23:00;01/04/2024 23:15;93;kWh;-5513;0;0;0;5513;-5513
01/04/2024 23:15;01/04/2024 23:30;94;kWh;-23104;0;0;0;23104;-23104
01/04/2024 23:30;01/04/2024 23:45;95;kWh;-10057;0;0;0;10057;-10057
01/04/2024 23:45;02/04/2024 00:00;96;kWh;-19652;0;0;0;19652;-19652
02/04/2024 00:00;02/04/2024 00:15;1;kWh;-7535;0;0;0;7535;-7535
02/04/2024 00:15;02/04/2024 00:30;2;kWh;-17414;0;0;0;17414;-17414
02/04/2024 00:30;02/04/2024 00:45;3;kWh;-8491;0;0;0;8491;-8491
02/04/2024 00:45;02/04/2024 01:00;4;kWh;-17168;0;0;0;17168;-17168
02/04/2024 01:00;02/04/2024 01:15;5;kWh;-18748;0;0;0;18748;-18748
02/04/2024 01:15;02/04/2024 01:30;6;kWh;-20006;15;0;0;20021;-19991
02/04/2024 01:30;02/04/2024 01:45;7;kWh;-7613;0;0;0;7613;-7613
02/04/2024 01:45;02/04/2024 02:00;8;kWh;-13425;0;0;0;13425;-13425
02/04/2024 02:00;02/04/2024 02:15;9;kWh;-18373;0;0;0;18373;-18373
02/04/2024 02:15;02/04/2024 02:30;10;kWh;-7859;0;0;0;7859;-7859
02/04/2024 02:30;02/04/2024 02:45;11;kWh;-6873;0;0;0;6873;-6873
02/04/2024 02:45;02/04/2024 03:00;12;kWh;-9408;0;0;0;9408;-9408
02/04/2024 03:00;02/04/2024 03:15;13;kWh;-722;45029;0;0;45751;44307
02/04/2024 03:15;02/04/2024 03:30;14;kWh;0;32137;0;0;32137;32137
02/04/2024 03:30;02/04/2024 03:45;15;kWh;0;0;0;0;0;0
02/04/2024 03:45;02/04/2024 04:00;16;kWh;-3459;0;0;0;3459;-3459
02/04/2024 04:00;02/04/2024 04:15;17;kWh;-588;28;0;0;616;-560
02/04/2024 04:15;02/04/2024 04:30;18;kWh;0;1398;0;0;1398;1398
02/04/2024 04:30;02/04/2024 04:45;19;kWh;0;0;0;0;0;0
02/04/2024 04:45;02/04/2024 05:00;20;kWh;0;0;0;0;0;0
02/04/2024 05:00;02/04/2024 05:15;21;kWh;0;0;0;0;0;0
02/04/2024 05:15;02/04/2024 05:30;22;kWh;0;0;0;0;0;0
02/04/2024 05:30;02/04/2024 05:45;23;kWh;0;13227;0;0;13227;13227
02/04/2024 05:45;02/04/2024 06:00;24;kWh;0;22141;0;0;22141;22141
02/04/2024 06:00;02/04/2024 06:15;25;kWh;0;0;0;0;0;0
02/04/2024 06:15;02/04/2024 06:30;26;kWh;-141;0;0;0;141;-141
02/04/2024 06:30;02/04/2024 06:45;27;kWh;0;5207;0;0;5207;5207
02/04/2024 06:45;02/04/2024 07:00;28;kWh;0;22067;0;0;22067;22067
02/04/2024 07:00;02/04/2024 07:15;29;kWh;0;6210;0;0;6210;6210
02/04/2024 07:15;02/04/2024 07:30;30;kWh;0;534;0;0;534;534
02/04/2024 07:30;02/04/2024 07:45;31;kWh;0;2978;0;0;2978;2978
02/04/2024 07:45;02/04/2024 08:00;32;kWh;-131;875;0;0;1006;744
02/04/2024 08:00;02/04/2024 08:15;33;kWh;-3720;0;0;0;3720;-3720
02/04/2024 08:15;02/04/2024 08:30;34;kWh;-12727;0;0;0;12727;-12727
02/04/2024 08:30;02/04/2024 08:45;35;kWh;-10806;15224;0;0;26030;4418
02/04/2024 08:45;02/04/2024 09:00;36;kWh;-6844;2298;0;0;9142;-4546
02/04/2024 09:00;02/04/2024 09:15;37;kWh;-572;44332;0;0;44904;43760
02/04/2024 09:15;02/04/2024 09:30;38;kWh;-230;12192;0;0;12422;11962
02/04/2024 09:30;02/04/2024 09:45;39;kWh;-3296;18815;0;0;22111;15519
02/04/2024 09:45;02/04/2024 10:00;40;kWh;-4765;10285;0;0;15050;5520
02/04/2024 10:00;02/04/2024 10:15;41;kWh;0;42913;0;0;42913;42913
02/04/2024 10:15;02/04/2024 10:30;42;kWh;0;41881;0;0;41881;41881
02/04/2024 10:30;02/04/2024 10:45;43;kWh;0;2711;0;0;2711;2711
02/04/2024 10:45;02/04/2024 11:00;44;kWh;-464;0;0;0;464;-464
02/04/2024 11:00;02/04/2024 11:15;45;kWh;0;35718;0;0;35718;35718
02/04/2024 11:15;02/04/2024 11:30;46;kWh;0;32465;0;0;32465;32465
02/04/2024 11:30;02/04/2024 11:45;47;kWh;0;8706;0;0;8706;8706
02/04/2024 11:45;02/04/2024 12:00;48;kWh;-2207;6016;0;0;8223;3809
02/04/2024 12:00;02/04/2024 12:15;49;kWh;-3725;6269;0;0;9994;2544
02/04/2024 12:15;02/04/2024 12:30;50;kWh;-6453;838;0;0;7291;-5615
02/04/2024 12:30;02/04/2024 12:45;51;kWh;-13955;2351;0;0;16306;-11604
02/04/2024 12:45;02/04/2024 13:00;52;kWh;-17599;3873;0;0;21472;-13726
02/04/2024 13:00;02/04/2024 13:15;53;kWh;-14671;434;0;0;15105;-14237
02/04/2024 13:15;02/04/2024 13:30;54;kWh;-10325;0;0;0;10325;-10325
02/04/2024 13:30;02/04/2024 13:45;55;kWh;-17326;0;0;0;17326;-17326
02/04/2024 13:45;02/04/2024 14:00;56;kWh;-25200;0;0;0;25200;-25200
02/04/2024 14:00;02/04/2024 14:15;57;kWh;-12614;0;0;0;12614;-12614
02/04/2024 14:15;02/04/2024 14:30;58;kWh;-22309;1485;0;0;23794;-20824
02/04/2024 14:30;02/04/2024 14:45;59;kWh;-13086;623;0;0;13709;-12463
02/04/2024 14:45;02/04/2024 15:00;60;kWh;-20066;563;0;0;20629;-19503
02/04/2024 15:00;02/04/2024 15:15;61;kWh;-3587;0;0;0;3587;-3587
02/04/2024 15:15;02/04/2024 15:30;62;kWh;-9718;3059;0;0;12777;-6659
02/04/2024 15:30;02/04/2024 15:45;63;kWh;-8397;5102;0;0;13499;-3295
02/04/2024 15:45;02/04/2024 16:00;64;kWh;-907;14490;0;0;15397;13583
02/04/2024 16:00;02/04/2024 16:15;65;kWh;-15;6399;0;0;6414;6384
02/04/2024 16:15;02/04/2024 16:30;66;kWh;0;21407;0;0;21407;21407
02/04/2024 16:30;02/04/2024 16:45;67;kWh;0;21345;0;0;21345;21345
02/04/2024 16:45;02/04/2024 17:00;68;kWh;0;27910;0;0;27910;27910
02/04/2024 17:00;02/04/2024 17:15;69;kWh;-8543;13818;0;0;22361;5275
02/04/2024 17:15;02/04/2024 17:30;70;kWh;-139;26603;0;0;26742;26464
02/04/2024 17:30;02/04/2024 17:45;71;kWh;0;52624;0;0;52624;52624
02/04/2024 17:45;02/04/2024 18:00;72;kWh;0;53768;0;0;53768;53768
02/04/2024 18:00;02/04/2024 18:15;73;kWh;-11418;571;0;0;11989;-10847
02/04/2024 18:15;02/04/2024 18:30;74;kWh;-15423;0;0;0;15423;-15423
02/04/2024 18:30;02/04/2024 18:45;75;kWh;0;0;0;0;0;0
02/04/2024 18:45;02/04/2024 19:00;76;kWh;-527;0;0;0;527;-527
02/04/2024 19:00;02/04/2024 19:15;77;kWh;-36486;0;0;0;36486;-36486
02/04/2024 19:15;02/04/2024 19:30;78;kWh;-10997;0;0;0;10997;-10997
02/04/2024 19:30;02/04/2024 19:45;79;kWh;0;0;0;0;0;0
02/04/2024 19:45;02/04/2024 20:00;80;kWh;0;1;0;0;1;1
02/04/2024 20:00;02/04/2024 20:15;81;kWh;0;3187;0;0;3187;3187
02/04/2024 20:15;02/04/2024 20:30;82;kWh;0;17447;0;0;17447;17447
02/04/2024 20:30;02/04/2024 20:45;83;kWh;0;7031;0;0;7031;7031
02/04/2024 20:45;02/04/2024 21:00;84;kWh;0;4652;0;0;4652;4652
02/04/2024 21:00;02/04/2024 21:15;85;kWh;0;134;0;0;134;134
02/04/2024 21:15;02/04/2024 21:30;86;kWh;0;0;0;0;0;0
02/04/2024 21:30;02/04/2024 21:45;87;kWh;-8078;0;0;0;8078;-8078
02/04/2024 21:45;02/04/2024 22:00;88;kWh;-22122;0;0;0;22122;-22122
02/04/2024 22:00;02/04/2024 22:15;89;kWh;-11020;474;0;0;11494;-10546
02/04/2024 22:15;02/04/2024 22:30;90;kWh;-4300;1775;0;0;6075;-2525
02/04/2024 22:30;02/04/2024 22:45;91;kWh;-9970;115;0;0;10085;-9855
02/04/2024 22:45;02/04/2024 23:00;92;kWh;-16466;1837;0;0;18303;-14629
02/04/2024 23:00;02/04/2024 23:15;93;kWh;-8762;467;0;0;9229;-8295
02/04/2024 23:15;02/04/2024 23:30;94;kWh;-10397;0;0;0;10397;-10397
02/04/2024 23:30;02/04/2024 23:45;95;kWh;-6752;789;0;0;7541;-5963
02/04/2024 23:45;03/04/2024 00:00;96;kWh;-11200;59;0;0;11259;-11141
03/04/2024 00:00;03/04/2024 00:15;1;kWh;-16923;2903;0;0;19826;-14020
03/04/2024 00:15;03/04/2024 00:30;2;kWh;-19671;1669;0;0;21340;-18002
03/04/2024 00:30;03/04/2024 00:45;3;kWh;-37195;0;0;0;37195;-37195
03/04/2024 00:45;03/04/2024 01:00;4;kWh;-21515;0;0;0;21515;-21515
03/04/2024 01:00;03/04/2024 01:15;5;kWh;-1598;0;0;0;1598;-1598
03/04/2024 01:15;03/04/2024 01:30;6;kWh;-290;0;0;0;290;-290
03/04/2024 01:30;03/04/2024 01:45;7;kWh;-249;0;0;0;249;-249
03/04/2024 01:45;03/04/2024 02:00;8;kWh;-249;0;0;0;249;-249
03/04/2024 02:00;03/04/2024 02:15;9;kWh;-1375;0;0;0;1375;-1375
03/04/2024 02:15;03/04/2024 02:30;10;kWh;-2527;0;0;0;2527;-2527
03/04/2024 02:30;03/04/2024 02:45;11;kWh;-33067;0;0;0;33067;-33067
03/04/2024 02:45;03/04/2024 03:00;12;kWh;-31377;0;0;0;31377;-31377
03/04/2024 03:00;03/04/2024 03:15;13;kWh;-9775;0;0;0;9775;-9775
03/04/2024 03:15;03/04/2024 03:30;14;kWh;-560;0;0;0;560;-560
03/04/2024 03:30;03/04/2024 03:45;15;kWh;-1126;0;0;0;1126;-1126
03/04/2024 03:45;03/04/2024 04:00;16;kWh;-15629;0;0;0;15629;-15629
03/04/2024 04:00;03/04/2024 04:15;17;kWh;-19994;0;0;0;19994;-19994
03/04/2024 04:15;03/04/2024 04:30;18;kWh;-9200;0;0;0;9200;-9200
03/04/2024 04:30;03/04/2024 04:45;19;kWh;-16003;0;0;0;16003;-16003
03/04/2024 04:45;03/04/2024 05:00;20;kWh;-37961;0;0;0;37961;-37961
03/04/2024 05:00;03/04/2024 05:15;21;kWh;-9659;0;0;0;9659;-9659
03/04/2024 05:15;03/04/2024 05:30;22;kWh;-2599;0;0;0;2599;-2599
03/04/2024 05:30;03/04/2024 05:45;23;kWh;-8649;0;0;0;8649;-8649
03/04/2024 05:45;03/04/2024 06:00;24;kWh;-19940;0;0;0;19940;-19940
03/04/2024 06:00;03/04/2024 06:15;25;kWh;-16167;0;0;0;16167;-16167
03/04/2024 06:15;03/04/2024 06:30;26;kWh;-10335;0;0;0;10335;-10335
03/04/2024 06:30;03/04/2024 06:45;27;kWh;-1049;0;0;0;1049;-1049
03/04/2024 06:45;03/04/2024 07:00;28;kWh;-258;0;0;0;258;-258
03/04/2024 07:00;03/04/2024 07:15;29;kWh;-14846;0;0;0;14846;-14846
03/04/2024 07:15;03/04/2024 07:30;30;kWh;-6016;0;0;0;6016;-6016
03/04/2024 07:30;03/04/2024 07:45;31;kWh;-249;5911;0;0;6160;5662
03/04/2024 07:45;03/04/2024 08:00;32;kWh;-249;15786;0;0;16035;15537
03/04/2024 08:00;03/04/2024 08:15;33;kWh;-10222;0;0;0;10222;-10222
03/04/2024 08:15;03/04/2024 08:30;34;kWh;-1684;0;0;0;1684;-1684
03/04/2024 08:30;03/04/2024 08:45;35;kWh;-3933;0;0;0;3933;-3933
03/04/2024 08:45;03/04/2024 09:00;36;kWh;-1095;0;0;0;1095;-1095
03/04/2024 09:00;03/04/2024 09:15;37;kWh;-9735;0;0;0;9735;-9735
03/04/2024 09:15;03/04/2024 09:30;38;kWh;-18288;0;0;0;18288;-18288
03/04/2024 09:30;03/04/2024 09:45;39;kWh;-19521;0;0;0;19521;-19521
03/04/2024 09:45;03/04/2024 10:00;40;kWh;-45848;0;0;0;45848;-45848
03/04/2024 10:00;03/04/2024 10:15;41;kWh;-61089;0;0;0;61089;-61089
03/04/2024 10:15;03/04/2024 10:30;42;kWh;-12494;0;0;0;12494;-12494
03/04/2024 10:30;03/04/2024 10:45;43;kWh;-2926;0;0;0;2926;-2926
03/04/2024 10:45;03/04/2024 11:00;44;kWh;-6448;0;0;0;6448;-6448
03/04/2024 11:00;03/04/2024 11:15;45;kWh;-8482;0;0;0;8482;-8482
03/04/2024 11:15;03/04/2024 11:30;46;kWh;-3422;0;0;0;3422;-3422
03/04/2024 11:30;03/04/2024 11:45;47;kWh;-15381;0;0;0;15381;-15381
03/04/2024 11:45;03/04/2024 12:00;48;kWh;-3492;0;0;0;3492;-3492
03/04/2024 12:00;03/04/2024 12:15;49;kWh;-249;53094;0;0;53343;52845
03/04/2024 12:15;03/04/2024 12:30;50;kWh;-249;4238;0;0;4487;3989
03/04/2024 12:30;03/04/2024 12:45;51;kWh;-249;0;0;0;249;-249
03/04/2024 12:45;03/04/2024 13:00;52;kWh;-249;8630;0;0;8879;8381
03/04/2024 13:00;03/04/2024 13:15;53;kWh;-4058;1457;0;0;5515;-2601
03/04/2024 13:15;03/04/2024 13:30;54;kWh;-19426;0;0;0;19426;-19426
03/04/2024 13:30;03/04/2024 13:45;55;kWh;-29960;0;0;0;29960;-29960
03/04/2024 13:45;03/04/2024 14:00;56;kWh;-49217;0;0;0;49217;-49217
03/04/2024 14:00;03/04/2024 14:15;57;kWh;-26525;0;0;0;26525;-26525
03/04/2024 14:15;03/04/2024 14:30;58;kWh;-8036;0;0;0;8036;-8036
03/04/2024 14:30;03/04/2024 14:45;59;kWh;-62497;0;0;0;62497;-62497
03/04/2024 14:45;03/04/2024 15:00;60;kWh;-101488;0;0;0;101488;-101488
03/04/2024 15:00;03/04/2024 15:15;61;kWh;-70018;0;0;0;70018;-70018
03/04/2024 15:15;03/04/2024 15:30;62;kWh;-65311;0;0;0;65311;-65311
03/04/2024 15:30;03/04/2024 15:45;63;kWh;-65618;0;0;0;65618;-65618
03/04/2024 15:45;03/04/2024 16:00;64;kWh;-62265;0;0;0;62265;-62265
03/04/2024 16:00;03/04/2024 16:15;65;kWh;-11564;0;0;0;11564;-11564
03/04/2024 16:15;03/04/2024 16:30;66;kWh;-44346;0;0;0;44346;-44346
03/04/2024 16:30;03/04/2024 16:45;67;kWh;-41481;0;0;0;41481;-41481
03/04/2024 16:45;03/04/2024 17:00;68;kWh;-15765;0;0;0;15765;-15765
03/04/2024 17:00;03/04/2024 17:15;69;kWh;-39583;0;0;0;39583;-39583
03/04/2024 17:15;03/04/2024 17:30;70;kWh;-11276;0;0;0;11276;-11276
03/04/2024 17:30;03/04/2024 17:45;71;kWh;-26815;0;0;0;26815;-26815
03/04/2024 17:45;03/04/2024 18:00;72;kWh;-33696;0;0;0;33696;-33696
03/04/2024 18:00;03/04/2024 18:15;73;kWh;-11720;0;0;0;11720;-11720
03/04/2024 18:15;03/04/2024 18:30;74;kWh;-4573;0;0;0;4573;-4573
03/04/2024 18:30;03/04/2024 18:45;75;kWh;-252;3339;0;0;3591;3087
03/04/2024 18:45;03/04/2024 19:00;76;kWh;-249;6516;0;0;6765;6267
03/04/2024 19:00;03/04/2024 19:15;77;kWh;-6165;2634;0;0;8799;-3531
03/04/2024 19:15;03/04/2024 19:30;78;kWh;-8841;0;0;0;8841;-8841
03/04/2024 19:30;03/04/2024 19:45;79;kWh;-1845;0;0;0;1845;-1845
03/04/2024 19:45;03/04/2024 20:00;80;kWh;-6310;0;0;0;6310;-6310
03/04/2024 20:00;03/04/2024 20:15;81;kWh;-902;0;0;0;902;-902
03/04/2024 20:15;03/04/2024 20:30;82;kWh;-339;0;0;0;339;-339
03/04/2024 20:30;03/04/2024 20:45;83;kWh;-9480;0;0;0;9480;-9480
03/04/2024 20:45;03/04/2024 21:00;84;kWh;-57118;0;0;0;57118;-57118
03/04/2024 21:00;03/04/2024 21:15;85;kWh;-19067;540;0;0;19607;-18527
03/04/2024 21:15;03/04/2024 21:30;86;kWh;-249;863;0;0;1112;614
03/04/2024 21:30;03/04/2024 21:45;87;kWh;-249;446;0;0;695;197
03/04/2024 21:45;03/04/2024 22:00;88;kWh;-4872;0;0;0;4872;-4872
03/04/2024 22:00;03/04/2024 22:15;89;kWh;-2370;814;0;0;3184;-1556
03/04/2024 22:15;03/04/2024 22:30;90;kWh;-730;3158;0;0;3888;2428
03/04/2024 22:30;03/04/2024 22:45;91;kWh;-7404;0;0;0;7404;-7404
03/04/2024 22:45;03/04/2024 23:00;92;kWh;-4627;0;0;0;4627;-4627
03/04/2024 23:00;03/04/2024 23:15;93;kWh;-7044;0;0;0;7044;-7044
03/04/2024 23:15;03/04/2024 23:30;94;kWh;-18209;0;0;0;18209;-18209
03/04/2024 23:30;03/04/2024 23:45;95;kWh;-23897;0;0;0;23897;-23897
03/04/2024 23:45;04/04/2024 00:00;96;kWh;-33738;0;0;0;33738;-33738
04/04/2024 00:00;04/04/2024 00:15;1;kWh;-5920;18872;0;0;24792;12952
04/04/2024 00:15;04/04/2024 00:30;2;kWh;0;32369;0;0;32369;32369
04/04/2024 00:30;04/04/2024 00:45;3;kWh;-2105;1896;0;0;4001;-209
04/04/2024 00:45;04/04/2024 01:00;4;kWh;-1130;7953;0;0;9083;6823
04/04/2024 01:00;04/04/2024 01:15;5;kWh;0;42736;0;0;42736;42736
04/04/2024 01:15;04/04/2024 01:30;6;kWh;0;44049;0;0;44049;44049
04/04/2024 01:30;04/04/2024 01:45;7;kWh;0;51926;0;0;51926;51926
04/04/2024 01:45;04/04/2024 02:00;8;kWh;0;53735;0;0;53735;53735
04/04/2024 02:00;04/04/2024 02:15;9;kWh;0;16587;0;0;16587;16587
04/04/2024 02:15;04/04/2024 02:30;10;kWh;0;47934;0;0;47934;47934
04/04/2024 02:30;04/04/2024 02:45;11;kWh;0;35516;0;0;35516;35516
04/04/2024 02:45;04/04/2024 03:00;12;kWh;0;16891;0;0;16891;16891
04/04/2024 03:00;04/04/2024 03:15;13;kWh;0;32493;0;0;32493;32493
04/04/2024 03:15;04/04/2024 03:30;14;kWh;0;24410;0;0;24410;24410
04/04/2024 03:30;04/04/2024 03:45;15;kWh;0;32409;0;0;32409;32409
04/04/2024 03:45;04/04/2024 04:00;16;kWh;0;32690;0;0;32690;32690
04/04/2024 04:00;04/04/2024 04:15;17;kWh;0;25434;0;0;25434;25434
04/04/2024 04:15;04/04/2024 04:30;18;kWh;0;25546;0;0;25546;25546
04/04/2024 04:30;04/04/2024 04:45;19;kWh;0;19181;0;0;19181;19181
04/04/2024 04:45;04/04/2024 05:00;20;kWh;0;34439;0;0;34439;34439
04/04/2024 05:00;04/04/2024 05:15;21;kWh;0;10526;0;0;10526;10526
04/04/2024 05:15;04/04/2024 05:30;22;kWh;0;42369;0;0;42369;42369
04/04/2024 05:30;04/04/2024 05:45;23;kWh;0;38951;0;0;38951;38951
04/04/2024 05:45;04/04/2024 06:00;24;kWh;0;27582;0;0;27582;27582
04/04/2024 06:00;04/04/2024 06:15;25;kWh;-2774;1;0;0;2775;-2773
04/04/2024 06:15;04/04/2024 06:30;26;kWh;-593;0;0;0;593;-593
04/04/2024 06:30;04/04/2024 06:45;27;kWh;0;16509;0;0;16509;16509
04/04/2024 06:45;04/04/2024 07:00;28;kWh;0;14997;0;0;14997;14997
04/04/2024 07:00;04/04/2024 07:15;29;kWh;-709;1;0;0;710;-708
04/04/2024 07:15;04/04/2024 07:30;30;kWh;0;3644;0;0;3644;3644
04/04/2024 07:30;04/04/2024 07:45;31;kWh;0;18629;0;0;18629;18629
04/04/2024 07:45;04/04/2024 08:00;32;kWh;-1888;7432;0;0;9320;5544
04/04/2024 08:00;04/04/2024 08:15;33;kWh;-8634;10126;0;0;18760;1492
04/04/2024 08:15;04/04/2024 08:30;34;kWh;0;9937;0;0;9937;9937
04/04/2024 08:30;04/04/2024 08:45;35;kWh;0;1253;0;0;1253;1253
04/04/2024 08:45;04/04/2024 09:00;36;kWh;0;7961;0;0;7961;7961
04/04/2024 09:00;04/04/2024 09:15;37;kWh;0;51376;0;0;51376;51376
04/04/2024 09:15;04/04/2024 09:30;38;kWh;0;23635;0;0;23635;23635
04/04/2024 09:30;04/04/2024 09:45;39;kWh;0;36399;0;0;36399;36399
04/04/2024 09:45;04/04/2024 10:00;40;kWh;0;19457;0;0;19457;19457
04/04/2024 10:00;04/04/2024 10:15;41;kWh;0;29623;0;0;29623;29623
04/04/2024 10:15;04/04/2024 10:30;42;kWh;0;24470;0;0;24470;24470
04/04/2024 10:30;04/04/2024 10:45;43;kWh;-510;1886;0;0;2396;1376
04/04/2024 10:45;04/04/2024 11:00;44;kWh;-1424;0;0;0;1424;-1424
04/04/2024 11:00;04/04/2024 11:15;45;kWh;-582;980;0;0;1562;398
04/04/2024 11:15;04/04/2024 11:30;46;kWh;-8396;0;0;0;8396;-8396
04/04/2024 11:30;04/04/2024 11:45;47;kWh;-33109;0;0;0;33109;-33109
04/04/2024 11:45;04/04/2024 12:00;48;kWh;-48239;0;0;0;48239;-48239
04/04/2024 12:00;04/04/2024 12:15;49;kWh;-63442;295;0;0;63737;-63147
04/04/2024 12:15;04/04/2024 12:30;50;kWh;-38032;0;0;0;38032;-38032
04/04/2024 12:30;04/04/2024 12:45;51;kWh;-64164;0;0;0;64164;-64164
04/04/2024 12:45;04/04/2024 13:00;52;kWh;-63756;0;0;0;63756;-63756
04/04/2024 13:00;04/04/2024 13:15;53;kWh;-12072;0;0;0;12072;-12072
04/04/2024 13:15;04/04/2024 13:30;54;kWh;-15460;0;0;0;15460;-15460
04/04/2024 13:30;04/04/2024 13:45;55;kWh;-14944;1528;0;0;16472;-13416
04/04/2024 13:45;04/04/2024 14:00;56;kWh;-93602;351;0;0;93953;-93251
04/04/2024 14:00;04/04/2024 14:15;57;kWh;-39091;1951;0;0;41042;-37140
04/04/2024 14:15;04/04/2024 14:30;58;kWh;-41896;1148;0;0;43044;-40748
04/04/2024 14:30;04/04/2024 14:45;59;kWh;-11407;522;0;0;11929;-10885
04/04/2024 14:45;04/04/2024 15:00;60;kWh;-10032;5907;0;0;15939;-4125
04/04/2024 15:00;04/04/2024 15:15;61;kWh;-26584;305;0;0;26889;-26279
04/04/2024 15:15;04/04/2024 15:30;62;kWh;-9428;0;0;0;9428;-9428
04/04/2024 15:30;04/04/2024 15:45;63;kWh;-12787;1136;0;0;13923;-11651
04/04/2024 15:45;04/04/2024 16:00;64;kWh;0;17580;0;0;17580;17580
04/04/2024 16:00;04/04/2024 16:15;65;kWh;-12214;778;0;0;12992;-11436
04/04/2024 16:15;04/04/2024 16:30;66;kWh;-8310;644;0;0;8954;-7666
04/04/2024 16:30;04/04/2024 16:45;67;kWh;-18042;10097;0;0;28139;-7945
04/04/2024 16:45;04/04/2024 17:00;68;kWh;-13999;11766;0;0;25765;-2233
04/04/2024 17:00;04/04/2024 17:15;69;kWh;-15246;1413;0;0;16659;-13833
04/04/2024 17:15;04/04/2024 17:30;70;kWh;-15031;1960;0;0;16991;-13071
04/04/2024 17:30;04/04/2024 17:45;71;kWh;-5442;0;0;0;5442;-5442
04/04/2024 17:45;04/04/2024 18:00;72;kWh;-7212;0;0;0;7212;-7212
04/04/2024 18:00;04/04/2024 18:15;73;kWh;-15177;195;0;0;15372;-14982
04/04/2024 18:15;04/04/2024 18:30;74;kWh;-5395;3440;0;0;8835;-1955
04/04/2024 18:30;04/04/2024 18:45;75;kWh;0;9055;0;0;9055;9055
04/04/2024 18:45;04/04/2024 19:00;76;kWh;0;13066;0;0;13066;13066
04/04/2024 19:00;04/04/2024 19:15;77;kWh;0;10553;0;0;10553;10553
04/04/2024 19:15;04/04/2024 19:30;78;kWh;-1189;0;0;0;1189;-1189
04/04/2024 19:30;04/04/2024 19:45;79;kWh;-791;0;0;0;791;-791
04/04/2024 19:45;04/04/2024 20:00;80;kWh;0;0;0;0;0;0
04/04/2024 20:00;04/04/2024 20:15;81;kWh;-1085;0;0;0;1085;-1085
04/04/2024 20:15;04/04/2024 20:30;82;kWh;-13529;0;0;0;13529;-13529
04/04/2024 20:30;04/04/2024 20:45;83;kWh;-21628;0;0;0;21628;-21628
04/04/2024 20:45;04/04/2024 21:00;84;kWh;-16096;0;0;0;16096;-16096
04/04/2024 21:00;04/04/2024 21:15;85;kWh;-5768;7309;0;0;13077;1541
04/04/2024 21:15;04/04/2024 21:30;86;kWh;-1156;2357;0;0;3513;1201
04/04/2024 21:30;04/04/2024 21:45;87;kWh;-9221;0;0;0;9221;-9221
04/04/2024 21:45;04/04/2024 22:00;88;kWh;-33494;0;0;0;33494;-33494
04/04/2024 22:00;04/04/2024 22:15;89;kWh;-10722;12707;0;0;23429;1985
04/04/2024 22:15;04/04/2024 22:30;90;kWh;-15460;5856;0;0;21316;-9604
04/04/2024 22:30;04/04/2024 22:45;91;kWh;-6544;0;0;0;6544;-6544
04/04/2024 22:45;04/04/2024 23:00;92;kWh;-12827;1111;0;0;13938;-11716
04/04/2024 23:00;04/04/2024 23:15;93;kWh;-15059;541;0;0;15600;-14518
04/04/2024 23:15;04/04/2024 23:30;94;kWh;-1981;0;0;0;1981;-1981
04/04/2024 23:30;04/04/2024 23:45;95;kWh;-10025;0;0;0;10025;-10025
04/04/2024 23:45;05/04/2024 00:00;96;kWh;0;0;0;0;0;0
05/04/2024 00:00;05/04/2024 00:15;1;kWh;0;18495;0;0;18495;18495
05/04/2024 00:15;05/04/2024 00:30;2;kWh;0;48423;0;0;48423;48423
05/04/2024 00:30;05/04/2024 00:45;3;kWh;0;48155;0;0;48155;48155
05/04/2024 00:45;05/04/2024 01:00;4;kWh;0;20789;0;0;20789;20789
05/04/2024 01:00;05/04/2024 01:15;5;kWh;0;16270;0;0;16270;16270
05/04/2024 01:15;05/04/2024 01:30;6;kWh;0;36623;0;0;36623;36623
05/04/2024 01:30;05/04/2024 01:45;7;kWh;0;28486;0;0;28486;28486
05/04/2024 01:45;05/04/2024 02:00;8;kWh;0;5904;0;0;5904;5904
05/04/2024 02:00;05/04/2024 02:15;9;kWh;0;725;0;0;725;725
05/04/2024 02:15;05/04/2024 02:30;10;kWh;0;3605;0;0;3605;3605
05/04/2024 02:30;05/04/2024 02:45;11;kWh;0;1011;0;0;1011;1011
05/04/2024 02:45;05/04/2024 03:00;12;kWh;-1191;0;0;0;1191;-1191
05/04/2024 03:00;05/04/2024 03:15;13;kWh;-9233;1763;0;0;10996;-7470
05/04/2024 03:15;05/04/2024 03:30;14;kWh;-4875;83;0;0;4958;-4792
05/04/2024 03:30;05/04/2024 03:45;15;kWh;-4179;1851;0;0;6030;-2328
05/04/2024 03:45;05/04/2024 04:00;16;kWh;-6094;111;0;0;6205;-5983
05/04/2024 04:00;05/04/2024 04:15;17;kWh;0;326;0;0;326;326
05/04/2024 04:15;05/04/2024 04:30;18;kWh;0;490;0;0;490;490
05/04/2024 04:30;05/04/2024 04:45;19;kWh;0;1363;0;0;1363;1363
05/04/2024 04:45;05/04/2024 05:00;20;kWh;0;371;0;0;371;371
05/04/2024 05:00;05/04/2024 05:15;21;kWh;0;1108;0;0;1108;1108
05/04/2024 05:15;05/04/2024 05:30;22;kWh;0;1304;0;0;1304;1304
05/04/2024 05:30;05/04/2024 05:45;23;kWh;0;5875;0;0;5875;5875
05/04/2024 05:45;05/04/2024 06:00;24;kWh;0;16390;0;0;16390;16390
05/04/2024 06:00;05/04/2024 06:15;25;kWh;0;8989;0;0;8989;8989
05/04/2024 06:15;05/04/2024 06:30;26;kWh;0;15045;0;0;15045;15045
05/04/2024 06:30;05/04/2024 06:45;27;kWh;0;40782;0;0;40782;40782
05/04/2024 06:45;05/04/2024 07:00;28;kWh;0;43963;0;0;43963;43963
05/04/2024 07:00;05/04/2024 07:15;29;kWh;0;9583;0;0;9583;9583
05/04/2024 07:15;05/04/2024 07:30;30;kWh;0;23786;0;0;23786;23786
05/04/2024 07:30;05/04/2024 07:45;31;kWh;0;57618;0;0;57618;57618
05/04/2024 07:45;05/04/2024 08:00;32;kWh;0;35753;0;0;35753;35753
05/04/2024 08:00;05/04/2024 08:15;33;kWh;0;6891;0;0;6891;6891
05/04/2024 08:15;05/04/2024 08:30;34;kWh;-153;194;0;0;347;41
05/04/2024 08:30;05/04/2024 08:45;35;kWh;-6554;0;0;0;6554;-6554
05/04/2024 08:45;05/04/2024 09:00;36;kWh;-9552;110;0;0;9662;-9442
05/04/2024 09:00;05/04/2024 09:15;37;kWh;0;1222;0;0;1222;1222
05/04/2024 09:15;05/04/2024 09:30;38;kWh;0;38375;0;0;38375;38375
05/04/2024 09:30;05/04/2024 09:45;39;kWh;0;39792;0;0;39792;39792
05/04/2024 09:45;05/04/2024 10:00;40;kWh;0;20957;0;0;20957;20957
05/04/2024 10:00;05/04/2024 10:15;41;kWh;0;87291;0;0;87291;87291
05/04/2024 10:15;05/04/2024 10:30;42;kWh;0;85177;0;0;85177;85177
05/04/2024 10:30;05/04/2024 10:45;43;kWh;0;89108;0;0;89108;89108
05/04/2024 10:45;05/04/2024 11:00;44;kWh;0;95189;0;0;95189;95189
05/04/2024 11:00;05/04/2024 11:15;45;kWh;0;63785;0;0;63785;63785
05/04/2024 11:15;05/04/2024 11:30;46;kWh;0;18296;0;0;18296;18296
05/04/2024 11:30;05/04/2024 11:45;47;kWh;-2025;9501;0;0;11526;7476
05/04/2024 11:45;05/04/2024 12:00;48;kWh;-1752;6835;0;0;8587;5083
05/04/2024 12:00;05/04/2024 12:15;49;kWh;-6240;0;0;0;6240;-6240
05/04/2024 12:15;05/04/2024 12:30;50;kWh;-4668;0;0;0;4668;-4668
05/04/2024 12:30;05/04/2024 12:45;51;kWh;-2180;0;0;0;2180;-2180
05/04/2024 12:45;05/04/2024 13:00;52;kWh;-3971;0;0;0;3971;-3971
05/04/2024 13:00;05/04/2024 13:15;53;kWh;-29;77603;0;0;77632;77574
05/04/2024 13:15;05/04/2024 13:30;54;kWh;0;27662;0;0;27662;27662
05/04/2024 13:30;05/04/2024 13:45;55;kWh;0;203;0;0;203;203
05/04/2024 13:45;05/04/2024 14:00;56;kWh;-2667;856;0;0;3523;-1811
05/04/2024 14:00;05/04/2024 14:15;57;kWh;0;9558;0;0;9558;9558
05/04/2024 14:15;05/04/2024 14:30;58;kWh;-6485;0;0;0;6485;-6485
05/04/2024 14:30;05/04/2024 14:45;59;kWh;-4860;0;0;0;4860;-4860
05/04/2024 14:45;05/04/2024 15:00;60;kWh;-14418;0;0;0;14418;-14418
05/04/2024 15:00;05/04/2024 15:15;61;kWh;-8075;838;0;0;8913;-7237
05/04/2024 15:15;05/04/2024 15:30;62;kWh;-12669;898;0;0;13567;-11771
05/04/2024 15:30;05/04/2024 15:45;63;kWh;-25170;3;0;0;25173;-25167
05/04/2024 15:45;05/04/2024 16:00;64;kWh;-60028;85;0;0;60113;-59943
05/04/2024 16:00;05/04/2024 16:15;65;kWh;-17034;0;0;0;17034;-17034
05/04/2024 16:15;05/04/2024 16:30;66;kWh;-8887;284;0;0;9171;-8603
05/04/2024 16:30;05/04/2024 16:45;67;kWh;-22303;1659;0;0;23962;-20644
05/04/2024 16:45;05/04/2024 17:00;68;kWh;0;3008;0;0;3008;3008
05/04/2024 17:00;05/04/2024 17:15;69;kWh;-11211;1554;0;0;12765;-9657
05/04/2024 17:15;05/04/2024 17:30;70;kWh;0;10746;0;0;10746;10746
05/04/2024 17:30;05/04/2024 17:45;71;kWh;0;19962;0;0;19962;19962
05/04/2024 17:45;05/04/2024 18:00;72;kWh;0;28328;0;0;28328;28328
05/04/2024 18:00;05/04/2024 18:15;73;kWh;-13888;2009;0;0;15897;-11879
05/04/2024 18:15;05/04/2024 18:30;74;kWh;-6;565;0;0;571;559
05/04/2024 18:30;05/04/2024 18:45;75;kWh;0;11084;0;0;11084;11084
05/04/2024 18:45;05/04/2024 19:00;76;kWh;0;68479;0;0;68479;68479
05/04/2024 19:00;05/04/2024 19:15;77;kWh;-2663;3274;0;0;5937;611
05/04/2024 19:15;05/04/2024 19:30;78;kWh;-5097;0;0;0;5097;-5097
05/04/2024 19:30;05/04/2024 19:45;79;kWh;-2464;3079;0;0;5543;615
05/04/2024 19:45;05/04/2024 20:00;80;kWh;0;3915;0;0;3915;3915
05/04/2024 20:00;05/04/2024 20:15;81;kWh;0;162;0;0;162;162
05/04/2024 20:15;05/04/2024 20:30;82;kWh;0;1186;0;0;1186;1186
05/04/2024 20:30;05/04/2024 20:45;83;kWh;0;8997;0;0;8997;8997
05/04/2024 20:45;05/04/2024 21:00;84;kWh;0;27010;0;0;27010;27010
05/04/2024 21:00;05/04/2024 21:15;85;kWh;0;35979;0;0;35979;35979
05/04/2024 21:15;05/04/2024 21:30;86;kWh;0;23674;0;0;23674;23674
05/04/2024 21:30;05/04/2024 21:45;87;kWh;0;14798;0;0;14798;14798
05/04/2024 21:45;05/04/2024 22:00;88;kWh;0;6768;0;0;6768;6768
05/04/2024 22:00;05/04/2024 22:15;89;kWh;0;1083;0;0;1083;1083
05/04/2024 22:15;05/04/2024 22:30;90;kWh;0;16092;0;0;16092;16092
05/04/2024 22:30;05/04/2024 22:45;91;kWh;0;37937;0;0;37937;37937
05/04/2024 22:45;05/04/2024 23:00;92;kWh;0;48137;0;0;48137;48137
05/04/2024 23:00;05/04/2024 23:15;93;kWh;0;78177;0;0;78177;78177
05/04/2024 23:15;05/04/2024 23:30;94;kWh;0;63174;0;0;63174;63174
05/04/2024 23:30;05/04/2024 23:45;95;kWh;0;68138;0;0;68138;68138
05/04/2024 23:45;06/04/2024 00:00;96;kWh;-38;40466;0;0;40504;40428
06/04/2024 00:00;06/04/2024 00:15;1;kWh;-98;0;0;0;98;-98
06/04/2024 00:15;06/04/2024 00:30;2;kWh;0;0;0;0;0;0
06/04/2024 00:30;06/04/2024 00:45;3;kWh;0;0;0;0;0;0
06/04/2024 00:45;06/04/2024 01:00;4;kWh;-4614;0;0;0;4614;-4614
06/04/2024 01:00;06/04/2024 01:15;5;kWh;-5354;0;0;0;5354;-5354
06/04/2024 01:15;06/04/2024 01:30;6;kWh;-22470;0;0;0;22470;-22470
06/04/2024 01:30;06/04/2024 01:45;7;kWh;-25404;0;0;0;25404;-25404
06/04/2024 01:45;06/04/2024 02:00;8;kWh;-11021;0;0;0;11021;-11021
06/04/2024 02:00;06/04/2024 02:15;9;kWh;-6607;0;0;0;6607;-6607
06/04/2024 02:15;06/04/2024 02:30;10;kWh;-751;0;0;0;751;-751
06/04/2024 02:30;06/04/2024 02:45;11;kWh;0;9608;0;0;9608;9608
06/04/2024 02:45;06/04/2024 03:00;12;kWh;0;23225;0;0;23225;23225
06/04/2024 03:00;06/04/2024 03:15;13;kWh;0;73254;0;0;73254;73254
06/04/2024 03:15;06/04/2024 03:30;14;kWh;0;88994;0;0;88994;88994
06/04/2024 03:30;06/04/2024 03:45;15;kWh;0;91671;0;0;91671;91671
06/04/2024 03:45;06/04/2024 04:00;16;kWh;0;75997;0;0;75997;75997
06/04/2024 04:00;06/04/2024 04:15;17;kWh;0;31839;0;0;31839;31839
06/04/2024 04:15;06/04/2024 04:30;18;kWh;0;8216;0;0;8216;8216
06/04/2024 04:30;06/04/2024 04:45;19;kWh;-569;0;0;0;569;-569
06/04/2024 04:45;06/04/2024 05:00;20;kWh;-11328;0;0;0;11328;-11328
06/04/2024 05:00;06/04/2024 05:15;21;kWh;-3883;0;0;0;3883;-3883
06/04/2024 05:15;06/04/2024 05:30;22;kWh;-15352;0;0;0;15352;-15352
06/04/2024 05:30;06/04/2024 05:45;23;kWh;-24749;0;0;0;24749;-24749
06/04/2024 05:45;06/04/2024 06:00;24;kWh;-43427;0;0;0;43427;-43427
06/04/2024 06:00;06/04/2024 06:15;25;kWh;-31034;0;0;0;31034;-31034
06/04/2024 06:15;06/04/2024 06:30;26;kWh;-41790;0;0;0;41790;-41790
06/04/2024 06:30;06/04/2024 06:45;27;kWh;-50166;0;0;0;50166;-50166
06/04/2024 06:45;06/04/2024 07:00;28;kWh;-47109;0;0;0;47109;-47109
06/04/2024 07:00;06/04/2024 07:15;29;kWh;-230;0;0;0;230;-230
06/04/2024 07:15;06/04/2024 07:30;30;kWh;-3625;0;0;0;3625;-3625
06/04/2024 07:30;06/04/2024 07:45;31;kWh;-13566;0;0;0;13566;-13566
06/04/2024 07:45;06/04/2024 08:00;32;kWh;-28239;0;0;0;28239;-28239
06/04/2024 08:00;06/04/2024 08:15;33;kWh;-307;0;0;0;307;-307
06/04/2024 08:15;06/04/2024 08:30;34;kWh;-5207;0;0;0;5207;-5207
06/04/2024 08:30;06/04/2024 08:45;35;kWh;-21575;0;0;0;21575;-21575
06/04/2024 08:45;06/04/2024 09:00;36;kWh;-21759;0;0;0;21759;-21759
06/04/2024 09:00;06/04/2024 09:15;37;kWh;-4111;0;0;0;4111;-4111
06/04/2024 09:15;06/04/2024 09:30;38;kWh;-34025;0;0;0;34025;-34025
06/04/2024 09:30;06/04/2024 09:45;39;kWh;-48341;0;0;0;48341;-48341
06/04/2024 09:45;06/04/2024 10:00;40;kWh;-13385;351;0;0;13736;-13034
06/04/2024 10:00;06/04/2024 10:15;41;kWh;-5497;1421;0;0;6918;-4076
06/04/2024 10:15;06/04/2024 10:30;42;kWh;-274;11935;0;0;12209;11661
06/04/2024 10:30;06/04/2024 10:45;43;kWh;-709;0;0;0;709;-709
06/04/2024 10:45;06/04/2024 11:00;44;kWh;-12768;0;0;0;12768;-12768
06/04/2024 11:00;06/04/2024 11:15;45;kWh;-2178;53360;0;0;55538;51182
06/04/2024 11:15;06/04/2024 11:30;46;kWh;0;81542;0;0;81542;81542
06/04/2024 11:30;06/04/2024 11:45;47;kWh;-237;29858;0;0;30095;29621
06/04/2024 11:45;06/04/2024 12:00;48;kWh;-618;15275;0;0;15893;14657
06/04/2024 12:00;06/04/2024 12:15;49;kWh;0;10999;0;0;10999;10999
06/04/2024 12:15;06/04/2024 12:30;50;kWh;0;0;0;0;0;0
06/04/2024 12:30;06/04/2024 12:45;51;kWh;-3252;0;0;0;3252;-3252
06/04/2024 12:45;06/04/2024 13:00;52;kWh;-12524;0;0;0;12524;-12524
06/04/2024 13:00;06/04/2024 13:15;53;kWh;-10844;147;0;0;10991;-10697
06/04/2024 13:15;06/04/2024 13:30;54;kWh;-32316;1868;0;0;34184;-30448
06/04/2024 13:30;06/04/2024 13:45;55;kWh;-13019;0;0;0;13019;-13019
06/04/2024 13:45;06/04/2024 14:00;56;kWh;-5978;0;0;0;5978;-5978
06/04/2024 14:00;06/04/2024 14:15;57;kWh;-12783;0;0;0;12783;-12783
06/04/2024 14:15;06/04/2024 14:30;58;kWh;-708;4912;0;0;5620;4204
06/04/2024 14:30;06/04/2024 14:45;59;kWh;0;6251;0;0;6251;6251
06/04/2024 14:45;06/04/2024 15:00;60;kWh;0;606;0;0;606;606
06/04/2024 15:00;06/04/2024 15:15;61;kWh;-34101;0;0;0;34101;-34101
06/04/2024 15:15;06/04/2024 15:30;62;kWh;-25003;94;0;0;25097;-24909
06/04/2024 15:30;06/04/2024 15:45;63;kWh;-31264;0;0;0;31264;-31264
06/04/2024 15:45;06/04/2024 16:00;64;kWh;-17344;0;0;0;17344;-17344
06/04/2024 16:00;06/04/2024 16:15;65;kWh;-46253;89;0;0;46342;-46164
06/04/2024 16:15;06/04/2024 16:30;66;kWh;-89018;120;0;0;89138;-88898
06/04/2024 16:30;06/04/2024 16:45;67;kWh;-33398;251;0;0;33649;-33147
06/04/2024 16:45;06/04/2024 17:00;68;kWh;-260;783;0;0;1043;523
06/04/2024 17:00;06/04/2024 17:15;69;kWh;-43239;1;0;0;43240;-43238
06/04/2024 17:15;06/04/2024 17:30;70;kWh;-35168;65;0;0;35233;-35103
06/04/2024 17:30;06/04/2024 17:45;71;kWh;-13527;0;0;0;13527;-13527
06/04/2024 17:45;06/04/2024 18:00;72;kWh;-140;0;0;0;140;-140
06/04/2024 18:00;06/04/2024 18:15;73;kWh;-32953;0;0;0;32953;-32953
06/04/2024 18:15;06/04/2024 18:30;74;kWh;-16670;0;0;0;16670;-16670
06/04/2024 18:30;06/04/2024 18:45;75;kWh;-267;0;0;0;267;-267
06/04/2024 18:45;06/04/2024 19:00;76;kWh;-9910;0;0;0;9910;-9910
06/04/2024 19:00;06/04/2024 19:15;77;kWh;-50539;0;0;0;50539;-50539
06/04/2024 19:15;06/04/2024 19:30;78;kWh;-27560;0;0;0;27560;-27560
06/04/2024 19:30;06/04/2024 19:45;79;kWh;-9779;0;0;0;9779;-9779
06/04/2024 19:45;06/04/2024 20:00;80;kWh;0;0;0;0;0;0
06/04/2024 20:00;06/04/2024 20:15;81;kWh;0;0;0;0;0;0
06/04/2024 20:15;06/04/2024 20:30;82;kWh;-2059;0;0;0;2059;-2059
06/04/2024 20:30;06/04/2024 20:45;83;kWh;-12188;0;0;0;12188;-12188
06/04/2024 20:45;06/04/2024 21:00;84;kWh;-33255;0;0;0;33255;-33255
06/04/2024 21:00;06/04/2024 21:15;85;kWh;-5550;0;0;0;5550;-5550
06/04/2024 21:15;06/04/2024 21:30;86;kWh;-23002;0;0;0;23002;-23002
06/04/2024 21:30;06/04/2024 21:45;87;kWh;-31821;0;0;0;31821;-31821
06/04/2024 21:45;06/04/2024 22:00;88;kWh;-27296;0;0;0;27296;-27296
06/04/2024 22:00;06/04/2024 22:15;89;kWh;-12738;0;0;0;12738;-12738
06/04/2024 22:15;06/04/2024 22:30;90;kWh;-12574;0;0;0;12574;-12574
06/04/2024 22:30;06/04/2024 22:45;91;kWh;-3739;0;0;0;3739;-3739
06/04/2024 22:45;06/04/2024 23:00;92;kWh;-13609;0;0;0;13609;-13609
06/04/2024 23:00;06/04/2024 23:15;93;kWh;-11683;0;0;0;11683;-11683
06/04/2024 23:15;06/04/2024 23:30;94;kWh;-21490;0;0;0;21490;-21490
06/04/2024 23:30;06/04/2024 23:45;95;kWh;-10211;0;0;0;10211;-10211
06/04/2024 23:45;07/04/2024 00:00;96;kWh;-12987;0;0;0;12987;-12987
07/04/2024 00:00;07/04/2024 00:15;1;kWh;-2720;3990;0;0;6710;1270
07/04/2024 00:15;07/04/2024 00:30;2;kWh;0;23408;0;0;23408;23408
07/04/2024 00:30;07/04/2024 00:45;3;kWh;0;549;0;0;549;549
07/04/2024 00:45;07/04/2024 01:00;4;kWh;0;0;0;0;0;0
07/04/2024 01:00;07/04/2024 01:15;5;kWh;-2705;0;0;0;2705;-2705
07/04/2024 01:15;07/04/2024 01:30;6;kWh;-14553;0;0;0;14553;-14553
07/04/2024 01:30;07/04/2024 01:45;7;kWh;-18899;0;0;0;18899;-18899
07/04/2024 01:45;07/04/2024 02:00;8;kWh;-22278;0;0;0;22278;-22278
07/04/2024 02:00;07/04/2024 02:15;9;kWh;-13259;0;0;0;13259;-13259
07/04/2024 02:15;07/04/2024 02:30;10;kWh;-21977;0;0;0;21977;-21977
07/04/2024 02:30;07/04/2024 02:45;11;kWh;-21525;0;0;0;21525;-21525
07/04/2024 02:45;07/04/2024 03:00;12;kWh;-19384;0;0;0;19384;-19384
07/04/2024 03:00;07/04/2024 03:15;13;kWh;-5514;0;0;0;5514;-5514
07/04/2024 03:15;07/04/2024 03:30;14;kWh;-7662;0;0;0;7662;-7662
07/04/2024 03:30;07/04/2024 03:45;15;kWh;-15188;0;0;0;15188;-15188
07/04/2024 03:45;07/04/2024 04:00;16;kWh;-13052;0;0;0;13052;-13052
07/04/2024 04:00;07/04/2024 04:15;17;kWh;-19450;0;0;0;19450;-19450
07/04/2024 04:15;07/04/2024 04:30;18;kWh;-19827;0;0;0;19827;-19827
07/04/2024 04:30;07/04/2024 04:45;19;kWh;-14447;0;0;0;14447;-14447
07/04/2024 04:45;07/04/2024 05:00;20;kWh;-20697;0;0;0;20697;-20697
07/04/2024 05:00;07/04/2024 05:15;21;kWh;-12451;0;0;0;12451;-12451
07/04/2024 05:15;07/04/2024 05:30;22;kWh;-22488;0;0;0;22488;-22488
07/04/2024 05:30;07/04/2024 05:45;23;kWh;-19637;0;0;0;19637;-19637
07/04/2024 05:45;07/04/2024 06:00;24;kWh;-16569;0;0;0;16569;-16569
07/04/2024 06:00;07/04/2024 06:15;25;kWh;-10656;0;0;0;10656;-10656
07/04/2024 06:15;07/04/2024 06:30;26;kWh;-12552;0;0;0;12552;-12552
07/04/2024 06:30;07/04/2024 06:45;27;kWh;-12212;0;0;0;12212;-12212
07/04/2024 06:45;07/04/2024 07:00;28;kWh;-11974;0;0;0;11974;-11974
07/04/2024 07:00;07/04/2024 07:15;29;kWh;-18867;0;0;0;18867;-18867
07/04/2024 07:15;07/04/2024 07:30;30;kWh;-17000;0;0;0;17000;-17000
07/04/2024 07:30;07/04/2024 07:45;31;kWh;-13647;0;0;0;13647;-13647
07/04/2024 07:45;07/04/2024 08:00;32;kWh;-22723;0;0;0;22723;-22723
07/04/2024 08:00;07/04/2024 08:15;33;kWh;-6305;0;0;0;6305;-6305
07/04/2024 08:15;07/04/2024 08:30;34;kWh;-1166;0;0;0;1166;-1166
07/04/2024 08:30;07/04/2024 08:45;35;kWh;-13576;0;0;0;13576;-13576
07/04/2024 08:45;07/04/2024 09:00;36;kWh;-32782;0;0;0;32782;-32782
07/04/2024 09:00;07/04/2024 09:15;37;kWh;-7022;0;0;0;7022;-7022
07/04/2024 09:15;07/04/2024 09:30;38;kWh;-18778;0;0;0;18778;-18778
07/04/2024 09:30;07/04/2024 09:45;39;kWh;-21842;0;0;0;21842;-21842
07/04/2024 09:45;07/04/2024 10:00;40;kWh;-33317;0;0;0;33317;-33317
07/04/2024 10:00;07/04/2024 10:15;41;kWh;-28450;0;0;0;28450;-28450
07/04/2024 10:15;07/04/2024 10:30;42;kWh;-29940;0;0;0;29940;-29940
07/04/2024 10:30;07/04/2024 10:45;43;kWh;-37466;0;0;0;37466;-37466
07/04/2024 10:45;07/04/2024 11:00;44;kWh;-51224;0;0;0;51224;-51224
07/04/2024 11:00;07/04/2024 11:15;45;kWh;-22757;0;0;0;22757;-22757
07/04/2024 11:15;07/04/2024 11:30;46;kWh;-23846;0;0;0;23846;-23846
07/04/2024 11:30;07/04/2024 11:45;47;kWh;-23081;0;0;0;23081;-23081
07/04/2024 11:45;07/04/2024 12:00;48;kWh;-21122;0;0;0;21122;-21122
07/04/2024 12:00;07/04/2024 12:15;49;kWh;-60311;0;0;0;60311;-60311
07/04/2024 12:15;07/04/2024 12:30;50;kWh;-71982;0;0;0;71982;-71982
07/04/2024 12:30;07/04/2024 12:45;51;kWh;-155882;0;0;0;155882;-155882
07/04/2024 12:45;07/04/2024 13:00;52;kWh;-161547;0;0;0;161547;-161547
07/04/2024 13:00;07/04/2024 13:15;53;kWh;-147941;0;0;0;147941;-147941
07/04/2024 13:15;07/04/2024 13:30;54;kWh;-145251;0;0;0;145251;-145251
07/04/2024 13:30;07/04/2024 13:45;55;kWh;-145251;0;0;0;145251;-145251
07/04/2024 13:45;07/04/2024 14:00;56;kWh;-145251;0;0;0;145251;-145251
07/04/2024 14:00;07/04/2024 14:15;57;kWh;-159775;0;-12242;0;172017;-172017
07/04/2024 14:15;07/04/2024 14:30;58;kWh;-149833;0;-80699;0;230532;-230532
07/04/2024 14:30;07/04/2024 14:45;59;kWh;-157422;0;-93843;0;251265;-251265
07/04/2024 14:45;07/04/2024 15:00;60;kWh;-81031;0;-93843;0;174874;-174874
07/04/2024 15:00;07/04/2024 15:15;61;kWh;-60538;28;-89158;0;149724;-149668
07/04/2024 15:15;07/04/2024 15:30;62;kWh;-2922;0;-75364;0;78286;-78286
07/04/2024 15:30;07/04/2024 15:45;63;kWh;-783;0;-53367;0;54150;-54150
07/04/2024 15:45;07/04/2024 16:00;64;kWh;-11833;708;-9023;0;21564;-20148
07/04/2024 16:00;07/04/2024 16:15;65;kWh;-35884;126;0;0;36010;-35758
07/04/2024 16:15;07/04/2024 16:30;66;kWh;-23076;78;0;0;23154;-22998
07/04/2024 16:30;07/04/2024 16:45;67;kWh;-15042;94;0;0;15136;-14948
07/04/2024 16:45;07/04/2024 17:00;68;kWh;-3990;0;0;0;3990;-3990
07/04/2024 17:00;07/04/2024 17:15;69;kWh;-38845;0;0;0;38845;-38845
07/04/2024 17:15;07/04/2024 17:30;70;kWh;-636;6551;0;0;7187;5915
07/04/2024 17:30;07/04/2024 17:45;71;kWh;0;60809;0;0;60809;60809
07/04/2024 17:45;07/04/2024 18:00;72;kWh;0;90542;0;0;90542;90542
07/04/2024 18:00;07/04/2024 18:15;73;kWh;-29346;3820;0;0;33166;-25526
07/04/2024 18:15;07/04/2024 18:30;74;kWh;-2653;5246;0;0;7899;2593
07/04/2024 18:30;07/04/2024 18:45;75;kWh;0;42870;0;0;42870;42870
07/04/2024 18:45;07/04/2024 19:00;76;kWh;0;49444;0;0;49444;49444
07/04/2024 19:00;07/04/2024 19:15;77;kWh;-1917;4611;0;0;6528;2694
07/04/2024 19:15;07/04/2024 19:30;78;kWh;-2;27227;0;0;27229;27225
07/04/2024 19:30;07/04/2024 19:45;79;kWh;0;61969;0;0;61969;61969
07/04/2024 19:45;07/04/2024 20:00;80;kWh;0;95393;0;0;95393;95393
07/04/2024 20:00;07/04/2024 20:15;81;kWh;0;24960;0;0;24960;24960
07/04/2024 20:15;07/04/2024 20:30;82;kWh;0;18666;0;0;18666;18666
07/04/2024 20:30;07/04/2024 20:45;83;kWh;-613;2109;0;0;2722;1496
07/04/2024 20:45;07/04/2024 21:00;84;kWh;-17546;0;0;0;17546;-17546
07/04/2024 21:00;07/04/2024 21:15;85;kWh;-18447;0;0;0;18447;-18447
07/04/2024 21:15;07/04/2024 21:30;86;kWh;-23360;0;0;0;23360;-23360
07/04/2024 21:30;07/04/2024 21:45;87;kWh;-41011;0;0;0;41011;-41011
07/04/2024 21:45;07/04/2024 22:00;88;kWh;-42176;0;0;0;42176;-42176
07/04/2024 22:00;07/04/2024 22:15;89;kWh;-46599;0;0;0;46599;-46599
07/04/2024 22:15;07/04/2024 22:30;90;kWh;-18429;0;0;0;18429;-18429
07/04/2024 22:30;07/04/2024 22:45;91;kWh;-20734;0;0;0;20734;-20734
07/04/2024 22:45;07/04/2024 23:00;92;kWh;-19520;0;0;0;19520;-19520
07/04/2024 23:00;07/04/2024 23:15;93;kWh;-8844;0;0;0;8844;-8844
07/04/2024 23:15;07/04/2024 23:30;94;kWh;-11586;0;0;0;11586;-11586
07/04/2024 23:30;07/04/2024 23:45;95;kWh;-2249;0;0;0;2249;-2249
07/04/2024 23:45;08/04/2024 00:00;96;kWh;-5239;0;0;0;5239;-5239
08/04/2024 00:00;08/04/2024 00:15;1;kWh;-4449;590;0;0;5039;-3859
08/04/2024 00:15;08/04/2024 00:30;2;kWh;0;3858;0;0;3858;3858
08/04/2024 00:30;08/04/2024 00:45;3;kWh;0;1733;0;0;1733;1733
08/04/2024 00:45;08/04/2024 01:00;4;kWh;0;42;0;0;42;42
08/04/2024 01:00;08/04/2024 01:15;5;kWh;0;0;0;0;0;0
08/04/2024 01:15;08/04/2024 01:30;6;kWh;0;0;0;0;0;0
08/04/2024 01:30;08/04/2024 01:45;7;kWh;-1906;0;0;0;1906;-1906
08/04/2024 01:45;08/04/2024 02:00;8;kWh;-3165;0;0;0;3165;-3165
08/04/2024 02:00;08/04/2024 02:15;9;kWh;-20;15192;0;0;15212;15172
08/04/2024 02:15;08/04/2024 02:30;10;kWh;0;4128;0;0;4128;4128
08/04/2024 02:30;08/04/2024 02:45;11;kWh;0;6613;0;0;6613;6613
08/04/2024 02:45;08/04/2024 03:00;12;kWh;0;28218;0;0;28218;28218
08/04/2024 03:00;08/04/2024 03:15;13;kWh;0;4015;0;0;4015;4015
08/04/2024 03:15;08/04/2024 03:30;14;kWh;0;7654;0;0;7654;7654
08/04/2024 03:30;08/04/2024 03:45;15;kWh;0;14271;0;0;14271;14271
08/04/2024 03:45;08/04/2024 04:00;16;kWh;0;15604;0;0;15604;15604
08/04/2024 04:00;08/04/2024 04:15;17;kWh;0;10431;0;0;10431;10431
08/04/2024 04:15;08/04/2024 04:30;18;kWh;0;7709;0;0;7709;7709
08/04/2024 04:30;08/04/2024 04:45;19;kWh;0;3414;0;0;3414;3414
08/04/2024 04:45;08/04/2024 05:00;20;kWh;0;0;0;0;0;0
08/04/2024 05:00;08/04/2024 05:15;21;kWh;-403;0;0;0;403;-403
08/04/2024 05:15;08/04/2024 05:30;22;kWh;-12890;0;0;0;12890;-12890
08/04/2024 05:30;08/04/2024 05:45;23;kWh;-9417;0;0;0;9417;-9417
08/04/2024 05:45;08/04/2024 06:00;24;kWh;-13429;0;0;0;13429;-13429
08/04/2024 06:00;08/04/2024 06:15;25;kWh;-19682;0;0;0;19682;-19682
08/04/2024 06:15;08/04/2024 06:30;26;kWh;-3136;0;0;0;3136;-3136
08/04/2024 06:30;08/04/2024 06:45;27;kWh;-1123;0;0;0;1123;-1123
08/04/2024 06:45;08/04/2024 07:00;28;kWh;-774;0;0;0;774;-774
08/04/2024 07:00;08/04/2024 07:15;29;kWh;-2114;0;0;0;2114;-2114
08/04/2024 07:15;08/04/2024 07:30;30;kWh;0;666;0;0;666;666
08/04/2024 07:30;08/04/2024 07:45;31;kWh;0;16907;0;0;16907;16907
08/04/2024 07:45;08/04/2024 08:00;32;kWh;0;6706;0;0;6706;6706
08/04/2024 08:00;08/04/2024 08:15;33;kWh;0;0;0;0;0;0
08/04/2024 08:15;08/04/2024 08:30;34;kWh;0;0;0;0;0;0
08/04/2024 08:30;08/04/2024 08:45;35;kWh;0;15501;0;0;15501;15501
08/04/2024 08:45;08/04/2024 09:00;36;kWh;0;4086;0;0;4086;4086
08/04/2024 09:00;08/04/2024 09:15;37;kWh;0;1751;0;0;1751;1751
08/04/2024 09:15;08/04/2024 09:30;38;kWh;0;18086;0;0;18086;18086
08/04/2024 09:30;08/04/2024 09:45;39;kWh;-58;3176;0;0;3234;3118
08/04/2024 09:45;08/04/2024 10:00;40;kWh;-10193;0;0;0;10193;-10193
08/04/2024 10:00;08/04/2024 10:15;41;kWh;-37466;0;0;0;37466;-37466
08/04/2024 10:15;08/04/2024 10:30;42;kWh;-65484;0;0;0;65484;-65484
08/04/2024 10:30;08/04/2024 10:45;43;kWh;-62612;0;0;0;62612;-62612
08/04/2024 10:45;08/04/2024 11:00;44;kWh;-36311;0;0;0;36311;-36311
08/04/2024 11:00;08/04/2024 11:15;45;kWh;-15261;0;0;0;15261;-15261
08/04/2024 11:15;08/04/2024 11:30;46;kWh;-876;0;0;0;876;-876
08/04/2024 11:30;08/04/2024 11:45;47;kWh;-3494;0;0;0;3494;-3494
08/04/2024 11:45;08/04/2024 12:00;48;kWh;-3720;0;0;0;3720;-3720
08/04/2024 12:00;08/04/2024 12:15;49;kWh;-1117;0;0;0;1117;-1117
08/04/2024 12:15;08/04/2024 12:30;50;kWh;0;833;0;0;833;833
08/04/2024 12:30;08/04/2024 12:45;51;kWh;0;32374;0;0;32374;32374
08/04/2024 12:45;08/04/2024 13:00;52;kWh;0;82387;0;0;82387;82387
08/04/2024 13:00;08/04/2024 13:15;53;kWh;-1793;4154;0;0;5947;2361
08/04/2024 13:15;08/04/2024 13:30;54;kWh;-1;42572;0;0;42573;42571
08/04/2024 13:30;08/04/2024 13:45;55;kWh;0;111037;0;0;111037;111037
08/04/2024 13:45;08/04/2024 14:00;56;kWh;0;116955;0;0;116955;116955
08/04/2024 14:00;08/04/2024 14:15;57;kWh;0;23388;0;0;23388;23388
08/04/2024 14:15;08/04/2024 14:30;58;kWh;0;59065;0;0;59065;59065
08/04/2024 14:30;08/04/2024 14:45;59;kWh;0;58680;0;0;58680;58680
08/04/2024 14:45;08/04/2024 15:00;60;kWh;0;15073;0;0;15073;15073
08/04/2024 15:00;08/04/2024 15:15;61;kWh;0;29143;0;0;29143;29143
08/04/2024 15:15;08/04/2024 15:30;62;kWh;0;10667;0;0;10667;10667
08/04/2024 15:30;08/04/2024 15:45;63;kWh;0;1786;0;0;1786;1786
08/04/2024 15:45;08/04/2024 16:00;64;kWh;-27175;0;0;0;27175;-27175
08/04/2024 16:00;08/04/2024 16:15;65;kWh;-9375;0;0;0;9375;-9375
08/04/2024 16:15;08/04/2024 16:30;66;kWh;-28869;0;0;0;28869;-28869
08/04/2024 16:30;08/04/2024 16:45;67;kWh;-48498;0;0;0;48498;-48498
08/04/2024 16:45;08/04/2024 17:00;68;kWh;-61312;0;0;0;61312;-61312
08/04/2024 17:00;08/04/2024 17:15;69;kWh;-30983;0;0;0;30983;-30983
08/04/2024 17:15;08/04/2024 17:30;70;kWh;-31055;0;0;0;31055;-31055
08/04/2024 17:30;08/04/2024 17:45;71;kWh;-24487;0;0;0;24487;-24487
08/04/2024 17:45;08/04/2024 18:00;72;kWh;-31367;0;0;0;31367;-31367
08/04/2024 18:00;08/04/2024 18:15;73;kWh;-17180;0;0;0;17180;-17180
08/04/2024 18:15;08/04/2024 18:30;74;kWh;-28814;0;0;0;28814;-28814
08/04/2024 18:30;08/04/2024 18:45;75;kWh;-13585;0;0;0;13585;-13585
08/04/2024 18:45;08/04/2024 19:00;76;kWh;0;13770;0;0;13770;13770
08/04/2024 19:00;08/04/2024 19:15;77;kWh;-20295;4398;0;0;24693;-15897
08/04/2024 19:15;08/04/2024 19:30;78;kWh;-5800;0;0;0;5800;-5800
08/04/2024 19:30;08/04/2024 19:45;79;kWh;0;0;0;0;0;0
08/04/2024 19:45;08/04/2024 20:00;80;kWh;0;5803;0;0;5803;5803
08/04/2024 20:00;08/04/2024 20:15;81;kWh;0;2371;0;0;2371;2371
08/04/2024 20:15;08/04/2024 20:30;82;kWh;0;17340;0;0;17340;17340
08/04/2024 20:30;08/04/2024 20:45;83;kWh;0;2094;0;0;2094;2094
08/04/2024 20:45;08/04/2024 21:00;84;kWh;0;0;0;0;0;0
08/04/2024 21:00;08/04/2024 21:15;85;kWh;0;683;0;0;683;683
08/04/2024 21:15;08/04/2024 21:30;86;kWh;-7164;0;0;0;7164;-7164
08/04/2024 21:30;08/04/2024 21:45;87;kWh;-9974;0;0;0;9974;-9974
08/04/2024 21:45;08/04/2024 22:00;88;kWh;-2028;0;0;0;2028;-2028
08/04/2024 22:00;08/04/2024 22:15;89;kWh;-3078;0;0;0;3078;-3078
08/04/2024 22:15;08/04/2024 22:30;90;kWh;-17326;0;0;0;17326;-17326
08/04/2024 22:30;08/04/2024 22:45;91;kWh;-44011;0;0;0;44011;-44011
08/04/2024 22:45;08/04/2024 23:00;92;kWh;-21068;0;0;0;21068;-21068
08/04/2024 23:00;08/04/2024 23:15;93;kWh;-10927;0;0;0;10927;-10927
08/04/2024 23:15;08/04/2024 23:30;94;kWh;-269;0;0;0;269;-269
08/04/2024 23:30;08/04/2024 23:45;95;kWh;0;0;0;0;0;0
08/04/2024 23:45;09/04/2024 00:00;96;kWh;-2125;0;0;0;2125;-2125
09/04/2024 00:00;09/04/2024 00:15;1;kWh;-5558;0;0;0;5558;-5558
09/04/2024 00:15;09/04/2024 00:30;2;kWh;-6529;0;0;0;6529;-6529
09/04/2024 00:30;09/04/2024 00:45;3;kWh;-3056;1316;0;0;4372;-1740
09/04/2024 00:45;09/04/2024 01:00;4;kWh;0;7642;0;0;7642;7642
09/04/2024 01:00;09/04/2024 01:15;5;kWh;0;34853;0;0;34853;34853
09/04/2024 01:15;09/04/2024 01:30;6;kWh;0;56175;0;0;56175;56175
09/04/2024 01:30;09/04/2024 01:45;7;kWh;0;4061;0;0;4061;4061
09/04/2024 01:45;09/04/2024 02:00;8;kWh;-17913;0;0;0;17913;-17913
09/04/2024 02:00;09/04/2024 02:15;9;kWh;-724;0;0;0;724;-724
09/04/2024 02:15;09/04/2024 02:30;10;kWh;-19;0;0;0;19;-19
09/04/2024 02:30;09/04/2024 02:45;11;kWh;-1027;0;0;0;1027;-1027
09/04/2024 02:45;09/04/2024 03:00;12;kWh;-1503;0;0;0;1503;-1503
09/04/2024 03:00;09/04/2024 03:15;13;kWh;-676;0;0;0;676;-676
09/04/2024 03:15;09/04/2024 03:30;14;kWh;-257;0;0;0;257;-257
09/04/2024 03:30;09/04/2024 03:45;15;kWh;-959;0;0;0;959;-959
09/04/2024 03:45;09/04/2024 04:00;16;kWh;-15824;0;0;0;15824;-15824
09/04/2024 04:00;09/04/2024 04:15;17;kWh;-2960;0;0;0;2960;-2960
09/04/2024 04:15;09/04/2024 04:30;18;kWh;-138;0;0;0;138;-138
09/04/2024 04:30;09/04/2024 04:45;19;kWh;0;0;0;0;0;0
09/04/2024 04:45;09/04/2024 05:00;20;kWh;0;0;0;0;0;0
09/04/2024 05:00;09/04/2024 05:15;21;kWh;-16107;0;0;0;16107;-16107
09/04/2024 05:15;09/04/2024 05:30;22;kWh;-7991;0;0;0;7991;-7991
09/04/2024 05:30;09/04/2024 05:45;23;kWh;0;33504;0;0;33504;33504
09/04/2024 05:45;09/04/2024 06:00;24;kWh;-1346;44226;0;0;45572;42880
09/04/2024 06:00;09/04/2024 06:15;25;kWh;-11840;0;0;0;11840;-11840
09/04/2024 06:15;09/04/2024 06:30;26;kWh;-1898;31;0;0;1929;-1867
09/04/2024 06:30;09/04/2024 06:45;27;kWh;0;436;0;0;436;436
09/04/2024 06:45;09/04/2024 07:00;28;kWh;-2158;0;0;0;2158;-2158
09/04/2024 07:00;09/04/2024 07:15;29;kWh;-6141;1045;0;0;7186;-5096
09/04/2024 07:15;09/04/2024 07:30;30;kWh;-308;4071;0;0;4379;3763
09/04/2024 07:30;09/04/2024 07:45;31;kWh;-1390;11372;0;0;12762;9982
09/04/2024 07:45;09/04/2024 08:00;32;kWh;0;24199;0;0;24199;24199
09/04/2024 08:00;09/04/2024 08:15;33;kWh;0;69;0;0;69;69
09/04/2024 08:15;09/04/2024 08:30;34;kWh;-513;0;0;0;513;-513
09/04/2024 08:30;09/04/2024 08:45;35;kWh;-9772;0;0;0;9772;-9772
09/04/2024 08:45;09/04/2024 09:00;36;kWh;-11747;0;0;0;11747;-11747
09/04/2024 09:00;09/04/2024 09:15;37;kWh;-986;0;0;0;986;-986
09/04/2024 09:15;09/04/2024 09:30;38;kWh;0;8470;0;0;8470;8470
09/04/2024 09:30;09/04/2024 09:45;39;kWh;-18938;10;0;0;18948;-18928
09/04/2024 09:45;09/04/2024 10:00;40;kWh;-21208;0;0;0;21208;-21208
09/04/2024 10:00;09/04/2024 10:15;41;kWh;-24071;0;0;0;24071;-24071
09/04/2024 10:15;09/04/2024 10:30;42;kWh;-15277;0;0;0;15277;-15277
09/04/2024 10:30;09/04/2024 10:45;43;kWh;-12084;0;0;0;12084;-12084
09/04/2024 10:45;09/04/2024 11:00;44;kWh;-1555;0;0;0;1555;-1555
09/04/2024 11:00;09/04/2024 11:15;45;kWh;-1317;0;0;0;1317;-1317
09/04/2024 11:15;09/04/2024 11:30;46;kWh;-15285;0;0;0;15285;-15285
09/04/2024 11:30;09/04/2024 11:45;47;kWh;-21150;0;0;0;21150;-21150
09/04/2024 11:45;09/04/2024 12:00;48;kWh;-18905;0;0;0;18905;-18905
09/04/2024 12:00;09/04/2024 12:15;49;kWh;-11504;0;0;0;11504;-11504
09/04/2024 12:15;09/04/2024 12:30;50;kWh;-22572;0;0;0;22572;-22572
09/04/2024 12:30;09/04/2024 12:45;51;kWh;-15274;0;0;0;15274;-15274
09/04/2024 12:45;09/04/2024 13:00;52;kWh;-10670;0;0;0;10670;-10670
09/04/2024 13:00;09/04/2024 13:15;53;kWh;-1203;14881;0;0;16084;13678
09/04/2024 13:15;09/04/2024 13:30;54;kWh;0;47439;0;0;47439;47439
09/04/2024 13:30;09/04/2024 13:45;55;kWh;0;37912;0;0;37912;37912
09/04/2024 13:45;09/04/2024 14:00;56;kWh;0;62948;0;0;62948;62948
09/04/2024 14:00;09/04/2024 14:15;57;kWh;0;1622;0;0;1622;1622
09/04/2024 14:15;09/04/2024 14:30;58;kWh;0;30048;0;0;30048;30048
09/04/2024 14:30;09/04/2024 14:45;59;kWh;0;12014;0;0;12014;12014
09/04/2024 14:45;09/04/2024 15:00;60;kWh;0;2329;0;0;2329;2329
09/04/2024 15:00;09/04/2024 15:15;61;kWh;-11419;314;0;0;11733;-11105
09/04/2024 15:15;09/04/2024 15:30;62;kWh;-2478;1070;0;0;3548;-1408
09/04/2024 15:30;09/04/2024 15:45;63;kWh;-13916;2360;0;0;16276;-11556
09/04/2024 15:45;09/04/2024 16:00;64;kWh;-990;5434;0;0;6424;4444
09/04/2024 16:00;09/04/2024 16:15;65;kWh;-5975;247;0;0;6222;-5728
09/04/2024 16:15;09/04/2024 16:30;66;kWh;0;10915;0;0;10915;10915
09/04/2024 16:30;09/04/2024 16:45;67;kWh;0;25578;0;0;25578;25578
09/04/2024 16:45;09/04/2024 17:00;68;kWh;0;35362;0;0;35362;35362
09/04/2024 17:00;09/04/2024 17:15;69;kWh;-1467;9092;0;0;10559;7625
09/04/2024 17:15;09/04/2024 17:30;70;kWh;0;13776;0;0;13776;13776
09/04/2024 17:30;09/04/2024 17:45;71;kWh;0;3514;0;0;3514;3514
09/04/2024 17:45;09/04/2024 18:00;72;kWh;0;0;0;0;0;0
09/04/2024 18:00;09/04/2024 18:15;73;kWh;-13839;0;0;0;13839;-13839
09/04/2024 18:15;09/04/2024 18:30;74;kWh;-10546;1821;0;0;12367;-8725
09/04/2024 18:30;09/04/2024 18:45;75;kWh;-10525;2461;0;0;12986;-8064
09/04/2024 18:45;09/04/2024 19:00;76;kWh;-11229;3831;0;0;15060;-7398
09/04/2024 19:00;09/04/2024 19:15;77;kWh;-10932;0;0;0;10932;-10932
09/04/2024 19:15;09/04/2024 19:30;78;kWh;-7082;373;0;0;7455;-6709
09/04/2024 19:30;09/04/2024 19:45;79;kWh;0;717;0;0;717;717
09/04/2024 19:45;09/04/2024 20:00;80;kWh;0;0;0;0;0;0
09/04/2024 20:00;09/04/2024 20:15;81;kWh;0;42;0;0;42;42
09/04/2024 20:15;09/04/2024 20:30;82;kWh;0;139;0;0;139;139
09/04/2024 20:30;09/04/2024 20:45;83;kWh;0;308;0;0;308;308
09/04/2024 20:45;09/04/2024 21:00;84;kWh;-2517;0;0;0;2517;-2517
09/04/2024 21:00;09/04/2024 21:15;85;kWh;-1121;0;0;0;1121;-1121
09/04/2024 21:15;09/04/2024 21:30;86;kWh;-2004;0;0;0;2004;-2004
09/04/2024 21:30;09/04/2024 21:45;87;kWh;-5082;0;0;0;5082;-5082
09/04/2024 21:45;09/04/2024 22:00;88;kWh;-2844;0;0;0;2844;-2844
09/04/2024 22:00;09/04/2024 22:15;89;kWh;-2560;0;0;0;2560;-2560
09/04/2024 22:15;09/04/2024 22:30;90;kWh;-3857;0;0;0;3857;-3857
09/04/2024 22:30;09/04/2024 22:45;91;kWh;-4539;0;0;0;4539;-4539
09/04/2024 22:45;09/04/2024 23:00;92;kWh;-5138;0;0;0;5138;-5138
09/04/2024 23:00;09/04/2024 23:15;93;kWh;-2882;0;0;0;2882;-2882
09/04/2024 23:15;09/04/2024 23:30;94;kWh;-5088;396;0;0;5484;-4692
09/04/2024 23:30;09/04/2024 23:45;95;kWh;-1629;0;0;0;1629;-1629
09/04/2024 23:45;10/04/2024 00:00;96;kWh;-3393;0;0;0;3393;-3393
10/04/2024 00:00;10/04/2024 00:15;1;kWh;-49;9758;0;0;9807;9709
10/04/2024 00:15;10/04/2024 00:30;2;kWh;0;36826;0;0;36826;36826
10/04/2024 00:30;10/04/2024 00:45;3;kWh;0;9146;0;0;9146;9146
10/04/2024 00:45;10/04/2024 01:00;4;kWh;-185;0;0;0;185;-185
10/04/2024 01:00;10/04/2024 01:15;5;kWh;0;4446;0;0;4446;4446
10/04/2024 01:15;10/04/2024 01:30;6;kWh;0;19515;0;0;19515;19515
10/04/2024 01:30;10/04/2024 01:45;7;kWh;0;12853;0;0;12853;12853
10/04/2024 01:45;10/04/2024 02:00;8;kWh;0;4440;0;0;4440;4440
10/04/2024 02:00;10/04/2024 02:15;9;kWh;0;10386;0;0;10386;10386
10/04/2024 02:15;10/04/2024 02:30;10;kWh;0;14517;0;0;14517;14517
10/04/2024 02:30;10/04/2024 02:45;11;kWh;0;18674;0;0;18674;18674
10/04/2024 02:45;10/04/2024 03:00;12;kWh;0;3576;0;0;3576;3576
10/04/2024 03:00;10/04/2024 03:15;13;kWh;-3;0;0;0;3;-3
10/04/2024 03:15;10/04/2024 03:30;14;kWh;0;3212;0;0;3212;3212
10/04/2024 03:30;10/04/2024 03:45;15;kWh;0;27147;0;0;27147;27147
10/04/2024 03:45;10/04/2024 04:00;16;kWh;0;43063;0;0;43063;43063
10/04/2024 04:00;10/04/2024 04:15;17;kWh;0;5018;0;0;5018;5018
10/04/2024 04:15;10/04/2024 04:30;18;kWh;0;0;0;0;0;0
10/04/2024 04:30;10/04/2024 04:45;19;kWh;0;8289;0;0;8289;8289
10/04/2024 04:45;10/04/2024 05:00;20;kWh;0;14067;0;0;14067;14067
10/04/2024 05:00;10/04/2024 05:15;21;kWh;-10040;568;0;0;10608;-9472
10/04/2024 05:15;10/04/2024 05:30;22;kWh;-6489;0;0;0;6489;-6489
10/04/2024 05:30;10/04/2024 05:45;23;kWh;-641;0;0;0;641;-641
10/04/2024 05:45;10/04/2024 06:00;24;kWh;0;0;0;0;0;0
10/04/2024 06:00;10/04/2024 06:15;25;kWh;0;2676;0;0;2676;2676
10/04/2024 06:15;10/04/2024 06:30;26;kWh;0;8052;0;0;8052;8052
10/04/2024 06:30;10/04/2024 06:45;27;kWh;0;14584;0;0;14584;14584
10/04/2024 06:45;10/04/2024 07:00;28;kWh;0;4353;0;0;4353;4353
10/04/2024 07:00;10/04/2024 07:15;29;kWh;0;581;0;0;581;581
10/04/2024 07:15;10/04/2024 07:30;30;kWh;0;1630;0;0;1630;1630
10/04/2024 07:30;10/04/2024 07:45;31;kWh;0;7228;0;0;7228;7228
10/04/2024 07:45;10/04/2024 08:00;32;kWh;0;20127;0;0;20127;20127
10/04/2024 08:00;10/04/2024 08:15;33;kWh;0;15191;0;0;15191;15191
10/04/2024 08:15;10/04/2024 08:30;34;kWh;0;5875;0;0;5875;5875
10/04/2024 08:30;10/04/2024 08:45;35;kWh;0;0;0;0;0;0
10/04/2024 08:45;10/04/2024 09:00;36;kWh;-7989;0;0;0;7989;-7989
10/04/2024 09:00;10/04/2024 09:15;37;kWh;-18044;0;0;0;18044;-18044
10/04/2024 09:15;10/04/2024 09:30;38;kWh;-14888;0;0;0;14888;-14888
10/04/2024 09:30;10/04/2024 09:45;39;kWh;-4589;0;0;0;4589;-4589
10/04/2024 09:45;10/04/2024 10:00;40;kWh;0;19181;0;0;19181;19181
10/04/2024 10:00;10/04/2024 10:15;41;kWh;-4482;634;0;0;5116;-3848
10/04/2024 10:15;10/04/2024 10:30;42;kWh;-833;2112;0;0;2945;1279
10/04/2024 10:30;10/04/2024 10:45;43;kWh;0;1436;0;0;1436;1436
10/04/2024 10:45;10/04/2024 11:00;44;kWh;0;6;0;0;6;6
10/04/2024 11:00;10/04/2024 11:15;45;kWh;0;0;0;0;0;0
10/04/2024 11:15;10/04/2024 11:30;46;kWh;0;15883;0;0;15883;15883
10/04/2024 11:30;10/04/2024 11:45;47;kWh;-3369;1174;0;0;4543;-2195
10/04/2024 11:45;10/04/2024 12:00;48;kWh;-18721;0;0;0;18721;-18721
10/04/2024 12:00;10/04/2024 12:15;49;kWh;-8440;0;0;0;8440;-8440
10/04/2024 12:15;10/04/2024 12:30;50;kWh;-21028;0;0;0;21028;-21028
10/04/2024 12:30;10/04/2024 12:45;51;kWh;-26582;0;0;0;26582;-26582
10/04/2024 12:45;10/04/2024 13:00;52;kWh;-28658;48;0;0;28706;-28610
10/04/2024 13:00;10/04/2024 13:15;53;kWh;-37;340;0;0;377;303
10/04/2024 13:15;10/04/2024 13:30;54;kWh;0;267;0;0;267;267
10/04/2024 13:30;10/04/2024 13:45;55;kWh;-7039;0;0;0;7039;-7039
10/04/2024 13:45;10/04/2024 14:00;56;kWh;-10172;0;0;0;10172;-10172
10/04/2024 14:00;10/04/2024 14:15;57;kWh;-19114;0;0;0;19114;-19114
10/04/2024 14:15;10/04/2024 14:30;58;kWh;-29144;0;0;0;29144;-29144
10/04/2024 14:30;10/04/2024 14:45;59;kWh;-31706;0;0;0;31706;-31706
10/04/2024 14:45;10/04/2024 15:00;60;kWh;-32411;0;0;0;32411;-32411
10/04/2024 15:00;10/04/2024 15:15;61;kWh;-30997;0;0;0;30997;-30997
10/04/2024 15:15;10/04/2024 15:30;62;kWh;-27372;0;0;0;27372;-27372
10/04/2024 15:30;10/04/2024 15:45;63;kWh;-18882;610;0;0;19492;-18272
10/04/2024 15:45;10/04/2024 16:00;64;kWh;-55495;601;0;0;56096;-54894
10/04/2024 16:00;10/04/2024 16:15;65;kWh;-21967;0;0;0;21967;-21967
10/04/2024 16:15;10/04/2024 16:30;66;kWh;-17836;0;0;0;17836;-17836
10/04/2024 16:30;10/04/2024 16:45;67;kWh;-24737;622;0;0;25359;-24115
10/04/2024 16:45;10/04/2024 17:00;68;kWh;-21682;678;0;0;22360;-21004
10/04/2024 17:00;10/04/2024 17:15;69;kWh;-13278;0;0;0;13278;-13278
10/04/2024 17:15;10/04/2024 17:30;70;kWh;-14699;0;0;0;14699;-14699
10/04/2024 17:30;10/04/2024 17:45;71;kWh;-22452;0;0;0;22452;-22452
10/04/2024 17:45;10/04/2024 18:00;72;kWh;-11283;0;0;0;11283;-11283
10/04/2024 18:00;10/04/2024 18:15;73;kWh;-28553;0;0;0;28553;-28553
10/04/2024 18:15;10/04/2024 18:30;74;kWh;-24248;0;0;0;24248;-24248
10/04/2024 18:30;10/04/2024 18:45;75;kWh;-563;0;0;0;563;-563
10/04/2024 18:45;10/04/2024 19:00;76;kWh;-1422;0;0;0;1422;-1422
10/04/2024 19:00;10/04/2024 19:15;77;kWh;-11169;1259;0;0;12428;-9910
10/04/2024 19:15;10/04/2024 19:30;78;kWh;0;10344;0;0;10344;10344
10/04/2024 19:30;10/04/2024 19:45;79;kWh;0;23029;0;0;23029;23029
10/04/2024 19:45;10/04/2024 20:00;80;kWh;0;33774;0;0;33774;33774
10/04/2024 20:00;10/04/2024 20:15;81;kWh;0;3561;0;0;3561;3561
10/04/2024 20:15;10/04/2024 20:30;82;kWh;0;1811;0;0;1811;1811
10/04/2024 20:30;10/04/2024 20:45;83;kWh;0;18644;0;0;18644;18644
10/04/2024 20:45;10/04/2024 21:00;84;kWh;-518;6931;0;0;7449;6413
10/04/2024 21:00;10/04/2024 21:15;85;kWh;-7948;0;0;0;7948;-7948
10/04/2024 21:15;10/04/2024 21:30;86;kWh;-2040;0;0;0;2040;-2040
10/04/2024 21:30;10/04/2024 21:45;87;kWh;-15559;0;0;0;15559;-15559
10/04/2024 21:45;10/04/2024 22:00;88;kWh;-49284;0;0;0;49284;-49284
10/04/2024 22:00;10/04/2024 22:15;89;kWh;-25492;0;0;0;25492;-25492
10/04/2024 22:15;10/04/2024 22:30;90;kWh;-14535;0;0;0;14535;-14535
10/04/2024 22:30;10/04/2024 22:45;91;kWh;-17332;0;0;0;17332;-17332
10/04/2024 22:45;10/04/2024 23:00;92;kWh;0;0;0;0;0;0
10/04/2024 23:00;10/04/2024 23:15;93;kWh;-448;0;0;0;448;-448
10/04/2024 23:15;10/04/2024 23:30;94;kWh;-1873;0;0;0;1873;-1873
10/04/2024 23:30;10/04/2024 23:45;95;kWh;-7755;0;0;0;7755;-7755
10/04/2024 23:45;11/04/2024 00:00;96;kWh;-9427;0;0;0;9427;-9427
11/04/2024 00:00;11/04/2024 00:15;1;kWh;-1892;0;0;0;1892;-1892
11/04/2024 00:15;11/04/2024 00:30;2;kWh;-1390;1678;0;0;3068;288
11/04/2024 00:30;11/04/2024 00:45;3;kWh;-3934;0;0;0;3934;-3934
11/04/2024 00:45;11/04/2024 01:00;4;kWh;-11411;0;0;0;11411;-11411
11/04/2024 01:00;11/04/2024 01:15;5;kWh;-4408;0;0;0;4408;-4408
11/04/2024 01:15;11/04/2024 01:30;6;kWh;-727;0;0;0;727;-727
11/04/2024 01:30;11/04/2024 01:45;7;kWh;-998;0;0;0;998;-998
11/04/2024 01:45;11/04/2024 02:00;8;kWh;-4213;0;0;0;4213;-4213
11/04/2024 02:00;11/04/2024 02:15;9;kWh;-2292;0;0;0;2292;-2292
11/04/2024 02:15;11/04/2024 02:30;10;kWh;-4279;0;0;0;4279;-4279
11/04/2024 02:30;11/04/2024 02:45;11;kWh;-335;480;0;0;815;145
11/04/2024 02:45;11/04/2024 03:00;12;kWh;-3248;0;0;0;3248;-3248
11/04/2024 03:00;11/04/2024 03:15;13;kWh;-7435;0;0;0;7435;-7435
11/04/2024 03:15;11/04/2024 03:30;14;kWh;-10042;0;0;0;10042;-10042
11/04/2024 03:30;11/04/2024 03:45;15;kWh;-11157;0;0;0;11157;-11157
11/04/2024 03:45;11/04/2024 04:00;16;kWh;-9160;631;0;0;9791;-8529
11/04/2024 04:00;11/04/2024 04:15;17;kWh;-13057;224;0;0;13281;-12833
11/04/2024 04:15;11/04/2024 04:30;18;kWh;-36193;810;0;0;37003;-35383
11/04/2024 04:30;11/04/2024 04:45;19;kWh;-12889;514;0;0;13403;-12375
11/04/2024 04:45;11/04/2024 05:00;20;kWh;-5526;12648;0;0;18174;7122
11/04/2024 05:00;11/04/2024 05:15;21;kWh;-7385;525;0;0;7910;-6860
11/04/2024 05:15;11/04/2024 05:30;22;kWh;-34;66;0;0;100;32
11/04/2024 05:30;11/04/2024 05:45;23;kWh;0;10427;0;0;10427;10427
11/04/2024 05:45;11/04/2024 06:00;24;kWh;0;3204;0;0;3204;3204
11/04/2024 06:00;11/04/2024 06:15;25;kWh;0;132;0;0;132;132
11/04/2024 06:15;11/04/2024 06:30;26;kWh;0;8309;0;0;8309;8309
11/04/2024 06:30;11/04/2024 06:45;27;kWh;0;38530;0;0;38530;38530
11/04/2024 06:45;11/04/2024 07:00;28;kWh;0;64253;0;0;64253;64253
11/04/2024 07:00;11/04/2024 07:15;29;kWh;-7592;6289;0;0;13881;-1303
11/04/2024 07:15;11/04/2024 07:30;30;kWh;0;9466;0;0;9466;9466
11/04/2024 07:30;11/04/2024 07:45;31;kWh;0;6150;0;0;6150;6150
11/04/2024 07:45;11/04/2024 08:00;32;kWh;0;26408;0;0;26408;26408
11/04/2024 08:00;11/04/2024 08:15;33;kWh;0;7776;0;0;7776;7776
11/04/2024 08:15;11/04/2024 08:30;34;kWh;-2502;1096;0;0;3598;-1406
11/04/2024 08:30;11/04/2024 08:45;35;kWh;-932;2237;0;0;3169;1305
11/04/2024 08:45;11/04/2024 09:00;36;kWh;-75;5334;0;0;5409;5259
11/04/2024 09:00;11/04/2024 09:15;37;kWh;-246;3503;0;0;3749;3257
11/04/2024 09:15;11/04/2024 09:30;38;kWh;0;1940;0;0;1940;1940
11/04/2024 09:30;11/04/2024 09:45;39;kWh;-2346;0;0;0;2346;-2346
11/04/2024 09:45;11/04/2024 10:00;40;kWh;-3377;0;0;0;3377;-3377
11/04/2024 10:00;11/04/2024 10:15;41;kWh;-10347;12799;0;0;23146;2452
11/04/2024 10:15;11/04/2024 10:30;42;kWh;-10525;4308;0;0;14833;-6217
11/04/2024 10:30;11/04/2024 10:45;43;kWh;-3908;12033;0;0;15941;8125
11/04/2024 10:45;11/04/2024 11:00;44;kWh;-10405;0;0;0;10405;-10405
11/04/2024 11:00;11/04/2024 11:15;45;kWh;-2672;0;0;0;2672;-2672
11/04/2024 11:15;11/04/2024 11:30;46;kWh;-4025;679;0;0;4704;-3346
11/04/2024 11:30;11/04/2024 11:45;47;kWh;-2883;858;0;0;3741;-2025
11/04/2024 11:45;11/04/2024 12:00;48;kWh;-8011;10;0;0;8021;-8001
11/04/2024 12:00;11/04/2024 12:15;49;kWh;0;3086;0;0;3086;3086
11/04/2024 12:15;11/04/2024 12:30;50;kWh;0;117;0;0;117;117
11/04/2024 12:30;11/04/2024 12:45;51;kWh;0;0;0;0;0;0
11/04/2024 12:45;11/04/2024 13:00;52;kWh;0;1469;0;0;1469;1469
11/04/2024 13:00;11/04/2024 13:15;53;kWh;0;3827;0;0;3827;3827
11/04/2024 13:15;11/04/2024 13:30;54;kWh;0;62;0;0;62;62
11/04/2024 13:30;11/04/2024 13:45;55;kWh;0;0;0;0;0;0
11/04/2024 13:45;11/04/2024 14:00;56;kWh;-6702;0;0;0;6702;-6702
11/04/2024 14:00;11/04/2024 14:15;57;kWh;-11562;0;0;0;11562;-11562
11/04/2024 14:15;11/04/2024 14:30;58;kWh;-6;2904;0;0;2910;2898
11/04/2024 14:30;11/04/2024 14:45;59;kWh;0;24371;0;0;24371;24371
11/04/2024 14:45;11/04/2024 15:00;60;kWh;0;15605;0;0;15605;15605
11/04/2024 15:00;11/04/2024 15:15;61;kWh;0;689;0;0;689;689
11/04/2024 15:15;11/04/2024 15:30;62;kWh;-1845;268;0;0;2113;-1577
11/04/2024 15:30;11/04/2024 15:45;63;kWh;0;47687;0;0;47687;47687
11/04/2024 15:45;11/04/2024 16:00;64;kWh;0;75284;0;0;75284;75284
11/04/2024 16:00;11/04/2024 16:15;65;kWh;0;12248;0;0;12248;12248
11/04/2024 16:15;11/04/2024 16:30;66;kWh;-14953;3125;0;0;18078;-11828
11/04/2024 16:30;11/04/2024 16:45;67;kWh;-5711;7626;0;0;13337;1915
11/04/2024 16:45;11/04/2024 17:00;68;kWh;-7845;252;0;0;8097;-7593
11/04/2024 17:00;11/04/2024 17:15;69;kWh;-6;61497;0;0;61503;61491
11/04/2024 17:15;11/04/2024 17:30;70;kWh;0;36861;0;0;36861;36861
11/04/2024 17:30;11/04/2024 17:45;71;kWh;0;49196;0;0;49196;49196
11/04/2024 17:45;11/04/2024 18:00;72;kWh;-1472;10392;0;0;11864;8920
11/04/2024 18:00;11/04/2024 18:15;73;kWh;-3;40432;0;0;40435;40429
11/04/2024 18:15;11/04/2024 18:30;74;kWh;0;35505;0;0;35505;35505
11/04/2024 18:30;11/04/2024 18:45;75;kWh;0;11779;0;0;11779;11779
11/04/2024 18:45;11/04/2024 19:00;76;kWh;0;3639;0;0;3639;3639
11/04/2024 19:00;11/04/2024 19:15;77;kWh;-7807;32;0;0;7839;-7775
11/04/2024 19:15;11/04/2024 19:30;78;kWh;-6311;0;0;0;6311;-6311
11/04/2024 19:30;11/04/2024 19:45;79;kWh;-1337;0;0;0;1337;-1337
11/04/2024 19:45;11/04/2024 20:00;80;kWh;-14;0;0;0;14;-14
11/04/2024 20:00;11/04/2024 20:15;81;kWh;0;19043;0;0;19043;19043
11/04/2024 20:15;11/04/2024 20:30;82;kWh;0;23925;0;0;23925;23925
11/04/2024 20:30;11/04/2024 20:45;83;kWh;0;22005;0;0;22005;22005
11/04/2024 20:45;11/04/2024 21:00;84;kWh;-15087;316;0;0;15403;-14771
11/04/2024 21:00;11/04/2024 21:15;85;kWh;-4132;0;0;0;4132;-4132
11/04/2024 21:15;11/04/2024 21:30;86;kWh;-5998;0;0;0;5998;-5998
11/04/2024 21:30;11/04/2024 21:45;87;kWh;-15654;0;0;0;15654;-15654
11/04/2024 21:45;11/04/2024 22:00;88;kWh;-21824;0;0;0;21824;-21824
11/04/2024 22:00;11/04/2024 22:15;89;kWh;-4604;0;0;0;4604;-4604
11/04/2024 22:15;11/04/2024 22:30;90;kWh;0;20101;0;0;20101;20101
11/04/2024 22:30;11/04/2024 22:45;91;kWh;-835;1562;0;0;2397;727
11/04/2024 22:45;11/04/2024 23:00;92;kWh;-1860;0;0;0;1860;-1860
11/04/2024 23:00;11/04/2024 23:15;93;kWh;-5376;1096;0;0;6472;-4280
11/04/2024 23:15;11/04/2024 23:30;94;kWh;-34;101;0;0;135;67
11/04/2024 23:30;11/04/2024 23:45;95;kWh;-3690;0;0;0;3690;-3690
11/04/2024 23:45;12/04/2024 00:00;96;kWh;-435;0;0;0;435;-435
12/04/2024 00:00;12/04/2024 00:15;1;kWh;0;0;0;0;0;0
12/04/2024 00:15;12/04/2024 00:30;2;kWh;-1558;0;0;0;1558;-1558
12/04/2024 00:30;12/04/2024 00:45;3;kWh;-2805;0;0;0;2805;-2805
12/04/2024 00:45;12/04/2024 01:00;4;kWh;-14477;0;0;0;14477;-14477
12/04/2024 01:00;12/04/2024 01:15;5;kWh;-2253;0;0;0;2253;-2253
12/04/2024 01:15;12/04/2024 01:30;6;kWh;-2014;0;0;0;2014;-2014
12/04/2024 01:30;12/04/2024 01:45;7;kWh;-1160;0;0;0;1160;-1160
12/04/2024 01:45;12/04/2024 02:00;8;kWh;-12990;0;0;0;12990;-12990
12/04/2024 02:00;12/04/2024 02:15;9;kWh;-5094;1900;0;0;6994;-3194
12/04/2024 02:15;12/04/2024 02:30;10;kWh;-521;393;0;0;914;-128
12/04/2024 02:30;12/04/2024 02:45;11;kWh;-2920;0;0;0;2920;-2920
12/04/2024 02:45;12/04/2024 03:00;12;kWh;-3553;0;0;0;3553;-3553
12/04/2024 03:00;12/04/2024 03:15;13;kWh;-747;1413;0;0;2160;666
12/04/2024 03:15;12/04/2024 03:30;14;kWh;-4682;15;0;0;4697;-4667
12/04/2024 03:30;12/04/2024 03:45;15;kWh;-6978;0;0;0;6978;-6978
12/04/2024 03:45;12/04/2024 04:00;16;kWh;-9294;36;0;0;9330;-9258
12/04/2024 04:00;12/04/2024 04:15;17;kWh;-10703;60;0;0;10763;-10643
12/04/2024 04:15;12/04/2024 04:30;18;kWh;-8399;0;0;0;8399;-8399
12/04/2024 04:30;12/04/2024 04:45;19;kWh;-6294;0;0;0;6294;-6294
12/04/2024 04:45;12/04/2024 05:00;20;kWh;-4831;49;0;0;4880;-4782
12/04/2024 05:00;12/04/2024 05:15;21;kWh;0;182;0;0;182;182
12/04/2024 05:15;12/04/2024 05:30;22;kWh;0;0;0;0;0;0
12/04/2024 05:30;12/04/2024 05:45;23;kWh;0;5393;0;0;5393;5393
12/04/2024 05:45;12/04/2024 06:00;24;kWh;-134;5878;0;0;6012;5744
12/04/2024 06:00;12/04/2024 06:15;25;kWh;-312;1490;0;0;1802;1178
12/04/2024 06:15;12/04/2024 06:30;26;kWh;0;10358;0;0;10358;10358
12/04/2024 06:30;12/04/2024 06:45;27;kWh;0;17629;0;0;17629;17629
12/04/2024 06:45;12/04/2024 07:00;28;kWh;0;20640;0;0;20640;20640
12/04/2024 07:00;12/04/2024 07:15;29;kWh;0;615;0;0;615;615
12/04/2024 07:15;12/04/2024 07:30;30;kWh;0;2524;0;0;2524;2524
12/04/2024 07:30;12/04/2024 07:45;31;kWh;0;19567;0;0;19567;19567
12/04/2024 07:45;12/04/2024 08:00;32;kWh;0;17610;0;0;17610;17610
12/04/2024 08:00;12/04/2024 08:15;33;kWh;0;19918;0;0;19918;19918
12/04/2024 08:15;12/04/2024 08:30;34;kWh;0;2985;0;0;2985;2985
12/04/2024 08:30;12/04/2024 08:45;35;kWh;-1358;0;0;0;1358;-1358
12/04/2024 08:45;12/04/2024 09:00;36;kWh;-10774;12;0;0;10786;-10762
12/04/2024 09:00;12/04/2024 09:15;37;kWh;0;22474;0;0;22474;22474
12/04/2024 09:15;12/04/2024 09:30;38;kWh;-1735;65;0;0;1800;-1670
12/04/2024 09:30;12/04/2024 09:45;39;kWh;-5580;0;0;0;5580;-5580
12/04/2024 09:45;12/04/2024 10:00;40;kWh;-5035;7918;0;0;12953;2883
12/04/2024 10:00;12/04/2024 10:15;41;kWh;0;20847;0;0;20847;20847
12/04/2024 10:15;12/04/2024 10:30;42;kWh;0;2162;0;0;2162;2162
12/04/2024 10:30;12/04/2024 10:45;43;kWh;-4325;0;0;0;4325;-4325
12/04/2024 10:45;12/04/2024 11:00;44;kWh;-10962;0;0;0;10962;-10962
12/04/2024 11:00;12/04/2024 11:15;45;kWh;-11871;0;0;0;11871;-11871
12/04/2024 11:15;12/04/2024 11:30;46;kWh;-7976;0;0;0;7976;-7976
12/04/2024 11:30;12/04/2024 11:45;47;kWh;-10461;0;0;0;10461;-10461
12/04/2024 11:45;12/04/2024 12:00;48;kWh;-12418;0;0;0;12418;-12418
12/04/2024 12:00;12/04/2024 12:15;49;kWh;-6881;115;0;0;6996;-6766
12/04/2024 12:15;12/04/2024 12:30;50;kWh;-5898;0;0;0;5898;-5898
12/04/2024 12:30;12/04/2024 12:45;51;kWh;-5087;0;0;0;5087;-5087
12/04/2024 12:45;12/04/2024 13:00;52;kWh;-9867;0;0;0;9867;-9867
12/04/2024 13:00;12/04/2024 13:15;53;kWh;-4838;0;0;0;4838;-4838
12/04/2024 13:15;12/04/2024 13:30;54;kWh;-2929;0;0;0;2929;-2929
12/04/2024 13:30;12/04/2024 13:45;55;kWh;-3258;0;0;0;3258;-3258
12/04/2024 13:45;12/04/2024 14:00;56;kWh;-1704;0;0;0;1704;-1704
12/04/2024 14:00;12/04/2024 14:15;57;kWh;-3105;0;0;0;3105;-3105
12/04/2024 14:15;12/04/2024 14:30;58;kWh;-1617;0;0;0;1617;-1617
12/04/2024 14:30;12/04/2024 14:45;59;kWh;-1735;0;0;0;1735;-1735
12/04/2024 14:45;12/04/2024 15:00;60;kWh;-7133;0;0;0;7133;-7133
12/04/2024 15:00;12/04/2024 15:15;61;kWh;-9862;0;0;0;9862;-9862
12/04/2024 15:15;12/04/2024 15:30;62;kWh;0;0;0;0;0;0
12/04/2024 15:30;12/04/2024 15:45;63;kWh;0;907;0;0;907;907
12/04/2024 15:45;12/04/2024 16:00;64;kWh;0;1446;0;0;1446;1446
12/04/2024 16:00;12/04/2024 16:15;65;kWh;-3720;33;0;0;3753;-3687
12/04/2024 16:15;12/04/2024 16:30;66;kWh;-754;585;0;0;1339;-169
12/04/2024 16:30;12/04/2024 16:45;67;kWh;0;8232;0;0;8232;8232
12/04/2024 16:45;12/04/2024 17:00;68;kWh;0;22368;0;0;22368;22368
12/04/2024 17:00;12/04/2024 17:15;69;kWh;0;23216;0;0;23216;23216
12/04/2024 17:15;12/04/2024 17:30;70;kWh;0;16047;0;0;16047;16047
12/04/2024 17:30;12/04/2024 17:45;71;kWh;0;15725;0;0;15725;15725
12/04/2024 17:45;12/04/2024 18:00;72;kWh;0;22992;0;0;22992;22992
12/04/2024 18:00;12/04/2024 18:15;73;kWh;-12170;1042;0;0;13212;-11128
12/04/2024 18:15;12/04/2024 18:30;74;kWh;0;550;0;0;550;550
12/04/2024 18:30;12/04/2024 18:45;75;kWh;-6594;4306;0;0;10900;-2288
12/04/2024 18:45;12/04/2024 19:00;76;kWh;0;16850;0;0;16850;16850
12/04/2024 19:00;12/04/2024 19:15;77;kWh;-12971;0;0;0;12971;-12971
12/04/2024 19:15;12/04/2024 19:30;78;kWh;-11902;0;0;0;11902;-11902
12/04/2024 19:30;12/04/2024 19:45;79;kWh;-10342;0;0;0;10342;-10342
12/04/2024 19:45;12/04/2024 20:00;80;kWh;-167;0;0;0;167;-167
12/04/2024 20:00;12/04/2024 20:15;81;kWh;-29069;0;0;0;29069;-29069
12/04/2024 20:15;12/04/2024 20:30;82;kWh;-11023;0;0;0;11023;-11023
12/04/2024 20:30;12/04/2024 20:45;83;kWh;-12458;0;0;0;12458;-12458
12/04/2024 20:45;12/04/2024 21:00;84;kWh;-9726;0;0;0;9726;-9726
12/04/2024 21:00;12/04/2024 21:15;85;kWh;0;26053;0;0;26053;26053
12/04/2024 21:15;12/04/2024 21:30;86;kWh;0;16252;0;0;16252;16252
12/04/2024 21:30;12/04/2024 21:45;87;kWh;0;37;0;0;37;37
12/04/2024 21:45;12/04/2024 22:00;88;kWh;-11435;0;0;0;11435;-11435
12/04/2024 22:00;12/04/2024 22:15;89;kWh;-11462;1106;0;0;12568;-10356
12/04/2024 22:15;12/04/2024 22:30;90;kWh;-7592;6;0;0;7598;-7586
12/04/2024 22:30;12/04/2024 22:45;91;kWh;-2843;0;0;0;2843;-2843
12/04/2024 22:45;12/04/2024 23:00;92;kWh;-4911;0;0;0;4911;-4911
12/04/2024 23:00;12/04/2024 23:15;93;kWh;-1060;0;0;0;1060;-1060
12/04/2024 23:15;12/04/2024 23:30;94;kWh;-3022;0;0;0;3022;-3022
12/04/2024 23:30;12/04/2024 23:45;95;kWh;-3666;0;0;0;3666;-3666
12/04/2024 23:45;13/04/2024 00:00;96;kWh;-7643;0;0;0;7643;-7643
13/04/2024 00:00;13/04/2024 00:15;1;kWh;-2070;0;0;0;2070;-2070
13/04/2024 00:15;13/04/2024 00:30;2;kWh;-3612;0;0;0;3612;-3612
13/04/2024 00:30;13/04/2024 00:45;3;kWh;-4745;0;0;0;4745;-4745
13/04/2024 00:45;13/04/2024 01:00;4;kWh;-9979;0;0;0;9979;-9979
13/04/2024 01:00;13/04/2024 01:15;5;kWh;-11965;0;0;0;11965;-11965
13/04/2024 01:15;13/04/2024 01:30;6;kWh;-22186;0;0;0;22186;-22186
13/04/2024 01:30;13/04/2024 01:45;7;kWh;-46106;0;0;0;46106;-46106
13/04/2024 01:45;13/04/2024 02:00;8;kWh;-33346;0;0;0;33346;-33346
13/04/2024 02:00;13/04/2024 02:15;9;kWh;-17798;0;0;0;17798;-17798
13/04/2024 02:15;13/04/2024 02:30;10;kWh;-11917;0;0;0;11917;-11917
13/04/2024 02:30;13/04/2024 02:45;11;kWh;-20076;0;0;0;20076;-20076
13/04/2024 02:45;13/04/2024 03:00;12;kWh;-36818;0;0;0;36818;-36818
13/04/2024 03:00;13/04/2024 03:15;13;kWh;-32828;0;0;0;32828;-32828
13/04/2024 03:15;13/04/2024 03:30;14;kWh;-9259;0;0;0;9259;-9259
13/04/2024 03:30;13/04/2024 03:45;15;kWh;-22475;0;0;0;22475;-22475
13/04/2024 03:45;13/04/2024 04:00;16;kWh;-8902;0;0;0;8902;-8902
13/04/2024 04:00;13/04/2024 04:15;17;kWh;-1177;0;0;0;1177;-1177
13/04/2024 04:15;13/04/2024 04:30;18;kWh;-437;0;0;0;437;-437
13/04/2024 04:30;13/04/2024 04:45;19;kWh;-1002;0;0;0;1002;-1002
13/04/2024 04:45;13/04/2024 05:00;20;kWh;0;0;0;0;0;0
13/04/2024 05:00;13/04/2024 05:15;21;kWh;-1061;0;0;0;1061;-1061
13/04/2024 05:15;13/04/2024 05:30;22;kWh;-1765;0;0;0;1765;-1765
13/04/2024 05:30;13/04/2024 05:45;23;kWh;-356;0;0;0;356;-356
13/04/2024 05:45;13/04/2024 06:00;24;kWh;-2694;0;0;0;2694;-2694
13/04/2024 06:00;13/04/2024 06:15;25;kWh;-33463;0;0;0;33463;-33463
13/04/2024 06:15;13/04/2024 06:30;26;kWh;-15995;0;0;0;15995;-15995
13/04/2024 06:30;13/04/2024 06:45;27;kWh;-35156;0;0;0;35156;-35156
13/04/2024 06:45;13/04/2024 07:00;28;kWh;-35023;0;0;0;35023;-35023
13/04/2024 07:00;13/04/2024 07:15;29;kWh;-2048;0;0;0;2048;-2048
13/04/2024 07:15;13/04/2024 07:30;30;kWh;-728;0;0;0;728;-728
13/04/2024 07:30;13/04/2024 07:45;31;kWh;-2698;0;0;0;2698;-2698
13/04/2024 07:45;13/04/2024 08:00;32;kWh;-11745;0;0;0;11745;-11745
13/04/2024 08:00;13/04/2024 08:15;33;kWh;-8420;0;0;0;8420;-8420
13/04/2024 08:15;13/04/2024 08:30;34;kWh;0;0;0;0;0;0
13/04/2024 08:30;13/04/2024 08:45;35;kWh;-5750;0;0;0;5750;-5750
13/04/2024 08:45;13/04/2024 09:00;36;kWh;-17789;0;0;0;17789;-17789
13/04/2024 09:00;13/04/2024 09:15;37;kWh;-2936;0;0;0;2936;-2936
13/04/2024 09:15;13/04/2024 09:30;38;kWh;-9749;0;0;0;9749;-9749
13/04/2024 09:30;13/04/2024 09:45;39;kWh;-22942;0;0;0;22942;-22942
13/04/2024 09:45;13/04/2024 10:00;40;kWh;-30234;0;0;0;30234;-30234
13/04/2024 10:00;13/04/2024 10:15;41;kWh;-5456;12994;0;0;18450;7538
13/04/2024 10:15;13/04/2024 10:30;42;kWh;0;42535;0;0;42535;42535
13/04/2024 10:30;13/04/2024 10:45;43;kWh;-1510;1186;0;0;2696;-324
13/04/2024 10:45;13/04/2024 11:00;44;kWh;-7240;0;0;0;7240;-7240
13/04/2024 11:00;13/04/2024 11:15;45;kWh;-29969;0;0;0;29969;-29969
13/04/2024 11:15;13/04/2024 11:30;46;kWh;-38853;0;0;0;38853;-38853
13/04/2024 11:30;13/04/2024 11:45;47;kWh;-47916;0;0;0;47916;-47916
13/04/2024 11:45;13/04/2024 12:00;48;kWh;-37692;0;0;0;37692;-37692
13/04/2024 12:00;13/04/2024 12:15;49;kWh;-38156;0;0;0;38156;-38156
13/04/2024 12:15;13/04/2024 12:30;50;kWh;-34624;0;0;0;34624;-34624
13/04/2024 12:30;13/04/2024 12:45;51;kWh;-19810;0;0;0;19810;-19810
13/04/2024 12:45;13/04/2024 13:00;52;kWh;-18460;0;0;0;18460;-18460
13/04/2024 13:00;13/04/2024 13:15;53;kWh;-20977;0;0;0;20977;-20977
13/04/2024 13:15;13/04/2024 13:30;54;kWh;-31505;0;0;0;31505;-31505
13/04/2024 13:30;13/04/2024 13:45;55;kWh;-19063;0;0;0;19063;-19063
13/04/2024 13:45;13/04/2024 14:00;56;kWh;-20952;0;0;0;20952;-20952
13/04/2024 14:00;13/04/2024 14:15;57;kWh;-28319;0;0;0;28319;-28319
13/04/2024 14:15;13/04/2024 14:30;58;kWh;-34260;0;0;0;34260;-34260
13/04/2024 14:30;13/04/2024 14:45;59;kWh;-27942;0;0;0;27942;-27942
13/04/2024 14:45;13/04/2024 15:00;60;kWh;-26491;0;0;0;26491;-26491
13/04/2024 15:00;13/04/2024 15:15;61;kWh;-22213;0;0;0;22213;-22213
13/04/2024 15:15;13/04/2024 15:30;62;kWh;-46222;0;0;0;46222;-46222
13/04/2024 15:30;13/04/2024 15:45;63;kWh;-33821;0;0;0;33821;-33821
13/04/2024 15:45;13/04/2024 16:00;64;kWh;-27598;0;0;0;27598;-27598
13/04/2024 16:00;13/04/2024 16:15;65;kWh;-34241;0;0;0;34241;-34241
13/04/2024 16:15;13/04/2024 16:30;66;kWh;-36367;0;0;0;36367;-36367
13/04/2024 16:30;13/04/2024 16:45;67;kWh;-27080;0;0;0;27080;-27080
13/04/2024 16:45;13/04/2024 17:00;68;kWh;-23963;0;0;0;23963;-23963
13/04/2024 17:00;13/04/2024 17:15;69;kWh;-34964;0;0;0;34964;-34964
13/04/2024 17:15;13/04/2024 17:30;70;kWh;-17225;0;0;0;17225;-17225
13/04/2024 17:30;13/04/2024 17:45;71;kWh;-15995;0;0;0;15995;-15995
13/04/2024 17:45;13/04/2024 18:00;72;kWh;-1382;0;0;0;1382;-1382
13/04/2024 18:00;13/04/2024 18:15;73;kWh;-36481;0;0;0;36481;-36481
13/04/2024 18:15;13/04/2024 18:30;74;kWh;-18592;0;0;0;18592;-18592
13/04/2024 18:30;13/04/2024 18:45;75;kWh;-7145;0;0;0;7145;-7145
13/04/2024 18:45;13/04/2024 19:00;76;kWh;0;0;0;0;0;0
13/04/2024 19:00;13/04/2024 19:15;77;kWh;-21143;0;0;0;21143;-21143
13/04/2024 19:15;13/04/2024 19:30;78;kWh;-3050;5558;0;0;8608;2508
13/04/2024 19:30;13/04/2024 19:45;79;kWh;0;40900;0;0;40900;40900
13/04/2024 19:45;13/04/2024 20:00;80;kWh;0;8481;0;0;8481;8481
13/04/2024 20:00;13/04/2024 20:15;81;kWh;0;0;0;0;0;0
13/04/2024 20:15;13/04/2024 20:30;82;kWh;-3846;0;0;0;3846;-3846
13/04/2024 20:30;13/04/2024 20:45;83;kWh;-1818;0;0;0;1818;-1818
13/04/2024 20:45;13/04/2024 21:00;84;kWh;-4747;0;0;0;4747;-4747
13/04/2024 21:00;13/04/2024 21:15;85;kWh;-11027;0;0;0;11027;-11027
13/04/2024 21:15;13/04/2024 21:30;86;kWh;-225;0;0;0;225;-225
13/04/2024 21:30;13/04/2024 21:45;87;kWh;-7198;0;0;0;7198;-7198
13/04/2024 21:45;13/04/2024 22:00;88;kWh;-46300;0;0;0;46300;-46300
13/04/2024 22:00;13/04/2024 22:15;89;kWh;-33794;0;0;0;33794;-33794
13/04/2024 22:15;13/04/2024 22:30;90;kWh;-60624;0;0;0;60624;-60624
13/04/2024 22:30;13/04/2024 22:45;91;kWh;-35203;0;0;0;35203;-35203
13/04/2024 22:45;13/04/2024 23:00;92;kWh;-47679;0;0;0;47679;-47679
13/04/2024 23:00;13/04/2024 23:15;93;kWh;-27251;0;0;0;27251;-27251
13/04/2024 23:15;13/04/2024 23:30;94;kWh;-2600;0;0;0;2600;-2600
13/04/2024 23:30;13/04/2024 23:45;95;kWh;-108;0;0;0;108;-108
13/04/2024 23:45;14/04/2024 00:00;96;kWh;0;0;0;0;0;0
14/04/2024 00:00;14/04/2024 00:15;1;kWh;0;726;0;0;726;726
14/04/2024 00:15;14/04/2024 00:30;2;kWh;0;3156;0;0;3156;3156
14/04/2024 00:30;14/04/2024 00:45;3;kWh;0;250;0;0;250;250
14/04/2024 00:45;14/04/2024 01:00;4;kWh;0;40;0;0;40;40
14/04/2024 01:00;14/04/2024 01:15;5;kWh;-8;0;0;0;8;-8
14/04/2024 01:15;14/04/2024 01:30;6;kWh;-18780;0;0;0;18780;-18780
14/04/2024 01:30;14/04/2024 01:45;7;kWh;-31176;0;0;0;31176;-31176
14/04/2024 01:45;14/04/2024 02:00;8;kWh;-42806;0;0;0;42806;-42806
14/04/2024 02:00;14/04/2024 02:15;9;kWh;-15903;0;0;0;15903;-15903
14/04/2024 02:15;14/04/2024 02:30;10;kWh;-1657;0;0;0;1657;-1657
14/04/2024 02:30;14/04/2024 02:45;11;kWh;-5283;0;0;0;5283;-5283
14/04/2024 02:45;14/04/2024 03:00;12;kWh;-16197;0;0;0;16197;-16197
14/04/2024 03:00;14/04/2024 03:15;13;kWh;-967;0;0;0;967;-967
14/04/2024 03:15;14/04/2024 03:30;14;kWh;0;0;0;0;0;0
14/04/2024 03:30;14/04/2024 03:45;15;kWh;0;6;0;0;6;6
14/04/2024 03:45;14/04/2024 04:00;16;kWh;0;3606;0;0;3606;3606
14/04/2024 04:00;14/04/2024 04:15;17;kWh;0;745;0;0;745;745
14/04/2024 04:15;14/04/2024 04:30;18;kWh;0;1974;0;0;1974;1974
14/04/2024 04:30;14/04/2024 04:45;19;kWh;0;21;0;0;21;21
14/04/2024 04:45;14/04/2024 05:00;20;kWh;-1368;0;0;0;1368;-1368
14/04/2024 05:00;14/04/2024 05:15;21;kWh;-31734;0;0;0;31734;-31734
14/04/2024 05:15;14/04/2024 05:30;22;kWh;-38448;0;0;0;38448;-38448
14/04/2024 05:30;14/04/2024 05:45;23;kWh;-30174;0;0;0;30174;-30174
14/04/2024 05:45;14/04/2024 06:00;24;kWh;-20902;0;0;0;20902;-20902
14/04/2024 06:00;14/04/2024 06:15;25;kWh;-20219;0;0;0;20219;-20219
14/04/2024 06:15;14/04/2024 06:30;26;kWh;-9456;0;0;0;9456;-9456
14/04/2024 06:30;14/04/2024 06:45;27;kWh;-15453;0;0;0;15453;-15453
14/04/2024 06:45;14/04/2024 07:00;28;kWh;-27183;0;0;0;27183;-27183
14/04/2024 07:00;14/04/2024 07:15;29;kWh;-9298;0;0;0;9298;-9298
14/04/2024 07:15;14/04/2024 07:30;30;kWh;-419;0;0;0;419;-419
14/04/2024 07:30;14/04/2024 07:45;31;kWh;-22293;0;0;0;22293;-22293
14/04/2024 07:45;14/04/2024 08:00;32;kWh;-29611;0;0;0;29611;-29611
14/04/2024 08:00;14/04/2024 08:15;33;kWh;-7484;0;0;0;7484;-7484
14/04/2024 08:15;14/04/2024 08:30;34;kWh;-40775;0;0;0;40775;-40775
14/04/2024 08:30;14/04/2024 08:45;35;kWh;-47456;0;0;0;47456;-47456
14/04/2024 08:45;14/04/2024 09:00;36;kWh;-66112;0;0;0;66112;-66112
14/04/2024 09:00;14/04/2024 09:15;37;kWh;-51269;0;0;0;51269;-51269
14/04/2024 09:15;14/04/2024 09:30;38;kWh;-71654;0;0;0;71654;-71654
14/04/2024 09:30;14/04/2024 09:45;39;kWh;-88280;0;0;0;88280;-88280
14/04/2024 09:45;14/04/2024 10:00;40;kWh;-82322;0;0;0;82322;-82322
14/04/2024 10:00;14/04/2024 10:15;41;kWh;-19493;0;0;0;19493;-19493
14/04/2024 10:15;14/04/2024 10:30;42;kWh;-34832;0;0;0;34832;-34832
14/04/2024 10:30;14/04/2024 10:45;43;kWh;-31144;0;0;0;31144;-31144
14/04/2024 10:45;14/04/2024 11:00;44;kWh;-44858;0;0;0;44858;-44858
14/04/2024 11:00;14/04/2024 11:15;45;kWh;-7384;0;0;0;7384;-7384
14/04/2024 11:15;14/04/2024 11:30;46;kWh;-308;0;0;0;308;-308
14/04/2024 11:30;14/04/2024 11:45;47;kWh;-5910;0;0;0;5910;-5910
14/04/2024 11:45;14/04/2024 12:00;48;kWh;-22380;0;0;0;22380;-22380
14/04/2024 12:00;14/04/2024 12:15;49;kWh;-32284;0;0;0;32284;-32284
14/04/2024 12:15;14/04/2024 12:30;50;kWh;-42419;0;0;0;42419;-42419
14/04/2024 12:30;14/04/2024 12:45;51;kWh;-69442;0;0;0;69442;-69442
14/04/2024 12:45;14/04/2024 13:00;52;kWh;-42816;0;0;0;42816;-42816
14/04/2024 13:00;14/04/2024 13:15;53;kWh;-67264;0;0;0;67264;-67264
14/04/2024 13:15;14/04/2024 13:30;54;kWh;-59487;0;0;0;59487;-59487
14/04/2024 13:30;14/04/2024 13:45;55;kWh;-47794;0;0;0;47794;-47794
14/04/2024 13:45;14/04/2024 14:00;56;kWh;-55129;0;0;0;55129;-55129
14/04/2024 14:00;14/04/2024 14:15;57;kWh;-74133;0;0;0;74133;-74133
14/04/2024 14:15;14/04/2024 14:30;58;kWh;-65523;0;0;0;65523;-65523
14/04/2024 14:30;14/04/2024 14:45;59;kWh;-25911;0;0;0;25911;-25911
14/04/2024 14:45;14/04/2024 15:00;60;kWh;-18362;0;0;0;18362;-18362
14/04/2024 15:00;14/04/2024 15:15;61;kWh;-23150;0;0;0;23150;-23150
14/04/2024 15:15;14/04/2024 15:30;62;kWh;-8272;0;0;0;8272;-8272
14/04/2024 15:30;14/04/2024 15:45;63;kWh;-184;0;0;0;184;-184
14/04/2024 15:45;14/04/2024 16:00;64;kWh;-290;0;0;0;290;-290
14/04/2024 16:00;14/04/2024 16:15;65;kWh;-34329;0;0;0;34329;-34329
14/04/2024 16:15;14/04/2024 16:30;66;kWh;-21927;0;0;0;21927;-21927
14/04/2024 16:30;14/04/2024 16:45;67;kWh;-19973;2564;0;0;22537;-17409
14/04/2024 16:45;14/04/2024 17:00;68;kWh;0;50736;0;0;50736;50736
14/04/2024 17:00;14/04/2024 17:15;69;kWh;-46852;1123;0;0;47975;-45729
14/04/2024 17:15;14/04/2024 17:30;70;kWh;-34169;698;0;0;34867;-33471
14/04/2024 17:30;14/04/2024 17:45;71;kWh;-13916;144;0;0;14060;-13772
14/04/2024 17:45;14/04/2024 18:00;72;kWh;-935;0;0;0;935;-935
14/04/2024 18:00;14/04/2024 18:15;73;kWh;-17496;0;0;0;17496;-17496
14/04/2024 18:15;14/04/2024 18:30;74;kWh;-4030;0;0;0;4030;-4030
14/04/2024 18:30;14/04/2024 18:45;75;kWh;-1542;0;0;0;1542;-1542
14/04/2024 18:45;14/04/2024 19:00;76;kWh;0;0;0;0;0;0
14/04/2024 19:00;14/04/2024 19:15;77;kWh;-5121;0;0;0;5121;-5121
14/04/2024 19:15;14/04/2024 19:30;78;kWh;-1212;0;0;0;1212;-1212
14/04/2024 19:30;14/04/2024 19:45;79;kWh;-544;0;0;0;544;-544
14/04/2024 19:45;14/04/2024 20:00;80;kWh;0;0;0;0;0;0
14/04/2024 20:00;14/04/2024 20:15;81;kWh;0;0;0;0;0;0
14/04/2024 20:15;14/04/2024 20:30;82;kWh;0;0;0;0;0;0
14/04/2024 20:30;14/04/2024 20:45;83;kWh;0;0;0;0;0;0
14/04/2024 20:45;14/04/2024 21:00;84;kWh;0;15277;0;0;15277;15277
14/04/2024 21:00;14/04/2024 21:15;85;kWh;0;39027;0;0;39027;39027
14/04/2024 21:15;14/04/2024 21:30;86;kWh;0;33631;0;0;33631;33631
14/04/2024 21:30;14/04/2024 21:45;87;kWh;0;4398;0;0;4398;4398
14/04/2024 21:45;14/04/2024 22:00;88;kWh;0;223;0;0;223;223
14/04/2024 22:00;14/04/2024 22:15;89;kWh;0;33377;0;0;33377;33377
14/04/2024 22:15;14/04/2024 22:30;90;kWh;0;24378;0;0;24378;24378
14/04/2024 22:30;14/04/2024 22:45;91;kWh;0;9202;0;0;9202;9202
14/04/2024 22:45;14/04/2024 23:00;92;kWh;-4376;0;0;0;4376;-4376
14/04/2024 23:00;14/04/2024 23:15;93;kWh;-735;47485;0;0;48220;46750
14/04/2024 23:15;14/04/2024 23:30;94;kWh;0;28688;0;0;28688;28688
14/04/2024 23:30;14/04/2024 23:45;95;kWh;0;10885;0;0;10885;10885
14/04/2024 23:45;15/04/2024 00:00;96;kWh;0;20172;0;0;20172;20172
15/04/2024 00:00;15/04/2024 00:15;1;kWh;-157;221;0;0;378;64
15/04/2024 00:15;15/04/2024 00:30;2;kWh;0;899;0;0;899;899
15/04/2024 00:30;15/04/2024 00:45;3;kWh;0;13698;0;0;13698;13698
15/04/2024 00:45;15/04/2024 01:00;4;kWh;0;28965;0;0;28965;28965
15/04/2024 01:00;15/04/2024 01:15;5;kWh;-4194;5581;0;0;9775;1387
15/04/2024 01:15;15/04/2024 01:30;6;kWh;-8117;961;0;0;9078;-7156
15/04/2024 01:30;15/04/2024 01:45;7;kWh;-2266;0;0;0;2266;-2266
15/04/2024 01:45;15/04/2024 02:00;8;kWh;-2746;17515;0;0;20261;14769
15/04/2024 02:00;15/04/2024 02:15;9;kWh;0;31098;0;0;31098;31098
15/04/2024 02:15;15/04/2024 02:30;10;kWh;0;26268;0;0;26268;26268
15/04/2024 02:30;15/04/2024 02:45;11;kWh;0;6158;0;0;6158;6158
15/04/2024 02:45;15/04/2024 03:00;12;kWh;-15;0;0;0;15;-15
15/04/2024 03:00;15/04/2024 03:15;13;kWh;-9241;351;0;0;9592;-8890
15/04/2024 03:15;15/04/2024 03:30;14;kWh;-28171;744;0;0;28915;-27427
15/04/2024 03:30;15/04/2024 03:45;15;kWh;-19541;0;0;0;19541;-19541
15/04/2024 03:45;15/04/2024 04:00;16;kWh;-5379;0;0;0;5379;-5379
15/04/2024 04:00;15/04/2024 04:15;17;kWh;-17246;0;0;0;17246;-17246
15/04/2024 04:15;15/04/2024 04:30;18;kWh;-5902;0;0;0;5902;-5902
15/04/2024 04:30;15/04/2024 04:45;19;kWh;-142;0;0;0;142;-142
15/04/2024 04:45;15/04/2024 05:00;20;kWh;-326;0;0;0;326;-326
15/04/2024 05:00;15/04/2024 05:15;21;kWh;0;2519;0;0;2519;2519
15/04/2024 05:15;15/04/2024 05:30;22;kWh;0;5497;0;0;5497;5497
15/04/2024 05:30;15/04/2024 05:45;23;kWh;0;6263;0;0;6263;6263
15/04/2024 05:45;15/04/2024 06:00;24;kWh;0;10386;0;0;10386;10386
15/04/2024 06:00;15/04/2024 06:15;25;kWh;0;8691;0;0;8691;8691
15/04/2024 06:15;15/04/2024 06:30;26;kWh;0;19649;0;0;19649;19649
15/04/2024 06:30;15/04/2024 06:45;27;kWh;0;2545;0;0;2545;2545
15/04/2024 06:45;15/04/2024 07:00;28;kWh;0;93;0;0;93;93
15/04/2024 07:00;15/04/2024 07:15;29;kWh;0;13666;0;0;13666;13666
15/04/2024 07:15;15/04/2024 07:30;30;kWh;0;20137;0;0;20137;20137
15/04/2024 07:30;15/04/2024 07:45;31;kWh;0;7983;0;0;7983;7983
15/04/2024 07:45;15/04/2024 08:00;32;kWh;-7767;906;0;0;8673;-6861
15/04/2024 08:00;15/04/2024 08:15;33;kWh;0;26244;0;0;26244;26244
15/04/2024 08:15;15/04/2024 08:30;34;kWh;-12726;169;0;0;12895;-12557
15/04/2024 08:30;15/04/2024 08:45;35;kWh;-36002;0;0;0;36002;-36002
15/04/2024 08:45;15/04/2024 09:00;36;kWh;-37552;0;0;0;37552;-37552
15/04/2024 09:00;15/04/2024 09:15;37;kWh;-7740;0;0;0;7740;-7740
15/04/2024 09:15;15/04/2024 09:30;38;kWh;-5483;811;0;0;6294;-4672
15/04/2024 09:30;15/04/2024 09:45;39;kWh;-7291;0;0;0;7291;-7291
15/04/2024 09:45;15/04/2024 10:00;40;kWh;-12027;0;0;0;12027;-12027
15/04/2024 10:00;15/04/2024 10:15;41;kWh;-24496;0;0;0;24496;-24496
15/04/2024 10:15;15/04/2024 10:30;42;kWh;-38876;0;0;0;38876;-38876
15/04/2024 10:30;15/04/2024 10:45;43;kWh;-29376;0;0;0;29376;-29376
15/04/2024 10:45;15/04/2024 11:00;44;kWh;-39686;0;0;0;39686;-39686
15/04/2024 11:00;15/04/2024 11:15;45;kWh;-25999;0;0;0;25999;-25999
15/04/2024 11:15;15/04/2024 11:30;46;kWh;-22023;0;0;0;22023;-22023
15/04/2024 11:30;15/04/2024 11:45;47;kWh;-12908;0;0;0;12908;-12908
15/04/2024 11:45;15/04/2024 12:00;48;kWh;-7877;0;0;0;7877;-7877
15/04/2024 12:00;15/04/2024 12:15;49;kWh;-3725;0;0;0;3725;-3725
15/04/2024 12:15;15/04/2024 12:30;50;kWh;-5277;0;0;0;5277;-5277
15/04/2024 12:30;15/04/2024 12:45;51;kWh;-3206;0;0;0;3206;-3206
15/04/2024 12:45;15/04/2024 13:00;52;kWh;-3367;0;0;0;3367;-3367
15/04/2024 13:00;15/04/2024 13:15;53;kWh;-2052;0;0;0;2052;-2052
15/04/2024 13:15;15/04/2024 13:30;54;kWh;-5083;124;0;0;5207;-4959
15/04/2024 13:30;15/04/2024 13:45;55;kWh;0;29183;0;0;29183;29183
15/04/2024 13:45;15/04/2024 14:00;56;kWh;0;3626;0;0;3626;3626
15/04/2024 14:00;15/04/2024 14:15;57;kWh;0;2512;0;0;2512;2512
15/04/2024 14:15;15/04/2024 14:30;58;kWh;0;4386;0;0;4386;4386
15/04/2024 14:30;15/04/2024 14:45;59;kWh;0;5;0;0;5;5
15/04/2024 14:45;15/04/2024 15:00;60;kWh;0;199;0;0;199;199
15/04/2024 15:00;15/04/2024 15:15;61;kWh;0;6478;0;0;6478;6478
15/04/2024 15:15;15/04/2024 15:30;62;kWh;0;45296;0;0;45296;45296
15/04/2024 15:30;15/04/2024 15:45;63;kWh;0;32856;0;0;32856;32856
15/04/2024 15:45;15/04/2024 16:00;64;kWh;-3285;357;0;0;3642;-2928
15/04/2024 16:00;15/04/2024 16:15;65;kWh;-905;0;0;0;905;-905
15/04/2024 16:15;15/04/2024 16:30;66;kWh;-887;0;0;0;887;-887
15/04/2024 16:30;15/04/2024 16:45;67;kWh;-23989;0;0;0;23989;-23989
15/04/2024 16:45;15/04/2024 17:00;68;kWh;-22872;0;0;0;22872;-22872
15/04/2024 17:00;15/04/2024 17:15;69;kWh;-15865;0;0;0;15865;-15865
15/04/2024 17:15;15/04/2024 17:30;70;kWh;-3791;0;0;0;3791;-3791
15/04/2024 17:30;15/04/2024 17:45;71;kWh;-32;0;0;0;32;-32
15/04/2024 17:45;15/04/2024 18:00;72;kWh;0;6962;0;0;6962;6962
15/04/2024 18:00;15/04/2024 18:15;73;kWh;-21671;840;0;0;22511;-20831
15/04/2024 18:15;15/04/2024 18:30;74;kWh;-7574;2982;0;0;10556;-4592
15/04/2024 18:30;15/04/2024 18:45;75;kWh;0;5256;0;0;5256;5256
15/04/2024 18:45;15/04/2024 19:00;76;kWh;0;3754;0;0;3754;3754
15/04/2024 19:00;15/04/2024 19:15;77;kWh;0;668;0;0;668;668
15/04/2024 19:15;15/04/2024 19:30;78;kWh;0;1403;0;0;1403;1403
15/04/2024 19:30;15/04/2024 19:45;79;kWh;0;32498;0;0;32498;32498
15/04/2024 19:45;15/04/2024 20:00;80;kWh;0;37726;0;0;37726;37726
15/04/2024 20:00;15/04/2024 20:15;81;kWh;-1465;543;0;0;2008;-922
15/04/2024 20:15;15/04/2024 20:30;82;kWh;0;0;0;0;0;0
15/04/2024 20:30;15/04/2024 20:45;83;kWh;0;0;0;0;0;0
15/04/2024 20:45;15/04/2024 21:00;84;kWh;0;2283;0;0;2283;2283
15/04/2024 21:00;15/04/2024 21:15;85;kWh;0;601;0;0;601;601
15/04/2024 21:15;15/04/2024 21:30;86;kWh;0;358;0;0;358;358
15/04/2024 21:30;15/04/2024 21:45;87;kWh;-10406;0;0;0;10406;-10406
15/04/2024 21:45;15/04/2024 22:00;88;kWh;-13655;0;0;0;13655;-13655
15/04/2024 22:00;15/04/2024 22:15;89;kWh;-2938;0;0;0;2938;-2938
15/04/2024 22:15;15/04/2024 22:30;90;kWh;-1006;0;0;0;1006;-1006
15/04/2024 22:30;15/04/2024 22:45;91;kWh;0;0;0;0;0;0
15/04/2024 22:45;15/04/2024 23:00;92;kWh;-102;0;0;0;102;-102
15/04/2024 23:00;15/04/2024 23:15;93;kWh;-274;23584;0;0;23858;23310
15/04/2024 23:15;15/04/2024 23:30;94;kWh;0;43942;0;0;43942;43942
15/04/2024 23:30;15/04/2024 23:45;95;kWh;0;18790;0;0;18790;18790
15/04/2024 23:45;16/04/2024 00:00;96;kWh;-2722;1163;0;0;3885;-1559
16/04/2024 00:00;16/04/2024 00:15;1;kWh;-4052;6115;0;0;10167;2063
16/04/2024 00:15;16/04/2024 00:30;2;kWh;0;8573;0;0;8573;8573
16/04/2024 00:30;16/04/2024 00:45;3;kWh;0;799;0;0;799;799
16/04/2024 00:45;16/04/2024 01:00;4;kWh;0;4692;0;0;4692;4692
16/04/2024 01:00;16/04/2024 01:15;5;kWh;0;71218;0;0;71218;71218
16/04/2024 01:15;16/04/2024 01:30;6;kWh;0;62792;0;0;62792;62792
16/04/2024 01:30;16/04/2024 01:45;7;kWh;0;20987;0;0;20987;20987
16/04/2024 01:45;16/04/2024 02:00;8;kWh;-430;18130;0;0;18560;17700
16/04/2024 02:00;16/04/2024 02:15;9;kWh;-21714;19;0;0;21733;-21695
16/04/2024 02:15;16/04/2024 02:30;10;kWh;-19095;0;0;0;19095;-19095
16/04/2024 02:30;16/04/2024 02:45;11;kWh;-11485;0;0;0;11485;-11485
16/04/2024 02:45;16/04/2024 03:00;12;kWh;-12048;0;0;0;12048;-12048
16/04/2024 03:00;16/04/2024 03:15;13;kWh;-20113;0;0;0;20113;-20113
16/04/2024 03:15;16/04/2024 03:30;14;kWh;-20340;0;0;0;20340;-20340
16/04/2024 03:30;16/04/2024 03:45;15;kWh;-25928;0;0;0;25928;-25928
16/04/2024 03:45;16/04/2024 04:00;16;kWh;-20887;0;0;0;20887;-20887
16/04/2024 04:00;16/04/2024 04:15;17;kWh;-13011;0;0;0;13011;-13011
16/04/2024 04:15;16/04/2024 04:30;18;kWh;-20770;0;0;0;20770;-20770
16/04/2024 04:30;16/04/2024 04:45;19;kWh;-352;4717;0;0;5069;4365
16/04/2024 04:45;16/04/2024 05:00;20;kWh;0;19160;0;0;19160;19160
16/04/2024 05:00;16/04/2024 05:15;21;kWh;-8909;4119;0;0;13028;-4790
16/04/2024 05:15;16/04/2024 05:30;22;kWh;-17483;0;0;0;17483;-17483
16/04/2024 05:30;16/04/2024 05:45;23;kWh;-36;1035;0;0;1071;999
16/04/2024 05:45;16/04/2024 06:00;24;kWh;-565;0;0;0;565;-565
16/04/2024 06:00;16/04/2024 06:15;25;kWh;-5646;0;0;0;5646;-5646
16/04/2024 06:15;16/04/2024 06:30;26;kWh;-14060;3;0;0;14063;-14057
16/04/2024 06:30;16/04/2024 06:45;27;kWh;-2421;16;0;0;2437;-2405
16/04/2024 06:45;16/04/2024 07:00;28;kWh;-8936;0;0;0;8936;-8936
16/04/2024 07:00;16/04/2024 07:15;29;kWh;-9813;10;0;0;9823;-9803
16/04/2024 07:15;16/04/2024 07:30;30;kWh;-27;3267;0;0;3294;3240
16/04/2024 07:30;16/04/2024 07:45;31;kWh;0;4051;0;0;4051;4051
16/04/2024 07:45;16/04/2024 08:00;32;kWh;0;3739;0;0;3739;3739
16/04/2024 08:00;16/04/2024 08:15;33;kWh;0;177;0;0;177;177
16/04/2024 08:15;16/04/2024 08:30;34;kWh;0;0;0;0;0;0
16/04/2024 08:30;16/04/2024 08:45;35;kWh;0;0;0;0;0;0
16/04/2024 08:45;16/04/2024 09:00;36;kWh;-3824;0;0;0;3824;-3824
16/04/2024 09:00;16/04/2024 09:15;37;kWh;-7259;0;0;0;7259;-7259
16/04/2024 09:15;16/04/2024 09:30;38;kWh;-10947;0;0;0;10947;-10947
16/04/2024 09:30;16/04/2024 09:45;39;kWh;-20356;0;0;0;20356;-20356
16/04/2024 09:45;16/04/2024 10:00;40;kWh;-30622;0;0;0;30622;-30622
16/04/2024 10:00;16/04/2024 10:15;41;kWh;-4327;0;0;0;4327;-4327
16/04/2024 10:15;16/04/2024 10:30;42;kWh;-6620;0;0;0;6620;-6620
16/04/2024 10:30;16/04/2024 10:45;43;kWh;-17708;0;0;0;17708;-17708
16/04/2024 10:45;16/04/2024 11:00;44;kWh;-29065;0;0;0;29065;-29065
16/04/2024 11:00;16/04/2024 11:15;45;kWh;-11756;0;0;0;11756;-11756
16/04/2024 11:15;16/04/2024 11:30;46;kWh;-13078;0;0;0;13078;-13078
16/04/2024 11:30;16/04/2024 11:45;47;kWh;-27720;0;0;0;27720;-27720
16/04/2024 11:45;16/04/2024 12:00;48;kWh;-38621;7;0;0;38628;-38614
16/04/2024 12:00;16/04/2024 12:15;49;kWh;-14;942;0;0;956;928
16/04/2024 12:15;16/04/2024 12:30;50;kWh;0;10857;0;0;10857;10857
16/04/2024 12:30;16/04/2024 12:45;51;kWh;-248;0;0;0;248;-248
16/04/2024 12:45;16/04/2024 13:00;52;kWh;-9763;700;0;0;10463;-9063
16/04/2024 13:00;16/04/2024 13:15;53;kWh;0;5030;0;0;5030;5030
16/04/2024 13:15;16/04/2024 13:30;54;kWh;0;4204;0;0;4204;4204
16/04/2024 13:30;16/04/2024 13:45;55;kWh;0;13689;0;0;13689;13689
16/04/2024 13:45;16/04/2024 14:00;56;kWh;0;7928;0;0;7928;7928
16/04/2024 14:00;16/04/2024 14:15;57;kWh;0;30683;0;0;30683;30683
16/04/2024 14:15;16/04/2024 14:30;58;kWh;0;3282;0;0;3282;3282
16/04/2024 14:30;16/04/2024 14:45;59;kWh;0;2516;0;0;2516;2516
16/04/2024 14:45;16/04/2024 15:00;60;kWh;0;3248;0;0;3248;3248
16/04/2024 15:00;16/04/2024 15:15;61;kWh;0;4716;0;0;4716;4716
16/04/2024 15:15;16/04/2024 15:30;62;kWh;0;1416;0;0;1416;1416
16/04/2024 15:30;16/04/2024 15:45;63;kWh;0;48063;0;0;48063;48063
16/04/2024 15:45;16/04/2024 16:00;64;kWh;0;85759;0;0;85759;85759
16/04/2024 16:00;16/04/2024 16:15;65;kWh;-1256;3321;0;0;4577;2065
16/04/2024 16:15;16/04/2024 16:30;66;kWh;-1545;195;0;0;1740;-1350
16/04/2024 16:30;16/04/2024 16:45;67;kWh;-1446;123;0;0;1569;-1323
16/04/2024 16:45;16/04/2024 17:00;68;kWh;-18937;0;0;0;18937;-18937
16/04/2024 17:00;16/04/2024 17:15;69;kWh;-21999;0;0;0;21999;-21999
16/04/2024 17:15;16/04/2024 17:30;70;kWh;-2492;0;0;0;2492;-2492
16/04/2024 17:30;16/04/2024 17:45;71;kWh;-774;0;0;0;774;-774
16/04/2024 17:45;16/04/2024 18:00;72;kWh;-533;0;0;0;533;-533
16/04/2024 18:00;16/04/2024 18:15;73;kWh;-25177;0;0;0;25177;-25177
16/04/2024 18:15;16/04/2024 18:30;74;kWh;-25503;0;0;0;25503;-25503
16/04/2024 18:30;16/04/2024 18:45;75;kWh;-19386;0;0;0;19386;-19386
16/04/2024 18:45;16/04/2024 19:00;76;kWh;-1143;0;0;0;1143;-1143
16/04/2024 19:00;16/04/2024 19:15;77;kWh;-28591;0;0;0;28591;-28591
16/04/2024 19:15;16/04/2024 19:30;78;kWh;-22609;0;0;0;22609;-22609
16/04/2024 19:30;16/04/2024 19:45;79;kWh;-2291;0;0;0;2291;-2291
16/04/2024 19:45;16/04/2024 20:00;80;kWh;-364;0;0;0;364;-364
16/04/2024 20:00;16/04/2024 20:15;81;kWh;-1687;0;0;0;1687;-1687
16/04/2024 20:15;16/04/2024 20:30;82;kWh;-486;0;0;0;486;-486
16/04/2024 20:30;16/04/2024 20:45;83;kWh;-527;1595;0;0;2122;1068
16/04/2024 20:45;16/04/2024 21:00;84;kWh;0;11613;0;0;11613;11613
16/04/2024 21:00;16/04/2024 21:15;85;kWh;0;3055;0;0;3055;3055
16/04/2024 21:15;16/04/2024 21:30;86;kWh;0;84128;0;0;84128;84128
16/04/2024 21:30;16/04/2024 21:45;87;kWh;0;69142;0;0;69142;69142
16/04/2024 21:45;16/04/2024 22:00;88;kWh;0;27905;0;0;27905;27905
16/04/2024 22:00;16/04/2024 22:15;89;kWh;-9524;717;0;0;10241;-8807
16/04/2024 22:15;16/04/2024 22:30;90;kWh;-6004;27322;0;0;33326;21318
16/04/2024 22:30;16/04/2024 22:45;91;kWh;0;22260;0;0;22260;22260
16/04/2024 22:45;16/04/2024 23:00;92;kWh;-1136;2176;0;0;3312;1040
16/04/2024 23:00;16/04/2024 23:15;93;kWh;-12890;0;0;0;12890;-12890
16/04/2024 23:15;16/04/2024 23:30;94;kWh;0;729;0;0;729;729
16/04/2024 23:30;16/04/2024 23:45;95;kWh;0;18774;0;0;18774;18774
16/04/2024 23:45;17/04/2024 00:00;96;kWh;0;56146;0;0;56146;56146
17/04/2024 00:00;17/04/2024 00:15;1;kWh;0;57251;0;0;57251;57251
17/04/2024 00:15;17/04/2024 00:30;2;kWh;0;37077;0;0;37077;37077
17/04/2024 00:30;17/04/2024 00:45;3;kWh;-1108;272;0;0;1380;-836
17/04/2024 00:45;17/04/2024 01:00;4;kWh;-6788;0;0;0;6788;-6788
17/04/2024 01:00;17/04/2024 01:15;5;kWh;-20641;0;0;0;20641;-20641
17/04/2024 01:15;17/04/2024 01:30;6;kWh;-64;0;0;0;64;-64
17/04/2024 01:30;17/04/2024 01:45;7;kWh;-809;0;0;0;809;-809
17/04/2024 01:45;17/04/2024 02:00;8;kWh;-1550;0;0;0;1550;-1550
17/04/2024 02:00;17/04/2024 02:15;9;kWh;-1777;0;0;0;1777;-1777
17/04/2024 02:15;17/04/2024 02:30;10;kWh;0;0;0;0;0;0
17/04/2024 02:30;17/04/2024 02:45;11;kWh;-6417;0;0;0;6417;-6417
17/04/2024 02:45;17/04/2024 03:00;12;kWh;-43017;0;0;0;43017;-43017
17/04/2024 03:00;17/04/2024 03:15;13;kWh;-17747;0;0;0;17747;-17747
17/04/2024 03:15;17/04/2024 03:30;14;kWh;-14978;0;0;0;14978;-14978
17/04/2024 03:30;17/04/2024 03:45;15;kWh;-11438;0;0;0;11438;-11438
17/04/2024 03:45;17/04/2024 04:00;16;kWh;-3881;0;0;0;3881;-3881
17/04/2024 04:00;17/04/2024 04:15;17;kWh;-7157;0;0;0;7157;-7157
17/04/2024 04:15;17/04/2024 04:30;18;kWh;-4004;0;0;0;4004;-4004
17/04/2024 04:30;17/04/2024 04:45;19;kWh;-16268;0;0;0;16268;-16268
17/04/2024 04:45;17/04/2024 05:00;20;kWh;-5522;0;0;0;5522;-5522
17/04/2024 05:00;17/04/2024 05:15;21;kWh;-29052;0;0;0;29052;-29052
17/04/2024 05:15;17/04/2024 05:30;22;kWh;0;526;0;0;526;526
17/04/2024 05:30;17/04/2024 05:45;23;kWh;-618;0;0;0;618;-618
17/04/2024 05:45;17/04/2024 06:00;24;kWh;-17046;0;0;0;17046;-17046
17/04/2024 06:00;17/04/2024 06:15;25;kWh;-41050;0;0;0;41050;-41050
17/04/2024 06:15;17/04/2024 06:30;26;kWh;-21998;0;0;0;21998;-21998
17/04/2024 06:30;17/04/2024 06:45;27;kWh;-20706;0;0;0;20706;-20706
17/04/2024 06:45;17/04/2024 07:00;28;kWh;-1721;0;0;0;1721;-1721
17/04/2024 07:00;17/04/2024 07:15;29;kWh;-11517;0;0;0;11517;-11517
17/04/2024 07:15;17/04/2024 07:30;30;kWh;-1053;0;0;0;1053;-1053
17/04/2024 07:30;17/04/2024 07:45;31;kWh;0;1056;0;0;1056;1056
17/04/2024 07:45;17/04/2024 08:00;32;kWh;0;1000;0;0;1000;1000
17/04/2024 08:00;17/04/2024 08:15;33;kWh;0;42;0;0;42;42
17/04/2024 08:15;17/04/2024 08:30;34;kWh;0;9330;0;0;9330;9330
17/04/2024 08:30;17/04/2024 08:45;35;kWh;-906;1241;0;0;2147;335
17/04/2024 08:45;17/04/2024 09:00;36;kWh;-8859;0;0;0;8859;-8859
17/04/2024 09:00;17/04/2024 09:15;37;kWh;-7803;0;0;0;7803;-7803
17/04/2024 09:15;17/04/2024 09:30;38;kWh;-21174;0;0;0;21174;-21174
17/04/2024 09:30;17/04/2024 09:45;39;kWh;-5768;0;0;0;5768;-5768
17/04/2024 09:45;17/04/2024 10:00;40;kWh;-13896;0;0;0;13896;-13896
17/04/2024 10:00;17/04/2024 10:15;41;kWh;-33151;0;0;0;33151;-33151
17/04/2024 10:15;17/04/2024 10:30;42;kWh;-46311;0;0;0;46311;-46311
17/04/2024 10:30;17/04/2024 10:45;43;kWh;-36412;0;0;0;36412;-36412
17/04/2024 10:45;17/04/2024 11:00;44;kWh;-19777;0;0;0;19777;-19777
17/04/2024 11:00;17/04/2024 11:15;45;kWh;-16297;0;0;0;16297;-16297
17/04/2024 11:15;17/04/2024 11:30;46;kWh;-25302;0;0;0;25302;-25302
17/04/2024 11:30;17/04/2024 11:45;47;kWh;-33330;0;0;0;33330;-33330
17/04/2024 11:45;17/04/2024 12:00;48;kWh;-15095;4541;0;0;19636;-10554
17/04/2024 12:00;17/04/2024 12:15;49;kWh;-16300;65;0;0;16365;-16235
17/04/2024 12:15;17/04/2024 12:30;50;kWh;-43959;0;0;0;43959;-43959
17/04/2024 12:30;17/04/2024 12:45;51;kWh;-31299;0;0;0;31299;-31299
17/04/2024 12:45;17/04/2024 13:00;52;kWh;-39179;0;0;0;39179;-39179
17/04/2024 13:00;17/04/2024 13:15;53;kWh;-18788;0;0;0;18788;-18788
17/04/2024 13:15;17/04/2024 13:30;54;kWh;-41480;0;0;0;41480;-41480
17/04/2024 13:30;17/04/2024 13:45;55;kWh;-44493;0;0;0;44493;-44493
17/04/2024 13:45;17/04/2024 14:00;56;kWh;-65671;0;0;0;65671;-65671
17/04/2024 14:00;17/04/2024 14:15;57;kWh;-6471;0;0;0;6471;-6471
17/04/2024 14:15;17/04/2024 14:30;58;kWh;-21804;0;0;0;21804;-21804
17/04/2024 14:30;17/04/2024 14:45;59;kWh;-236;32105;0;0;32341;31869
17/04/2024 14:45;17/04/2024 15:00;60;kWh;0;34345;0;0;34345;34345
17/04/2024 15:00;17/04/2024 15:15;61;kWh;0;2391;0;0;2391;2391
17/04/2024 15:15;17/04/2024 15:30;62;kWh;0;42829;0;0;42829;42829
17/04/2024 15:30;17/04/2024 15:45;63;kWh;0;24439;0;0;24439;24439
17/04/2024 15:45;17/04/2024 16:00;64;kWh;-8178;35;0;0;8213;-8143
17/04/2024 16:00;17/04/2024 16:15;65;kWh;-44551;0;0;0;44551;-44551
17/04/2024 16:15;17/04/2024 16:30;66;kWh;-10107;0;0;0;10107;-10107
17/04/2024 16:30;17/04/2024 16:45;67;kWh;-11081;0;0;0;11081;-11081
17/04/2024 16:45;17/04/2024 17:00;68;kWh;-618;0;0;0;618;-618
17/04/2024 17:00;17/04/2024 17:15;69;kWh;0;1288;0;0;1288;1288
17/04/2024 17:15;17/04/2024 17:30;70;kWh;0;1097;0;0;1097;1097
17/04/2024 17:30;17/04/2024 17:45;71;kWh;0;8261;0;0;8261;8261
17/04/2024 17:45;17/04/2024 18:00;72;kWh;0;2654;0;0;2654;2654
17/04/2024 18:00;17/04/2024 18:15;73;kWh;0;2254;0;0;2254;2254
17/04/2024 18:15;17/04/2024 18:30;74;kWh;0;18421;0;0;18421;18421
17/04/2024 18:30;17/04/2024 18:45;75;kWh;0;40838;0;0;40838;40838
17/04/2024 18:45;17/04/2024 19:00;76;kWh;0;55631;0;0;55631;55631
17/04/2024 19:00;17/04/2024 19:15;77;kWh;-12557;2578;0;0;15135;-9979
17/04/2024 19:15;17/04/2024 19:30;78;kWh;-33044;0;0;0;33044;-33044
17/04/2024 19:30;17/04/2024 19:45;79;kWh;-3341;98;0;0;3439;-3243
17/04/2024 19:45;17/04/2024 20:00;80;kWh;0;23041;0;0;23041;23041
17/04/2024 20:00;17/04/2024 20:15;81;kWh;0;12179;0;0;12179;12179
17/04/2024 20:15;17/04/2024 20:30;82;kWh;0;14849;0;0;14849;14849
17/04/2024 20:30;17/04/2024 20:45;83;kWh;0;63763;0;0;63763;63763
17/04/2024 20:45;17/04/2024 21:00;84;kWh;0;66617;0;0;66617;66617
17/04/2024 21:00;17/04/2024 21:15;85;kWh;0;60097;0;0;60097;60097
17/04/2024 21:15;17/04/2024 21:30;86;kWh;0;25444;0;0;25444;25444
17/04/2024 21:30;17/04/2024 21:45;87;kWh;-27;243;0;0;270;216
17/04/2024 21:45;17/04/2024 22:00;88;kWh;-4946;0;0;0;4946;-4946
17/04/2024 22:00;17/04/2024 22:15;89;kWh;-282;0;0;0;282;-282
17/04/2024 22:15;17/04/2024 22:30;90;kWh;0;12183;0;0;12183;12183
17/04/2024 22:30;17/04/2024 22:45;91;kWh;0;12020;0;0;12020;12020
17/04/2024 22:45;17/04/2024 23:00;92;kWh;0;4342;0;0;4342;4342
17/04/2024 23:00;17/04/2024 23:15;93;kWh;0;31230;0;0;31230;31230
17/04/2024 23:15;17/04/2024 23:30;94;kWh;0;20070;0;0;20070;20070
17/04/2024 23:30;17/04/2024 23:45;95;kWh;-1175;26;0;0;1201;-1149
17/04/2024 23:45;18/04/2024 00:00;96;kWh;-14816;0;0;0;14816;-14816
18/04/2024 00:00;18/04/2024 00:15;1;kWh;-5014;0;0;0;5014;-5014
18/04/2024 00:15;18/04/2024 00:30;2;kWh;0;790;0;0;790;790
18/04/2024 00:30;18/04/2024 00:45;3;kWh;0;14185;0;0;14185;14185
18/04/2024 00:45;18/04/2024 01:00;4;kWh;0;1125;0;0;1125;1125
18/04/2024 01:00;18/04/2024 01:15;5;kWh;0;7720;0;0;7720;7720
18/04/2024 01:15;18/04/2024 01:30;6;kWh;0;1428;0;0;1428;1428
18/04/2024 01:30;18/04/2024 01:45;7;kWh;0;2613;0;0;2613;2613
18/04/2024 01:45;18/04/2024 02:00;8;kWh;-670;24;0;0;694;-646
18/04/2024 02:00;18/04/2024 02:15;9;kWh;-1498;0;0;0;1498;-1498
18/04/2024 02:15;18/04/2024 02:30;10;kWh;0;0;0;0;0;0
18/04/2024 02:30;18/04/2024 02:45;11;kWh;0;5919;0;0;5919;5919
18/04/2024 02:45;18/04/2024 03:00;12;kWh;0;3456;0;0;3456;3456
18/04/2024 03:00;18/04/2024 03:15;13;kWh;0;10780;0;0;10780;10780
18/04/2024 03:15;18/04/2024 03:30;14;kWh;0;32767;0;0;32767;32767
18/04/2024 03:30;18/04/2024 03:45;15;kWh;0;22144;0;0;22144;22144
18/04/2024 03:45;18/04/2024 04:00;16;kWh;0;3296;0;0;3296;3296
18/04/2024 04:00;18/04/2024 04:15;17;kWh;0;17724;0;0;17724;17724
18/04/2024 04:15;18/04/2024 04:30;18;kWh;0;17585;0;0;17585;17585
18/04/2024 04:30;18/04/2024 04:45;19;kWh;0;6;0;0;6;6
18/04/2024 04:45;18/04/2024 05:00;20;kWh;0;2116;0;0;2116;2116
18/04/2024 05:00;18/04/2024 05:15;21;kWh;0;1710;0;0;1710;1710
18/04/2024 05:15;18/04/2024 05:30;22;kWh;-370;742;0;0;1112;372
18/04/2024 05:30;18/04/2024 05:45;23;kWh;-8632;0;0;0;8632;-8632
18/04/2024 05:45;18/04/2024 06:00;24;kWh;-85;0;0;0;85;-85
18/04/2024 06:00;18/04/2024 06:15;25;kWh;-1929;6487;0;0;8416;4558
18/04/2024 06:15;18/04/2024 06:30;26;kWh;0;51214;0;0;51214;51214
18/04/2024 06:30;18/04/2024 06:45;27;kWh;0;45960;0;0;45960;45960
18/04/2024 06:45;18/04/2024 07:00;28;kWh;0;39679;0;0;39679;39679
18/04/2024 07:00;18/04/2024 07:15;29;kWh;0;57952;0;0;57952;57952
18/04/2024 07:15;18/04/2024 07:30;30;kWh;0;35674;0;0;35674;35674
18/04/2024 07:30;18/04/2024 07:45;31;kWh;0;4424;0;0;4424;4424
18/04/2024 07:45;18/04/2024 08:00;32;kWh;-1224;0;0;0;1224;-1224
18/04/2024 08:00;18/04/2024 08:15;33;kWh;-1146;0;0;0;1146;-1146
18/04/2024 08:15;18/04/2024 08:30;34;kWh;-1184;0;0;0;1184;-1184
18/04/2024 08:30;18/04/2024 08:45;35;kWh;-33081;0;0;0;33081;-33081
18/04/2024 08:45;18/04/2024 09:00;36;kWh;-52520;0;0;0;52520;-52520
18/04/2024 09:00;18/04/2024 09:15;37;kWh;-16422;0;0;0;16422;-16422
18/04/2024 09:15;18/04/2024 09:30;38;kWh;-29290;0;0;0;29290;-29290
18/04/2024 09:30;18/04/2024 09:45;39;kWh;-20994;0;0;0;20994;-20994
18/04/2024 09:45;18/04/2024 10:00;40;kWh;-4229;0;0;0;4229;-4229
18/04/2024 10:00;18/04/2024 10:15;41;kWh;-13241;0;0;0;13241;-13241
18/04/2024 10:15;18/04/2024 10:30;42;kWh;-159;432;0;0;591;273
18/04/2024 10:30;18/04/2024 10:45;43;kWh;0;7285;0;0;7285;7285
18/04/2024 10:45;18/04/2024 11:00;44;kWh;0;3692;0;0;3692;3692
18/04/2024 11:00;18/04/2024 11:15;45;kWh;-623;0;0;0;623;-623
18/04/2024 11:15;18/04/2024 11:30;46;kWh;-1396;0;0;0;1396;-1396
18/04/2024 11:30;18/04/2024 11:45;47;kWh;-3335;0;0;0;3335;-3335
18/04/2024 11:45;18/04/2024 12:00;48;kWh;-4730;0;0;0;4730;-4730
18/04/2024 12:00;18/04/2024 12:15;49;kWh;-6669;0;0;0;6669;-6669
18/04/2024 12:15;18/04/2024 12:30;50;kWh;-26814;0;0;0;26814;-26814
18/04/2024 12:30;18/04/2024 12:45;51;kWh;-48066;0;0;0;48066;-48066
18/04/2024 12:45;18/04/2024 13:00;52;kWh;-17057;0;0;0;17057;-17057
18/04/2024 13:00;18/04/2024 13:15;53;kWh;-745;0;0;0;745;-745
18/04/2024 13:15;18/04/2024 13:30;54;kWh;0;20615;0;0;20615;20615
18/04/2024 13:30;18/04/2024 13:45;55;kWh;-339;11355;0;0;11694;11016
18/04/2024 13:45;18/04/2024 14:00;56;kWh;-21299;0;0;0;21299;-21299
18/04/2024 14:00;18/04/2024 14:15;57;kWh;-9912;0;0;0;9912;-9912
18/04/2024 14:15;18/04/2024 14:30;58;kWh;-10332;0;0;0;10332;-10332
18/04/2024 14:30;18/04/2024 14:45;59;kWh;-35349;0;0;0;35349;-35349
18/04/2024 14:45;18/04/2024 15:00;60;kWh;-40024;0;0;0;40024;-40024
18/04/2024 15:00;18/04/2024 15:15;61;kWh;-57483;0;0;0;57483;-57483
18/04/2024 15:15;18/04/2024 15:30;62;kWh;-41236;0;0;0;41236;-41236
18/04/2024 15:30;18/04/2024 15:45;63;kWh;-19650;0;0;0;19650;-19650
18/04/2024 15:45;18/04/2024 16:00;64;kWh;-30822;0;0;0;30822;-30822
18/04/2024 16:00;18/04/2024 16:15;65;kWh;-1063;2225;0;0;3288;1162
18/04/2024 16:15;18/04/2024 16:30;66;kWh;0;10889;0;0;10889;10889
18/04/2024 16:30;18/04/2024 16:45;67;kWh;0;9320;0;0;9320;9320
18/04/2024 16:45;18/04/2024 17:00;68;kWh;-474;38;0;0;512;-436
18/04/2024 17:00;18/04/2024 17:15;69;kWh;0;1252;0;0;1252;1252
18/04/2024 17:15;18/04/2024 17:30;70;kWh;0;424;0;0;424;424
18/04/2024 17:30;18/04/2024 17:45;71;kWh;0;3651;0;0;3651;3651
18/04/2024 17:45;18/04/2024 18:00;72;kWh;0;5646;0;0;5646;5646
18/04/2024 18:00;18/04/2024 18:15;73;kWh;0;438;0;0;438;438
18/04/2024 18:15;18/04/2024 18:30;74;kWh;-7720;0;0;0;7720;-7720
18/04/2024 18:30;18/04/2024 18:45;75;kWh;-6501;0;0;0;6501;-6501
18/04/2024 18:45;18/04/2024 19:00;76;kWh;-8471;0;0;0;8471;-8471
18/04/2024 19:00;18/04/2024 19:15;77;kWh;-6434;0;0;0;6434;-6434
18/04/2024 19:15;18/04/2024 19:30;78;kWh;-59;0;0;0;59;-59
18/04/2024 19:30;18/04/2024 19:45;79;kWh;0;0;0;0;0;0
18/04/2024 19:45;18/04/2024 20:00;80;kWh;0;2507;0;0;2507;2507
18/04/2024 20:00;18/04/2024 20:15;81;kWh;0;10268;0;0;10268;10268
18/04/2024 20:15;18/04/2024 20:30;82;kWh;0;135;0;0;135;135
18/04/2024 20:30;18/04/2024 20:45;83;kWh;-70;11;0;0;81;-59
18/04/2024 20:45;18/04/2024 21:00;84;kWh;-6600;0;0;0;6600;-6600
18/04/2024 21:00;18/04/2024 21:15;85;kWh;-3295;0;0;0;3295;-3295
18/04/2024 21:15;18/04/2024 21:30;86;kWh;-128;0;0;0;128;-128
18/04/2024 21:30;18/04/2024 21:45;87;kWh;-7359;0;0;0;7359;-7359
18/04/2024 21:45;18/04/2024 22:00;88;kWh;-5911;0;0;0;5911;-5911
18/04/2024 22:00;18/04/2024 22:15;89;kWh;-2076;2476;0;0;4552;400
18/04/2024 22:15;18/04/2024 22:30;90;kWh;0;1262;0;0;1262;1262
18/04/2024 22:30;18/04/2024 22:45;91;kWh;0;24822;0;0;24822;24822
18/04/2024 22:45;18/04/2024 23:00;92;kWh;0;22376;0;0;22376;22376
18/04/2024 23:00;18/04/2024 23:15;93;kWh;0;49802;0;0;49802;49802
18/04/2024 23:15;18/04/2024 23:30;94;kWh;0;36690;0;0;36690;36690
18/04/2024 23:30;18/04/2024 23:45;95;kWh;-29;5426;0;0;5455;5397
18/04/2024 23:45;19/04/2024 00:00;96;kWh;-27213;0;0;0;27213;-27213
19/04/2024 00:00;19/04/2024 00:15;1;kWh;-14765;2114;0;0;16879;-12651
19/04/2024 00:15;19/04/2024 00:30;2;kWh;0;882;0;0;882;882
19/04/2024 00:30;19/04/2024 00:45;3;kWh;0;20;0;0;20;20
19/04/2024 00:45;19/04/2024 01:00;4;kWh;0;353;0;0;353;353
19/04/2024 01:00;19/04/2024 01:15;5;kWh;0;13916;0;0;13916;13916
19/04/2024 01:15;19/04/2024 01:30;6;kWh;0;18480;0;0;18480;18480
19/04/2024 01:30;19/04/2024 01:45;7;kWh;0;1028;0;0;1028;1028
19/04/2024 01:45;19/04/2024 02:00;8;kWh;-171;0;0;0;171;-171
19/04/2024 02:00;19/04/2024 02:15;9;kWh;-2254;0;0;0;2254;-2254
19/04/2024 02:15;19/04/2024 02:30;10;kWh;0;0;0;0;0;0
19/04/2024 02:30;19/04/2024 02:45;11;kWh;0;251;0;0;251;251
19/04/2024 02:45;19/04/2024 03:00;12;kWh;0;210;0;0;210;210
19/04/2024 03:00;19/04/2024 03:15;13;kWh;0;2313;0;0;2313;2313
19/04/2024 03:15;19/04/2024 03:30;14;kWh;0;2805;0;0;2805;2805
19/04/2024 03:30;19/04/2024 03:45;15;kWh;0;749;0;0;749;749
19/04/2024 03:45;19/04/2024 04:00;16;kWh;0;0;0;0;0;0
19/04/2024 04:00;19/04/2024 04:15;17;kWh;0;0;0;0;0;0
19/04/2024 04:15;19/04/2024 04:30;18;kWh;0;0;0;0;0;0
19/04/2024 04:30;19/04/2024 04:45;19;kWh;-3619;0;0;0;3619;-3619
19/04/2024 04:45;19/04/2024 05:00;20;kWh;-416;0;0;0;416;-416
19/04/2024 05:00;19/04/2024 05:15;21;kWh;-1342;0;0;0;1342;-1342
19/04/2024 05:15;19/04/2024 05:30;22;kWh;0;1169;0;0;1169;1169
19/04/2024 05:30;19/04/2024 05:45;23;kWh;0;9267;0;0;9267;9267
19/04/2024 05:45;19/04/2024 06:00;24;kWh;0;6008;0;0;6008;6008
19/04/2024 06:00;19/04/2024 06:15;25;kWh;-3651;0;0;0;3651;-3651
19/04/2024 06:15;19/04/2024 06:30;26;kWh;-10;0;0;0;10;-10
19/04/2024 06:30;19/04/2024 06:45;27;kWh;0;13531;0;0;13531;13531
19/04/2024 06:45;19/04/2024 07:00;28;kWh;0;22781;0;0;22781;22781
19/04/2024 07:00;19/04/2024 07:15;29;kWh;0;1556;0;0;1556;1556
19/04/2024 07:15;19/04/2024 07:30;30;kWh;0;8903;0;0;8903;8903
19/04/2024 07:30;19/04/2024 07:45;31;kWh;0;5960;0;0;5960;5960
19/04/2024 07:45;19/04/2024 08:00;32;kWh;0;4590;0;0;4590;4590
19/04/2024 08:00;19/04/2024 08:15;33;kWh;0;9532;0;0;9532;9532
19/04/2024 08:15;19/04/2024 08:30;34;kWh;0;33986;0;0;33986;33986
19/04/2024 08:30;19/04/2024 08:45;35;kWh;0;11252;0;0;11252;11252
19/04/2024 08:45;19/04/2024 09:00;36;kWh;-140;8735;0;0;8875;8595
19/04/2024 09:00;19/04/2024 09:15;37;kWh;-1424;4746;0;0;6170;3322
19/04/2024 09:15;19/04/2024 09:30;38;kWh;0;27838;0;0;27838;27838
19/04/2024 09:30;19/04/2024 09:45;39;kWh;0;6036;0;0;6036;6036
19/04/2024 09:45;19/04/2024 10:00;40;kWh;-745;192;0;0;937;-553
19/04/2024 10:00;19/04/2024 10:15;41;kWh;-2018;42072;0;0;44090;40054
19/04/2024 10:15;19/04/2024 10:30;42;kWh;0;22559;0;0;22559;22559
19/04/2024 10:30;19/04/2024 10:45;43;kWh;-4468;1;0;0;4469;-4467
19/04/2024 10:45;19/04/2024 11:00;44;kWh;-8627;30;0;0;8657;-8597
19/04/2024 11:00;19/04/2024 11:15;45;kWh;0;68;0;0;68;68
19/04/2024 11:15;19/04/2024 11:30;46;kWh;-552;0;0;0;552;-552
19/04/2024 11:30;19/04/2024 11:45;47;kWh;-11678;0;0;0;11678;-11678
19/04/2024 11:45;19/04/2024 12:00;48;kWh;-24715;0;0;0;24715;-24715
19/04/2024 12:00;19/04/2024 12:15;49;kWh;-2972;10376;0;0;13348;7404
19/04/2024 12:15;19/04/2024 12:30;50;kWh;0;16643;0;0;16643;16643
19/04/2024 12:30;19/04/2024 12:45;51;kWh;0;99;0;0;99;99
19/04/2024 12:45;19/04/2024 13:00;52;kWh;0;4469;0;0;4469;4469
19/04/2024 13:00;19/04/2024 13:15;53;kWh;0;8732;0;0;8732;8732
19/04/2024 13:15;19/04/2024 13:30;54;kWh;-6724;2751;0;0;9475;-3973
19/04/2024 13:30;19/04/2024 13:45;55;kWh;-14655;0;0;0;14655;-14655
19/04/2024 13:45;19/04/2024 14:00;56;kWh;-31598;0;0;0;31598;-31598
19/04/2024 14:00;19/04/2024 14:15;57;kWh;-20400;0;0;0;20400;-20400
19/04/2024 14:15;19/04/2024 14:30;58;kWh;-29195;0;0;0;29195;-29195
19/04/2024 14:30;19/04/2024 14:45;59;kWh;-27948;0;0;0;27948;-27948
19/04/2024 14:45;19/04/2024 15:00;60;kWh;-31264;0;0;0;31264;-31264
19/04/2024 15:00;19/04/2024 15:15;61;kWh;-18194;0;0;0;18194;-18194
19/04/2024 15:15;19/04/2024 15:30;62;kWh;-15896;11;0;0;15907;-15885
19/04/2024 15:30;19/04/2024 15:45;63;kWh;-3651;1780;0;0;5431;-1871
19/04/2024 15:45;19/04/2024 16:00;64;kWh;0;0;0;0;0;0
19/04/2024 16:00;19/04/2024 16:15;65;kWh;0;0;0;0;0;0
19/04/2024 16:15;19/04/2024 16:30;66;kWh;-5282;3721;0;0;9003;-1561
19/04/2024 16:30;19/04/2024 16:45;67;kWh;-10284;5727;0;0;16011;-4557
19/04/2024 16:45;19/04/2024 17:00;68;kWh;-2274;0;0;0;2274;-2274
19/04/2024 17:00;19/04/2024 17:15;69;kWh;-5225;0;0;0;5225;-5225
19/04/2024 17:15;19/04/2024 17:30;70;kWh;-113;13732;0;0;13845;13619
19/04/2024 17:30;19/04/2024 17:45;71;kWh;0;59903;0;0;59903;59903
19/04/2024 17:45;19/04/2024 18:00;72;kWh;0;24324;0;0;24324;24324
19/04/2024 18:00;19/04/2024 18:15;73;kWh;-12668;4606;0;0;17274;-8062
19/04/2024 18:15;19/04/2024 18:30;74;kWh;-988;482;0;0;1470;-506
19/04/2024 18:30;19/04/2024 18:45;75;kWh;0;12346;0;0;12346;12346
19/04/2024 18:45;19/04/2024 19:00;76;kWh;0;27293;0;0;27293;27293
19/04/2024 19:00;19/04/2024 19:15;77;kWh;-6194;2441;0;0;8635;-3753
19/04/2024 19:15;19/04/2024 19:30;78;kWh;-1032;0;0;0;1032;-1032
19/04/2024 19:30;19/04/2024 19:45;79;kWh;0;0;0;0;0;0
19/04/2024 19:45;19/04/2024 20:00;80;kWh;0;21137;0;0;21137;21137
19/04/2024 20:00;19/04/2024 20:15;81;kWh;0;8575;0;0;8575;8575
19/04/2024 20:15;19/04/2024 20:30;82;kWh;0;14360;0;0;14360;14360
19/04/2024 20:30;19/04/2024 20:45;83;kWh;0;3982;0;0;3982;3982
19/04/2024 20:45;19/04/2024 21:00;84;kWh;0;2017;0;0;2017;2017
19/04/2024 21:00;19/04/2024 21:15;85;kWh;0;978;0;0;978;978
19/04/2024 21:15;19/04/2024 21:30;86;kWh;-73;1155;0;0;1228;1082
19/04/2024 21:30;19/04/2024 21:45;87;kWh;-2238;0;0;0;2238;-2238
19/04/2024 21:45;19/04/2024 22:00;88;kWh;-4689;0;0;0;4689;-4689
19/04/2024 22:00;19/04/2024 22:15;89;kWh;-1395;9643;0;0;11038;8248
19/04/2024 22:15;19/04/2024 22:30;90;kWh;0;8497;0;0;8497;8497
19/04/2024 22:30;19/04/2024 22:45;91;kWh;0;4953;0;0;4953;4953
19/04/2024 22:45;19/04/2024 23:00;92;kWh;0;5452;0;0;5452;5452
19/04/2024 23:00;19/04/2024 23:15;93;kWh;0;33523;0;0;33523;33523
19/04/2024 23:15;19/04/2024 23:30;94;kWh;0;41651;0;0;41651;41651
19/04/2024 23:30;19/04/2024 23:45;95;kWh;0;44955;0;0;44955;44955
19/04/2024 23:45;20/04/2024 00:00;96;kWh;0;6187;0;0;6187;6187
20/04/2024 00:00;20/04/2024 00:15;1;kWh;-22762;0;0;0;22762;-22762
20/04/2024 00:15;20/04/2024 00:30;2;kWh;-17564;0;0;0;17564;-17564
20/04/2024 00:30;20/04/2024 00:45;3;kWh;-20437;0;0;0;20437;-20437
20/04/2024 00:45;20/04/2024 01:00;4;kWh;-31774;0;0;0;31774;-31774
20/04/2024 01:00;20/04/2024 01:15;5;kWh;-6023;0;0;0;6023;-6023
20/04/2024 01:15;20/04/2024 01:30;6;kWh;-3;0;0;0;3;-3
20/04/2024 01:30;20/04/2024 01:45;7;kWh;0;11646;0;0;11646;11646
20/04/2024 01:45;20/04/2024 02:00;8;kWh;-13843;713;0;0;14556;-13130
20/04/2024 02:00;20/04/2024 02:15;9;kWh;-9696;2564;0;0;12260;-7132
20/04/2024 02:15;20/04/2024 02:30;10;kWh;0;16571;0;0;16571;16571
20/04/2024 02:30;20/04/2024 02:45;11;kWh;0;131;0;0;131;131
20/04/2024 02:45;20/04/2024 03:00;12;kWh;-6705;0;0;0;6705;-6705
20/04/2024 03:00;20/04/2024 03:15;13;kWh;-17453;0;0;0;17453;-17453
20/04/2024 03:15;20/04/2024 03:30;14;kWh;-32751;0;0;0;32751;-32751
20/04/2024 03:30;20/04/2024 03:45;15;kWh;-22755;0;0;0;22755;-22755
20/04/2024 03:45;20/04/2024 04:00;16;kWh;-19567;0;0;0;19567;-19567
20/04/2024 04:00;20/04/2024 04:15;17;kWh;-41023;0;0;0;41023;-41023
20/04/2024 04:15;20/04/2024 04:30;18;kWh;-26143;0;0;0;26143;-26143
20/04/2024 04:30;20/04/2024 04:45;19;kWh;-17723;0;0;0;17723;-17723
20/04/2024 04:45;20/04/2024 05:00;20;kWh;-32049;0;0;0;32049;-32049
20/04/2024 05:00;20/04/2024 05:15;21;kWh;-6765;0;0;0;6765;-6765
20/04/2024 05:15;20/04/2024 05:30;22;kWh;-7390;0;0;0;7390;-7390
20/04/2024 05:30;20/04/2024 05:45;23;kWh;0;0;0;0;0;0
20/04/2024 05:45;20/04/2024 06:00;24;kWh;-86;0;0;0;86;-86
20/04/2024 06:00;20/04/2024 06:15;25;kWh;-7203;0;0;0;7203;-7203
20/04/2024 06:15;20/04/2024 06:30;26;kWh;0;0;0;0;0;0
20/04/2024 06:30;20/04/2024 06:45;27;kWh;0;614;0;0;614;614
20/04/2024 06:45;20/04/2024 07:00;28;kWh;0;4347;0;0;4347;4347
20/04/2024 07:00;20/04/2024 07:15;29;kWh;0;10183;0;0;10183;10183
20/04/2024 07:15;20/04/2024 07:30;30;kWh;0;39520;0;0;39520;39520
20/04/2024 07:30;20/04/2024 07:45;31;kWh;0;18927;0;0;18927;18927
20/04/2024 07:45;20/04/2024 08:00;32;kWh;-11543;0;0;0;11543;-11543
20/04/2024 08:00;20/04/2024 08:15;33;kWh;-3289;0;0;0;3289;-3289
20/04/2024 08:15;20/04/2024 08:30;34;kWh;0;0;0;0;0;0
20/04/2024 08:30;20/04/2024 08:45;35;kWh;-708;0;0;0;708;-708
20/04/2024 08:45;20/04/2024 09:00;36;kWh;-2752;0;0;0;2752;-2752
20/04/2024 09:00;20/04/2024 09:15;37;kWh;-2811;0;0;0;2811;-2811
20/04/2024 09:15;20/04/2024 09:30;38;kWh;-1697;0;0;0;1697;-1697
20/04/2024 09:30;20/04/2024 09:45;39;kWh;-5915;0;0;0;5915;-5915
20/04/2024 09:45;20/04/2024 10:00;40;kWh;-17195;0;0;0;17195;-17195
20/04/2024 10:00;20/04/2024 10:15;41;kWh;-5322;0;0;0;5322;-5322
20/04/2024 10:15;20/04/2024 10:30;42;kWh;-32389;0;0;0;32389;-32389
20/04/2024 10:30;20/04/2024 10:45;43;kWh;-32680;0;0;0;32680;-32680
20/04/2024 10:45;20/04/2024 11:00;44;kWh;-24587;0;0;0;24587;-24587
20/04/2024 11:00;20/04/2024 11:15;45;kWh;-14017;0;0;0;14017;-14017
20/04/2024 11:15;20/04/2024 11:30;46;kWh;-16816;0;0;0;16816;-16816
20/04/2024 11:30;20/04/2024 11:45;47;kWh;-9777;0;0;0;9777;-9777
20/04/2024 11:45;20/04/2024 12:00;48;kWh;-6827;0;0;0;6827;-6827
20/04/2024 12:00;20/04/2024 12:15;49;kWh;-28675;4915;0;0;33590;-23760
20/04/2024 12:15;20/04/2024 12:30;50;kWh;-29598;1048;0;0;30646;-28550
20/04/2024 12:30;20/04/2024 12:45;51;kWh;-56873;0;0;0;56873;-56873
20/04/2024 12:45;20/04/2024 13:00;52;kWh;-62620;0;0;0;62620;-62620
20/04/2024 13:00;20/04/2024 13:15;53;kWh;-19277;119;0;0;19396;-19158
20/04/2024 13:15;20/04/2024 13:30;54;kWh;-24018;0;0;0;24018;-24018
20/04/2024 13:30;20/04/2024 13:45;55;kWh;-33432;0;0;0;33432;-33432
20/04/2024 13:45;20/04/2024 14:00;56;kWh;-39964;0;0;0;39964;-39964
20/04/2024 14:00;20/04/2024 14:15;57;kWh;-33565;0;0;0;33565;-33565
20/04/2024 14:15;20/04/2024 14:30;58;kWh;-29253;0;0;0;29253;-29253
20/04/2024 14:30;20/04/2024 14:45;59;kWh;-37079;0;0;0;37079;-37079
20/04/2024 14:45;20/04/2024 15:00;60;kWh;-22777;0;0;0;22777;-22777
20/04/2024 15:00;20/04/2024 15:15;61;kWh;-25197;0;0;0;25197;-25197
20/04/2024 15:15;20/04/2024 15:30;62;kWh;-21248;0;0;0;21248;-21248
20/04/2024 15:30;20/04/2024 15:45;63;kWh;-3896;0;0;0;3896;-3896
20/04/2024 15:45;20/04/2024 16:00;64;kWh;-26036;0;0;0;26036;-26036
20/04/2024 16:00;20/04/2024 16:15;65;kWh;-13878;0;0;0;13878;-13878
20/04/2024 16:15;20/04/2024 16:30;66;kWh;-468;736;0;0;1204;268
20/04/2024 16:30;20/04/2024 16:45;67;kWh;0;34590;0;0;34590;34590
20/04/2024 16:45;20/04/2024 17:00;68;kWh;0;25204;0;0;25204;25204
20/04/2024 17:00;20/04/2024 17:15;69;kWh;-4760;1232;0;0;5992;-3528
20/04/2024 17:15;20/04/2024 17:30;70;kWh;-3177;2843;0;0;6020;-334
20/04/2024 17:30;20/04/2024 17:45;71;kWh;0;25631;0;0;25631;25631
20/04/2024 17:45;20/04/2024 18:00;72;kWh;0;3919;0;0;3919;3919
20/04/2024 18:00;20/04/2024 18:15;73;kWh;-27353;0;0;0;27353;-27353
20/04/2024 18:15;20/04/2024 18:30;74;kWh;-27740;0;0;0;27740;-27740
20/04/2024 18:30;20/04/2024 18:45;75;kWh;-24199;0;0;0;24199;-24199
20/04/2024 18:45;20/04/2024 19:00;76;kWh;-949;0;0;0;949;-949
20/04/2024 19:00;20/04/2024 19:15;77;kWh;-27422;0;0;0;27422;-27422
20/04/2024 19:15;20/04/2024 19:30;78;kWh;-2570;0;0;0;2570;-2570
20/04/2024 19:30;20/04/2024 19:45;79;kWh;-822;0;0;0;822;-822
20/04/2024 19:45;20/04/2024 20:00;80;kWh;-340;178;0;0;518;-162
20/04/2024 20:00;20/04/2024 20:15;81;kWh;0;860;0;0;860;860
20/04/2024 20:15;20/04/2024 20:30;82;kWh;0;9867;0;0;9867;9867
20/04/2024 20:30;20/04/2024 20:45;83;kWh;0;14005;0;0;14005;14005
20/04/2024 20:45;20/04/2024 21:00;84;kWh;0;9631;0;0;9631;9631
20/04/2024 21:00;20/04/2024 21:15;85;kWh;0;39936;0;0;39936;39936
20/04/2024 21:15;20/04/2024 21:30;86;kWh;0;16893;0;0;16893;16893
20/04/2024 21:30;20/04/2024 21:45;87;kWh;0;20079;0;0;20079;20079
20/04/2024 21:45;20/04/2024 22:00;88;kWh;0;17972;0;0;17972;17972
20/04/2024 22:00;20/04/2024 22:15;89;kWh;0;670;0;0;670;670
20/04/2024 22:15;20/04/2024 22:30;90;kWh;0;1671;0;0;1671;1671
20/04/2024 22:30;20/04/2024 22:45;91;kWh;0;1636;0;0;1636;1636
20/04/2024 22:45;20/04/2024 23:00;92;kWh;0;5794;0;0;5794;5794
20/04/2024 23:00;20/04/2024 23:15;93;kWh;0;21448;0;0;21448;21448
20/04/2024 23:15;20/04/2024 23:30;94;kWh;-25;698;0;0;723;673
20/04/2024 23:30;20/04/2024 23:45;95;kWh;-29779;0;0;0;29779;-29779
20/04/2024 23:45;21/04/2024 00:00;96;kWh;-17772;0;0;0;17772;-17772
21/04/2024 00:00;21/04/2024 00:15;1;kWh;-621;13729;0;0;14350;13108
21/04/2024 00:15;21/04/2024 00:30;2;kWh;-2828;5584;0;0;8412;2756
21/04/2024 00:30;21/04/2024 00:45;3;kWh;-20981;0;0;0;20981;-20981
21/04/2024 00:45;21/04/2024 01:00;4;kWh;-19212;0;0;0;19212;-19212
21/04/2024 01:00;21/04/2024 01:15;5;kWh;-40344;0;0;0;40344;-40344
21/04/2024 01:15;21/04/2024 01:30;6;kWh;-12275;0;0;0;12275;-12275
21/04/2024 01:30;21/04/2024 01:45;7;kWh;-14443;0;0;0;14443;-14443
21/04/2024 01:45;21/04/2024 02:00;8;kWh;-1166;0;0;0;1166;-1166
21/04/2024 02:00;21/04/2024 02:15;9;kWh;-17693;0;0;0;17693;-17693
21/04/2024 02:15;21/04/2024 02:30;10;kWh;-32451;0;0;0;32451;-32451
21/04/2024 02:30;21/04/2024 02:45;11;kWh;-35520;0;0;0;35520;-35520
21/04/2024 02:45;21/04/2024 03:00;12;kWh;-19345;0;0;0;19345;-19345
21/04/2024 03:00;21/04/2024 03:15;13;kWh;-21912;0;0;0;21912;-21912
21/04/2024 03:15;21/04/2024 03:30;14;kWh;-20579;0;0;0;20579;-20579
21/04/2024 03:30;21/04/2024 03:45;15;kWh;-28427;0;0;0;28427;-28427
21/04/2024 03:45;21/04/2024 04:00;16;kWh;-77845;0;0;0;77845;-77845
21/04/2024 04:00;21/04/2024 04:15;17;kWh;-18761;0;0;0;18761;-18761
21/04/2024 04:15;21/04/2024 04:30;18;kWh;-31913;0;0;0;31913;-31913
21/04/2024 04:30;21/04/2024 04:45;19;kWh;-35545;0;0;0;35545;-35545
21/04/2024 04:45;21/04/2024 05:00;20;kWh;-53427;0;0;0;53427;-53427
21/04/2024 05:00;21/04/2024 05:15;21;kWh;-3880;0;0;0;3880;-3880
21/04/2024 05:15;21/04/2024 05:30;22;kWh;-238;0;0;0;238;-238
21/04/2024 05:30;21/04/2024 05:45;23;kWh;-8144;0;0;0;8144;-8144
21/04/2024 05:45;21/04/2024 06:00;24;kWh;-21515;0;0;0;21515;-21515
21/04/2024 06:00;21/04/2024 06:15;25;kWh;-23851;0;0;0;23851;-23851
21/04/2024 06:15;21/04/2024 06:30;26;kWh;-9620;0;0;0;9620;-9620
21/04/2024 06:30;21/04/2024 06:45;27;kWh;-42151;0;0;0;42151;-42151
21/04/2024 06:45;21/04/2024 07:00;28;kWh;-30183;0;0;0;30183;-30183
21/04/2024 07:00;21/04/2024 07:15;29;kWh;-1099;3502;0;0;4601;2403
21/04/2024 07:15;21/04/2024 07:30;30;kWh;0;18773;0;0;18773;18773
21/04/2024 07:30;21/04/2024 07:45;31;kWh;-2069;0;0;0;2069;-2069
21/04/2024 07:45;21/04/2024 08:00;32;kWh;-2616;0;0;0;2616;-2616
21/04/2024 08:00;21/04/2024 08:15;33;kWh;-50;57930;0;0;57980;57880
21/04/2024 08:15;21/04/2024 08:30;34;kWh;0;9603;0;0;9603;9603
21/04/2024 08:30;21/04/2024 08:45;35;kWh;-574;120;0;0;694;-454
21/04/2024 08:45;21/04/2024 09:00;36;kWh;-15145;0;0;0;15145;-15145
21/04/2024 09:00;21/04/2024 09:15;37;kWh;-1823;26648;0;0;28471;24825
21/04/2024 09:15;21/04/2024 09:30;38;kWh;0;3974;0;0;3974;3974
21/04/2024 09:30;21/04/2024 09:45;39;kWh;-35847;0;0;0;35847;-35847
21/04/2024 09:45;21/04/2024 10:00;40;kWh;-59184;0;0;0;59184;-59184
21/04/2024 10:00;21/04/2024 10:15;41;kWh;-42453;0;0;0;42453;-42453
21/04/2024 10:15;21/04/2024 10:30;42;kWh;-60556;0;0;0;60556;-60556
21/04/2024 10:30;21/04/2024 10:45;43;kWh;-63200;0;0;0;63200;-63200
21/04/2024 10:45;21/04/2024 11:00;44;kWh;-52402;0;0;0;52402;-52402
21/04/2024 11:00;21/04/2024 11:15;45;kWh;-15174;0;0;0;15174;-15174
21/04/2024 11:15;21/04/2024 11:30;46;kWh;-28436;0;0;0;28436;-28436
21/04/2024 11:30;21/04/2024 11:45;47;kWh;-30196;0;0;0;30196;-30196
21/04/2024 11:45;21/04/2024 12:00;48;kWh;-19684;0;0;0;19684;-19684
21/04/2024 12:00;21/04/2024 12:15;49;kWh;-14013;2857;0;0;16870;-11156
21/04/2024 12:15;21/04/2024 12:30;50;kWh;0;27287;0;0;27287;27287
21/04/2024 12:30;21/04/2024 12:45;51;kWh;0;18598;0;0;18598;18598
21/04/2024 12:45;21/04/2024 13:00;52;kWh;-8529;238;0;0;8767;-8291
21/04/2024 13:00;21/04/2024 13:15;53;kWh;-960;8005;0;0;8965;7045
21/04/2024 13:15;21/04/2024 13:30;54;kWh;0;29150;0;0;29150;29150
21/04/2024 13:30;21/04/2024 13:45;55;kWh;0;29703;0;0;29703;29703
21/04/2024 13:45;21/04/2024 14:00;56;kWh;0;35442;0;0;35442;35442
21/04/2024 14:00;21/04/2024 14:15;57;kWh;0;4509;0;0;4509;4509
21/04/2024 14:15;21/04/2024 14:30;58;kWh;0;436;0;0;436;436
21/04/2024 14:30;21/04/2024 14:45;59;kWh;-1549;0;0;0;1549;-1549
21/04/2024 14:45;21/04/2024 15:00;60;kWh;-31613;0;0;0;31613;-31613
21/04/2024 15:00;21/04/2024 15:15;61;kWh;-36091;0;0;0;36091;-36091
21/04/2024 15:15;21/04/2024 15:30;62;kWh;-31606;0;0;0;31606;-31606
21/04/2024 15:30;21/04/2024 15:45;63;kWh;-13864;0;0;0;13864;-13864
21/04/2024 15:45;21/04/2024 16:00;64;kWh;-18768;0;0;0;18768;-18768
21/04/2024 16:00;21/04/2024 16:15;65;kWh;-19664;0;0;0;19664;-19664
21/04/2024 16:15;21/04/2024 16:30;66;kWh;-3596;0;0;0;3596;-3596
21/04/2024 16:30;21/04/2024 16:45;67;kWh;-944;1;0;0;945;-943
21/04/2024 16:45;21/04/2024 17:00;68;kWh;0;987;0;0;987;987
21/04/2024 17:00;21/04/2024 17:15;69;kWh;-16416;0;0;0;16416;-16416
21/04/2024 17:15;21/04/2024 17:30;70;kWh;-4320;1356;0;0;5676;-2964
21/04/2024 17:30;21/04/2024 17:45;71;kWh;0;36385;0;0;36385;36385
21/04/2024 17:45;21/04/2024 18:00;72;kWh;0;50665;0;0;50665;50665
21/04/2024 18:00;21/04/2024 18:15;73;kWh;-3648;4822;0;0;8470;1174
21/04/2024 18:15;21/04/2024 18:30;74;kWh;-2392;3511;0;0;5903;1119
21/04/2024 18:30;21/04/2024 18:45;75;kWh;0;19392;0;0;19392;19392
21/04/2024 18:45;21/04/2024 19:00;76;kWh;0;38635;0;0;38635;38635
21/04/2024 19:00;21/04/2024 19:15;77;kWh;-27351;5301;0;0;32652;-22050
21/04/2024 19:15;21/04/2024 19:30;78;kWh;-38869;0;0;0;38869;-38869
21/04/2024 19:30;21/04/2024 19:45;79;kWh;-9;41578;0;0;41587;41569
21/04/2024 19:45;21/04/2024 20:00;80;kWh;0;92407;0;0;92407;92407
21/04/2024 20:00;21/04/2024 20:15;81;kWh;0;9652;0;0;9652;9652
21/04/2024 20:15;21/04/2024 20:30;82;kWh;0;57;0;0;57;57
21/04/2024 20:30;21/04/2024 20:45;83;kWh;0;193;0;0;193;193
21/04/2024 20:45;21/04/2024 21:00;84;kWh;0;15878;0;0;15878;15878
21/04/2024 21:00;21/04/2024 21:15;85;kWh;0;7608;0;0;7608;7608
21/04/2024 21:15;21/04/2024 21:30;86;kWh;0;14632;0;0;14632;14632
21/04/2024 21:30;21/04/2024 21:45;87;kWh;0;16182;0;0;16182;16182
21/04/2024 21:45;21/04/2024 22:00;88;kWh;0;541;0;0;541;541
21/04/2024 22:00;21/04/2024 22:15;89;kWh;0;8588;0;0;8588;8588
21/04/2024 22:15;21/04/2024 22:30;90;kWh;-63;78;0;0;141;15
21/04/2024 22:30;21/04/2024 22:45;91;kWh;-932;0;0;0;932;-932
21/04/2024 22:45;21/04/2024 23:00;92;kWh;-214;0;0;0;214;-214
21/04/2024 23:00;21/04/2024 23:15;93;kWh;-1004;0;0;0;1004;-1004
21/04/2024 23:15;21/04/2024 23:30;94;kWh;-12489;0;0;0;12489;-12489
21/04/2024 23:30;21/04/2024 23:45;95;kWh;-11135;0;0;0;11135;-11135
21/04/2024 23:45;22/04/2024 00:00;96;kWh;-23315;0;0;0;23315;-23315
22/04/2024 00:00;22/04/2024 00:15;1;kWh;-13309;0;0;0;13309;-13309
22/04/2024 00:15;22/04/2024 00:30;2;kWh;-3956;0;0;0;3956;-3956
22/04/2024 00:30;22/04/2024 00:45;3;kWh;-10665;0;0;0;10665;-10665
22/04/2024 00:45;22/04/2024 01:00;4;kWh;-19993;0;0;0;19993;-19993
22/04/2024 01:00;22/04/2024 01:15;5;kWh;-9255;0;0;0;9255;-9255
22/04/2024 01:15;22/04/2024 01:30;6;kWh;-559;0;0;0;559;-559
22/04/2024 01:30;22/04/2024 01:45;7;kWh;-449;1433;0;0;1882;984
22/04/2024 01:45;22/04/2024 02:00;8;kWh;0;143;0;0;143;143
22/04/2024 02:00;22/04/2024 02:15;9;kWh;0;0;0;0;0;0
22/04/2024 02:15;22/04/2024 02:30;10;kWh;-2;0;0;0;2;-2
22/04/2024 02:30;22/04/2024 02:45;11;kWh;-3349;0;0;0;3349;-3349
22/04/2024 02:45;22/04/2024 03:00;12;kWh;-2261;0;0;0;2261;-2261
22/04/2024 03:00;22/04/2024 03:15;13;kWh;-480;0;0;0;480;-480
22/04/2024 03:15;22/04/2024 03:30;14;kWh;0;0;0;0;0;0
22/04/2024 03:30;22/04/2024 03:45;15;kWh;0;0;0;0;0;0
22/04/2024 03:45;22/04/2024 04:00;16;kWh;0;1969;0;0;1969;1969
22/04/2024 04:00;22/04/2024 04:15;17;kWh;0;41276;0;0;41276;41276
22/04/2024 04:15;22/04/2024 04:30;18;kWh;0;49541;0;0;49541;49541
22/04/2024 04:30;22/04/2024 04:45;19;kWh;0;24236;0;0;24236;24236
22/04/2024 04:45;22/04/2024 05:00;20;kWh;0;6724;0;0;6724;6724
22/04/2024 05:00;22/04/2024 05:15;21;kWh;0;15756;0;0;15756;15756
22/04/2024 05:15;22/04/2024 05:30;22;kWh;0;12437;0;0;12437;12437
22/04/2024 05:30;22/04/2024 05:45;23;kWh;0;0;0;0;0;0
22/04/2024 05:45;22/04/2024 06:00;24;kWh;0;0;0;0;0;0
22/04/2024 06:00;22/04/2024 06:15;25;kWh;0;6796;0;0;6796;6796
22/04/2024 06:15;22/04/2024 06:30;26;kWh;0;44791;0;0;44791;44791
22/04/2024 06:30;22/04/2024 06:45;27;kWh;0;23761;0;0;23761;23761
22/04/2024 06:45;22/04/2024 07:00;28;kWh;0;5249;0;0;5249;5249
22/04/2024 07:00;22/04/2024 07:15;29;kWh;0;4139;0;0;4139;4139
22/04/2024 07:15;22/04/2024 07:30;30;kWh;0;6310;0;0;6310;6310
22/04/2024 07:30;22/04/2024 07:45;31;kWh;-2277;587;0;0;2864;-1690
22/04/2024 07:45;22/04/2024 08:00;32;kWh;-30121;0;0;0;30121;-30121
22/04/2024 08:00;22/04/2024 08:15;33;kWh;-4934;7156;0;0;12090;2222
22/04/2024 08:15;22/04/2024 08:30;34;kWh;0;1078;0;0;1078;1078
22/04/2024 08:30;22/04/2024 08:45;35;kWh;-7017;0;0;0;7017;-7017
22/04/2024 08:45;22/04/2024 09:00;36;kWh;-80186;0;0;0;80186;-80186
22/04/2024 09:00;22/04/2024 09:15;37;kWh;-14913;0;0;0;14913;-14913
22/04/2024 09:15;22/04/2024 09:30;38;kWh;-26418;0;0;0;26418;-26418
22/04/2024 09:30;22/04/2024 09:45;39;kWh;-35738;0;0;0;35738;-35738
22/04/2024 09:45;22/04/2024 10:00;40;kWh;-30891;0;0;0;30891;-30891
22/04/2024 10:00;22/04/2024 10:15;41;kWh;-51214;0;0;0;51214;-51214
22/04/2024 10:15;22/04/2024 10:30;42;kWh;-53025;0;0;0;53025;-53025
22/04/2024 10:30;22/04/2024 10:45;43;kWh;-50867;0;0;0;50867;-50867
22/04/2024 10:45;22/04/2024 11:00;44;kWh;-73191;0;0;0;73191;-73191
22/04/2024 11:00;22/04/2024 11:15;45;kWh;-14715;0;0;0;14715;-14715
22/04/2024 11:15;22/04/2024 11:30;46;kWh;-41;921;0;0;962;880
22/04/2024 11:30;22/04/2024 11:45;47;kWh;0;27263;0;0;27263;27263
22/04/2024 11:45;22/04/2024 12:00;48;kWh;0;3281;0;0;3281;3281
22/04/2024 12:00;22/04/2024 12:15;49;kWh;0;33834;0;0;33834;33834
22/04/2024 12:15;22/04/2024 12:30;50;kWh;0;107718;0;0;107718;107718
22/04/2024 12:30;22/04/2024 12:45;51;kWh;0;47966;0;0;47966;47966
22/04/2024 12:45;22/04/2024 13:00;52;kWh;0;23959;0;0;23959;23959
22/04/2024 13:00;22/04/2024 13:15;53;kWh;0;341;0;0;341;341
22/04/2024 13:15;22/04/2024 13:30;54;kWh;0;39411;0;0;39411;39411
22/04/2024 13:30;22/04/2024 13:45;55;kWh;0;17453;0;0;17453;17453
22/04/2024 13:45;22/04/2024 14:00;56;kWh;0;0;0;0;0;0
22/04/2024 14:00;22/04/2024 14:15;57;kWh;-2058;0;0;0;2058;-2058
22/04/2024 14:15;22/04/2024 14:30;58;kWh;-575;3588;0;0;4163;3013
22/04/2024 14:30;22/04/2024 14:45;59;kWh;-31399;192;0;0;31591;-31207
22/04/2024 14:45;22/04/2024 15:00;60;kWh;-39742;0;0;0;39742;-39742
22/04/2024 15:00;22/04/2024 15:15;61;kWh;-18378;0;0;0;18378;-18378
22/04/2024 15:15;22/04/2024 15:30;62;kWh;-34576;0;0;0;34576;-34576
22/04/2024 15:30;22/04/2024 15:45;63;kWh;-60835;0;0;0;60835;-60835
22/04/2024 15:45;22/04/2024 16:00;64;kWh;-27738;0;0;0;27738;-27738
22/04/2024 16:00;22/04/2024 16:15;65;kWh;-462;44521;0;0;44983;44059
22/04/2024 16:15;22/04/2024 16:30;66;kWh;0;21763;0;0;21763;21763
22/04/2024 16:30;22/04/2024 16:45;67;kWh;-2832;13;0;0;2845;-2819
22/04/2024 16:45;22/04/2024 17:00;68;kWh;-16791;0;0;0;16791;-16791
22/04/2024 17:00;22/04/2024 17:15;69;kWh;-6353;0;0;0;6353;-6353
22/04/2024 17:15;22/04/2024 17:30;70;kWh;-3370;0;0;0;3370;-3370
22/04/2024 17:30;22/04/2024 17:45;71;kWh;-1234;0;0;0;1234;-1234
22/04/2024 17:45;22/04/2024 18:00;72;kWh;-13;0;0;0;13;-13
22/04/2024 18:00;22/04/2024 18:15;73;kWh;-89438;0;0;0;89438;-89438
22/04/2024 18:15;22/04/2024 18:30;74;kWh;-89590;0;0;0;89590;-89590
22/04/2024 18:30;22/04/2024 18:45;75;kWh;-44012;0;0;0;44012;-44012
22/04/2024 18:45;22/04/2024 19:00;76;kWh;-5939;0;0;0;5939;-5939
22/04/2024 19:00;22/04/2024 19:15;77;kWh;-75826;0;0;0;75826;-75826
22/04/2024 19:15;22/04/2024 19:30;78;kWh;-39179;0;0;0;39179;-39179
22/04/2024 19:30;22/04/2024 19:45;79;kWh;-12122;0;0;0;12122;-12122
22/04/2024 19:45;22/04/2024 20:00;80;kWh;0;9988;0;0;9988;9988
22/04/2024 20:00;22/04/2024 20:15;81;kWh;-1222;3456;0;0;4678;2234
22/04/2024 20:15;22/04/2024 20:30;82;kWh;-820;0;0;0;820;-820
22/04/2024 20:30;22/04/2024 20:45;83;kWh;0;0;0;0;0;0
22/04/2024 20:45;22/04/2024 21:00;84;kWh;-380;0;0;0;380;-380
22/04/2024 21:00;22/04/2024 21:15;85;kWh;-46;0;0;0;46;-46
22/04/2024 21:15;22/04/2024 21:30;86;kWh;0;0;0;0;0;0
22/04/2024 21:30;22/04/2024 21:45;87;kWh;-1163;0;0;0;1163;-1163
22/04/2024 21:45;22/04/2024 22:00;88;kWh;-13585;0;0;0;13585;-13585
22/04/2024 22:00;22/04/2024 22:15;89;kWh;-2267;5682;0;0;7949;3415
22/04/2024 22:15;22/04/2024 22:30;90;kWh;0;23458;0;0;23458;23458
22/04/2024 22:30;22/04/2024 22:45;91;kWh;0;13973;0;0;13973;13973
22/04/2024 22:45;22/04/2024 23:00;92;kWh;0;273;0;0;273;273
22/04/2024 23:00;22/04/2024 23:15;93;kWh;0;12136;0;0;12136;12136
22/04/2024 23:15;22/04/2024 23:30;94;kWh;0;6980;0;0;6980;6980
22/04/2024 23:30;22/04/2024 23:45;95;kWh;0;7923;0;0;7923;7923
22/04/2024 23:45;23/04/2024 00:00;96;kWh;0;2057;0;0;2057;2057
23/04/2024 00:00;23/04/2024 00:15;1;kWh;0;4821;0;0;4821;4821
23/04/2024 00:15;23/04/2024 00:30;2;kWh;0;7251;0;0;7251;7251
23/04/2024 00:30;23/04/2024 00:45;3;kWh;0;1542;0;0;1542;1542
23/04/2024 00:45;23/04/2024 01:00;4;kWh;-582;0;0;0;582;-582
23/04/2024 01:00;23/04/2024 01:15;5;kWh;-784;0;0;0;784;-784
23/04/2024 01:15;23/04/2024 01:30;6;kWh;0;0;0;0;0;0
23/04/2024 01:30;23/04/2024 01:45;7;kWh;0;0;0;0;0;0
23/04/2024 01:45;23/04/2024 02:00;8;kWh;0;0;0;0;0;0
23/04/2024 02:00;23/04/2024 02:15;9;kWh;0;2558;0;0;2558;2558
23/04/2024 02:15;23/04/2024 02:30;10;kWh;0;4049;0;0;4049;4049
23/04/2024 02:30;23/04/2024 02:45;11;kWh;0;10119;0;0;10119;10119
23/04/2024 02:45;23/04/2024 03:00;12;kWh;0;17588;0;0;17588;17588
23/04/2024 03:00;23/04/2024 03:15;13;kWh;0;36509;0;0;36509;36509
23/04/2024 03:15;23/04/2024 03:30;14;kWh;0;34591;0;0;34591;34591
23/04/2024 03:30;23/04/2024 03:45;15;kWh;0;39101;0;0;39101;39101
23/04/2024 03:45;23/04/2024 04:00;16;kWh;0;29547;0;0;29547;29547
23/04/2024 04:00;23/04/2024 04:15;17;kWh;0;11657;0;0;11657;11657
23/04/2024 04:15;23/04/2024 04:30;18;kWh;0;26480;0;0;26480;26480
23/04/2024 04:30;23/04/2024 04:45;19;kWh;0;28167;0;0;28167;28167
23/04/2024 04:45;23/04/2024 05:00;20;kWh;0;17045;0;0;17045;17045
23/04/2024 05:00;23/04/2024 05:15;21;kWh;0;9980;0;0;9980;9980
23/04/2024 05:15;23/04/2024 05:30;22;kWh;0;23974;0;0;23974;23974
23/04/2024 05:30;23/04/2024 05:45;23;kWh;0;35649;0;0;35649;35649
23/04/2024 05:45;23/04/2024 06:00;24;kWh;0;34064;0;0;34064;34064
23/04/2024 06:00;23/04/2024 06:15;25;kWh;0;11807;0;0;11807;11807
23/04/2024 06:15;23/04/2024 06:30;26;kWh;0;47822;0;0;47822;47822
23/04/2024 06:30;23/04/2024 06:45;27;kWh;0;81361;0;0;81361;81361
23/04/2024 06:45;23/04/2024 07:00;28;kWh;0;101523;0;0;101523;101523
23/04/2024 07:00;23/04/2024 07:15;29;kWh;0;99571;0;0;99571;99571
23/04/2024 07:15;23/04/2024 07:30;30;kWh;0;51495;0;0;51495;51495
23/04/2024 07:30;23/04/2024 07:45;31;kWh;0;10725;0;0;10725;10725
23/04/2024 07:45;23/04/2024 08:00;32;kWh;-7748;1551;0;0;9299;-6197
23/04/2024 08:00;23/04/2024 08:15;33;kWh;-1530;18381;0;0;19911;16851
23/04/2024 08:15;23/04/2024 08:30;34;kWh;-12683;878;0;0;13561;-11805
23/04/2024 08:30;23/04/2024 08:45;35;kWh;-50186;0;0;0;50186;-50186
23/04/2024 08:45;23/04/2024 09:00;36;kWh;-112932;0;0;0;112932;-112932
23/04/2024 09:00;23/04/2024 09:15;37;kWh;-30637;0;0;0;30637;-30637
23/04/2024 09:15;23/04/2024 09:30;38;kWh;-46974;0;0;0;46974;-46974
23/04/2024 09:30;23/04/2024 09:45;39;kWh;-83086;0;0;0;83086;-83086
23/04/2024 09:45;23/04/2024 10:00;40;kWh;-92278;0;0;0;92278;-92278
23/04/2024 10:00;23/04/2024 10:15;41;kWh;-38610;0;0;0;38610;-38610
23/04/2024 10:15;23/04/2024 10:30;42;kWh;-24135;0;0;0;24135;-24135
23/04/2024 10:30;23/04/2024 10:45;43;kWh;-77926;0;0;0;77926;-77926
23/04/2024 10:45;23/04/2024 11:00;44;kWh;-98208;0;0;0;98208;-98208
23/04/2024 11:00;23/04/2024 11:15;45;kWh;-18666;0;0;0;18666;-18666
23/04/2024 11:15;23/04/2024 11:30;46;kWh;-56766;0;0;0;56766;-56766
23/04/2024 11:30;23/04/2024 11:45;47;kWh;-81243;0;0;0;81243;-81243
23/04/2024 11:45;23/04/2024 12:00;48;kWh;-61239;0;0;0;61239;-61239
23/04/2024 12:00;23/04/2024 12:15;49;kWh;-32738;0;0;0;32738;-32738
23/04/2024 12:15;23/04/2024 12:30;50;kWh;-96757;0;0;0;96757;-96757
23/04/2024 12:30;23/04/2024 12:45;51;kWh;-85580;0;0;0;85580;-85580
23/04/2024 12:45;23/04/2024 13:00;52;kWh;-67407;0;0;0;67407;-67407
23/04/2024 13:00;23/04/2024 13:15;53;kWh;-51631;0;0;0;51631;-51631
23/04/2024 13:15;23/04/2024 13:30;54;kWh;-61984;0;0;0;61984;-61984
23/04/2024 13:30;23/04/2024 13:45;55;kWh;-47667;0;0;0;47667;-47667
23/04/2024 13:45;23/04/2024 14:00;56;kWh;-77171;0;0;0;77171;-77171
23/04/2024 14:00;23/04/2024 14:15;57;kWh;-64176;0;0;0;64176;-64176
23/04/2024 14:15;23/04/2024 14:30;58;kWh;-63426;0;0;0;63426;-63426
23/04/2024 14:30;23/04/2024 14:45;59;kWh;-68900;0;0;0;68900;-68900
23/04/2024 14:45;23/04/2024 15:00;60;kWh;-50401;0;0;0;50401;-50401
23/04/2024 15:00;23/04/2024 15:15;61;kWh;-53824;0;0;0;53824;-53824
23/04/2024 15:15;23/04/2024 15:30;62;kWh;-63596;0;0;0;63596;-63596
23/04/2024 15:30;23/04/2024 15:45;63;kWh;-47340;0;0;0;47340;-47340
23/04/2024 15:45;23/04/2024 16:00;64;kWh;-35718;0;0;0;35718;-35718
23/04/2024 16:00;23/04/2024 16:15;65;kWh;-49449;0;0;0;49449;-49449
23/04/2024 16:15;23/04/2024 16:30;66;kWh;-59028;0;0;0;59028;-59028
23/04/2024 16:30;23/04/2024 16:45;67;kWh;-56833;0;0;0;56833;-56833
23/04/2024 16:45;23/04/2024 17:00;68;kWh;-40384;0;0;0;40384;-40384
23/04/2024 17:00;23/04/2024 17:15;69;kWh;-55763;0;0;0;55763;-55763
23/04/2024 17:15;23/04/2024 17:30;70;kWh;-5261;3349;0;0;8610;-1912
23/04/2024 17:30;23/04/2024 17:45;71;kWh;0;28595;0;0;28595;28595
23/04/2024 17:45;23/04/2024 18:00;72;kWh;0;26832;0;0;26832;26832
23/04/2024 18:00;23/04/2024 18:15;73;kWh;0;51255;0;0;51255;51255
23/04/2024 18:15;23/04/2024 18:30;74;kWh;0;73332;0;0;73332;73332
23/04/2024 18:30;23/04/2024 18:45;75;kWh;0;55888;0;0;55888;55888
23/04/2024 18:45;23/04/2024 19:00;76;kWh;0;54962;0;0;54962;54962
23/04/2024 19:00;23/04/2024 19:15;77;kWh;0;17305;0;0;17305;17305
23/04/2024 19:15;23/04/2024 19:30;78;kWh;0;0;0;0;0;0
23/04/2024 19:30;23/04/2024 19:45;79;kWh;0;0;0;0;0;0
23/04/2024 19:45;23/04/2024 20:00;80;kWh;0;0;0;0;0;0
23/04/2024 20:00;23/04/2024 20:15;81;kWh;0;126;0;0;126;126
23/04/2024 20:15;23/04/2024 20:30;82;kWh;0;751;0;0;751;751
23/04/2024 20:30;23/04/2024 20:45;83;kWh;-618;0;0;0;618;-618
23/04/2024 20:45;23/04/2024 21:00;84;kWh;-371;0;0;0;371;-371
23/04/2024 21:00;23/04/2024 21:15;85;kWh;-6;14778;0;0;14784;14772
23/04/2024 21:15;23/04/2024 21:30;86;kWh;0;4795;0;0;4795;4795
23/04/2024 21:30;23/04/2024 21:45;87;kWh;0;0;0;0;0;0
23/04/2024 21:45;23/04/2024 22:00;88;kWh;0;2684;0;0;2684;2684
23/04/2024 22:00;23/04/2024 22:15;89;kWh;0;333;0;0;333;333
23/04/2024 22:15;23/04/2024 22:30;90;kWh;0;31421;0;0;31421;31421
23/04/2024 22:30;23/04/2024 22:45;91;kWh;0;28898;0;0;28898;28898
23/04/2024 22:45;23/04/2024 23:00;92;kWh;0;1187;0;0;1187;1187
23/04/2024 23:00;23/04/2024 23:15;93;kWh;0;383;0;0;383;383
23/04/2024 23:15;23/04/2024 23:30;94;kWh;0;51308;0;0;51308;51308
23/04/2024 23:30;23/04/2024 23:45;95;kWh;0;34205;0;0;34205;34205
23/04/2024 23:45;24/04/2024 00:00;96;kWh;-12;1161;0;0;1173;1149
24/04/2024 00:00;24/04/2024 00:15;1;kWh;-2633;0;0;0;2633;-2633
24/04/2024 00:15;24/04/2024 00:30;2;kWh;0;0;0;0;0;0
24/04/2024 00:30;24/04/2024 00:45;3;kWh;0;0;0;0;0;0
24/04/2024 00:45;24/04/2024 01:00;4;kWh;0;66;0;0;66;66
24/04/2024 01:00;24/04/2024 01:15;5;kWh;0;9295;0;0;9295;9295
24/04/2024 01:15;24/04/2024 01:30;6;kWh;0;3649;0;0;3649;3649
24/04/2024 01:30;24/04/2024 01:45;7;kWh;0;3284;0;0;3284;3284
24/04/2024 01:45;24/04/2024 02:00;8;kWh;-2937;0;0;0;2937;-2937
24/04/2024 02:00;24/04/2024 02:15;9;kWh;-10443;0;0;0;10443;-10443
24/04/2024 02:15;24/04/2024 02:30;10;kWh;-54498;0;0;0;54498;-54498
24/04/2024 02:30;24/04/2024 02:45;11;kWh;-14668;0;0;0;14668;-14668
24/04/2024 02:45;24/04/2024 03:00;12;kWh;-12202;0;0;0;12202;-12202
24/04/2024 03:00;24/04/2024 03:15;13;kWh;-3565;10007;0;0;13572;6442
24/04/2024 03:15;24/04/2024 03:30;14;kWh;0;43016;0;0;43016;43016
24/04/2024 03:30;24/04/2024 03:45;15;kWh;0;19124;0;0;19124;19124
24/04/2024 03:45;24/04/2024 04:00;16;kWh;0;12163;0;0;12163;12163
24/04/2024 04:00;24/04/2024 04:15;17;kWh;0;7420;0;0;7420;7420
24/04/2024 04:15;24/04/2024 04:30;18;kWh;0;462;0;0;462;462
24/04/2024 04:30;24/04/2024 04:45;19;kWh;0;0;0;0;0;0
24/04/2024 04:45;24/04/2024 05:00;20;kWh;0;2983;0;0;2983;2983
24/04/2024 05:00;24/04/2024 05:15;21;kWh;-20673;3;0;0;20676;-20670
24/04/2024 05:15;24/04/2024 05:30;22;kWh;-14278;0;0;0;14278;-14278
24/04/2024 05:30;24/04/2024 05:45;23;kWh;0;26557;0;0;26557;26557
24/04/2024 05:45;24/04/2024 06:00;24;kWh;-9;29508;0;0;29517;29499
24/04/2024 06:00;24/04/2024 06:15;25;kWh;-1765;142;0;0;1907;-1623
24/04/2024 06:15;24/04/2024 06:30;26;kWh;-314;0;0;0;314;-314
24/04/2024 06:30;24/04/2024 06:45;27;kWh;-1204;0;0;0;1204;-1204
24/04/2024 06:45;24/04/2024 07:00;28;kWh;-1342;0;0;0;1342;-1342
24/04/2024 07:00;24/04/2024 07:15;29;kWh;-214;0;0;0;214;-214
24/04/2024 07:15;24/04/2024 07:30;30;kWh;0;0;0;0;0;0
24/04/2024 07:30;24/04/2024 07:45;31;kWh;0;0;0;0;0;0
24/04/2024 07:45;24/04/2024 08:00;32;kWh;0;11773;0;0;11773;11773
24/04/2024 08:00;24/04/2024 08:15;33;kWh;0;23045;0;0;23045;23045
24/04/2024 08:15;24/04/2024 08:30;34;kWh;0;18431;0;0;18431;18431
24/04/2024 08:30;24/04/2024 08:45;35;kWh;0;520;0;0;520;520
24/04/2024 08:45;24/04/2024 09:00;36;kWh;-5318;0;0;0;5318;-5318
24/04/2024 09:00;24/04/2024 09:15;37;kWh;-19257;0;0;0;19257;-19257
24/04/2024 09:15;24/04/2024 09:30;38;kWh;-25449;0;0;0;25449;-25449
24/04/2024 09:30;24/04/2024 09:45;39;kWh;-4362;0;0;0;4362;-4362
24/04/2024 09:45;24/04/2024 10:00;40;kWh;-6187;0;0;0;6187;-6187
24/04/2024 10:00;24/04/2024 10:15;41;kWh;-300;0;0;0;300;-300
24/04/2024 10:15;24/04/2024 10:30;42;kWh;0;23072;0;0;23072;23072
24/04/2024 10:30;24/04/2024 10:45;43;kWh;-8345;2214;0;0;10559;-6131
24/04/2024 10:45;24/04/2024 11:00;44;kWh;-16075;0;0;0;16075;-16075
24/04/2024 11:00;24/04/2024 11:15;45;kWh;-5281;0;0;0;5281;-5281
24/04/2024 11:15;24/04/2024 11:30;46;kWh;-12214;0;0;0;12214;-12214
24/04/2024 11:30;24/04/2024 11:45;47;kWh;-19740;0;0;0;19740;-19740
24/04/2024 11:45;24/04/2024 12:00;48;kWh;-12196;0;0;0;12196;-12196
24/04/2024 12:00;24/04/2024 12:15;49;kWh;-5014;0;0;0;5014;-5014
24/04/2024 12:15;24/04/2024 12:30;50;kWh;-1820;0;0;0;1820;-1820
24/04/2024 12:30;24/04/2024 12:45;51;kWh;-5885;0;0;0;5885;-5885
24/04/2024 12:45;24/04/2024 13:00;52;kWh;-7551;458;0;0;8009;-7093
24/04/2024 13:00;24/04/2024 13:15;53;kWh;-9089;2058;0;0;11147;-7031
24/04/2024 13:15;24/04/2024 13:30;54;kWh;-2840;0;0;0;2840;-2840
24/04/2024 13:30;24/04/2024 13:45;55;kWh;-4602;22535;0;0;27137;17933
24/04/2024 13:45;24/04/2024 14:00;56;kWh;-3911;7490;0;0;11401;3579
24/04/2024 14:00;24/04/2024 14:15;57;kWh;-11784;0;0;0;11784;-11784
24/04/2024 14:15;24/04/2024 14:30;58;kWh;-3521;11;0;0;3532;-3510
24/04/2024 14:30;24/04/2024 14:45;59;kWh;-12083;321;0;0;12404;-11762
24/04/2024 14:45;24/04/2024 15:00;60;kWh;0;1281;0;0;1281;1281
24/04/2024 15:00;24/04/2024 15:15;61;kWh;0;13998;0;0;13998;13998
24/04/2024 15:15;24/04/2024 15:30;62;kWh;0;13446;0;0;13446;13446
24/04/2024 15:30;24/04/2024 15:45;63;kWh;0;34099;0;0;34099;34099
24/04/2024 15:45;24/04/2024 16:00;64;kWh;0;40829;0;0;40829;40829
24/04/2024 16:00;24/04/2024 16:15;65;kWh;0;27007;0;0;27007;27007
24/04/2024 16:15;24/04/2024 16:30;66;kWh;0;48000;0;0;48000;48000
24/04/2024 16:30;24/04/2024 16:45;67;kWh;0;22600;0;0;22600;22600
24/04/2024 16:45;24/04/2024 17:00;68;kWh;0;83012;0;0;83012;83012
24/04/2024 17:00;24/04/2024 17:15;69;kWh;0;28521;0;0;28521;28521
24/04/2024 17:15;24/04/2024 17:30;70;kWh;0;26788;0;0;26788;26788
24/04/2024 17:30;24/04/2024 17:45;71;kWh;0;35296;0;0;35296;35296
24/04/2024 17:45;24/04/2024 18:00;72;kWh;0;35503;0;0;35503;35503
24/04/2024 18:00;24/04/2024 18:15;73;kWh;-5969;3869;0;0;9838;-2100
24/04/2024 18:15;24/04/2024 18:30;74;kWh;-1863;0;0;0;1863;-1863
24/04/2024 18:30;24/04/2024 18:45;75;kWh;-420;0;0;0;420;-420
24/04/2024 18:45;24/04/2024 19:00;76;kWh;-19;0;0;0;19;-19
24/04/2024 19:00;24/04/2024 19:15;77;kWh;-34573;0;0;0;34573;-34573
24/04/2024 19:15;24/04/2024 19:30;78;kWh;-14275;0;0;0;14275;-14275
24/04/2024 19:30;24/04/2024 19:45;79;kWh;-147;450;0;0;597;303
24/04/2024 19:45;24/04/2024 20:00;80;kWh;0;15384;0;0;15384;15384
24/04/2024 20:00;24/04/2024 20:15;81;kWh;0;53824;0;0;53824;53824
24/04/2024 20:15;24/04/2024 20:30;82;kWh;0;87152;0;0;87152;87152
24/04/2024 20:30;24/04/2024 20:45;83;kWh;0;65981;0;0;65981;65981
24/04/2024 20:45;24/04/2024 21:00;84;kWh;0;17753;0;0;17753;17753
24/04/2024 21:00;24/04/2024 21:15;85;kWh;-519;0;0;0;519;-519
24/04/2024 21:15;24/04/2024 21:30;86;kWh;-424;0;0;0;424;-424
24/04/2024 21:30;24/04/2024 21:45;87;kWh;-4460;0;0;0;4460;-4460
24/04/2024 21:45;24/04/2024 22:00;88;kWh;-26451;0;0;0;26451;-26451
24/04/2024 22:00;24/04/2024 22:15;89;kWh;-23078;0;0;0;23078;-23078
24/04/2024 22:15;24/04/2024 22:30;90;kWh;-17128;0;0;0;17128;-17128
24/04/2024 22:30;24/04/2024 22:45;91;kWh;-17604;0;0;0;17604;-17604
24/04/2024 22:45;24/04/2024 23:00;92;kWh;-9209;0;0;0;9209;-9209
24/04/2024 23:00;24/04/2024 23:15;93;kWh;-39579;0;0;0;39579;-39579
24/04/2024 23:15;24/04/2024 23:30;94;kWh;-34837;0;0;0;34837;-34837
24/04/2024 23:30;24/04/2024 23:45;95;kWh;-15397;0;0;0;15397;-15397
24/04/2024 23:45;25/04/2024 00:00;96;kWh;-45457;0;0;0;45457;-45457
25/04/2024 00:00;25/04/2024 00:15;1;kWh;-8156;0;0;0;8156;-8156
25/04/2024 00:15;25/04/2024 00:30;2;kWh;-7317;0;0;0;7317;-7317
25/04/2024 00:30;25/04/2024 00:45;3;kWh;-1093;0;0;0;1093;-1093
25/04/2024 00:45;25/04/2024 01:00;4;kWh;-22;2715;0;0;2737;2693
25/04/2024 01:00;25/04/2024 01:15;5;kWh;0;1459;0;0;1459;1459
25/04/2024 01:15;25/04/2024 01:30;6;kWh;0;488;0;0;488;488
25/04/2024 01:30;25/04/2024 01:45;7;kWh;0;1708;0;0;1708;1708
25/04/2024 01:45;25/04/2024 02:00;8;kWh;0;228;0;0;228;228
25/04/2024 02:00;25/04/2024 02:15;9;kWh;0;9302;0;0;9302;9302
25/04/2024 02:15;25/04/2024 02:30;10;kWh;0;564;0;0;564;564
25/04/2024 02:30;25/04/2024 02:45;11;kWh;0;7037;0;0;7037;7037
25/04/2024 02:45;25/04/2024 03:00;12;kWh;0;25254;0;0;25254;25254
25/04/2024 03:00;25/04/2024 03:15;13;kWh;0;12200;0;0;12200;12200
25/04/2024 03:15;25/04/2024 03:30;14;kWh;0;6794;0;0;6794;6794
25/04/2024 03:30;25/04/2024 03:45;15;kWh;0;8281;0;0;8281;8281
25/04/2024 03:45;25/04/2024 04:00;16;kWh;0;910;0;0;910;910
25/04/2024 04:00;25/04/2024 04:15;17;kWh;0;0;0;0;0;0
25/04/2024 04:15;25/04/2024 04:30;18;kWh;0;0;0;0;0;0
25/04/2024 04:30;25/04/2024 04:45;19;kWh;0;0;0;0;0;0
25/04/2024 04:45;25/04/2024 05:00;20;kWh;0;0;0;0;0;0
25/04/2024 05:00;25/04/2024 05:15;21;kWh;0;2455;0;0;2455;2455
25/04/2024 05:15;25/04/2024 05:30;22;kWh;0;7278;0;0;7278;7278
25/04/2024 05:30;25/04/2024 05:45;23;kWh;0;93;0;0;93;93
25/04/2024 05:45;25/04/2024 06:00;24;kWh;0;0;0;0;0;0
25/04/2024 06:00;25/04/2024 06:15;25;kWh;-6853;0;0;0;6853;-6853
25/04/2024 06:15;25/04/2024 06:30;26;kWh;0;0;0;0;0;0
25/04/2024 06:30;25/04/2024 06:45;27;kWh;-1929;0;0;0;1929;-1929
25/04/2024 06:45;25/04/2024 07:00;28;kWh;-39;0;0;0;39;-39
25/04/2024 07:00;25/04/2024 07:15;29;kWh;-250;0;0;0;250;-250
25/04/2024 07:15;25/04/2024 07:30;30;kWh;-2638;0;0;0;2638;-2638
25/04/2024 07:30;25/04/2024 07:45;31;kWh;-1818;0;0;0;1818;-1818
25/04/2024 07:45;25/04/2024 08:00;32;kWh;0;4216;0;0;4216;4216
25/04/2024 08:00;25/04/2024 08:15;33;kWh;0;785;0;0;785;785
25/04/2024 08:15;25/04/2024 08:30;34;kWh;-1934;0;0;0;1934;-1934
25/04/2024 08:30;25/04/2024 08:45;35;kWh;-39652;0;0;0;39652;-39652
25/04/2024 08:45;25/04/2024 09:00;36;kWh;-75654;0;0;0;75654;-75654
25/04/2024 09:00;25/04/2024 09:15;37;kWh;-55654;0;0;0;55654;-55654
25/04/2024 09:15;25/04/2024 09:30;38;kWh;-38530;0;0;0;38530;-38530
25/04/2024 09:30;25/04/2024 09:45;39;kWh;-78915;0;0;0;78915;-78915
25/04/2024 09:45;25/04/2024 10:00;40;kWh;-96580;0;0;0;96580;-96580
25/04/2024 10:00;25/04/2024 10:15;41;kWh;-26666;0;0;0;26666;-26666
25/04/2024 10:15;25/04/2024 10:30;42;kWh;-348;0;0;0;348;-348
25/04/2024 10:30;25/04/2024 10:45;43;kWh;-1693;0;0;0;1693;-1693
25/04/2024 10:45;25/04/2024 11:00;44;kWh;-2063;13144;0;0;15207;11081
25/04/2024 11:00;25/04/2024 11:15;45;kWh;0;31303;0;0;31303;31303
25/04/2024 11:15;25/04/2024 11:30;46;kWh;0;14779;0;0;14779;14779
25/04/2024 11:30;25/04/2024 11:45;47;kWh;0;7409;0;0;7409;7409
25/04/2024 11:45;25/04/2024 12:00;48;kWh;0;13899;0;0;13899;13899
25/04/2024 12:00;25/04/2024 12:15;49;kWh;-27;2045;0;0;2072;2018
25/04/2024 12:15;25/04/2024 12:30;50;kWh;0;9067;0;0;9067;9067
25/04/2024 12:30;25/04/2024 12:45;51;kWh;0;20398;0;0;20398;20398
25/04/2024 12:45;25/04/2024 13:00;52;kWh;0;71636;0;0;71636;71636
25/04/2024 13:00;25/04/2024 13:15;53;kWh;0;14375;0;0;14375;14375
25/04/2024 13:15;25/04/2024 13:30;54;kWh;-28751;0;0;0;28751;-28751
25/04/2024 13:30;25/04/2024 13:45;55;kWh;-73081;0;0;0;73081;-73081
25/04/2024 13:45;25/04/2024 14:00;56;kWh;-93362;0;0;0;93362;-93362
25/04/2024 14:00;25/04/2024 14:15;57;kWh;-58853;0;0;0;58853;-58853
25/04/2024 14:15;25/04/2024 14:30;58;kWh;-59990;0;0;0;59990;-59990
25/04/2024 14:30;25/04/2024 14:45;59;kWh;-100990;0;0;0;100990;-100990
25/04/2024 14:45;25/04/2024 15:00;60;kWh;-94771;0;0;0;94771;-94771
25/04/2024 15:00;25/04/2024 15:15;61;kWh;-40962;0;0;0;40962;-40962
25/04/2024 15:15;25/04/2024 15:30;62;kWh;-66554;0;0;0;66554;-66554
25/04/2024 15:30;25/04/2024 15:45;63;kWh;-62074;0;0;0;62074;-62074
25/04/2024 15:45;25/04/2024 16:00;64;kWh;-6561;0;0;0;6561;-6561
25/04/2024 16:00;25/04/2024 16:15;65;kWh;0;0;0;0;0;0
25/04/2024 16:15;25/04/2024 16:30;66;kWh;-74;0;0;0;74;-74
25/04/2024 16:30;25/04/2024 16:45;67;kWh;-13778;0;0;0;13778;-13778
25/04/2024 16:45;25/04/2024 17:00;68;kWh;-21926;0;0;0;21926;-21926
25/04/2024 17:00;25/04/2024 17:15;69;kWh;-79996;0;0;0;79996;-79996
25/04/2024 17:15;25/04/2024 17:30;70;kWh;-30263;0;0;0;30263;-30263
25/04/2024 17:30;25/04/2024 17:45;71;kWh;-218;18;0;0;236;-200
25/04/2024 17:45;25/04/2024 18:00;72;kWh;-522;0;0;0;522;-522
25/04/2024 18:00;25/04/2024 18:15;73;kWh;-28806;0;0;0;28806;-28806
25/04/2024 18:15;25/04/2024 18:30;74;kWh;-5744;2345;0;0;8089;-3399
25/04/2024 18:30;25/04/2024 18:45;75;kWh;0;20929;0;0;20929;20929
25/04/2024 18:45;25/04/2024 19:00;76;kWh;0;30717;0;0;30717;30717
25/04/2024 19:00;25/04/2024 19:15;77;kWh;-17658;1181;0;0;18839;-16477
25/04/2024 19:15;25/04/2024 19:30;78;kWh;-14951;16;0;0;14967;-14935
25/04/2024 19:30;25/04/2024 19:45;79;kWh;0;19575;0;0;19575;19575
25/04/2024 19:45;25/04/2024 20:00;80;kWh;0;52579;0;0;52579;52579
25/04/2024 20:00;25/04/2024 20:15;81;kWh;-26207;1152;0;0;27359;-25055
25/04/2024 20:15;25/04/2024 20:30;82;kWh;-13951;340;0;0;14291;-13611
25/04/2024 20:30;25/04/2024 20:45;83;kWh;0;12452;0;0;12452;12452
25/04/2024 20:45;25/04/2024 21:00;84;kWh;0;16009;0;0;16009;16009
25/04/2024 21:00;25/04/2024 21:15;85;kWh;0;27299;0;0;27299;27299
25/04/2024 21:15;25/04/2024 21:30;86;kWh;0;42675;0;0;42675;42675
25/04/2024 21:30;25/04/2024 21:45;87;kWh;0;16167;0;0;16167;16167
25/04/2024 21:45;25/04/2024 22:00;88;kWh;0;65;0;0;65;65
25/04/2024 22:00;25/04/2024 22:15;89;kWh;0;0;0;0;0;0
25/04/2024 22:15;25/04/2024 22:30;90;kWh;0;0;0;0;0;0
25/04/2024 22:30;25/04/2024 22:45;91;kWh;-22;0;0;0;22;-22
25/04/2024 22:45;25/04/2024 23:00;92;kWh;-3222;0;0;0;3222;-3222
25/04/2024 23:00;25/04/2024 23:15;93;kWh;-7329;0;0;0;7329;-7329
25/04/2024 23:15;25/04/2024 23:30;94;kWh;-201;0;0;0;201;-201
25/04/2024 23:30;25/04/2024 23:45;95;kWh;0;0;0;0;0;0
25/04/2024 23:45;26/04/2024 00:00;96;kWh;-10159;0;0;0;10159;-10159
26/04/2024 00:00;26/04/2024 00:15;1;kWh;-4093;14307;0;0;18400;10214
26/04/2024 00:15;26/04/2024 00:30;2;kWh;0;29554;0;0;29554;29554
26/04/2024 00:30;26/04/2024 00:45;3;kWh;0;12966;0;0;12966;12966
26/04/2024 00:45;26/04/2024 01:00;4;kWh;0;10229;0;0;10229;10229
26/04/2024 01:00;26/04/2024 01:15;5;kWh;0;13249;0;0;13249;13249
26/04/2024 01:15;26/04/2024 01:30;6;kWh;0;10175;0;0;10175;10175
26/04/2024 01:30;26/04/2024 01:45;7;kWh;0;1222;0;0;1222;1222
26/04/2024 01:45;26/04/2024 02:00;8;kWh;0;0;0;0;0;0
26/04/2024 02:00;26/04/2024 02:15;9;kWh;0;0;0;0;0;0
26/04/2024 02:15;26/04/2024 02:30;10;kWh;0;0;0;0;0;0
26/04/2024 02:30;26/04/2024 02:45;11;kWh;0;0;0;0;0;0
26/04/2024 02:45;26/04/2024 03:00;12;kWh;-4278;0;0;0;4278;-4278
26/04/2024 03:00;26/04/2024 03:15;13;kWh;-7127;0;0;0;7127;-7127
26/04/2024 03:15;26/04/2024 03:30;14;kWh;-13435;0;0;0;13435;-13435
26/04/2024 03:30;26/04/2024 03:45;15;kWh;-5279;0;0;0;5279;-5279
26/04/2024 03:45;26/04/2024 04:00;16;kWh;-11100;0;0;0;11100;-11100
26/04/2024 04:00;26/04/2024 04:15;17;kWh;-25740;0;0;0;25740;-25740
26/04/2024 04:15;26/04/2024 04:30;18;kWh;-10368;0;0;0;10368;-10368
26/04/2024 04:30;26/04/2024 04:45;19;kWh;-29376;0;0;0;29376;-29376
26/04/2024 04:45;26/04/2024 05:00;20;kWh;-29211;0;0;0;29211;-29211
26/04/2024 05:00;26/04/2024 05:15;21;kWh;-26401;0;0;0;26401;-26401
26/04/2024 05:15;26/04/2024 05:30;22;kWh;-993;0;0;0;993;-993
26/04/2024 05:30;26/04/2024 05:45;23;kWh;0;1915;0;0;1915;1915
26/04/2024 05:45;26/04/2024 06:00;24;kWh;-3;1090;0;0;1093;1087
26/04/2024 06:00;26/04/2024 06:15;25;kWh;-4854;0;0;0;4854;-4854
26/04/2024 06:15;26/04/2024 06:30;26;kWh;-1140;0;0;0;1140;-1140
26/04/2024 06:30;26/04/2024 06:45;27;kWh;-447;0;0;0;447;-447
26/04/2024 06:45;26/04/2024 07:00;28;kWh;0;2361;0;0;2361;2361
26/04/2024 07:00;26/04/2024 07:15;29;kWh;0;9519;0;0;9519;9519
26/04/2024 07:15;26/04/2024 07:30;30;kWh;0;6065;0;0;6065;6065
26/04/2024 07:30;26/04/2024 07:45;31;kWh;0;58;0;0;58;58
26/04/2024 07:45;26/04/2024 08:00;32;kWh;0;0;0;0;0;0
26/04/2024 08:00;26/04/2024 08:15;33;kWh;-4067;0;0;0;4067;-4067
26/04/2024 08:15;26/04/2024 08:30;34;kWh;-16065;0;0;0;16065;-16065
26/04/2024 08:30;26/04/2024 08:45;35;kWh;-67278;0;0;0;67278;-67278
26/04/2024 08:45;26/04/2024 09:00;36;kWh;-45848;0;0;0;45848;-45848
26/04/2024 09:00;26/04/2024 09:15;37;kWh;-19098;0;0;0;19098;-19098
26/04/2024 09:15;26/04/2024 09:30;38;kWh;-35698;0;0;0;35698;-35698
26/04/2024 09:30;26/04/2024 09:45;39;kWh;-37151;0;0;0;37151;-37151
26/04/2024 09:45;26/04/2024 10:00;40;kWh;-53382;0;0;0;53382;-53382
26/04/2024 10:00;26/04/2024 10:15;41;kWh;-34286;0;0;0;34286;-34286
26/04/2024 10:15;26/04/2024 10:30;42;kWh;-2206;0;0;0;2206;-2206
26/04/2024 10:30;26/04/2024 10:45;43;kWh;-8474;0;0;0;8474;-8474
26/04/2024 10:45;26/04/2024 11:00;44;kWh;-40713;0;0;0;40713;-40713
26/04/2024 11:00;26/04/2024 11:15;45;kWh;-18576;0;0;0;18576;-18576
26/04/2024 11:15;26/04/2024 11:30;46;kWh;-17177;0;0;0;17177;-17177
26/04/2024 11:30;26/04/2024 11:45;47;kWh;-57545;0;0;0;57545;-57545
26/04/2024 11:45;26/04/2024 12:00;48;kWh;-73111;0;0;0;73111;-73111
26/04/2024 12:00;26/04/2024 12:15;49;kWh;-57999;0;0;0;57999;-57999
26/04/2024 12:15;26/04/2024 12:30;50;kWh;-59482;0;0;0;59482;-59482
26/04/2024 12:30;26/04/2024 12:45;51;kWh;-78006;0;0;0;78006;-78006
26/04/2024 12:45;26/04/2024 13:00;52;kWh;-135518;0;0;0;135518;-135518
26/04/2024 13:00;26/04/2024 13:15;53;kWh;-23392;298;0;0;23690;-23094
26/04/2024 13:15;26/04/2024 13:30;54;kWh;-81923;0;0;0;81923;-81923
26/04/2024 13:30;26/04/2024 13:45;55;kWh;-81195;0;0;0;81195;-81195
26/04/2024 13:45;26/04/2024 14:00;56;kWh;-116049;0;0;0;116049;-116049
26/04/2024 14:00;26/04/2024 14:15;57;kWh;-158583;0;-34310;0;192893;-192893
26/04/2024 14:15;26/04/2024 14:30;58;kWh;-91571;0;-102935;0;194506;-194506
26/04/2024 14:30;26/04/2024 14:45;59;kWh;-82717;0;-102996;0;185713;-185713
26/04/2024 14:45;26/04/2024 15:00;60;kWh;-87164;0;-102996;0;190160;-190160
26/04/2024 15:00;26/04/2024 15:15;61;kWh;-36987;0;-102996;0;139983;-139983
26/04/2024 15:15;26/04/2024 15:30;62;kWh;-70805;0;0;0;70805;-70805
26/04/2024 15:30;26/04/2024 15:45;63;kWh;-41942;0;0;0;41942;-41942
26/04/2024 15:45;26/04/2024 16:00;64;kWh;-40998;0;0;0;40998;-40998
26/04/2024 16:00;26/04/2024 16:15;65;kWh;-77056;0;0;0;77056;-77056
26/04/2024 16:15;26/04/2024 16:30;66;kWh;-71507;0;0;0;71507;-71507
26/04/2024 16:30;26/04/2024 16:45;67;kWh;-30243;0;0;0;30243;-30243
26/04/2024 16:45;26/04/2024 17:00;68;kWh;-5405;0;0;0;5405;-5405
26/04/2024 17:00;26/04/2024 17:15;69;kWh;-72318;0;0;0;72318;-72318
26/04/2024 17:15;26/04/2024 17:30;70;kWh;-59491;0;0;0;59491;-59491
26/04/2024 17:30;26/04/2024 17:45;71;kWh;-3820;0;0;0;3820;-3820
26/04/2024 17:45;26/04/2024 18:00;72;kWh;-2146;0;0;0;2146;-2146
26/04/2024 18:00;26/04/2024 18:15;73;kWh;-14921;0;0;0;14921;-14921
26/04/2024 18:15;26/04/2024 18:30;74;kWh;-26383;0;0;0;26383;-26383
26/04/2024 18:30;26/04/2024 18:45;75;kWh;-14786;0;0;0;14786;-14786
26/04/2024 18:45;26/04/2024 19:00;76;kWh;-297;0;0;0;297;-297
26/04/2024 19:00;26/04/2024 19:15;77;kWh;-9008;0;0;0;9008;-9008
26/04/2024 19:15;26/04/2024 19:30;78;kWh;0;0;0;0;0;0
26/04/2024 19:30;26/04/2024 19:45;79;kWh;0;4899;0;0;4899;4899
26/04/2024 19:45;26/04/2024 20:00;80;kWh;0;20781;0;0;20781;20781
26/04/2024 20:00;26/04/2024 20:15;81;kWh;0;7622;0;0;7622;7622
26/04/2024 20:15;26/04/2024 20:30;82;kWh;0;0;0;0;0;0
26/04/2024 20:30;26/04/2024 20:45;83;kWh;0;2060;0;0;2060;2060
26/04/2024 20:45;26/04/2024 21:00;84;kWh;0;2895;0;0;2895;2895
26/04/2024 21:00;26/04/2024 21:15;85;kWh;0;29342;0;0;29342;29342
26/04/2024 21:15;26/04/2024 21:30;86;kWh;0;32325;0;0;32325;32325
26/04/2024 21:30;26/04/2024 21:45;87;kWh;0;3477;0;0;3477;3477
26/04/2024 21:45;26/04/2024 22:00;88;kWh;-58;218;0;0;276;160
26/04/2024 22:00;26/04/2024 22:15;89;kWh;-81;0;0;0;81;-81
26/04/2024 22:15;26/04/2024 22:30;90;kWh;0;608;0;0;608;608
26/04/2024 22:30;26/04/2024 22:45;91;kWh;0;2894;0;0;2894;2894
26/04/2024 22:45;26/04/2024 23:00;92;kWh;0;2219;0;0;2219;2219
26/04/2024 23:00;26/04/2024 23:15;93;kWh;0;0;0;0;0;0
26/04/2024 23:15;26/04/2024 23:30;94;kWh;0;0;0;0;0;0
26/04/2024 23:30;26/04/2024 23:45;95;kWh;0;5187;0;0;5187;5187
26/04/2024 23:45;27/04/2024 00:00;96;kWh;0;2533;0;0;2533;2533
27/04/2024 00:00;27/04/2024 00:15;1;kWh;0;32275;0;0;32275;32275
27/04/2024 00:15;27/04/2024 00:30;2;kWh;0;43389;0;0;43389;43389
27/04/2024 00:30;27/04/2024 00:45;3;kWh;0;25801;0;0;25801;25801
27/04/2024 00:45;27/04/2024 01:00;4;kWh;0;5807;0;0;5807;5807
27/04/2024 01:00;27/04/2024 01:15;5;kWh;0;21135;0;0;21135;21135
27/04/2024 01:15;27/04/2024 01:30;6;kWh;0;16886;0;0;16886;16886
27/04/2024 01:30;27/04/2024 01:45;7;kWh;0;11161;0;0;11161;11161
27/04/2024 01:45;27/04/2024 02:00;8;kWh;0;2650;0;0;2650;2650
27/04/2024 02:00;27/04/2024 02:15;9;kWh;0;3483;0;0;3483;3483
27/04/2024 02:15;27/04/2024 02:30;10;kWh;0;4630;0;0;4630;4630
27/04/2024 02:30;27/04/2024 02:45;11;kWh;0;3875;0;0;3875;3875
27/04/2024 02:45;27/04/2024 03:00;12;kWh;0;2681;0;0;2681;2681
27/04/2024 03:00;27/04/2024 03:15;13;kWh;0;3;0;0;3;3
27/04/2024 03:15;27/04/2024 03:30;14;kWh;-2178;0;0;0;2178;-2178
27/04/2024 03:30;27/04/2024 03:45;15;kWh;-9164;0;0;0;9164;-9164
27/04/2024 03:45;27/04/2024 04:00;16;kWh;-34441;0;0;0;34441;-34441
27/04/2024 04:00;27/04/2024 04:15;17;kWh;-7016;1549;0;0;8565;-5467
27/04/2024 04:15;27/04/2024 04:30;18;kWh;0;3592;0;0;3592;3592
27/04/2024 04:30;27/04/2024 04:45;19;kWh;0;0;0;0;0;0
27/04/2024 04:45;27/04/2024 05:00;20;kWh;-809;0;0;0;809;-809
27/04/2024 05:00;27/04/2024 05:15;21;kWh;0;0;0;0;0;0
27/04/2024 05:15;27/04/2024 05:30;22;kWh;0;2847;0;0;2847;2847
27/04/2024 05:30;27/04/2024 05:45;23;kWh;0;284;0;0;284;284
27/04/2024 05:45;27/04/2024 06:00;24;kWh;0;0;0;0;0;0
27/04/2024 06:00;27/04/2024 06:15;25;kWh;-2068;0;0;0;2068;-2068
27/04/2024 06:15;27/04/2024 06:30;26;kWh;0;0;0;0;0;0
27/04/2024 06:30;27/04/2024 06:45;27;kWh;-5592;0;0;0;5592;-5592
27/04/2024 06:45;27/04/2024 07:00;28;kWh;-17261;0;0;0;17261;-17261
27/04/2024 07:00;27/04/2024 07:15;29;kWh;-22503;0;0;0;22503;-22503
27/04/2024 07:15;27/04/2024 07:30;30;kWh;-8064;0;0;0;8064;-8064
27/04/2024 07:30;27/04/2024 07:45;31;kWh;-21253;0;0;0;21253;-21253
27/04/2024 07:45;27/04/2024 08:00;32;kWh;-11544;0;0;0;11544;-11544
27/04/2024 08:00;27/04/2024 08:15;33;kWh;-16537;1049;0;0;17586;-15488
27/04/2024 08:15;27/04/2024 08:30;34;kWh;0;3170;0;0;3170;3170
27/04/2024 08:30;27/04/2024 08:45;35;kWh;0;0;0;0;0;0
27/04/2024 08:45;27/04/2024 09:00;36;kWh;-993;0;0;0;993;-993
27/04/2024 09:00;27/04/2024 09:15;37;kWh;-174;4777;0;0;4951;4603
27/04/2024 09:15;27/04/2024 09:30;38;kWh;-1951;3293;0;0;5244;1342
27/04/2024 09:30;27/04/2024 09:45;39;kWh;-34826;0;0;0;34826;-34826
27/04/2024 09:45;27/04/2024 10:00;40;kWh;-42392;0;0;0;42392;-42392
27/04/2024 10:00;27/04/2024 10:15;41;kWh;-22279;0;0;0;22279;-22279
27/04/2024 10:15;27/04/2024 10:30;42;kWh;-30413;0;0;0;30413;-30413
27/04/2024 10:30;27/04/2024 10:45;43;kWh;-62864;0;0;0;62864;-62864
27/04/2024 10:45;27/04/2024 11:00;44;kWh;-50603;0;0;0;50603;-50603
27/04/2024 11:00;27/04/2024 11:15;45;kWh;-1848;0;0;0;1848;-1848
27/04/2024 11:15;27/04/2024 11:30;46;kWh;-34031;0;0;0;34031;-34031
27/04/2024 11:30;27/04/2024 11:45;47;kWh;-3581;226;0;0;3807;-3355
27/04/2024 11:45;27/04/2024 12:00;48;kWh;-326;6533;0;0;6859;6207
27/04/2024 12:00;27/04/2024 12:15;49;kWh;0;46844;0;0;46844;46844
27/04/2024 12:15;27/04/2024 12:30;50;kWh;0;7305;0;0;7305;7305
27/04/2024 12:30;27/04/2024 12:45;51;kWh;0;24029;0;0;24029;24029
27/04/2024 12:45;27/04/2024 13:00;52;kWh;-15857;1666;0;0;17523;-14191
27/04/2024 13:00;27/04/2024 13:15;53;kWh;-7963;8430;0;0;16393;467
27/04/2024 13:15;27/04/2024 13:30;54;kWh;-4429;12031;0;0;16460;7602
27/04/2024 13:30;27/04/2024 13:45;55;kWh;-18177;0;0;0;18177;-18177
27/04/2024 13:45;27/04/2024 14:00;56;kWh;-6009;609;0;0;6618;-5400
27/04/2024 14:00;27/04/2024 14:15;57;kWh;-32397;0;0;0;32397;-32397
27/04/2024 14:15;27/04/2024 14:30;58;kWh;-43281;0;0;0;43281;-43281
27/04/2024 14:30;27/04/2024 14:45;59;kWh;-21404;0;0;0;21404;-21404
27/04/2024 14:45;27/04/2024 15:00;60;kWh;-29602;0;0;0;29602;-29602
27/04/2024 15:00;27/04/2024 15:15;61;kWh;-28626;0;0;0;28626;-28626
27/04/2024 15:15;27/04/2024 15:30;62;kWh;-44665;0;0;0;44665;-44665
27/04/2024 15:30;27/04/2024 15:45;63;kWh;-33691;0;0;0;33691;-33691
27/04/2024 15:45;27/04/2024 16:00;64;kWh;-43511;0;0;0;43511;-43511
27/04/2024 16:00;27/04/2024 16:15;65;kWh;-36138;0;0;0;36138;-36138
27/04/2024 16:15;27/04/2024 16:30;66;kWh;-24415;0;0;0;24415;-24415
27/04/2024 16:30;27/04/2024 16:45;67;kWh;-14451;0;0;0;14451;-14451
27/04/2024 16:45;27/04/2024 17:00;68;kWh;0;7475;0;0;7475;7475
27/04/2024 17:00;27/04/2024 17:15;69;kWh;0;1288;0;0;1288;1288
27/04/2024 17:15;27/04/2024 17:30;70;kWh;-1058;0;0;0;1058;-1058
27/04/2024 17:30;27/04/2024 17:45;71;kWh;0;24638;0;0;24638;24638
27/04/2024 17:45;27/04/2024 18:00;72;kWh;0;38774;0;0;38774;38774
27/04/2024 18:00;27/04/2024 18:15;73;kWh;-524;7227;0;0;7751;6703
27/04/2024 18:15;27/04/2024 18:30;74;kWh;-5961;444;0;0;6405;-5517
27/04/2024 18:30;27/04/2024 18:45;75;kWh;0;18838;0;0;18838;18838
27/04/2024 18:45;27/04/2024 19:00;76;kWh;0;15402;0;0;15402;15402
27/04/2024 19:00;27/04/2024 19:15;77;kWh;-7437;525;0;0;7962;-6912
27/04/2024 19:15;27/04/2024 19:30;78;kWh;-1168;0;0;0;1168;-1168
27/04/2024 19:30;27/04/2024 19:45;79;kWh;0;11;0;0;11;11
27/04/2024 19:45;27/04/2024 20:00;80;kWh;0;22775;0;0;22775;22775
27/04/2024 20:00;27/04/2024 20:15;81;kWh;0;41368;0;0;41368;41368
27/04/2024 20:15;27/04/2024 20:30;82;kWh;0;26214;0;0;26214;26214
27/04/2024 20:30;27/04/2024 20:45;83;kWh;0;1923;0;0;1923;1923
27/04/2024 20:45;27/04/2024 21:00;84;kWh;0;3606;0;0;3606;3606
27/04/2024 21:00;27/04/2024 21:15;85;kWh;0;22175;0;0;22175;22175
27/04/2024 21:15;27/04/2024 21:30;86;kWh;0;19369;0;0;19369;19369
27/04/2024 21:30;27/04/2024 21:45;87;kWh;0;3762;0;0;3762;3762
27/04/2024 21:45;27/04/2024 22:00;88;kWh;-1699;3;0;0;1702;-1696
27/04/2024 22:00;27/04/2024 22:15;89;kWh;-29060;0;0;0;29060;-29060
27/04/2024 22:15;27/04/2024 22:30;90;kWh;-27058;0;0;0;27058;-27058
27/04/2024 22:30;27/04/2024 22:45;91;kWh;-30935;0;0;0;30935;-30935
27/04/2024 22:45;27/04/2024 23:00;92;kWh;-43563;0;0;0;43563;-43563
27/04/2024 23:00;27/04/2024 23:15;93;kWh;-14271;0;0;0;14271;-14271
27/04/2024 23:15;27/04/2024 23:30;94;kWh;-34056;0;0;0;34056;-34056
27/04/2024 23:30;27/04/2024 23:45;95;kWh;-58264;0;0;0;58264;-58264
27/04/2024 23:45;28/04/2024 00:00;96;kWh;-49861;0;0;0;49861;-49861
28/04/2024 00:00;28/04/2024 00:15;1;kWh;-21909;0;0;0;21909;-21909
28/04/2024 00:15;28/04/2024 00:30;2;kWh;-7569;0;0;0;7569;-7569
28/04/2024 00:30;28/04/2024 00:45;3;kWh;-33680;0;0;0;33680;-33680
28/04/2024 00:45;28/04/2024 01:00;4;kWh;-37588;0;0;0;37588;-37588
28/04/2024 01:00;28/04/2024 01:15;5;kWh;-4932;1682;0;0;6614;-3250
28/04/2024 01:15;28/04/2024 01:30;6;kWh;0;10145;0;0;10145;10145
28/04/2024 01:30;28/04/2024 01:45;7;kWh;-67;872;0;0;939;805
28/04/2024 01:45;28/04/2024 02:00;8;kWh;-28964;0;0;0;28964;-28964
28/04/2024 02:00;28/04/2024 02:15;9;kWh;-10036;0;0;0;10036;-10036
28/04/2024 02:15;28/04/2024 02:30;10;kWh;-23877;0;0;0;23877;-23877
28/04/2024 02:30;28/04/2024 02:45;11;kWh;-34365;0;0;0;34365;-34365
28/04/2024 02:45;28/04/2024 03:00;12;kWh;-41241;0;0;0;41241;-41241
28/04/2024 03:00;28/04/2024 03:15;13;kWh;-33398;0;0;0;33398;-33398
28/04/2024 03:15;28/04/2024 03:30;14;kWh;-25276;0;0;0;25276;-25276
28/04/2024 03:30;28/04/2024 03:45;15;kWh;-24822;0;0;0;24822;-24822
28/04/2024 03:45;28/04/2024 04:00;16;kWh;-18;90;0;0;108;72
28/04/2024 04:00;28/04/2024 04:15;17;kWh;0;58025;0;0;58025;58025
28/04/2024 04:15;28/04/2024 04:30;18;kWh;0;65606;0;0;65606;65606
28/04/2024 04:30;28/04/2024 04:45;19;kWh;0;10448;0;0;10448;10448
28/04/2024 04:45;28/04/2024 05:00;20;kWh;-137;0;0;0;137;-137
28/04/2024 05:00;28/04/2024 05:15;21;kWh;-24696;0;0;0;24696;-24696
28/04/2024 05:15;28/04/2024 05:30;22;kWh;-49652;0;0;0;49652;-49652
28/04/2024 05:30;28/04/2024 05:45;23;kWh;-43175;0;0;0;43175;-43175
28/04/2024 05:45;28/04/2024 06:00;24;kWh;-29329;0;0;0;29329;-29329
28/04/2024 06:00;28/04/2024 06:15;25;kWh;-31943;0;0;0;31943;-31943
28/04/2024 06:15;28/04/2024 06:30;26;kWh;-47645;0;0;0;47645;-47645
28/04/2024 06:30;28/04/2024 06:45;27;kWh;-57474;0;0;0;57474;-57474
28/04/2024 06:45;28/04/2024 07:00;28;kWh;-24434;0;0;0;24434;-24434
28/04/2024 07:00;28/04/2024 07:15;29;kWh;-18051;0;0;0;18051;-18051
28/04/2024 07:15;28/04/2024 07:30;30;kWh;-36455;0;0;0;36455;-36455
28/04/2024 07:30;28/04/2024 07:45;31;kWh;-21087;0;0;0;21087;-21087
28/04/2024 07:45;28/04/2024 08:00;32;kWh;-4569;0;0;0;4569;-4569
28/04/2024 08:00;28/04/2024 08:15;33;kWh;0;14061;0;0;14061;14061
28/04/2024 08:15;28/04/2024 08:30;34;kWh;0;45451;0;0;45451;45451
28/04/2024 08:30;28/04/2024 08:45;35;kWh;0;50585;0;0;50585;50585
28/04/2024 08:45;28/04/2024 09:00;36;kWh;0;14881;0;0;14881;14881
28/04/2024 09:00;28/04/2024 09:15;37;kWh;0;7192;0;0;7192;7192
28/04/2024 09:15;28/04/2024 09:30;38;kWh;0;0;0;0;0;0
28/04/2024 09:30;28/04/2024 09:45;39;kWh;-5898;0;0;0;5898;-5898
28/04/2024 09:45;28/04/2024 10:00;40;kWh;-16407;0;0;0;16407;-16407
28/04/2024 10:00;28/04/2024 10:15;41;kWh;-9776;0;0;0;9776;-9776
28/04/2024 10:15;28/04/2024 10:30;42;kWh;-44143;0;0;0;44143;-44143
28/04/2024 10:30;28/04/2024 10:45;43;kWh;-63472;0;0;0;63472;-63472
28/04/2024 10:45;28/04/2024 11:00;44;kWh;-23140;0;0;0;23140;-23140
28/04/2024 11:00;28/04/2024 11:15;45;kWh;-14838;21;0;0;14859;-14817
28/04/2024 11:15;28/04/2024 11:30;46;kWh;0;16152;0;0;16152;16152
28/04/2024 11:30;28/04/2024 11:45;47;kWh;0;59087;0;0;59087;59087
28/04/2024 11:45;28/04/2024 12:00;48;kWh;0;9851;0;0;9851;9851
28/04/2024 12:00;28/04/2024 12:15;49;kWh;-9661;0;0;0;9661;-9661
28/04/2024 12:15;28/04/2024 12:30;50;kWh;-18438;0;0;0;18438;-18438
28/04/2024 12:30;28/04/2024 12:45;51;kWh;-34577;0;0;0;34577;-34577
28/04/2024 12:45;28/04/2024 13:00;52;kWh;-5304;0;0;0;5304;-5304
28/04/2024 13:00;28/04/2024 13:15;53;kWh;-12854;0;0;0;12854;-12854
28/04/2024 13:15;28/04/2024 13:30;54;kWh;-11947;0;0;0;11947;-11947
28/04/2024 13:30;28/04/2024 13:45;55;kWh;-1107;0;0;0;1107;-1107
28/04/2024 13:45;28/04/2024 14:00;56;kWh;-5105;0;0;0;5105;-5105
28/04/2024 14:00;28/04/2024 14:15;57;kWh;-13590;0;0;0;13590;-13590
28/04/2024 14:15;28/04/2024 14:30;58;kWh;-18073;0;0;0;18073;-18073
28/04/2024 14:30;28/04/2024 14:45;59;kWh;-7739;0;0;0;7739;-7739
28/04/2024 14:45;28/04/2024 15:00;60;kWh;0;47;0;0;47;47
28/04/2024 15:00;28/04/2024 15:15;61;kWh;0;10655;0;0;10655;10655
28/04/2024 15:15;28/04/2024 15:30;62;kWh;0;17940;0;0;17940;17940
28/04/2024 15:30;28/04/2024 15:45;63;kWh;0;5904;0;0;5904;5904
28/04/2024 15:45;28/04/2024 16:00;64;kWh;-1716;0;0;0;1716;-1716
28/04/2024 16:00;28/04/2024 16:15;65;kWh;-14509;0;0;0;14509;-14509
28/04/2024 16:15;28/04/2024 16:30;66;kWh;-23522;565;0;0;24087;-22957
28/04/2024 16:30;28/04/2024 16:45;67;kWh;-459;3375;0;0;3834;2916
28/04/2024 16:45;28/04/2024 17:00;68;kWh;-10174;0;0;0;10174;-10174
28/04/2024 17:00;28/04/2024 17:15;69;kWh;-21488;0;0;0;21488;-21488
28/04/2024 17:15;28/04/2024 17:30;70;kWh;-10906;0;0;0;10906;-10906
28/04/2024 17:30;28/04/2024 17:45;71;kWh;-99;4518;0;0;4617;4419
28/04/2024 17:45;28/04/2024 18:00;72;kWh;0;49519;0;0;49519;49519
28/04/2024 18:00;28/04/2024 18:15;73;kWh;-39494;8080;0;0;47574;-31414
28/04/2024 18:15;28/04/2024 18:30;74;kWh;-30241;0;0;0;30241;-30241
28/04/2024 18:30;28/04/2024 18:45;75;kWh;-7021;0;0;0;7021;-7021
28/04/2024 18:45;28/04/2024 19:00;76;kWh;-4107;0;0;0;4107;-4107
28/04/2024 19:00;28/04/2024 19:15;77;kWh;-50807;0;0;0;50807;-50807
28/04/2024 19:15;28/04/2024 19:30;78;kWh;-38791;0;0;0;38791;-38791
28/04/2024 19:30;28/04/2024 19:45;79;kWh;-27487;0;0;0;27487;-27487
28/04/2024 19:45;28/04/2024 20:00;80;kWh;-25349;0;0;0;25349;-25349
28/04/2024 20:00;28/04/2024 20:15;81;kWh;-39107;0;0;0;39107;-39107
28/04/2024 20:15;28/04/2024 20:30;82;kWh;-2461;0;0;0;2461;-2461
28/04/2024 20:30;28/04/2024 20:45;83;kWh;-1932;0;0;0;1932;-1932
28/04/2024 20:45;28/04/2024 21:00;84;kWh;-9107;0;0;0;9107;-9107
28/04/2024 21:00;28/04/2024 21:15;85;kWh;-19887;14;0;0;19901;-19873
28/04/2024 21:15;28/04/2024 21:30;86;kWh;0;2857;0;0;2857;2857
28/04/2024 21:30;28/04/2024 21:45;87;kWh;0;0;0;0;0;0
28/04/2024 21:45;28/04/2024 22:00;88;kWh;0;205;0;0;205;205
28/04/2024 22:00;28/04/2024 22:15;89;kWh;0;33302;0;0;33302;33302
28/04/2024 22:15;28/04/2024 22:30;90;kWh;0;44361;0;0;44361;44361
28/04/2024 22:30;28/04/2024 22:45;91;kWh;0;79675;0;0;79675;79675
28/04/2024 22:45;28/04/2024 23:00;92;kWh;0;41516;0;0;41516;41516
28/04/2024 23:00;28/04/2024 23:15;93;kWh;0;20801;0;0;20801;20801
28/04/2024 23:15;28/04/2024 23:30;94;kWh;0;16007;0;0;16007;16007
28/04/2024 23:30;28/04/2024 23:45;95;kWh;0;388;0;0;388;388
28/04/2024 23:45;29/04/2024 00:00;96;kWh;-644;0;0;0;644;-644
29/04/2024 00:00;29/04/2024 00:15;1;kWh;-1080;0;0;0;1080;-1080
29/04/2024 00:15;29/04/2024 00:30;2;kWh;0;22119;0;0;22119;22119
29/04/2024 00:30;29/04/2024 00:45;3;kWh;0;27029;0;0;27029;27029
29/04/2024 00:45;29/04/2024 01:00;4;kWh;0;5772;0;0;5772;5772
29/04/2024 01:00;29/04/2024 01:15;5;kWh;0;11420;0;0;11420;11420
29/04/2024 01:15;29/04/2024 01:30;6;kWh;0;6105;0;0;6105;6105
29/04/2024 01:30;29/04/2024 01:45;7;kWh;0;9261;0;0;9261;9261
29/04/2024 01:45;29/04/2024 02:00;8;kWh;0;2030;0;0;2030;2030
29/04/2024 02:00;29/04/2024 02:15;9;kWh;-5208;0;0;0;5208;-5208
29/04/2024 02:15;29/04/2024 02:30;10;kWh;-3323;0;0;0;3323;-3323
29/04/2024 02:30;29/04/2024 02:45;11;kWh;-378;0;0;0;378;-378
29/04/2024 02:45;29/04/2024 03:00;12;kWh;0;0;0;0;0;0
29/04/2024 03:00;29/04/2024 03:15;13;kWh;0;0;0;0;0;0
29/04/2024 03:15;29/04/2024 03:30;14;kWh;0;8;0;0;8;8
29/04/2024 03:30;29/04/2024 03:45;15;kWh;0;2507;0;0;2507;2507
29/04/2024 03:45;29/04/2024 04:00;16;kWh;0;890;0;0;890;890
29/04/2024 04:00;29/04/2024 04:15;17;kWh;-684;0;0;0;684;-684
29/04/2024 04:15;29/04/2024 04:30;18;kWh;0;0;0;0;0;0
29/04/2024 04:30;29/04/2024 04:45;19;kWh;0;4944;0;0;4944;4944
29/04/2024 04:45;29/04/2024 05:00;20;kWh;0;2750;0;0;2750;2750
29/04/2024 05:00;29/04/2024 05:15;21;kWh;-1780;73;0;0;1853;-1707
29/04/2024 05:15;29/04/2024 05:30;22;kWh;-66;0;0;0;66;-66
29/04/2024 05:30;29/04/2024 05:45;23;kWh;0;0;0;0;0;0
29/04/2024 05:45;29/04/2024 06:00;24;kWh;0;0;0;0;0;0
29/04/2024 06:00;29/04/2024 06:15;25;kWh;0;1211;0;0;1211;1211
29/04/2024 06:15;29/04/2024 06:30;26;kWh;0;1178;0;0;1178;1178
29/04/2024 06:30;29/04/2024 06:45;27;kWh;0;0;0;0;0;0
29/04/2024 06:45;29/04/2024 07:00;28;kWh;0;0;0;0;0;0
29/04/2024 07:00;29/04/2024 07:15;29;kWh;0;18541;0;0;18541;18541
29/04/2024 07:15;29/04/2024 07:30;30;kWh;0;18814;0;0;18814;18814
29/04/2024 07:30;29/04/2024 07:45;31;kWh;0;0;0;0;0;0
29/04/2024 07:45;29/04/2024 08:00;32;kWh;0;0;0;0;0;0
29/04/2024 08:00;29/04/2024 08:15;33;kWh;0;14370;0;0;14370;14370
29/04/2024 08:15;29/04/2024 08:30;34;kWh;0;658;0;0;658;658
29/04/2024 08:30;29/04/2024 08:45;35;kWh;-2393;0;0;0;2393;-2393
29/04/2024 08:45;29/04/2024 09:00;36;kWh;-42916;0;0;0;42916;-42916
29/04/2024 09:00;29/04/2024 09:15;37;kWh;-11109;0;0;0;11109;-11109
29/04/2024 09:15;29/04/2024 09:30;38;kWh;-9477;0;0;0;9477;-9477
29/04/2024 09:30;29/04/2024 09:45;39;kWh;-5345;0;0;0;5345;-5345
29/04/2024 09:45;29/04/2024 10:00;40;kWh;-29304;0;0;0;29304;-29304
29/04/2024 10:00;29/04/2024 10:15;41;kWh;-7114;111;0;0;7225;-7003
29/04/2024 10:15;29/04/2024 10:30;42;kWh;-1395;0;0;0;1395;-1395
29/04/2024 10:30;29/04/2024 10:45;43;kWh;-38078;0;0;0;38078;-38078
29/04/2024 10:45;29/04/2024 11:00;44;kWh;-40826;0;0;0;40826;-40826
29/04/2024 11:00;29/04/2024 11:15;45;kWh;-16131;0;0;0;16131;-16131
29/04/2024 11:15;29/04/2024 11:30;46;kWh;-22204;0;0;0;22204;-22204
29/04/2024 11:30;29/04/2024 11:45;47;kWh;-41886;0;0;0;41886;-41886
29/04/2024 11:45;29/04/2024 12:00;48;kWh;-25663;0;0;0;25663;-25663
29/04/2024 12:00;29/04/2024 12:15;49;kWh;-68;0;0;0;68;-68
29/04/2024 12:15;29/04/2024 12:30;50;kWh;-19297;0;0;0;19297;-19297
29/04/2024 12:30;29/04/2024 12:45;51;kWh;-21845;0;0;0;21845;-21845
29/04/2024 12:45;29/04/2024 13:00;52;kWh;-4354;0;0;0;4354;-4354
29/04/2024 13:00;29/04/2024 13:15;53;kWh;-10851;0;0;0;10851;-10851
29/04/2024 13:15;29/04/2024 13:30;54;kWh;-6979;0;0;0;6979;-6979
29/04/2024 13:30;29/04/2024 13:45;55;kWh;0;196;0;0;196;196
29/04/2024 13:45;29/04/2024 14:00;56;kWh;0;20603;0;0;20603;20603
29/04/2024 14:00;29/04/2024 14:15;57;kWh;0;3933;0;0;3933;3933
29/04/2024 14:15;29/04/2024 14:30;58;kWh;0;15;0;0;15;15
29/04/2024 14:30;29/04/2024 14:45;59;kWh;0;32453;0;0;32453;32453
29/04/2024 14:45;29/04/2024 15:00;60;kWh;-9;30814;0;0;30823;30805
29/04/2024 15:00;29/04/2024 15:15;61;kWh;-17857;0;0;0;17857;-17857
29/04/2024 15:15;29/04/2024 15:30;62;kWh;-9781;0;0;0;9781;-9781
29/04/2024 15:30;29/04/2024 15:45;63;kWh;-1673;0;0;0;1673;-1673
29/04/2024 15:45;29/04/2024 16:00;64;kWh;-2226;0;0;0;2226;-2226
29/04/2024 16:00;29/04/2024 16:15;65;kWh;-27455;0;0;0;27455;-27455
29/04/2024 16:15;29/04/2024 16:30;66;kWh;-29339;0;0;0;29339;-29339
29/04/2024 16:30;29/04/2024 16:45;67;kWh;-1929;1044;0;0;2973;-885
29/04/2024 16:45;29/04/2024 17:00;68;kWh;0;13237;0;0;13237;13237
29/04/2024 17:00;29/04/2024 17:15;69;kWh;0;3444;0;0;3444;3444
29/04/2024 17:15;29/04/2024 17:30;70;kWh;0;3859;0;0;3859;3859
29/04/2024 17:30;29/04/2024 17:45;71;kWh;0;2793;0;0;2793;2793
29/04/2024 17:45;29/04/2024 18:00;72;kWh;0;1608;0;0;1608;1608
29/04/2024 18:00;29/04/2024 18:15;73;kWh;-855;0;0;0;855;-855
29/04/2024 18:15;29/04/2024 18:30;74;kWh;0;148;0;0;148;148
29/04/2024 18:30;29/04/2024 18:45;75;kWh;-1212;438;0;0;1650;-774
29/04/2024 18:45;29/04/2024 19:00;76;kWh;-5;0;0;0;5;-5
29/04/2024 19:00;29/04/2024 19:15;77;kWh;-4023;0;0;0;4023;-4023
29/04/2024 19:15;29/04/2024 19:30;78;kWh;-13;628;0;0;641;615
29/04/2024 19:30;29/04/2024 19:45;79;kWh;0;1226;0;0;1226;1226
29/04/2024 19:45;29/04/2024 20:00;80;kWh;0;0;0;0;0;0
29/04/2024 20:00;29/04/2024 20:15;81;kWh;-23283;0;0;0;23283;-23283
29/04/2024 20:15;29/04/2024 20:30;82;kWh;-43937;0;0;0;43937;-43937
29/04/2024 20:30;29/04/2024 20:45;83;kWh;-23562;0;0;0;23562;-23562
29/04/2024 20:45;29/04/2024 21:00;84;kWh;-6887;0;0;0;6887;-6887
29/04/2024 21:00;29/04/2024 21:15;85;kWh;-4400;392;0;0;4792;-4008
29/04/2024 21:15;29/04/2024 21:30;86;kWh;0;3717;0;0;3717;3717
29/04/2024 21:30;29/04/2024 21:45;87;kWh;0;48;0;0;48;48
29/04/2024 21:45;29/04/2024 22:00;88;kWh;-9;0;0;0;9;-9
29/04/2024 22:00;29/04/2024 22:15;89;kWh;-1987;0;0;0;1987;-1987
29/04/2024 22:15;29/04/2024 22:30;90;kWh;-3;0;0;0;3;-3
29/04/2024 22:30;29/04/2024 22:45;91;kWh;0;258;0;0;258;258
29/04/2024 22:45;29/04/2024 23:00;92;kWh;0;856;0;0;856;856
29/04/2024 23:00;29/04/2024 23:15;93;kWh;-5911;1;0;0;5912;-5910
29/04/2024 23:15;29/04/2024 23:30;94;kWh;-27271;0;0;0;27271;-27271
29/04/2024 23:30;29/04/2024 23:45;95;kWh;-31516;0;0;0;31516;-31516
29/04/2024 23:45;30/04/2024 00:00;96;kWh;-10285;0;0;0;10285;-10285
30/04/2024 00:00;30/04/2024 00:15;1;kWh;-955;0;0;0;955;-955
30/04/2024 00:15;30/04/2024 00:30;2;kWh;-826;0;0;0;826;-826
30/04/2024 00:30;30/04/2024 00:45;3;kWh;-26623;0;0;0;26623;-26623
30/04/2024 00:45;30/04/2024 01:00;4;kWh;-31644;0;0;0;31644;-31644
30/04/2024 01:00;30/04/2024 01:15;5;kWh;-13653;0;0;0;13653;-13653
30/04/2024 01:15;30/04/2024 01:30;6;kWh;0;0;0;0;0;0
30/04/2024 01:30;30/04/2024 01:45;7;kWh;0;0;0;0;0;0
30/04/2024 01:45;30/04/2024 02:00;8;kWh;-362;0;0;0;362;-362
30/04/2024 02:00;30/04/2024 02:15;9;kWh;-757;0;0;0;757;-757
30/04/2024 02:15;30/04/2024 02:30;10;kWh;0;9251;0;0;9251;9251
30/04/2024 02:30;30/04/2024 02:45;11;kWh;0;19570;0;0;19570;19570
30/04/2024 02:45;30/04/2024 03:00;12;kWh;0;22107;0;0;22107;22107
30/04/2024 03:00;30/04/2024 03:15;13;kWh;0;8637;0;0;8637;8637
30/04/2024 03:15;30/04/2024 03:30;14;kWh;0;0;0;0;0;0
30/04/2024 03:30;30/04/2024 03:45;15;kWh;0;0;0;0;0;0
30/04/2024 03:45;30/04/2024 04:00;16;kWh;-6869;0;0;0;6869;-6869
30/04/2024 04:00;30/04/2024 04:15;17;kWh;-5154;0;0;0;5154;-5154
30/04/2024 04:15;30/04/2024 04:30;18;kWh;0;0;0;0;0;0
30/04/2024 04:30;30/04/2024 04:45;19;kWh;0;0;0;0;0;0
30/04/2024 04:45;30/04/2024 05:00;20;kWh;0;0;0;0;0;0
30/04/2024 05:00;30/04/2024 05:15;21;kWh;-1710;0;0;0;1710;-1710
30/04/2024 05:15;30/04/2024 05:30;22;kWh;-16172;0;0;0;16172;-16172
30/04/2024 05:30;30/04/2024 05:45;23;kWh;-9072;0;0;0;9072;-9072
30/04/2024 05:45;30/04/2024 06:00;24;kWh;-270;0;0;0;270;-270
30/04/2024 06:00;30/04/2024 06:15;25;kWh;-18371;0;0;0;18371;-18371
30/04/2024 06:15;30/04/2024 06:30;26;kWh;-466;0;0;0;466;-466
30/04/2024 06:30;30/04/2024 06:45;27;kWh;-3;4887;0;0;4890;4884
30/04/2024 06:45;30/04/2024 07:00;28;kWh;0;15177;0;0;15177;15177
30/04/2024 07:00;30/04/2024 07:15;29;kWh;-1382;1255;0;0;2637;-127
30/04/2024 07:15;30/04/2024 07:30;30;kWh;0;20779;0;0;20779;20779
30/04/2024 07:30;30/04/2024 07:45;31;kWh;0;1562;0;0;1562;1562
30/04/2024 07:45;30/04/2024 08:00;32;kWh;0;3059;0;0;3059;3059
30/04/2024 08:00;30/04/2024 08:15;33;kWh;0;28988;0;0;28988;28988
30/04/2024 08:15;30/04/2024 08:30;34;kWh;0;38383;0;0;38383;38383
30/04/2024 08:30;30/04/2024 08:45;35;kWh;0;3427;0;0;3427;3427
30/04/2024 08:45;30/04/2024 09:00;36;kWh;-1228;0;0;0;1228;-1228
30/04/2024 09:00;30/04/2024 09:15;37;kWh;-2677;3699;0;0;6376;1022
30/04/2024 09:15;30/04/2024 09:30;38;kWh;0;27958;0;0;27958;27958
30/04/2024 09:30;30/04/2024 09:45;39;kWh;0;4592;0;0;4592;4592
30/04/2024 09:45;30/04/2024 10:00;40;kWh;0;16547;0;0;16547;16547
30/04/2024 10:00;30/04/2024 10:15;41;kWh;0;18284;0;0;18284;18284
30/04/2024 10:15;30/04/2024 10:30;42;kWh;0;21746;0;0;21746;21746
30/04/2024 10:30;30/04/2024 10:45;43;kWh;-59;1246;0;0;1305;1187
30/04/2024 10:45;30/04/2024 11:00;44;kWh;-23;0;0;0;23;-23
30/04/2024 11:00;30/04/2024 11:15;45;kWh;0;5294;0;0;5294;5294
30/04/2024 11:15;30/04/2024 11:30;46;kWh;0;2420;0;0;2420;2420
30/04/2024 11:30;30/04/2024 11:45;47;kWh;0;123;0;0;123;123
30/04/2024 11:45;30/04/2024 12:00;48;kWh;-1866;0;0;0;1866;-1866
30/04/2024 12:00;30/04/2024 12:15;49;kWh;-1089;0;0;0;1089;-1089
30/04/2024 12:15;30/04/2024 12:30;50;kWh;0;0;0;0;0;0
30/04/2024 12:30;30/04/2024 12:45;51;kWh;0;2420;0;0;2420;2420
30/04/2024 12:45;30/04/2024 13:00;52;kWh;0;38;0;0;38;38
30/04/2024 13:00;30/04/2024 13:15;53;kWh;0;11671;0;0;11671;11671
30/04/2024 13:15;30/04/2024 13:30;54;kWh;-1810;646;0;0;2456;-1164
30/04/2024 13:30;30/04/2024 13:45;55;kWh;-13568;0;0;0;13568;-13568
30/04/2024 13:45;30/04/2024 14:00;56;kWh;-24625;0;0;0;24625;-24625
30/04/2024 14:00;30/04/2024 14:15;57;kWh;-19492;0;0;0;19492;-19492
30/04/2024 14:15;30/04/2024 14:30;58;kWh;-39025;0;0;0;39025;-39025
30/04/2024 14:30;30/04/2024 14:45;59;kWh;-11978;0;0;0;11978;-11978
30/04/2024 14:45;30/04/2024 15:00;60;kWh;-20141;0;0;0;20141;-20141
30/04/2024 15:00;30/04/2024 15:15;61;kWh;-19209;0;0;0;19209;-19209
30/04/2024 15:15;30/04/2024 15:30;62;kWh;-3599;0;0;0;3599;-3599
30/04/2024 15:30;30/04/2024 15:45;63;kWh;0;523;0;0;523;523
30/04/2024 15:45;30/04/2024 16:00;64;kWh;0;4272;0;0;4272;4272
30/04/2024 16:00;30/04/2024 16:15;65;kWh;-735;263;0;0;998;-472
30/04/2024 16:15;30/04/2024 16:30;66;kWh;0;65606;0;0;65606;65606
30/04/2024 16:30;30/04/2024 16:45;67;kWh;0;30759;0;106764;137523;137523
30/04/2024 16:45;30/04/2024 17:00;68;kWh;0;8526;0;35620;44146;44146
30/04/2024 17:00;30/04/2024 17:15;69;kWh;-3042;1612;0;0;4654;-1430
30/04/2024 17:15;30/04/2024 17:30;70;kWh;-12;0;0;0;12;-12
30/04/2024 17:30;30/04/2024 17:45;71;kWh;-10947;0;0;0;10947;-10947
30/04/2024 17:45;30/04/2024 18:00;72;kWh;-5463;0;0;0;5463;-5463
30/04/2024 18:00;30/04/2024 18:15;73;kWh;0;5888;0;0;5888;5888
30/04/2024 18:15;30/04/2024 18:30;74;kWh;0;14189;0;0;14189;14189
30/04/2024 18:30;30/04/2024 18:45;75;kWh;-9566;46;0;0;9612;-9520
30/04/2024 18:45;30/04/2024 19:00;76;kWh;-2866;0;0;0;2866;-2866
30/04/2024 19:00;30/04/2024 19:15;77;kWh;-39313;0;0;0;39313;-39313
30/04/2024 19:15;30/04/2024 19:30;78;kWh;-37904;0;0;0;37904;-37904
30/04/2024 19:30;30/04/2024 19:45;79;kWh;-1615;1002;0;0;2617;-613
30/04/2024 19:45;30/04/2024 20:00;80;kWh;0;34683;0;0;34683;34683
30/04/2024 20:00;30/04/2024 20:15;81;kWh;0;80409;0;0;80409;80409
30/04/2024 20:15;30/04/2024 20:30;82;kWh;0;86270;0;0;86270;86270
30/04/2024 20:30;30/04/2024 20:45;83;kWh;0;88192;0;0;88192;88192
30/04/2024 20:45;30/04/2024 21:00;84;kWh;0;85291;0;0;85291;85291
30/04/2024 21:00;30/04/2024 21:15;85;kWh;-1;6997;0;0;6998;6996
30/04/2024 21:15;30/04/2024 21:30;86;kWh;-908;0;0;0;908;-908
30/04/2024 21:30;30/04/2024 21:45;87;kWh;-31556;0;0;0;31556;-31556
30/04/2024 21:45;30/04/2024 22:00;88;kWh;-63223;0;0;0;63223;-63223
30/04/2024 22:00;30/04/2024 22:15;89;kWh;-77266;0;0;0;77266;-77266
30/04/2024 22:15;30/04/2024 22:30;90;kWh;-51255;0;0;0;51255;-51255
30/04/2024 22:30;30/04/2024 22:45;91;kWh;-19091;0;0;0;19091;-19091
30/04/2024 22:45;30/04/2024 23:00;92;kWh;-6660;0;0;0;6660;-6660
30/04/2024 23:00;30/04/2024 23:15;93;kWh;-14635;0;0;0;14635;-14635
30/04/2024 23:15;30/04/2024 23:30;94;kWh;0;0;0;0;0;0
30/04/2024 23:30;30/04/2024 23:45;95;kWh;-3690;0;0;0;3690;-3690
30/04/2024 23:45;01/05/2024 00:00;96;kWh;-24522;0;0;0;24522;-24522
01/05/2024 00:00;01/05/2024 00:15;1;kWh;-30108;0;0;0;30108;-30108
01/05/2024 00:15;01/05/2024 00:30;2;kWh;-13097;0;0;0;13097;-13097
01/05/2024 00:30;01/05/2024 00:45;3;kWh;-40044;0;0;0;40044;-40044
01/05/2024 00:45;01/05/2024 01:00;4;kWh;-28187;0;0;0;28187;-28187
01/05/2024 01:00;01/05/2024 01:15;5;kWh;-926;33087;0;0;34013;32161
01/05/2024 01:15;01/05/2024 01:30;6;kWh;0;62710;0;0;62710;62710
01/05/2024 01:30;01/05/2024 01:45;7;kWh;0;34938;0;0;34938;34938
01/05/2024 01:45;01/05/2024 02:00;8;kWh;0;2898;0;0;2898;2898
01/05/2024 02:00;01/05/2024 02:15;9;kWh;0;14130;0;0;14130;14130
01/05/2024 02:15;01/05/2024 02:30;10;kWh;0;11152;0;0;11152;11152
01/05/2024 02:30;01/05/2024 02:45;11;kWh;-150;188;0;0;338;38
01/05/2024 02:45;01/05/2024 03:00;12;kWh;-19346;0;0;0;19346;-19346
01/05/2024 03:00;01/05/2024 03:15;13;kWh;-3736;0;0;0;3736;-3736
01/05/2024 03:15;01/05/2024 03:30;14;kWh;-54790;0;0;0;54790;-54790
01/05/2024 03:30;01/05/2024 03:45;15;kWh;-64879;0;0;0;64879;-64879
01/05/2024 03:45;01/05/2024 04:00;16;kWh;-25750;0;0;0;25750;-25750
01/05/2024 04:00;01/05/2024 04:15;17;kWh;-22446;0;0;0;22446;-22446
01/05/2024 04:15;01/05/2024 04:30;18;kWh;-38256;0;0;0;38256;-38256
01/05/2024 04:30;01/05/2024 04:45;19;kWh;-26184;0;0;0;26184;-26184
01/05/2024 04:45;01/05/2024 05:00;20;kWh;-23541;0;0;0;23541;-23541
01/05/2024 05:00;01/05/2024 05:15;21;kWh;-5732;48;0;0;5780;-5684
01/05/2024 05:15;01/05/2024 05:30;22;kWh;0;1758;0;0;1758;1758
01/05/2024 05:30;01/05/2024 05:45;23;kWh;0;4310;0;0;4310;4310
01/05/2024 05:45;01/05/2024 06:00;24;kWh;0;37179;0;0;37179;37179
01/05/2024 06:00;01/05/2024 06:15;25;kWh;0;30807;0;0;30807;30807
01/05/2024 06:15;01/05/2024 06:30;26;kWh;0;30462;0;0;30462;30462
01/05/2024 06:30;01/05/2024 06:45;27;kWh;0;7387;0;0;7387;7387
01/05/2024 06:45;01/05/2024 07:00;28;kWh;-8350;1042;0;0;9392;-7308
01/05/2024 07:00;01/05/2024 07:15;29;kWh;-7382;784;0;0;8166;-6598
01/05/2024 07:15;01/05/2024 07:30;30;kWh;0;7214;0;0;7214;7214
01/05/2024 07:30;01/05/2024 07:45;31;kWh;0;3142;0;0;3142;3142
01/05/2024 07:45;01/05/2024 08:00;32;kWh;0;403;0;0;403;403
01/05/2024 08:00;01/05/2024 08:15;33;kWh;-439;4259;0;0;4698;3820
01/05/2024 08:15;01/05/2024 08:30;34;kWh;0;4018;0;0;4018;4018
01/05/2024 08:30;01/05/2024 08:45;35;kWh;-1422;18;0;0;1440;-1404
01/05/2024 08:45;01/05/2024 09:00;36;kWh;-4901;0;0;0;4901;-4901
01/05/2024 09:00;01/05/2024 09:15;37;kWh;0;21101;0;0;21101;21101
01/05/2024 09:15;01/05/2024 09:30;38;kWh;0;17971;0;0;17971;17971
01/05/2024 09:30;01/05/2024 09:45;39;kWh;-1254;5780;0;0;7034;4526
01/05/2024 09:45;01/05/2024 10:00;40;kWh;-5760;0;0;0;5760;-5760
01/05/2024 10:00;01/05/2024 10:15;41;kWh;0;3853;0;0;3853;3853
01/05/2024 10:15;01/05/2024 10:30;42;kWh;-1297;0;0;0;1297;-1297
01/05/2024 10:30;01/05/2024 10:45;43;kWh;-4523;0;0;0;4523;-4523
01/05/2024 10:45;01/05/2024 11:00;44;kWh;-21377;0;0;0;21377;-21377
01/05/2024 11:00;01/05/2024 11:15;45;kWh;-14194;0;0;0;14194;-14194
01/05/2024 11:15;01/05/2024 11:30;46;kWh;-10367;0;0;0;10367;-10367
01/05/2024 11:30;01/05/2024 11:45;47;kWh;-11171;0;0;0;11171;-11171
01/05/2024 11:45;01/05/2024 12:00;48;kWh;-22839;0;0;0;22839;-22839
01/05/2024 12:00;01/05/2024 12:15;49;kWh;-13471;0;0;0;13471;-13471
01/05/2024 12:15;01/05/2024 12:30;50;kWh;-24139;0;0;0;24139;-24139
01/05/2024 12:30;01/05/2024 12:45;51;kWh;-40071;0;0;0;40071;-40071
01/05/2024 12:45;01/05/2024 13:00;52;kWh;-50307;0;0;0;50307;-50307
01/05/2024 13:00;01/05/2024 13:15;53;kWh;-29512;0;0;0;29512;-29512
01/05/2024 13:15;01/05/2024 13:30;54;kWh;-41352;0;0;0;41352;-41352
01/05/2024 13:30;01/05/2024 13:45;55;kWh;-44806;0;0;0;44806;-44806
01/05/2024 13:45;01/05/2024 14:00;56;kWh;-49172;0;0;0;49172;-49172
01/05/2024 14:00;01/05/2024 14:15;57;kWh;-33611;0;0;0;33611;-33611
01/05/2024 14:15;01/05/2024 14:30;58;kWh;-43353;0;0;0;43353;-43353
01/05/2024 14:30;01/05/2024 14:45;59;kWh;-41641;0;0;0;41641;-41641
01/05/2024 14:45;01/05/2024 15:00;60;kWh;-29421;0;0;0;29421;-29421
01/05/2024 15:00;01/05/2024 15:15;61;kWh;-24907;0;0;0;24907;-24907
01/05/2024 15:15;01/05/2024 15:30;62;kWh;-15072;0;0;0;15072;-15072
01/05/2024 15:30;01/05/2024 15:45;63;kWh;-9552;235;0;0;9787;-9317
01/05/2024 15:45;01/05/2024 16:00;64;kWh;-12470;113;0;0;12583;-12357
01/05/2024 16:00;01/05/2024 16:15;65;kWh;-18929;0;0;0;18929;-18929
01/05/2024 16:15;01/05/2024 16:30;66;kWh;-18232;0;0;0;18232;-18232
01/05/2024 16:30;01/05/2024 16:45;67;kWh;-9475;0;0;0;9475;-9475
01/05/2024 16:45;01/05/2024 17:00;68;kWh;-1705;0;0;0;1705;-1705
01/05/2024 17:00;01/05/2024 17:15;69;kWh;-16648;202;0;0;16850;-16446
01/05/2024 17:15;01/05/2024 17:30;70;kWh;-14741;917;0;0;15658;-13824
01/05/2024 17:30;01/05/2024 17:45;71;kWh;0;9211;0;0;9211;9211
01/05/2024 17:45;01/05/2024 18:00;72;kWh;0;71123;0;0;71123;71123
01/05/2024 18:00;01/05/2024 18:15;73;kWh;-34735;1613;0;0;36348;-33122
01/05/2024 18:15;01/05/2024 18:30;74;kWh;-25416;0;0;0;25416;-25416
01/05/2024 18:30;01/05/2024 18:45;75;kWh;0;108;0;0;108;108
01/05/2024 18:45;01/05/2024 19:00;76;kWh;0;0;0;0;0;0
01/05/2024 19:00;01/05/2024 19:15;77;kWh;-11617;0;0;0;11617;-11617
01/05/2024 19:15;01/05/2024 19:30;78;kWh;-1569;0;0;0;1569;-1569
01/05/2024 19:30;01/05/2024 19:45;79;kWh;0;23104;0;0;23104;23104
01/05/2024 19:45;01/05/2024 20:00;80;kWh;0;57249;0;0;57249;57249
01/05/2024 20:00;01/05/2024 20:15;81;kWh;0;10595;0;0;10595;10595
01/05/2024 20:15;01/05/2024 20:30;82;kWh;0;7075;0;0;7075;7075
01/05/2024 20:30;01/05/2024 20:45;83;kWh;0;2170;0;0;2170;2170
01/05/2024 20:45;01/05/2024 21:00;84;kWh;0;2813;0;0;2813;2813
01/05/2024 21:00;01/05/2024 21:15;85;kWh;0;24736;0;0;24736;24736
01/05/2024 21:15;01/05/2024 21:30;86;kWh;0;36308;0;0;36308;36308
01/05/2024 21:30;01/05/2024 21:45;87;kWh;0;37807;0;0;37807;37807
01/05/2024 21:45;01/05/2024 22:00;88;kWh;0;13700;0;0;13700;13700
01/05/2024 22:00;01/05/2024 22:15;89;kWh;0;36021;0;0;36021;36021
01/05/2024 22:15;01/05/2024 22:30;90;kWh;0;49060;0;0;49060;49060
01/05/2024 22:30;01/05/2024 22:45;91;kWh;0;11971;0;0;11971;11971
01/05/2024 22:45;01/05/2024 23:00;92;kWh;-2818;0;0;0;2818;-2818
01/05/2024 23:00;01/05/2024 23:15;93;kWh;-7388;268;0;0;7656;-7120
01/05/2024 23:15;01/05/2024 23:30;94;kWh;0;945;0;0;945;945
01/05/2024 23:30;01/05/2024 23:45;95;kWh;0;41;0;0;41;41
01/05/2024 23:45;02/05/2024 00:00;96;kWh;0;0;0;0;0;0
02/05/2024 00:00;02/05/2024 00:15;1;kWh;0;37939;0;0;37939;37939
02/05/2024 00:15;02/05/2024 00:30;2;kWh;0;78109;0;0;78109;78109
02/05/2024 00:30;02/05/2024 00:45;3;kWh;0;28162;0;0;28162;28162
02/05/2024 00:45;02/05/2024 01:00;4;kWh;0;10013;0;0;10013;10013
02/05/2024 01:00;02/05/2024 01:15;5;kWh;0;2930;0;0;2930;2930
02/05/2024 01:15;02/05/2024 01:30;6;kWh;-2064;0;0;0;2064;-2064
02/05/2024 01:30;02/05/2024 01:45;7;kWh;-8126;0;0;0;8126;-8126
02/05/2024 01:45;02/05/2024 02:00;8;kWh;-10619;0;0;0;10619;-10619
02/05/2024 02:00;02/05/2024 02:15;9;kWh;-12019;823;0;0;12842;-11196
02/05/2024 02:15;02/05/2024 02:30;10;kWh;-8419;620;0;0;9039;-7799
02/05/2024 02:30;02/05/2024 02:45;11;kWh;-4976;0;0;0;4976;-4976
02/05/2024 02:45;02/05/2024 03:00;12;kWh;-9204;0;0;0;9204;-9204
02/05/2024 03:00;02/05/2024 03:15;13;kWh;-3807;0;0;0;3807;-3807
02/05/2024 03:15;02/05/2024 03:30;14;kWh;-1209;0;0;0;1209;-1209
02/05/2024 03:30;02/05/2024 03:45;15;kWh;-5247;0;0;0;5247;-5247
02/05/2024 03:45;02/05/2024 04:00;16;kWh;-2433;0;0;0;2433;-2433
02/05/2024 04:00;02/05/2024 04:15;17;kWh;-509;0;0;0;509;-509
02/05/2024 04:15;02/05/2024 04:30;18;kWh;0;829;0;0;829;829
02/05/2024 04:30;02/05/2024 04:45;19;kWh;0;16156;0;0;16156;16156
02/05/2024 04:45;02/05/2024 05:00;20;kWh;0;28835;0;0;28835;28835
02/05/2024 05:00;02/05/2024 05:15;21;kWh;0;16478;0;0;16478;16478
02/05/2024 05:15;02/05/2024 05:30;22;kWh;0;7122;0;0;7122;7122
02/05/2024 05:30;02/05/2024 05:45;23;kWh;0;5078;0;0;5078;5078
02/05/2024 05:45;02/05/2024 06:00;24;kWh;0;2889;0;0;2889;2889
02/05/2024 06:00;02/05/2024 06:15;25;kWh;-11167;1266;0;0;12433;-9901
02/05/2024 06:15;02/05/2024 06:30;26;kWh;-14122;880;0;0;15002;-13242
02/05/2024 06:30;02/05/2024 06:45;27;kWh;-3593;0;0;0;3593;-3593
02/05/2024 06:45;02/05/2024 07:00;28;kWh;-3;0;0;0;3;-3
02/05/2024 07:00;02/05/2024 07:15;29;kWh;-181;0;0;0;181;-181
02/05/2024 07:15;02/05/2024 07:30;30;kWh;0;0;0;0;0;0
02/05/2024 07:30;02/05/2024 07:45;31;kWh;0;0;0;0;0;0
02/05/2024 07:45;02/05/2024 08:00;32;kWh;0;0;0;0;0;0
02/05/2024 08:00;02/05/2024 08:15;33;kWh;0;2285;0;0;2285;2285
02/05/2024 08:15;02/05/2024 08:30;34;kWh;0;13580;0;0;13580;13580
02/05/2024 08:30;02/05/2024 08:45;35;kWh;0;27583;0;0;27583;27583
02/05/2024 08:45;02/05/2024 09:00;36;kWh;0;26904;0;0;26904;26904
02/05/2024 09:00;02/05/2024 09:15;37;kWh;0;15491;0;0;15491;15491
02/05/2024 09:15;02/05/2024 09:30;38;kWh;0;16053;0;0;16053;16053
02/05/2024 09:30;02/05/2024 09:45;39;kWh;-24;0;0;0;24;-24
02/05/2024 09:45;02/05/2024 10:00;40;kWh;-12332;0;0;0;12332;-12332
02/05/2024 10:00;02/05/2024 10:15;41;kWh;-11750;0;0;0;11750;-11750
02/05/2024 10:15;02/05/2024 10:30;42;kWh;-6227;0;0;0;6227;-6227
02/05/2024 10:30;02/05/2024 10:45;43;kWh;-9679;0;0;0;9679;-9679
02/05/2024 10:45;02/05/2024 11:00;44;kWh;-15852;0;0;0;15852;-15852
02/05/2024 11:00;02/05/2024 11:15;45;kWh;-3345;0;0;0;3345;-3345
02/05/2024 11:15;02/05/2024 11:30;46;kWh;-1601;0;0;0;1601;-1601
02/05/2024 11:30;02/05/2024 11:45;47;kWh;-4125;0;0;0;4125;-4125
02/05/2024 11:45;02/05/2024 12:00;48;kWh;-3414;0;0;0;3414;-3414
02/05/2024 12:00;02/05/2024 12:15;49;kWh;-8352;0;0;0;8352;-8352
02/05/2024 12:15;02/05/2024 12:30;50;kWh;-20118;0;0;0;20118;-20118
02/05/2024 12:30;02/05/2024 12:45;51;kWh;-19403;0;0;0;19403;-19403
02/05/2024 12:45;02/05/2024 13:00;52;kWh;-10595;0;0;0;10595;-10595
02/05/2024 13:00;02/05/2024 13:15;53;kWh;-29134;0;0;0;29134;-29134
02/05/2024 13:15;02/05/2024 13:30;54;kWh;-23407;0;0;0;23407;-23407
02/05/2024 13:30;02/05/2024 13:45;55;kWh;-19799;0;0;0;19799;-19799
02/05/2024 13:45;02/05/2024 14:00;56;kWh;-18241;0;0;0;18241;-18241
02/05/2024 14:00;02/05/2024 14:15;57;kWh;-11499;0;0;0;11499;-11499
02/05/2024 14:15;02/05/2024 14:30;58;kWh;-11622;0;0;0;11622;-11622
02/05/2024 14:30;02/05/2024 14:45;59;kWh;-27183;0;0;0;27183;-27183
02/05/2024 14:45;02/05/2024 15:00;60;kWh;-25856;0;0;0;25856;-25856
02/05/2024 15:00;02/05/2024 15:15;61;kWh;-22878;0;0;0;22878;-22878
02/05/2024 15:15;02/05/2024 15:30;62;kWh;-26274;0;0;0;26274;-26274
02/05/2024 15:30;02/05/2024 15:45;63;kWh;-12031;0;0;0;12031;-12031
02/05/2024 15:45;02/05/2024 16:00;64;kWh;-12499;0;0;0;12499;-12499
02/05/2024 16:00;02/05/2024 16:15;65;kWh;-49726;0;0;0;49726;-49726
02/05/2024 16:15;02/05/2024 16:30;66;kWh;-50301;0;0;0;50301;-50301
02/05/2024 16:30;02/05/2024 16:45;67;kWh;-34863;0;0;0;34863;-34863
02/05/2024 16:45;02/05/2024 17:00;68;kWh;-22245;0;0;0;22245;-22245
02/05/2024 17:00;02/05/2024 17:15;69;kWh;-32999;0;0;0;32999;-32999
02/05/2024 17:15;02/05/2024 17:30;70;kWh;-20680;0;0;0;20680;-20680
02/05/2024 17:30;02/05/2024 17:45;71;kWh;-19251;0;0;0;19251;-19251
02/05/2024 17:45;02/05/2024 18:00;72;kWh;-18551;0;0;0;18551;-18551
02/05/2024 18:00;02/05/2024 18:15;73;kWh;-468;0;0;0;468;-468
02/05/2024 18:15;02/05/2024 18:30;74;kWh;-15652;0;0;0;15652;-15652
02/05/2024 18:30;02/05/2024 18:45;75;kWh;-35135;0;0;0;35135;-35135
02/05/2024 18:45;02/05/2024 19:00;76;kWh;-9473;0;0;0;9473;-9473
02/05/2024 19:00;02/05/2024 19:15;77;kWh;-107;463;0;0;570;356
02/05/2024 19:15;02/05/2024 19:30;78;kWh;0;6089;0;0;6089;6089
02/05/2024 19:30;02/05/2024 19:45;79;kWh;0;7838;0;0;7838;7838
02/05/2024 19:45;02/05/2024 20:00;80;kWh;-5949;0;0;0;5949;-5949
02/05/2024 20:00;02/05/2024 20:15;81;kWh;-13288;0;0;0;13288;-13288
02/05/2024 20:15;02/05/2024 20:30;82;kWh;-24265;0;0;0;24265;-24265
02/05/2024 20:30;02/05/2024 20:45;83;kWh;-40058;0;0;0;40058;-40058
02/05/2024 20:45;02/05/2024 21:00;84;kWh;-10327;0;0;0;10327;-10327
02/05/2024 21:00;02/05/2024 21:15;85;kWh;-12038;0;0;0;12038;-12038
02/05/2024 21:15;02/05/2024 21:30;86;kWh;-28073;0;0;0;28073;-28073
02/05/2024 21:30;02/05/2024 21:45;87;kWh;-65401;0;0;0;65401;-65401
02/05/2024 21:45;02/05/2024 22:00;88;kWh;-61430;0;0;0;61430;-61430
02/05/2024 22:00;02/05/2024 22:15;89;kWh;-62423;0;0;0;62423;-62423
02/05/2024 22:15;02/05/2024 22:30;90;kWh;-73866;0;0;0;73866;-73866
02/05/2024 22:30;02/05/2024 22:45;91;kWh;-56714;0;0;0;56714;-56714
02/05/2024 22:45;02/05/2024 23:00;92;kWh;-55631;0;0;0;55631;-55631
02/05/2024 23:00;02/05/2024 23:15;93;kWh;-22008;0;0;0;22008;-22008
02/05/2024 23:15;02/05/2024 23:30;94;kWh;-14087;0;0;0;14087;-14087
02/05/2024 23:30;02/05/2024 23:45;95;kWh;-26428;0;0;0;26428;-26428
02/05/2024 23:45;03/05/2024 00:00;96;kWh;-21926;0;0;0;21926;-21926
03/05/2024 00:00;03/05/2024 00:15;1;kWh;-20476;0;0;0;20476;-20476
03/05/2024 00:15;03/05/2024 00:30;2;kWh;-5227;0;0;0;5227;-5227
03/05/2024 00:30;03/05/2024 00:45;3;kWh;-5229;0;0;0;5229;-5229
03/05/2024 00:45;03/05/2024 01:00;4;kWh;-18776;0;0;0;18776;-18776
03/05/2024 01:00;03/05/2024 01:15;5;kWh;-51826;0;0;0;51826;-51826
03/05/2024 01:15;03/05/2024 01:30;6;kWh;-74769;0;0;0;74769;-74769
03/05/2024 01:30;03/05/2024 01:45;7;kWh;-76592;0;0;0;76592;-76592
03/05/2024 01:45;03/05/2024 02:00;8;kWh;-81496;0;0;0;81496;-81496
03/05/2024 02:00;03/05/2024 02:15;9;kWh;-56647;0;0;0;56647;-56647
03/05/2024 02:15;03/05/2024 02:30;10;kWh;-61305;0;0;0;61305;-61305
03/05/2024 02:30;03/05/2024 02:45;11;kWh;-61964;0;0;0;61964;-61964
03/05/2024 02:45;03/05/2024 03:00;12;kWh;-89659;0;0;0;89659;-89659
03/05/2024 03:00;03/05/2024 03:15;13;kWh;-13914;0;0;0;13914;-13914
03/05/2024 03:15;03/05/2024 03:30;14;kWh;-290;0;0;0;290;-290
03/05/2024 03:30;03/05/2024 03:45;15;kWh;-249;14803;0;0;15052;14554
03/05/2024 03:45;03/05/2024 04:00;16;kWh;-249;52714;0;0;52963;52465
03/05/2024 04:00;03/05/2024 04:15;17;kWh;-249;55284;0;0;55533;55035
03/05/2024 04:15;03/05/2024 04:30;18;kWh;-249;86920;0;0;87169;86671
03/05/2024 04:30;03/05/2024 04:45;19;kWh;-249;48099;0;0;48348;47850
03/05/2024 04:45;03/05/2024 05:00;20;kWh;-249;25275;0;0;25524;25026
03/05/2024 05:00;03/05/2024 05:15;21;kWh;-249;664;0;0;913;415
03/05/2024 05:15;03/05/2024 05:30;22;kWh;-249;7506;0;0;7755;7257
03/05/2024 05:30;03/05/2024 05:45;23;kWh;-249;51191;0;0;51440;50942
03/05/2024 05:45;03/05/2024 06:00;24;kWh;-249;21017;0;0;21266;20768
03/05/2024 06:00;03/05/2024 06:15;25;kWh;-891;1526;0;0;2417;635
03/05/2024 06:15;03/05/2024 06:30;26;kWh;-249;13177;0;0;13426;12928
03/05/2024 06:30;03/05/2024 06:45;27;kWh;-249;50459;0;0;50708;50210
03/05/2024 06:45;03/05/2024 07:00;28;kWh;-249;35362;0;0;35611;35113
03/05/2024 07:00;03/05/2024 07:15;29;kWh;-1820;558;0;0;2378;-1262
03/05/2024 07:15;03/05/2024 07:30;30;kWh;-249;27197;0;0;27446;26948
03/05/2024 07:30;03/05/2024 07:45;31;kWh;-249;52764;0;0;53013;52515
03/05/2024 07:45;03/05/2024 08:00;32;kWh;-249;88850;0;0;89099;88601
03/05/2024 08:00;03/05/2024 08:15;33;kWh;-249;69825;0;0;70074;69576
03/05/2024 08:15;03/05/2024 08:30;34;kWh;-249;59509;0;0;59758;59260
03/05/2024 08:30;03/05/2024 08:45;35;kWh;-249;42214;0;0;42463;41965
03/05/2024 08:45;03/05/2024 09:00;36;kWh;-249;27225;0;0;27474;26976
03/05/2024 09:00;03/05/2024 09:15;37;kWh;-295;17024;0;0;17319;16729
03/05/2024 09:15;03/05/2024 09:30;38;kWh;-838;231;0;0;1069;-607
03/05/2024 09:30;03/05/2024 09:45;39;kWh;-249;3841;0;0;4090;3592
03/05/2024 09:45;03/05/2024 10:00;40;kWh;-259;24;0;0;283;-235
03/05/2024 10:00;03/05/2024 10:15;41;kWh;-801;0;0;0;801;-801
03/05/2024 10:15;03/05/2024 10:30;42;kWh;-1295;0;0;0;1295;-1295
03/05/2024 10:30;03/05/2024 10:45;43;kWh;-3648;0;0;0;3648;-3648
03/05/2024 10:45;03/05/2024 11:00;44;kWh;-666;0;0;0;666;-666
03/05/2024 11:00;03/05/2024 11:15;45;kWh;-249;2108;0;0;2357;1859
03/05/2024 11:15;03/05/2024 11:30;46;kWh;-249;3661;0;0;3910;3412
03/05/2024 11:30;03/05/2024 11:45;47;kWh;-1099;0;0;0;1099;-1099
03/05/2024 11:45;03/05/2024 12:00;48;kWh;-4832;0;0;0;4832;-4832
03/05/2024 12:00;03/05/2024 12:15;49;kWh;-249;24159;0;0;24408;23910
03/05/2024 12:15;03/05/2024 12:30;50;kWh;-584;17846;0;0;18430;17262
03/05/2024 12:30;03/05/2024 12:45;51;kWh;-3749;0;0;0;3749;-3749
03/05/2024 12:45;03/05/2024 13:00;52;kWh;-19689;0;0;0;19689;-19689
03/05/2024 13:00;03/05/2024 13:15;53;kWh;-12223;0;0;0;12223;-12223
03/05/2024 13:15;03/05/2024 13:30;54;kWh;-11938;0;0;0;11938;-11938
03/05/2024 13:30;03/05/2024 13:45;55;kWh;-35212;0;0;0;35212;-35212
03/05/2024 13:45;03/05/2024 14:00;56;kWh;-43244;0;0;0;43244;-43244
03/05/2024 14:00;03/05/2024 14:15;57;kWh;-35521;0;0;0;35521;-35521
03/05/2024 14:15;03/05/2024 14:30;58;kWh;-27058;0;0;0;27058;-27058
03/05/2024 14:30;03/05/2024 14:45;59;kWh;-42466;0;0;0;42466;-42466
03/05/2024 14:45;03/05/2024 15:00;60;kWh;-39284;0;0;0;39284;-39284
03/05/2024 15:00;03/05/2024 15:15;61;kWh;-2718;10611;0;0;13329;7893
03/05/2024 15:15;03/05/2024 15:30;62;kWh;-249;4512;0;0;4761;4263
03/05/2024 15:30;03/05/2024 15:45;63;kWh;-249;7371;0;0;7620;7122
03/05/2024 15:45;03/05/2024 16:00;64;kWh;-249;7828;0;0;8077;7579
03/05/2024 16:00;03/05/2024 16:15;65;kWh;-249;14187;0;0;14436;13938
03/05/2024 16:15;03/05/2024 16:30;66;kWh;-249;1722;0;0;1971;1473
03/05/2024 16:30;03/05/2024 16:45;67;kWh;-249;12266;0;0;12515;12017
03/05/2024 16:45;03/05/2024 17:00;68;kWh;-249;29275;0;0;29524;29026
03/05/2024 17:00;03/05/2024 17:15;69;kWh;-249;24558;0;0;24807;24309
03/05/2024 17:15;03/05/2024 17:30;70;kWh;-249;13724;0;0;13973;13475
03/05/2024 17:30;03/05/2024 17:45;71;kWh;-249;7022;0;0;7271;6773
03/05/2024 17:45;03/05/2024 18:00;72;kWh;-249;842;0;0;1091;593
03/05/2024 18:00;03/05/2024 18:15;73;kWh;-24845;0;0;0;24845;-24845
03/05/2024 18:15;03/05/2024 18:30;74;kWh;-41547;0;0;0;41547;-41547
03/05/2024 18:30;03/05/2024 18:45;75;kWh;-17249;0;0;0;17249;-17249
03/05/2024 18:45;03/05/2024 19:00;76;kWh;-520;0;0;0;520;-520
03/05/2024 19:00;03/05/2024 19:15;77;kWh;-24587;0;0;0;24587;-24587
03/05/2024 19:15;03/05/2024 19:30;78;kWh;-19304;0;0;0;19304;-19304
03/05/2024 19:30;03/05/2024 19:45;79;kWh;-267;0;0;0;267;-267
03/05/2024 19:45;03/05/2024 20:00;80;kWh;-249;379;0;0;628;130
03/05/2024 20:00;03/05/2024 20:15;81;kWh;-249;1703;0;0;1952;1454
03/05/2024 20:15;03/05/2024 20:30;82;kWh;-249;32850;0;0;33099;32601
03/05/2024 20:30;03/05/2024 20:45;83;kWh;-249;43347;0;0;43596;43098
03/05/2024 20:45;03/05/2024 21:00;84;kWh;-249;55204;0;0;55453;54955
03/05/2024 21:00;03/05/2024 21:15;85;kWh;-249;458;0;0;707;209
03/05/2024 21:15;03/05/2024 21:30;86;kWh;-249;342;0;0;591;93
03/05/2024 21:30;03/05/2024 21:45;87;kWh;-249;19992;0;0;20241;19743
03/05/2024 21:45;03/05/2024 22:00;88;kWh;-249;24679;0;0;24928;24430
03/05/2024 22:00;03/05/2024 22:15;89;kWh;-249;16162;0;0;16411;15913
03/05/2024 22:15;03/05/2024 22:30;90;kWh;-249;37909;0;0;38158;37660
03/05/2024 22:30;03/05/2024 22:45;91;kWh;-249;47359;0;0;47608;47110
03/05/2024 22:45;03/05/2024 23:00;92;kWh;-249;40396;0;0;40645;40147
03/05/2024 23:00;03/05/2024 23:15;93;kWh;-249;18409;0;0;18658;18160
03/05/2024 23:15;03/05/2024 23:30;94;kWh;-249;6790;0;0;7039;6541
03/05/2024 23:30;03/05/2024 23:45;95;kWh;-249;58;0;0;307;-191
03/05/2024 23:45;04/05/2024 00:00;96;kWh;-249;12075;0;0;12324;11826
04/05/2024 00:00;04/05/2024 00:15;1;kWh;0;14784;0;0;14784;14784
04/05/2024 00:15;04/05/2024 00:30;2;kWh;0;16562;0;0;16562;16562
04/05/2024 00:30;04/05/2024 00:45;3;kWh;0;14316;0;0;14316;14316
04/05/2024 00:45;04/05/2024 01:00;4;kWh;0;26507;0;0;26507;26507
04/05/2024 01:00;04/05/2024 01:15;5;kWh;0;8934;0;0;8934;8934
04/05/2024 01:15;04/05/2024 01:30;6;kWh;0;0;0;0;0;0
04/05/2024 01:30;04/05/2024 01:45;7;kWh;0;4356;0;0;4356;4356
04/05/2024 01:45;04/05/2024 02:00;8;kWh;0;3544;0;0;3544;3544
04/05/2024 02:00;04/05/2024 02:15;9;kWh;-10923;57;0;0;10980;-10866
04/05/2024 02:15;04/05/2024 02:30;10;kWh;-14554;0;0;0;14554;-14554
04/05/2024 02:30;04/05/2024 02:45;11;kWh;-2023;0;0;0;2023;-2023
04/05/2024 02:45;04/05/2024 03:00;12;kWh;0;3932;0;0;3932;3932
04/05/2024 03:00;04/05/2024 03:15;13;kWh;0;9970;0;0;9970;9970
04/05/2024 03:15;04/05/2024 03:30;14;kWh;0;30618;0;0;30618;30618
04/05/2024 03:30;04/05/2024 03:45;15;kWh;0;18515;0;0;18515;18515
04/05/2024 03:45;04/05/2024 04:00;16;kWh;0;11974;0;0;11974;11974
04/05/2024 04:00;04/05/2024 04:15;17;kWh;-1825;35;0;0;1860;-1790
04/05/2024 04:15;04/05/2024 04:30;18;kWh;-4972;0;0;0;4972;-4972
04/05/2024 04:30;04/05/2024 04:45;19;kWh;-9118;0;0;0;9118;-9118
04/05/2024 04:45;04/05/2024 05:00;20;kWh;-21468;0;0;0;21468;-21468
04/05/2024 05:00;04/05/2024 05:15;21;kWh;-9505;0;0;0;9505;-9505
04/05/2024 05:15;04/05/2024 05:30;22;kWh;0;0;0;0;0;0
04/05/2024 05:30;04/05/2024 05:45;23;kWh;0;0;0;0;0;0
04/05/2024 05:45;04/05/2024 06:00;24;kWh;-1654;0;0;0;1654;-1654
04/05/2024 06:00;04/05/2024 06:15;25;kWh;-3599;3;0;0;3602;-3596
04/05/2024 06:15;04/05/2024 06:30;26;kWh;0;1604;0;0;1604;1604
04/05/2024 06:30;04/05/2024 06:45;27;kWh;-7809;0;0;0;7809;-7809
04/05/2024 06:45;04/05/2024 07:00;28;kWh;-39028;0;0;0;39028;-39028
04/05/2024 07:00;04/05/2024 07:15;29;kWh;-10568;0;0;0;10568;-10568
04/05/2024 07:15;04/05/2024 07:30;30;kWh;-15996;0;0;0;15996;-15996
04/05/2024 07:30;04/05/2024 07:45;31;kWh;-48956;0;0;0;48956;-48956
04/05/2024 07:45;04/05/2024 08:00;32;kWh;-52054;0;0;0;52054;-52054
04/05/2024 08:00;04/05/2024 08:15;33;kWh;-1002;0;0;0;1002;-1002
04/05/2024 08:15;04/05/2024 08:30;34;kWh;-40349;0;0;0;40349;-40349
04/05/2024 08:30;04/05/2024 08:45;35;kWh;-37422;0;0;0;37422;-37422
04/05/2024 08:45;04/05/2024 09:00;36;kWh;-65462;0;0;0;65462;-65462
04/05/2024 09:00;04/05/2024 09:15;37;kWh;-21741;0;0;0;21741;-21741
04/05/2024 09:15;04/05/2024 09:30;38;kWh;-14;0;0;0;14;-14
04/05/2024 09:30;04/05/2024 09:45;39;kWh;-16046;0;0;0;16046;-16046
04/05/2024 09:45;04/05/2024 10:00;40;kWh;-26754;0;0;0;26754;-26754
04/05/2024 10:00;04/05/2024 10:15;41;kWh;-24899;0;0;0;24899;-24899
04/05/2024 10:15;04/05/2024 10:30;42;kWh;-44740;0;0;0;44740;-44740
04/05/2024 10:30;04/05/2024 10:45;43;kWh;-30189;0;0;0;30189;-30189
04/05/2024 10:45;04/05/2024 11:00;44;kWh;-41163;0;0;0;41163;-41163
04/05/2024 11:00;04/05/2024 11:15;45;kWh;-44893;0;0;0;44893;-44893
04/05/2024 11:15;04/05/2024 11:30;46;kWh;-21640;0;0;0;21640;-21640
04/05/2024 11:30;04/05/2024 11:45;47;kWh;-33253;0;0;0;33253;-33253
04/05/2024 11:45;04/05/2024 12:00;48;kWh;-38905;0;0;0;38905;-38905
04/05/2024 12:00;04/05/2024 12:15;49;kWh;-45619;0;0;0;45619;-45619
04/05/2024 12:15;04/05/2024 12:30;50;kWh;-42002;0;0;0;42002;-42002
04/05/2024 12:30;04/05/2024 12:45;51;kWh;-32288;0;0;0;32288;-32288
04/05/2024 12:45;04/05/2024 13:00;52;kWh;-33093;0;0;0;33093;-33093
04/05/2024 13:00;04/05/2024 13:15;53;kWh;-21252;0;0;0;21252;-21252
04/05/2024 13:15;04/05/2024 13:30;54;kWh;-5364;0;0;0;5364;-5364
04/05/2024 13:30;04/05/2024 13:45;55;kWh;-1534;0;0;0;1534;-1534
04/05/2024 13:45;04/05/2024 14:00;56;kWh;-2685;0;0;0;2685;-2685
04/05/2024 14:00;04/05/2024 14:15;57;kWh;-13760;0;0;0;13760;-13760
04/05/2024 14:15;04/05/2024 14:30;58;kWh;-16004;0;0;0;16004;-16004
04/05/2024 14:30;04/05/2024 14:45;59;kWh;-6732;0;0;0;6732;-6732
04/05/2024 14:45;04/05/2024 15:00;60;kWh;-2643;0;0;0;2643;-2643
04/05/2024 15:00;04/05/2024 15:15;61;kWh;-54081;0;0;0;54081;-54081
04/05/2024 15:15;04/05/2024 15:30;62;kWh;-68959;0;0;0;68959;-68959
04/05/2024 15:30;04/05/2024 15:45;63;kWh;-47962;0;0;0;47962;-47962
04/05/2024 15:45;04/05/2024 16:00;64;kWh;-55452;0;0;0;55452;-55452
04/05/2024 16:00;04/05/2024 16:15;65;kWh;-67310;0;0;0;67310;-67310
04/05/2024 16:15;04/05/2024 16:30;66;kWh;-53559;0;0;0;53559;-53559
04/05/2024 16:30;04/05/2024 16:45;67;kWh;-37300;0;0;0;37300;-37300
04/05/2024 16:45;04/05/2024 17:00;68;kWh;-9642;0;0;0;9642;-9642
04/05/2024 17:00;04/05/2024 17:15;69;kWh;-1649;0;0;0;1649;-1649
04/05/2024 17:15;04/05/2024 17:30;70;kWh;0;0;0;0;0;0
04/05/2024 17:30;04/05/2024 17:45;71;kWh;0;0;0;0;0;0
04/05/2024 17:45;04/05/2024 18:00;72;kWh;-12274;0;0;0;12274;-12274
04/05/2024 18:00;04/05/2024 18:15;73;kWh;-16741;0;0;0;16741;-16741
04/05/2024 18:15;04/05/2024 18:30;74;kWh;-2371;0;0;0;2371;-2371
04/05/2024 18:30;04/05/2024 18:45;75;kWh;-26574;0;0;0;26574;-26574
04/05/2024 18:45;04/05/2024 19:00;76;kWh;-30462;0;0;0;30462;-30462
04/05/2024 19:00;04/05/2024 19:15;77;kWh;-40434;0;0;0;40434;-40434
04/05/2024 19:15;04/05/2024 19:30;78;kWh;-4254;0;0;0;4254;-4254
04/05/2024 19:30;04/05/2024 19:45;79;kWh;0;0;0;0;0;0
04/05/2024 19:45;04/05/2024 20:00;80;kWh;0;0;0;0;0;0
04/05/2024 20:00;04/05/2024 20:15;81;kWh;-10049;0;0;0;10049;-10049
04/05/2024 20:15;04/05/2024 20:30;82;kWh;-3599;0;0;0;3599;-3599
04/05/2024 20:30;04/05/2024 20:45;83;kWh;0;1772;0;0;1772;1772
04/05/2024 20:45;04/05/2024 21:00;84;kWh;0;20153;0;0;20153;20153
04/05/2024 21:00;04/05/2024 21:15;85;kWh;0;39567;0;0;39567;39567
04/05/2024 21:15;04/05/2024 21:30;86;kWh;0;31706;0;0;31706;31706
04/05/2024 21:30;04/05/2024 21:45;87;kWh;0;36890;0;0;36890;36890
04/05/2024 21:45;04/05/2024 22:00;88;kWh;0;29548;0;0;29548;29548
04/05/2024 22:00;04/05/2024 22:15;89;kWh;0;37042;0;0;37042;37042
04/05/2024 22:15;04/05/2024 22:30;90;kWh;0;23665;0;0;23665;23665
04/05/2024 22:30;04/05/2024 22:45;91;kWh;-2627;532;0;0;3159;-2095
04/05/2024 22:45;04/05/2024 23:00;92;kWh;-8004;0;0;0;8004;-8004
04/05/2024 23:00;04/05/2024 23:15;93;kWh;-409;710;0;0;1119;301
04/05/2024 23:15;04/05/2024 23:30;94;kWh;0;9269;0;0;9269;9269
04/05/2024 23:30;04/05/2024 23:45;95;kWh;0;9596;0;0;9596;9596
04/05/2024 23:45;05/05/2024 00:00;96;kWh;0;27798;0;0;27798;27798
05/05/2024 00:00;05/05/2024 00:15;1;kWh;0;4109;0;0;4109;4109
05/05/2024 00:15;05/05/2024 00:30;2;kWh;0;2015;0;0;2015;2015
05/05/2024 00:30;05/05/2024 00:45;3;kWh;0;13731;0;0;13731;13731
05/05/2024 00:45;05/05/2024 01:00;4;kWh;0;30441;0;0;30441;30441
05/05/2024 01:00;05/05/2024 01:15;5;kWh;0;1804;0;0;1804;1804
05/05/2024 01:15;05/05/2024 01:30;6;kWh;0;1554;0;0;1554;1554
05/05/2024 01:30;05/05/2024 01:45;7;kWh;0;59;0;0;59;59
05/05/2024 01:45;05/05/2024 02:00;8;kWh;0;0;0;0;0;0
05/05/2024 02:00;05/05/2024 02:15;9;kWh;0;1731;0;0;1731;1731
05/05/2024 02:15;05/05/2024 02:30;10;kWh;0;2823;0;0;2823;2823
05/05/2024 02:30;05/05/2024 02:45;11;kWh;0;3460;0;0;3460;3460
05/05/2024 02:45;05/05/2024 03:00;12;kWh;0;3343;0;0;3343;3343
05/05/2024 03:00;05/05/2024 03:15;13;kWh;-2873;0;0;0;2873;-2873
05/05/2024 03:15;05/05/2024 03:30;14;kWh;-241;0;0;0;241;-241
05/05/2024 03:30;05/05/2024 03:45;15;kWh;0;0;0;0;0;0
05/05/2024 03:45;05/05/2024 04:00;16;kWh;0;0;0;0;0;0
05/05/2024 04:00;05/05/2024 04:15;17;kWh;-69;0;0;0;69;-69
05/05/2024 04:15;05/05/2024 04:30;18;kWh;-11913;0;0;0;11913;-11913
05/05/2024 04:30;05/05/2024 04:45;19;kWh;-56428;0;0;0;56428;-56428
05/05/2024 04:45;05/05/2024 05:00;20;kWh;-38790;0;0;0;38790;-38790
05/05/2024 05:00;05/05/2024 05:15;21;kWh;-83582;0;0;0;83582;-83582
05/05/2024 05:15;05/05/2024 05:30;22;kWh;-65726;0;0;0;65726;-65726
05/05/2024 05:30;05/05/2024 05:45;23;kWh;-36607;0;0;0;36607;-36607
05/05/2024 05:45;05/05/2024 06:00;24;kWh;-8247;0;0;0;8247;-8247
05/05/2024 06:00;05/05/2024 06:15;25;kWh;-778;0;0;0;778;-778
05/05/2024 06:15;05/05/2024 06:30;26;kWh;-16;0;0;0;16;-16
05/05/2024 06:30;05/05/2024 06:45;27;kWh;-14835;0;0;0;14835;-14835
05/05/2024 06:45;05/05/2024 07:00;28;kWh;-95212;0;0;0;95212;-95212
05/05/2024 07:00;05/05/2024 07:15;29;kWh;-28055;0;0;0;28055;-28055
05/05/2024 07:15;05/05/2024 07:30;30;kWh;-51296;0;0;0;51296;-51296
05/05/2024 07:30;05/05/2024 07:45;31;kWh;-59943;0;0;0;59943;-59943
05/05/2024 07:45;05/05/2024 08:00;32;kWh;-67039;0;0;0;67039;-67039
05/05/2024 08:00;05/05/2024 08:15;33;kWh;-14346;11171;0;0;25517;-3175
05/05/2024 08:15;05/05/2024 08:30;34;kWh;0;27328;0;0;27328;27328
05/05/2024 08:30;05/05/2024 08:45;35;kWh;-13895;0;0;0;13895;-13895
05/05/2024 08:45;05/05/2024 09:00;36;kWh;-39836;0;0;0;39836;-39836
05/05/2024 09:00;05/05/2024 09:15;37;kWh;-1027;40840;0;0;41867;39813
05/05/2024 09:15;05/05/2024 09:30;38;kWh;0;40870;0;0;40870;40870
05/05/2024 09:30;05/05/2024 09:45;39;kWh;-7610;201;0;0;7811;-7409
05/05/2024 09:45;05/05/2024 10:00;40;kWh;-23401;0;0;0;23401;-23401
05/05/2024 10:00;05/05/2024 10:15;41;kWh;-606;0;0;0;606;-606
05/05/2024 10:15;05/05/2024 10:30;42;kWh;-3263;0;0;0;3263;-3263
05/05/2024 10:30;05/05/2024 10:45;43;kWh;-37136;0;0;0;37136;-37136
05/05/2024 10:45;05/05/2024 11:00;44;kWh;-37891;0;0;0;37891;-37891
05/05/2024 11:00;05/05/2024 11:15;45;kWh;-30340;0;0;0;30340;-30340
05/05/2024 11:15;05/05/2024 11:30;46;kWh;-47644;0;0;0;47644;-47644
05/05/2024 11:30;05/05/2024 11:45;47;kWh;-69386;0;0;0;69386;-69386
05/05/2024 11:45;05/05/2024 12:00;48;kWh;-95998;0;0;0;95998;-95998
05/05/2024 12:00;05/05/2024 12:15;49;kWh;-58366;0;0;0;58366;-58366
05/05/2024 12:15;05/05/2024 12:30;50;kWh;-37734;0;0;0;37734;-37734
05/05/2024 12:30;05/05/2024 12:45;51;kWh;-70631;0;0;0;70631;-70631
05/05/2024 12:45;05/05/2024 13:00;52;kWh;-43802;0;0;0;43802;-43802
05/05/2024 13:00;05/05/2024 13:15;53;kWh;-24336;0;0;0;24336;-24336
05/05/2024 13:15;05/05/2024 13:30;54;kWh;-35020;0;0;0;35020;-35020
05/05/2024 13:30;05/05/2024 13:45;55;kWh;-27157;0;0;0;27157;-27157
05/05/2024 13:45;05/05/2024 14:00;56;kWh;-40606;0;0;0;40606;-40606
05/05/2024 14:00;05/05/2024 14:15;57;kWh;-7860;0;0;0;7860;-7860
05/05/2024 14:15;05/05/2024 14:30;58;kWh;0;0;0;0;0;0
05/05/2024 14:30;05/05/2024 14:45;59;kWh;0;0;0;0;0;0
05/05/2024 14:45;05/05/2024 15:00;60;kWh;0;491;0;0;491;491
05/05/2024 15:00;05/05/2024 15:15;61;kWh;-30069;0;0;0;30069;-30069
05/05/2024 15:15;05/05/2024 15:30;62;kWh;-37096;0;0;0;37096;-37096
05/05/2024 15:30;05/05/2024 15:45;63;kWh;-33455;0;0;0;33455;-33455
05/05/2024 15:45;05/05/2024 16:00;64;kWh;-35410;0;0;0;35410;-35410
05/05/2024 16:00;05/05/2024 16:15;65;kWh;-87672;0;0;0;87672;-87672
05/05/2024 16:15;05/05/2024 16:30;66;kWh;-57787;0;0;0;57787;-57787
05/05/2024 16:30;05/05/2024 16:45;67;kWh;-39200;0;0;0;39200;-39200
05/05/2024 16:45;05/05/2024 17:00;68;kWh;-1883;1121;0;0;3004;-762
05/05/2024 17:00;05/05/2024 17:15;69;kWh;-35998;0;0;0;35998;-35998
05/05/2024 17:15;05/05/2024 17:30;70;kWh;-5878;0;0;0;5878;-5878
05/05/2024 17:30;05/05/2024 17:45;71;kWh;-382;464;0;0;846;82
05/05/2024 17:45;05/05/2024 18:00;72;kWh;0;31292;0;0;31292;31292
05/05/2024 18:00;05/05/2024 18:15;73;kWh;-31601;1942;0;0;33543;-29659
05/05/2024 18:15;05/05/2024 18:30;74;kWh;-42007;0;0;0;42007;-42007
05/05/2024 18:30;05/05/2024 18:45;75;kWh;-3138;0;0;0;3138;-3138
05/05/2024 18:45;05/05/2024 19:00;76;kWh;0;0;0;0;0;0
05/05/2024 19:00;05/05/2024 19:15;77;kWh;-4108;0;0;0;4108;-4108
05/05/2024 19:15;05/05/2024 19:30;78;kWh;-206;0;0;0;206;-206
05/05/2024 19:30;05/05/2024 19:45;79;kWh;0;0;0;0;0;0
05/05/2024 19:45;05/05/2024 20:00;80;kWh;0;0;0;0;0;0
05/05/2024 20:00;05/05/2024 20:15;81;kWh;-10428;0;0;0;10428;-10428
05/05/2024 20:15;05/05/2024 20:30;82;kWh;-1988;12;0;0;2000;-1976
05/05/2024 20:30;05/05/2024 20:45;83;kWh;0;12710;0;0;12710;12710
05/05/2024 20:45;05/05/2024 21:00;84;kWh;0;25195;0;0;25195;25195
05/05/2024 21:00;05/05/2024 21:15;85;kWh;0;3032;0;0;3032;3032
05/05/2024 21:15;05/05/2024 21:30;86;kWh;0;3182;0;0;3182;3182
05/05/2024 21:30;05/05/2024 21:45;87;kWh;0;4318;0;0;4318;4318
05/05/2024 21:45;05/05/2024 22:00;88;kWh;-5150;0;0;0;5150;-5150
05/05/2024 22:00;05/05/2024 22:15;89;kWh;-3197;0;0;0;3197;-3197
05/05/2024 22:15;05/05/2024 22:30;90;kWh;-1508;0;0;0;1508;-1508
05/05/2024 22:30;05/05/2024 22:45;91;kWh;-6131;0;0;0;6131;-6131
05/05/2024 22:45;05/05/2024 23:00;92;kWh;-21274;0;0;0;21274;-21274
05/05/2024 23:00;05/05/2024 23:15;93;kWh;-2280;30602;0;0;32882;28322
05/05/2024 23:15;05/05/2024 23:30;94;kWh;0;18227;0;0;18227;18227
05/05/2024 23:30;05/05/2024 23:45;95;kWh;0;1253;0;0;1253;1253
05/05/2024 23:45;06/05/2024 00:00;96;kWh;0;14025;0;0;14025;14025
06/05/2024 00:00;06/05/2024 00:15;1;kWh;-562;160;0;0;722;-402
06/05/2024 00:15;06/05/2024 00:30;2;kWh;-45;0;0;0;45;-45
06/05/2024 00:30;06/05/2024 00:45;3;kWh;-5994;0;0;0;5994;-5994
06/05/2024 00:45;06/05/2024 01:00;4;kWh;-21907;0;0;0;21907;-21907
06/05/2024 01:00;06/05/2024 01:15;5;kWh;-11984;0;0;0;11984;-11984
06/05/2024 01:15;06/05/2024 01:30;6;kWh;0;0;0;0;0;0
06/05/2024 01:30;06/05/2024 01:45;7;kWh;0;0;0;0;0;0
06/05/2024 01:45;06/05/2024 02:00;8;kWh;0;0;0;0;0;0
06/05/2024 02:00;06/05/2024 02:15;9;kWh;0;17538;0;0;17538;17538
06/05/2024 02:15;06/05/2024 02:30;10;kWh;0;2062;0;0;2062;2062
06/05/2024 02:30;06/05/2024 02:45;11;kWh;0;1186;0;0;1186;1186
06/05/2024 02:45;06/05/2024 03:00;12;kWh;0;7661;0;0;7661;7661
06/05/2024 03:00;06/05/2024 03:15;13;kWh;0;2419;0;0;2419;2419
06/05/2024 03:15;06/05/2024 03:30;14;kWh;0;6743;0;0;6743;6743
06/05/2024 03:30;06/05/2024 03:45;15;kWh;0;7538;0;0;7538;7538
06/05/2024 03:45;06/05/2024 04:00;16;kWh;0;2045;0;0;2045;2045
06/05/2024 04:00;06/05/2024 04:15;17;kWh;0;37564;0;0;37564;37564
06/05/2024 04:15;06/05/2024 04:30;18;kWh;0;32522;0;0;32522;32522
06/05/2024 04:30;06/05/2024 04:45;19;kWh;0;4782;0;0;4782;4782
06/05/2024 04:45;06/05/2024 05:00;20;kWh;0;151;0;0;151;151
06/05/2024 05:00;06/05/2024 05:15;21;kWh;0;0;0;0;0;0
06/05/2024 05:15;06/05/2024 05:30;22;kWh;-3272;0;0;0;3272;-3272
06/05/2024 05:30;06/05/2024 05:45;23;kWh;-1265;0;0;0;1265;-1265
06/05/2024 05:45;06/05/2024 06:00;24;kWh;-26337;0;0;0;26337;-26337
06/05/2024 06:00;06/05/2024 06:15;25;kWh;-19359;2186;0;0;21545;-17173
06/05/2024 06:15;06/05/2024 06:30;26;kWh;-6376;2427;0;0;8803;-3949
06/05/2024 06:30;06/05/2024 06:45;27;kWh;-42166;0;0;0;42166;-42166
06/05/2024 06:45;06/05/2024 07:00;28;kWh;-32737;0;0;0;32737;-32737
06/05/2024 07:00;06/05/2024 07:15;29;kWh;-8909;0;0;0;8909;-8909
06/05/2024 07:15;06/05/2024 07:30;30;kWh;-12115;0;0;0;12115;-12115
06/05/2024 07:30;06/05/2024 07:45;31;kWh;-18121;0;0;0;18121;-18121
06/05/2024 07:45;06/05/2024 08:00;32;kWh;-27195;0;0;0;27195;-27195
06/05/2024 08:00;06/05/2024 08:15;33;kWh;-2099;0;0;0;2099;-2099
06/05/2024 08:15;06/05/2024 08:30;34;kWh;-125;0;0;0;125;-125
06/05/2024 08:30;06/05/2024 08:45;35;kWh;-29042;0;0;0;29042;-29042
06/05/2024 08:45;06/05/2024 09:00;36;kWh;-93937;0;0;0;93937;-93937
06/05/2024 09:00;06/05/2024 09:15;37;kWh;-29628;0;0;0;29628;-29628
06/05/2024 09:15;06/05/2024 09:30;38;kWh;-11744;0;0;0;11744;-11744
06/05/2024 09:30;06/05/2024 09:45;39;kWh;-52998;0;0;0;52998;-52998
06/05/2024 09:45;06/05/2024 10:00;40;kWh;-119280;0;0;0;119280;-119280
06/05/2024 10:00;06/05/2024 10:15;41;kWh;-34808;0;0;0;34808;-34808
06/05/2024 10:15;06/05/2024 10:30;42;kWh;-119719;0;0;0;119719;-119719
06/05/2024 10:30;06/05/2024 10:45;43;kWh;-107181;0;0;0;107181;-107181
06/05/2024 10:45;06/05/2024 11:00;44;kWh;-90513;0;0;0;90513;-90513
06/05/2024 11:00;06/05/2024 11:15;45;kWh;-60731;0;0;0;60731;-60731
06/05/2024 11:15;06/05/2024 11:30;46;kWh;-37228;0;0;0;37228;-37228
06/05/2024 11:30;06/05/2024 11:45;47;kWh;-20647;0;0;0;20647;-20647
06/05/2024 11:45;06/05/2024 12:00;48;kWh;-65179;0;0;0;65179;-65179
06/05/2024 12:00;06/05/2024 12:15;49;kWh;-127419;0;0;0;127419;-127419
06/05/2024 12:15;06/05/2024 12:30;50;kWh;-123445;0;0;0;123445;-123445
06/05/2024 12:30;06/05/2024 12:45;51;kWh;-92101;0;0;0;92101;-92101
06/05/2024 12:45;06/05/2024 13:00;52;kWh;-77807;0;0;0;77807;-77807
06/05/2024 13:00;06/05/2024 13:15;53;kWh;-38590;0;0;0;38590;-38590
06/05/2024 13:15;06/05/2024 13:30;54;kWh;-21546;0;0;0;21546;-21546
06/05/2024 13:30;06/05/2024 13:45;55;kWh;-54475;0;0;0;54475;-54475
06/05/2024 13:45;06/05/2024 14:00;56;kWh;-11553;0;0;0;11553;-11553
06/05/2024 14:00;06/05/2024 14:15;57;kWh;-23213;0;0;0;23213;-23213
06/05/2024 14:15;06/05/2024 14:30;58;kWh;-42319;0;0;0;42319;-42319
06/05/2024 14:30;06/05/2024 14:45;59;kWh;-21883;0;0;0;21883;-21883
06/05/2024 14:45;06/05/2024 15:00;60;kWh;-5692;0;0;0;5692;-5692
06/05/2024 15:00;06/05/2024 15:15;61;kWh;-23953;0;0;0;23953;-23953
06/05/2024 15:15;06/05/2024 15:30;62;kWh;-14679;0;0;0;14679;-14679
06/05/2024 15:30;06/05/2024 15:45;63;kWh;-6644;210;0;0;6854;-6434
06/05/2024 15:45;06/05/2024 16:00;64;kWh;-5499;2668;0;0;8167;-2831
06/05/2024 16:00;06/05/2024 16:15;65;kWh;-5119;9648;0;0;14767;4529
06/05/2024 16:15;06/05/2024 16:30;66;kWh;-2499;30973;0;0;33472;28474
06/05/2024 16:30;06/05/2024 16:45;67;kWh;-2894;1564;0;0;4458;-1330
06/05/2024 16:45;06/05/2024 17:00;68;kWh;-2499;15548;0;0;18047;13049
06/05/2024 17:00;06/05/2024 17:15;69;kWh;-2499;101140;0;0;103639;98641
06/05/2024 17:15;06/05/2024 17:30;70;kWh;-2499;115230;0;0;117729;112731
06/05/2024 17:30;06/05/2024 17:45;71;kWh;-2499;102404;0;0;104903;99905
06/05/2024 17:45;06/05/2024 18:00;72;kWh;-2499;99276;0;0;101775;96777
06/05/2024 18:00;06/05/2024 18:15;73;kWh;-2499;39894;0;0;42393;37395
06/05/2024 18:15;06/05/2024 18:30;74;kWh;-2499;36026;0;0;38525;33527
06/05/2024 18:30;06/05/2024 18:45;75;kWh;-2499;55534;0;0;58033;53035
06/05/2024 18:45;06/05/2024 19:00;76;kWh;-2499;74730;0;0;77229;72231
06/05/2024 19:00;06/05/2024 19:15;77;kWh;-2499;57289;0;0;59788;54790
06/05/2024 19:15;06/05/2024 19:30;78;kWh;-2499;57515;0;0;60014;55016
06/05/2024 19:30;06/05/2024 19:45;79;kWh;-2499;57707;0;0;60206;55208
06/05/2024 19:45;06/05/2024 20:00;80;kWh;-2499;53264;0;0;55763;50765
06/05/2024 20:00;06/05/2024 20:15;81;kWh;-17525;1358;0;0;18883;-16167
06/05/2024 20:15;06/05/2024 20:30;82;kWh;-8361;0;0;0;8361;-8361
06/05/2024 20:30;06/05/2024 20:45;83;kWh;-3644;0;0;0;3644;-3644
06/05/2024 20:45;06/05/2024 21:00;84;kWh;-2618;0;0;0;2618;-2618
06/05/2024 21:00;06/05/2024 21:15;85;kWh;-2499;26151;0;0;28650;23652
06/05/2024 21:15;06/05/2024 21:30;86;kWh;-2499;37417;0;0;39916;34918
06/05/2024 21:30;06/05/2024 21:45;87;kWh;-2499;49661;0;0;52160;47162
06/05/2024 21:45;06/05/2024 22:00;88;kWh;-2499;10682;0;0;13181;8183
06/05/2024 22:00;06/05/2024 22:15;89;kWh;-2499;1127;0;0;3626;-1372
06/05/2024 22:15;06/05/2024 22:30;90;kWh;-2499;2410;0;0;4909;-89
06/05/2024 22:30;06/05/2024 22:45;91;kWh;-2499;9297;0;0;11796;6798
06/05/2024 22:45;06/05/2024 23:00;92;kWh;-2499;694;0;0;3193;-1805
06/05/2024 23:00;06/05/2024 23:15;93;kWh;-2250;12236;0;0;14486;9986
06/05/2024 23:15;06/05/2024 23:30;94;kWh;-2250;25019;0;0;27269;22769
06/05/2024 23:30;06/05/2024 23:45;95;kWh;-2250;25782;0;0;28032;23532
06/05/2024 23:45;07/05/2024 00:00;96;kWh;-2250;1182;0;0;3432;-1068
07/05/2024 00:00;07/05/2024 00:15;1;kWh;0;5558;0;0;5558;5558
07/05/2024 00:15;07/05/2024 00:30;2;kWh;0;6943;0;0;6943;6943
07/05/2024 00:30;07/05/2024 00:45;3;kWh;-11670;0;0;0;11670;-11670
07/05/2024 00:45;07/05/2024 01:00;4;kWh;-34808;0;0;0;34808;-34808
07/05/2024 01:00;07/05/2024 01:15;5;kWh;-6855;0;0;0;6855;-6855
07/05/2024 01:15;07/05/2024 01:30;6;kWh;-1502;0;0;0;1502;-1502
07/05/2024 01:30;07/05/2024 01:45;7;kWh;-3428;0;0;0;3428;-3428
07/05/2024 01:45;07/05/2024 02:00;8;kWh;-4169;0;0;0;4169;-4169
07/05/2024 02:00;07/05/2024 02:15;9;kWh;-817;1399;0;0;2216;582
07/05/2024 02:15;07/05/2024 02:30;10;kWh;0;14195;0;0;14195;14195
07/05/2024 02:30;07/05/2024 02:45;11;kWh;0;7716;0;0;7716;7716
07/05/2024 02:45;07/05/2024 03:00;12;kWh;0;2453;0;0;2453;2453
07/05/2024 03:00;07/05/2024 03:15;13;kWh;0;8331;0;0;8331;8331
07/05/2024 03:15;07/05/2024 03:30;14;kWh;0;806;0;0;806;806
07/05/2024 03:30;07/05/2024 03:45;15;kWh;0;0;0;0;0;0
07/05/2024 03:45;07/05/2024 04:00;16;kWh;-1728;0;0;0;1728;-1728
07/05/2024 04:00;07/05/2024 04:15;17;kWh;-11148;0;0;0;11148;-11148
07/05/2024 04:15;07/05/2024 04:30;18;kWh;-15464;0;0;0;15464;-15464
07/05/2024 04:30;07/05/2024 04:45;19;kWh;-10112;0;0;0;10112;-10112
07/05/2024 04:45;07/05/2024 05:00;20;kWh;0;0;0;0;0;0
07/05/2024 05:00;07/05/2024 05:15;21;kWh;0;0;0;0;0;0
07/05/2024 05:15;07/05/2024 05:30;22;kWh;0;0;0;0;0;0
07/05/2024 05:30;07/05/2024 05:45;23;kWh;0;626;0;0;626;626
07/05/2024 05:45;07/05/2024 06:00;24;kWh;-400;4544;0;0;4944;4144
07/05/2024 06:00;07/05/2024 06:15;25;kWh;-14521;0;0;0;14521;-14521
07/05/2024 06:15;07/05/2024 06:30;26;kWh;0;0;0;0;0;0
07/05/2024 06:30;07/05/2024 06:45;27;kWh;-3856;0;0;0;3856;-3856
07/05/2024 06:45;07/05/2024 07:00;28;kWh;-990;0;0;0;990;-990
07/05/2024 07:00;07/05/2024 07:15;29;kWh;-9466;0;0;0;9466;-9466
07/05/2024 07:15;07/05/2024 07:30;30;kWh;-47884;0;0;0;47884;-47884
07/05/2024 07:30;07/05/2024 07:45;31;kWh;-58101;0;0;0;58101;-58101
07/05/2024 07:45;07/05/2024 08:00;32;kWh;-40767;0;0;0;40767;-40767
07/05/2024 08:00;07/05/2024 08:15;33;kWh;-3137;0;0;0;3137;-3137
07/05/2024 08:15;07/05/2024 08:30;34;kWh;-4081;0;0;0;4081;-4081
07/05/2024 08:30;07/05/2024 08:45;35;kWh;-24576;0;0;0;24576;-24576
07/05/2024 08:45;07/05/2024 09:00;36;kWh;-93690;0;0;0;93690;-93690
07/05/2024 09:00;07/05/2024 09:15;37;kWh;-24923;0;0;0;24923;-24923
07/05/2024 09:15;07/05/2024 09:30;38;kWh;-22037;0;0;0;22037;-22037
07/05/2024 09:30;07/05/2024 09:45;39;kWh;-105053;0;0;0;105053;-105053
07/05/2024 09:45;07/05/2024 10:00;40;kWh;-69880;0;0;0;69880;-69880
07/05/2024 10:00;07/05/2024 10:15;41;kWh;-59590;0;0;0;59590;-59590
07/05/2024 10:15;07/05/2024 10:30;42;kWh;-58073;0;0;0;58073;-58073
07/05/2024 10:30;07/05/2024 10:45;43;kWh;-66013;0;0;0;66013;-66013
07/05/2024 10:45;07/05/2024 11:00;44;kWh;-61681;0;0;0;61681;-61681
07/05/2024 11:00;07/05/2024 11:15;45;kWh;-4778;659;0;0;5437;-4119
07/05/2024 11:15;07/05/2024 11:30;46;kWh;-67266;0;0;0;67266;-67266
07/05/2024 11:30;07/05/2024 11:45;47;kWh;-70212;0;0;0;70212;-70212
07/05/2024 11:45;07/05/2024 12:00;48;kWh;-57181;0;0;0;57181;-57181
07/05/2024 12:00;07/05/2024 12:15;49;kWh;-65134;0;0;0;65134;-65134
07/05/2024 12:15;07/05/2024 12:30;50;kWh;-44662;0;0;0;44662;-44662
07/05/2024 12:30;07/05/2024 12:45;51;kWh;-36952;0;0;0;36952;-36952
07/05/2024 12:45;07/05/2024 13:00;52;kWh;-45087;0;0;0;45087;-45087
07/05/2024 13:00;07/05/2024 13:15;53;kWh;-10354;2202;0;0;12556;-8152
07/05/2024 13:15;07/05/2024 13:30;54;kWh;-978;5699;0;0;6677;4721
07/05/2024 13:30;07/05/2024 13:45;55;kWh;-250;1187;0;0;1437;937
07/05/2024 13:45;07/05/2024 14:00;56;kWh;-1732;773;0;0;2505;-959
07/05/2024 14:00;07/05/2024 14:15;57;kWh;-25016;0;0;0;25016;-25016
07/05/2024 14:15;07/05/2024 14:30;58;kWh;-18994;0;0;0;18994;-18994
07/05/2024 14:30;07/05/2024 14:45;59;kWh;-19364;0;0;0;19364;-19364
07/05/2024 14:45;07/05/2024 15:00;60;kWh;-27953;0;0;0;27953;-27953
07/05/2024 15:00;07/05/2024 15:15;61;kWh;-31875;0;0;0;31875;-31875
07/05/2024 15:15;07/05/2024 15:30;62;kWh;-22808;0;0;0;22808;-22808
07/05/2024 15:30;07/05/2024 15:45;63;kWh;-48388;0;0;0;48388;-48388
07/05/2024 15:45;07/05/2024 16:00;64;kWh;-6229;0;0;0;6229;-6229
07/05/2024 16:00;07/05/2024 16:15;65;kWh;-40404;0;0;0;40404;-40404
07/05/2024 16:15;07/05/2024 16:30;66;kWh;-44295;0;0;0;44295;-44295
07/05/2024 16:30;07/05/2024 16:45;67;kWh;-33911;0;0;0;33911;-33911
07/05/2024 16:45;07/05/2024 17:00;68;kWh;-4293;0;0;0;4293;-4293
07/05/2024 17:00;07/05/2024 17:15;69;kWh;-30499;0;0;0;30499;-30499
07/05/2024 17:15;07/05/2024 17:30;70;kWh;-45355;0;0;0;45355;-45355
07/05/2024 17:30;07/05/2024 17:45;71;kWh;-20575;0;0;0;20575;-20575
07/05/2024 17:45;07/05/2024 18:00;72;kWh;-33920;0;0;0;33920;-33920
07/05/2024 18:00;07/05/2024 18:15;73;kWh;-40163;0;0;0;40163;-40163
07/05/2024 18:15;07/05/2024 18:30;74;kWh;-31572;0;0;0;31572;-31572
07/05/2024 18:30;07/05/2024 18:45;75;kWh;-851;0;0;0;851;-851
07/05/2024 18:45;07/05/2024 19:00;76;kWh;-249;4428;0;0;4677;4179
07/05/2024 19:00;07/05/2024 19:15;77;kWh;0;7845;0;0;7845;7845
07/05/2024 19:15;07/05/2024 19:30;78;kWh;0;9234;0;0;9234;9234
07/05/2024 19:30;07/05/2024 19:45;79;kWh;0;30042;0;0;30042;30042
07/05/2024 19:45;07/05/2024 20:00;80;kWh;0;47120;0;0;47120;47120
07/05/2024 20:00;07/05/2024 20:15;81;kWh;0;10173;0;0;10173;10173
07/05/2024 20:15;07/05/2024 20:30;82;kWh;0;18417;0;0;18417;18417
07/05/2024 20:30;07/05/2024 20:45;83;kWh;0;46182;0;0;46182;46182
07/05/2024 20:45;07/05/2024 21:00;84;kWh;0;43911;0;0;43911;43911
07/05/2024 21:00;07/05/2024 21:15;85;kWh;-14966;611;0;0;15577;-14355
07/05/2024 21:15;07/05/2024 21:30;86;kWh;-34288;0;0;0;34288;-34288
07/05/2024 21:30;07/05/2024 21:45;87;kWh;-35109;0;0;0;35109;-35109
07/05/2024 21:45;07/05/2024 22:00;88;kWh;-36620;0;0;0;36620;-36620
07/05/2024 22:00;07/05/2024 22:15;89;kWh;-8365;10446;0;0;18811;2081
07/05/2024 22:15;07/05/2024 22:30;90;kWh;-100;3058;0;0;3158;2958
07/05/2024 22:30;07/05/2024 22:45;91;kWh;-3139;0;0;0;3139;-3139
07/05/2024 22:45;07/05/2024 23:00;92;kWh;-7795;0;0;0;7795;-7795
07/05/2024 23:00;07/05/2024 23:15;93;kWh;-2116;6626;0;0;8742;4510
07/05/2024 23:15;07/05/2024 23:30;94;kWh;0;12703;0;0;12703;12703
07/05/2024 23:30;07/05/2024 23:45;95;kWh;0;13050;0;0;13050;13050
07/05/2024 23:45;08/05/2024 00:00;96;kWh;0;10661;0;0;10661;10661
08/05/2024 00:00;08/05/2024 00:15;1;kWh;0;5703;0;0;5703;5703
08/05/2024 00:15;08/05/2024 00:30;2;kWh;0;14751;0;0;14751;14751
08/05/2024 00:30;08/05/2024 00:45;3;kWh;0;7852;0;0;7852;7852
08/05/2024 00:45;08/05/2024 01:00;4;kWh;0;3570;0;0;3570;3570
08/05/2024 01:00;08/05/2024 01:15;5;kWh;0;8205;0;0;8205;8205
08/05/2024 01:15;08/05/2024 01:30;6;kWh;0;21817;0;0;21817;21817
08/05/2024 01:30;08/05/2024 01:45;7;kWh;0;34973;0;0;34973;34973
08/05/2024 01:45;08/05/2024 02:00;8;kWh;0;31948;0;0;31948;31948
08/05/2024 02:00;08/05/2024 02:15;9;kWh;0;27152;0;0;27152;27152
08/05/2024 02:15;08/05/2024 02:30;10;kWh;0;10199;0;0;10199;10199
08/05/2024 02:30;08/05/2024 02:45;11;kWh;0;4463;0;0;4463;4463
08/05/2024 02:45;08/05/2024 03:00;12;kWh;0;29723;0;0;29723;29723
08/05/2024 03:00;08/05/2024 03:15;13;kWh;0;34459;0;0;34459;34459
08/05/2024 03:15;08/05/2024 03:30;14;kWh;0;12811;0;0;12811;12811
08/05/2024 03:30;08/05/2024 03:45;15;kWh;-5096;0;0;0;5096;-5096
08/05/2024 03:45;08/05/2024 04:00;16;kWh;-33072;0;0;0;33072;-33072
08/05/2024 04:00;08/05/2024 04:15;17;kWh;-38881;0;0;0;38881;-38881
08/05/2024 04:15;08/05/2024 04:30;18;kWh;-8191;0;0;0;8191;-8191
08/05/2024 04:30;08/05/2024 04:45;19;kWh;-7564;0;0;0;7564;-7564
08/05/2024 04:45;08/05/2024 05:00;20;kWh;-23709;0;0;0;23709;-23709
08/05/2024 05:00;08/05/2024 05:15;21;kWh;-11156;0;0;0;11156;-11156
08/05/2024 05:15;08/05/2024 05:30;22;kWh;0;0;0;0;0;0
08/05/2024 05:30;08/05/2024 05:45;23;kWh;0;0;0;0;0;0
08/05/2024 05:45;08/05/2024 06:00;24;kWh;-2594;0;0;0;2594;-2594
08/05/2024 06:00;08/05/2024 06:15;25;kWh;-2018;7563;0;0;9581;5545
08/05/2024 06:15;08/05/2024 06:30;26;kWh;0;15363;0;0;15363;15363
08/05/2024 06:30;08/05/2024 06:45;27;kWh;0;32637;0;0;32637;32637
08/05/2024 06:45;08/05/2024 07:00;28;kWh;0;36955;0;0;36955;36955
08/05/2024 07:00;08/05/2024 07:15;29;kWh;0;29658;0;0;29658;29658
08/05/2024 07:15;08/05/2024 07:30;30;kWh;0;37405;0;0;37405;37405
08/05/2024 07:30;08/05/2024 07:45;31;kWh;0;41727;0;0;41727;41727
08/05/2024 07:45;08/05/2024 08:00;32;kWh;0;53962;0;0;53962;53962
08/05/2024 08:00;08/05/2024 08:15;33;kWh;0;28194;0;0;28194;28194
08/05/2024 08:15;08/05/2024 08:30;34;kWh;-7827;2679;0;0;10506;-5148
08/05/2024 08:30;08/05/2024 08:45;35;kWh;-26246;0;0;0;26246;-26246
08/05/2024 08:45;08/05/2024 09:00;36;kWh;-39417;0;0;0;39417;-39417
08/05/2024 09:00;08/05/2024 09:15;37;kWh;-49085;0;0;0;49085;-49085
08/05/2024 09:15;08/05/2024 09:30;38;kWh;-19454;0;0;0;19454;-19454
08/05/2024 09:30;08/05/2024 09:45;39;kWh;-45562;0;0;0;45562;-45562
08/05/2024 09:45;08/05/2024 10:00;40;kWh;-5685;1326;0;0;7011;-4359
08/05/2024 10:00;08/05/2024 10:15;41;kWh;-343;32209;0;0;32552;31866
08/05/2024 10:15;08/05/2024 10:30;42;kWh;0;52356;0;0;52356;52356
08/05/2024 10:30;08/05/2024 10:45;43;kWh;0;65431;0;0;65431;65431
08/05/2024 10:45;08/05/2024 11:00;44;kWh;0;96125;0;0;96125;96125
08/05/2024 11:00;08/05/2024 11:15;45;kWh;-981;5034;0;0;6015;4053
08/05/2024 11:15;08/05/2024 11:30;46;kWh;0;44387;0;0;44387;44387
08/05/2024 11:30;08/05/2024 11:45;47;kWh;0;28293;0;0;28293;28293
08/05/2024 11:45;08/05/2024 12:00;48;kWh;0;24289;0;0;24289;24289
08/05/2024 12:00;08/05/2024 12:15;49;kWh;0;1643;0;0;1643;1643
08/05/2024 12:15;08/05/2024 12:30;50;kWh;0;0;0;0;0;0
08/05/2024 12:30;08/05/2024 12:45;51;kWh;0;0;0;0;0;0
08/05/2024 12:45;08/05/2024 13:00;52;kWh;0;3937;0;0;3937;3937
08/05/2024 13:00;08/05/2024 13:15;53;kWh;0;63764;0;0;63764;63764
08/05/2024 13:15;08/05/2024 13:30;54;kWh;0;66841;0;0;66841;66841
08/05/2024 13:30;08/05/2024 13:45;55;kWh;0;1176;0;0;1176;1176
08/05/2024 13:45;08/05/2024 14:00;56;kWh;0;2508;0;0;2508;2508
08/05/2024 14:00;08/05/2024 14:15;57;kWh;-116;8214;0;0;8330;8098
08/05/2024 14:15;08/05/2024 14:30;58;kWh;-23923;36;0;0;23959;-23887
08/05/2024 14:30;08/05/2024 14:45;59;kWh;-11369;0;0;0;11369;-11369
08/05/2024 14:45;08/05/2024 15:00;60;kWh;-43781;0;0;0;43781;-43781
08/05/2024 15:00;08/05/2024 15:15;61;kWh;-28341;228;0;0;28569;-28113
08/05/2024 15:15;08/05/2024 15:30;62;kWh;-31467;4048;0;0;35515;-27419
08/05/2024 15:30;08/05/2024 15:45;63;kWh;-28962;0;0;0;28962;-28962
08/05/2024 15:45;08/05/2024 16:00;64;kWh;-12992;1600;0;0;14592;-11392
08/05/2024 16:00;08/05/2024 16:15;65;kWh;0;42818;0;0;42818;42818
08/05/2024 16:15;08/05/2024 16:30;66;kWh;0;23113;0;0;23113;23113
08/05/2024 16:30;08/05/2024 16:45;67;kWh;0;21023;0;0;21023;21023
08/05/2024 16:45;08/05/2024 17:00;68;kWh;0;5985;0;0;5985;5985
08/05/2024 17:00;08/05/2024 17:15;69;kWh;-2423;9072;0;0;11495;6649
08/05/2024 17:15;08/05/2024 17:30;70;kWh;-3166;0;0;0;3166;-3166
08/05/2024 17:30;08/05/2024 17:45;71;kWh;-25154;0;0;0;25154;-25154
08/05/2024 17:45;08/05/2024 18:00;72;kWh;-32957;0;0;0;32957;-32957
08/05/2024 18:00;08/05/2024 18:15;73;kWh;-61707;0;0;0;61707;-61707
08/05/2024 18:15;08/05/2024 18:30;74;kWh;-26923;0;0;0;26923;-26923
08/05/2024 18:30;08/05/2024 18:45;75;kWh;-44;0;0;0;44;-44
08/05/2024 18:45;08/05/2024 19:00;76;kWh;-317;0;0;0;317;-317
08/05/2024 19:00;08/05/2024 19:15;77;kWh;-23887;0;0;0;23887;-23887
08/05/2024 19:15;08/05/2024 19:30;78;kWh;-1608;0;0;0;1608;-1608
08/05/2024 19:30;08/05/2024 19:45;79;kWh;-1823;0;0;0;1823;-1823
08/05/2024 19:45;08/05/2024 20:00;80;kWh;0;10600;0;0;10600;10600
08/05/2024 20:00;08/05/2024 20:15;81;kWh;-485;3087;0;0;3572;2602
08/05/2024 20:15;08/05/2024 20:30;82;kWh;0;0;0;0;0;0
08/05/2024 20:30;08/05/2024 20:45;83;kWh;0;1498;0;0;1498;1498
08/05/2024 20:45;08/05/2024 21:00;84;kWh;0;12538;0;0;12538;12538
08/05/2024 21:00;08/05/2024 21:15;85;kWh;0;3579;0;0;3579;3579
08/05/2024 21:15;08/05/2024 21:30;86;kWh;0;1919;0;0;1919;1919
08/05/2024 21:30;08/05/2024 21:45;87;kWh;0;1612;0;0;1612;1612
08/05/2024 21:45;08/05/2024 22:00;88;kWh;-144;20209;0;0;20353;20065
08/05/2024 22:00;08/05/2024 22:15;89;kWh;-979;0;0;0;979;-979
08/05/2024 22:15;08/05/2024 22:30;90;kWh;-2138;0;0;0;2138;-2138
08/05/2024 22:30;08/05/2024 22:45;91;kWh;-2359;0;0;0;2359;-2359
08/05/2024 22:45;08/05/2024 23:00;92;kWh;-3556;0;0;0;3556;-3556
08/05/2024 23:00;08/05/2024 23:15;93;kWh;-6149;0;0;0;6149;-6149
08/05/2024 23:15;08/05/2024 23:30;94;kWh;0;0;0;0;0;0
08/05/2024 23:30;08/05/2024 23:45;95;kWh;-829;0;0;0;829;-829
08/05/2024 23:45;09/05/2024 00:00;96;kWh;-758;0;0;0;758;-758
09/05/2024 00:00;09/05/2024 00:15;1;kWh;-78;11257;0;0;11335;11179
09/05/2024 00:15;09/05/2024 00:30;2;kWh;0;33461;0;0;33461;33461
09/05/2024 00:30;09/05/2024 00:45;3;kWh;0;3503;0;0;3503;3503
09/05/2024 00:45;09/05/2024 01:00;4;kWh;0;1123;0;0;1123;1123
09/05/2024 01:00;09/05/2024 01:15;5;kWh;-78;0;0;0;78;-78
09/05/2024 01:15;09/05/2024 01:30;6;kWh;-3815;0;0;0;3815;-3815
09/05/2024 01:30;09/05/2024 01:45;7;kWh;-181;0;0;0;181;-181
09/05/2024 01:45;09/05/2024 02:00;8;kWh;0;0;0;0;0;0
09/05/2024 02:00;09/05/2024 02:15;9;kWh;0;5684;0;0;5684;5684
09/05/2024 02:15;09/05/2024 02:30;10;kWh;-2437;288;0;0;2725;-2149
09/05/2024 02:30;09/05/2024 02:45;11;kWh;-155;0;0;0;155;-155
09/05/2024 02:45;09/05/2024 03:00;12;kWh;0;7920;0;0;7920;7920
09/05/2024 03:00;09/05/2024 03:15;13;kWh;-22;700;0;0;722;678
09/05/2024 03:15;09/05/2024 03:30;14;kWh;0;0;0;0;0;0
09/05/2024 03:30;09/05/2024 03:45;15;kWh;0;8481;0;0;8481;8481
09/05/2024 03:45;09/05/2024 04:00;16;kWh;0;11151;0;0;11151;11151
09/05/2024 04:00;09/05/2024 04:15;17;kWh;0;51;0;0;51;51
09/05/2024 04:15;09/05/2024 04:30;18;kWh;0;652;0;0;652;652
09/05/2024 04:30;09/05/2024 04:45;19;kWh;0;5468;0;0;5468;5468
09/05/2024 04:45;09/05/2024 05:00;20;kWh;0;17212;0;0;17212;17212
09/05/2024 05:00;09/05/2024 05:15;21;kWh;0;12505;0;0;12505;12505
09/05/2024 05:15;09/05/2024 05:30;22;kWh;0;8610;0;0;8610;8610
09/05/2024 05:30;09/05/2024 05:45;23;kWh;0;3868;0;0;3868;3868
09/05/2024 05:45;09/05/2024 06:00;24;kWh;0;79;0;0;79;79
09/05/2024 06:00;09/05/2024 06:15;25;kWh;0;22912;0;0;22912;22912
09/05/2024 06:15;09/05/2024 06:30;26;kWh;0;2052;0;0;2052;2052
09/05/2024 06:30;09/05/2024 06:45;27;kWh;0;0;0;0;0;0
09/05/2024 06:45;09/05/2024 07:00;28;kWh;0;0;0;0;0;0
09/05/2024 07:00;09/05/2024 07:15;29;kWh;0;333;0;0;333;333
09/05/2024 07:15;09/05/2024 07:30;30;kWh;-5994;0;0;0;5994;-5994
09/05/2024 07:30;09/05/2024 07:45;31;kWh;-34432;0;0;0;34432;-34432
09/05/2024 07:45;09/05/2024 08:00;32;kWh;-50533;0;0;0;50533;-50533
09/05/2024 08:00;09/05/2024 08:15;33;kWh;-8320;0;0;0;8320;-8320
09/05/2024 08:15;09/05/2024 08:30;34;kWh;-39051;0;0;0;39051;-39051
09/05/2024 08:30;09/05/2024 08:45;35;kWh;-27263;0;0;0;27263;-27263
09/05/2024 08:45;09/05/2024 09:00;36;kWh;-53493;0;0;0;53493;-53493
09/05/2024 09:00;09/05/2024 09:15;37;kWh;-10436;0;0;0;10436;-10436
09/05/2024 09:15;09/05/2024 09:30;38;kWh;-5873;0;0;0;5873;-5873
09/05/2024 09:30;09/05/2024 09:45;39;kWh;-41195;0;0;0;41195;-41195
09/05/2024 09:45;09/05/2024 10:00;40;kWh;-45773;0;0;0;45773;-45773
09/05/2024 10:00;09/05/2024 10:15;41;kWh;-17052;0;0;0;17052;-17052
09/05/2024 10:15;09/05/2024 10:30;42;kWh;-36289;0;0;0;36289;-36289
09/05/2024 10:30;09/05/2024 10:45;43;kWh;-56254;0;0;0;56254;-56254
09/05/2024 10:45;09/05/2024 11:00;44;kWh;-76627;0;0;0;76627;-76627
09/05/2024 11:00;09/05/2024 11:15;45;kWh;-38430;0;0;0;38430;-38430
09/05/2024 11:15;09/05/2024 11:30;46;kWh;-34237;0;0;0;34237;-34237
09/05/2024 11:30;09/05/2024 11:45;47;kWh;-79101;0;0;0;79101;-79101
09/05/2024 11:45;09/05/2024 12:00;48;kWh;-50497;0;0;0;50497;-50497
09/05/2024 12:00;09/05/2024 12:15;49;kWh;-46705;0;0;0;46705;-46705
09/05/2024 12:15;09/05/2024 12:30;50;kWh;-31283;0;0;0;31283;-31283
09/05/2024 12:30;09/05/2024 12:45;51;kWh;-4205;0;0;0;4205;-4205
09/05/2024 12:45;09/05/2024 13:00;52;kWh;-44;0;0;0;44;-44
09/05/2024 13:00;09/05/2024 13:15;53;kWh;-24368;0;0;0;24368;-24368
09/05/2024 13:15;09/05/2024 13:30;54;kWh;-37371;0;0;0;37371;-37371
09/05/2024 13:30;09/05/2024 13:45;55;kWh;-38883;0;0;0;38883;-38883
09/05/2024 13:45;09/05/2024 14:00;56;kWh;-50546;0;0;0;50546;-50546
09/05/2024 14:00;09/05/2024 14:15;57;kWh;-44221;0;0;0;44221;-44221
09/05/2024 14:15;09/05/2024 14:30;58;kWh;-37076;0;0;0;37076;-37076
09/05/2024 14:30;09/05/2024 14:45;59;kWh;-34420;0;0;0;34420;-34420
09/05/2024 14:45;09/05/2024 15:00;60;kWh;-38547;0;0;0;38547;-38547
09/05/2024 15:00;09/05/2024 15:15;61;kWh;-47690;0;0;0;47690;-47690
09/05/2024 15:15;09/05/2024 15:30;62;kWh;-35108;0;0;0;35108;-35108
09/05/2024 15:30;09/05/2024 15:45;63;kWh;-4359;0;0;0;4359;-4359
09/05/2024 15:45;09/05/2024 16:00;64;kWh;0;0;0;0;0;0
09/05/2024 16:00;09/05/2024 16:15;65;kWh;-7226;0;0;0;7226;-7226
09/05/2024 16:15;09/05/2024 16:30;66;kWh;-35421;0;0;0;35421;-35421
09/05/2024 16:30;09/05/2024 16:45;67;kWh;-22141;0;0;0;22141;-22141
09/05/2024 16:45;09/05/2024 17:00;68;kWh;-1470;0;0;0;1470;-1470
09/05/2024 17:00;09/05/2024 17:15;69;kWh;-44775;0;0;0;44775;-44775
09/05/2024 17:15;09/05/2024 17:30;70;kWh;-30701;0;0;0;30701;-30701
09/05/2024 17:30;09/05/2024 17:45;71;kWh;-20779;0;0;0;20779;-20779
09/05/2024 17:45;09/05/2024 18:00;72;kWh;-22460;0;0;0;22460;-22460
09/05/2024 18:00;09/05/2024 18:15;73;kWh;-65493;0;0;0;65493;-65493
09/05/2024 18:15;09/05/2024 18:30;74;kWh;-20175;0;0;0;20175;-20175
09/05/2024 18:30;09/05/2024 18:45;75;kWh;-2522;0;0;0;2522;-2522
09/05/2024 18:45;09/05/2024 19:00;76;kWh;0;0;0;0;0;0
09/05/2024 19:00;09/05/2024 19:15;77;kWh;-571;2;0;0;573;-569
09/05/2024 19:15;09/05/2024 19:30;78;kWh;0;69;0;0;69;69
09/05/2024 19:30;09/05/2024 19:45;79;kWh;0;2122;0;0;2122;2122
09/05/2024 19:45;09/05/2024 20:00;80;kWh;0;43135;0;0;43135;43135
09/05/2024 20:00;09/05/2024 20:15;81;kWh;0;24057;0;0;24057;24057
09/05/2024 20:15;09/05/2024 20:30;82;kWh;0;2227;0;0;2227;2227
09/05/2024 20:30;09/05/2024 20:45;83;kWh;0;5906;0;0;5906;5906
09/05/2024 20:45;09/05/2024 21:00;84;kWh;0;10651;0;0;10651;10651
09/05/2024 21:00;09/05/2024 21:15;85;kWh;0;988;0;0;988;988
09/05/2024 21:15;09/05/2024 21:30;86;kWh;0;4812;0;0;4812;4812
09/05/2024 21:30;09/05/2024 21:45;87;kWh;0;21227;0;0;21227;21227
09/05/2024 21:45;09/05/2024 22:00;88;kWh;0;25096;0;0;25096;25096
09/05/2024 22:00;09/05/2024 22:15;89;kWh;0;26448;0;0;26448;26448
09/05/2024 22:15;09/05/2024 22:30;90;kWh;0;33583;0;0;33583;33583
09/05/2024 22:30;09/05/2024 22:45;91;kWh;0;17765;0;0;17765;17765
09/05/2024 22:45;09/05/2024 23:00;92;kWh;0;868;0;0;868;868
09/05/2024 23:00;09/05/2024 23:15;93;kWh;-1414;0;0;0;1414;-1414
09/05/2024 23:15;09/05/2024 23:30;94;kWh;-2926;0;0;0;2926;-2926
09/05/2024 23:30;09/05/2024 23:45;95;kWh;-22;11882;0;0;11904;11860
09/05/2024 23:45;10/05/2024 00:00;96;kWh;0;13959;0;0;13959;13959
10/05/2024 00:00;10/05/2024 00:15;1;kWh;0;42453;0;0;42453;42453
10/05/2024 00:15;10/05/2024 00:30;2;kWh;-5;2827;0;0;2832;2822
10/05/2024 00:30;10/05/2024 00:45;3;kWh;-6696;0;0;0;6696;-6696
10/05/2024 00:45;10/05/2024 01:00;4;kWh;-16755;0;0;0;16755;-16755
10/05/2024 01:00;10/05/2024 01:15;5;kWh;-9302;0;0;0;9302;-9302
10/05/2024 01:15;10/05/2024 01:30;6;kWh;-24416;0;0;0;24416;-24416
10/05/2024 01:30;10/05/2024 01:45;7;kWh;-23231;0;0;0;23231;-23231
10/05/2024 01:45;10/05/2024 02:00;8;kWh;-980;0;0;0;980;-980
10/05/2024 02:00;10/05/2024 02:15;9;kWh;-2424;0;0;0;2424;-2424
10/05/2024 02:15;10/05/2024 02:30;10;kWh;-13862;0;0;0;13862;-13862
10/05/2024 02:30;10/05/2024 02:45;11;kWh;-14153;0;0;0;14153;-14153
10/05/2024 02:45;10/05/2024 03:00;12;kWh;-18340;0;0;0;18340;-18340
10/05/2024 03:00;10/05/2024 03:15;13;kWh;-13425;0;0;0;13425;-13425
10/05/2024 03:15;10/05/2024 03:30;14;kWh;-19201;0;0;0;19201;-19201
10/05/2024 03:30;10/05/2024 03:45;15;kWh;-16384;0;0;0;16384;-16384
10/05/2024 03:45;10/05/2024 04:00;16;kWh;-14073;0;0;0;14073;-14073
10/05/2024 04:00;10/05/2024 04:15;17;kWh;-2179;7214;0;0;9393;5035
10/05/2024 04:15;10/05/2024 04:30;18;kWh;0;8461;0;0;8461;8461
10/05/2024 04:30;10/05/2024 04:45;19;kWh;0;2792;0;0;2792;2792
10/05/2024 04:45;10/05/2024 05:00;20;kWh;0;1543;0;0;1543;1543
10/05/2024 05:00;10/05/2024 05:15;21;kWh;0;45162;0;0;45162;45162
10/05/2024 05:15;10/05/2024 05:30;22;kWh;0;50412;0;0;50412;50412
10/05/2024 05:30;10/05/2024 05:45;23;kWh;0;36708;0;0;36708;36708
10/05/2024 05:45;10/05/2024 06:00;24;kWh;0;33154;0;0;33154;33154
10/05/2024 06:00;10/05/2024 06:15;25;kWh;0;49895;0;0;49895;49895
10/05/2024 06:15;10/05/2024 06:30;26;kWh;0;35933;0;0;35933;35933
10/05/2024 06:30;10/05/2024 06:45;27;kWh;-1099;4304;0;0;5403;3205
10/05/2024 06:45;10/05/2024 07:00;28;kWh;-24956;0;0;0;24956;-24956
10/05/2024 07:00;10/05/2024 07:15;29;kWh;-9740;2723;0;0;12463;-7017
10/05/2024 07:15;10/05/2024 07:30;30;kWh;0;130;0;0;130;130
10/05/2024 07:30;10/05/2024 07:45;31;kWh;-9505;0;0;0;9505;-9505
10/05/2024 07:45;10/05/2024 08:00;32;kWh;-60485;0;0;0;60485;-60485
10/05/2024 08:00;10/05/2024 08:15;33;kWh;-9739;0;0;0;9739;-9739
10/05/2024 08:15;10/05/2024 08:30;34;kWh;-11769;0;0;0;11769;-11769
10/05/2024 08:30;10/05/2024 08:45;35;kWh;-24682;0;0;0;24682;-24682
10/05/2024 08:45;10/05/2024 09:00;36;kWh;-28931;0;0;0;28931;-28931
10/05/2024 09:00;10/05/2024 09:15;37;kWh;-42919;0;0;0;42919;-42919
10/05/2024 09:15;10/05/2024 09:30;38;kWh;-39196;0;0;0;39196;-39196
10/05/2024 09:30;10/05/2024 09:45;39;kWh;-76843;0;0;0;76843;-76843
10/05/2024 09:45;10/05/2024 10:00;40;kWh;-68798;0;0;0;68798;-68798
10/05/2024 10:00;10/05/2024 10:15;41;kWh;-8081;0;0;0;8081;-8081
10/05/2024 10:15;10/05/2024 10:30;42;kWh;-18336;0;0;0;18336;-18336
10/05/2024 10:30;10/05/2024 10:45;43;kWh;-47591;0;0;0;47591;-47591
10/05/2024 10:45;10/05/2024 11:00;44;kWh;-71526;0;0;0;71526;-71526
10/05/2024 11:00;10/05/2024 11:15;45;kWh;-18722;0;0;0;18722;-18722
10/05/2024 11:15;10/05/2024 11:30;46;kWh;-12296;0;0;0;12296;-12296
10/05/2024 11:30;10/05/2024 11:45;47;kWh;-36794;0;0;0;36794;-36794
10/05/2024 11:45;10/05/2024 12:00;48;kWh;-64420;0;0;0;64420;-64420
10/05/2024 12:00;10/05/2024 12:15;49;kWh;-4969;0;0;0;4969;-4969
10/05/2024 12:15;10/05/2024 12:30;50;kWh;0;0;0;0;0;0
10/05/2024 12:30;10/05/2024 12:45;51;kWh;-139;0;0;0;139;-139
10/05/2024 12:45;10/05/2024 13:00;52;kWh;-9668;0;0;0;9668;-9668
10/05/2024 13:00;10/05/2024 13:15;53;kWh;-48095;0;0;0;48095;-48095
10/05/2024 13:15;10/05/2024 13:30;54;kWh;-60123;0;0;0;60123;-60123
10/05/2024 13:30;10/05/2024 13:45;55;kWh;-73493;0;0;0;73493;-73493
10/05/2024 13:45;10/05/2024 14:00;56;kWh;-66664;0;0;0;66664;-66664
10/05/2024 14:00;10/05/2024 14:15;57;kWh;-28563;0;0;0;28563;-28563
10/05/2024 14:15;10/05/2024 14:30;58;kWh;-34162;0;0;0;34162;-34162
10/05/2024 14:30;10/05/2024 14:45;59;kWh;-44371;0;0;0;44371;-44371
10/05/2024 14:45;10/05/2024 15:00;60;kWh;-41197;0;0;0;41197;-41197
10/05/2024 15:00;10/05/2024 15:15;61;kWh;-42821;0;0;0;42821;-42821
10/05/2024 15:15;10/05/2024 15:30;62;kWh;-33067;0;0;0;33067;-33067
10/05/2024 15:30;10/05/2024 15:45;63;kWh;-49499;0;0;0;49499;-49499
10/05/2024 15:45;10/05/2024 16:00;64;kWh;-46387;0;0;0;46387;-46387
10/05/2024 16:00;10/05/2024 16:15;65;kWh;-62133;0;0;0;62133;-62133
10/05/2024 16:15;10/05/2024 16:30;66;kWh;-38921;0;0;0;38921;-38921
10/05/2024 16:30;10/05/2024 16:45;67;kWh;-13000;865;0;0;13865;-12135
10/05/2024 16:45;10/05/2024 17:00;68;kWh;0;4236;0;0;4236;4236
10/05/2024 17:00;10/05/2024 17:15;69;kWh;-13832;0;0;0;13832;-13832
10/05/2024 17:15;10/05/2024 17:30;70;kWh;-6822;200;0;0;7022;-6622
10/05/2024 17:30;10/05/2024 17:45;71;kWh;-16309;0;0;0;16309;-16309
10/05/2024 17:45;10/05/2024 18:00;72;kWh;-32677;0;0;0;32677;-32677
10/05/2024 18:00;10/05/2024 18:15;73;kWh;-43947;0;0;0;43947;-43947
10/05/2024 18:15;10/05/2024 18:30;74;kWh;-43174;0;0;0;43174;-43174
10/05/2024 18:30;10/05/2024 18:45;75;kWh;-42970;496;0;0;43466;-42474
10/05/2024 18:45;10/05/2024 19:00;76;kWh;-1389;920;0;0;2309;-469
10/05/2024 19:00;10/05/2024 19:15;77;kWh;-42981;0;0;0;42981;-42981
10/05/2024 19:15;10/05/2024 19:30;78;kWh;-6996;531;0;0;7527;-6465
10/05/2024 19:30;10/05/2024 19:45;79;kWh;0;9551;0;0;9551;9551
10/05/2024 19:45;10/05/2024 20:00;80;kWh;0;77323;0;0;77323;77323
10/05/2024 20:00;10/05/2024 20:15;81;kWh;0;8089;0;0;8089;8089
10/05/2024 20:15;10/05/2024 20:30;82;kWh;0;6573;0;0;6573;6573
10/05/2024 20:30;10/05/2024 20:45;83;kWh;0;18172;0;0;18172;18172
10/05/2024 20:45;10/05/2024 21:00;84;kWh;0;16956;0;0;16956;16956
10/05/2024 21:00;10/05/2024 21:15;85;kWh;0;3031;0;0;3031;3031
10/05/2024 21:15;10/05/2024 21:30;86;kWh;0;1378;0;0;1378;1378
10/05/2024 21:30;10/05/2024 21:45;87;kWh;-130;26;0;0;156;-104
10/05/2024 21:45;10/05/2024 22:00;88;kWh;-6110;0;0;0;6110;-6110
10/05/2024 22:00;10/05/2024 22:15;89;kWh;-4245;4292;0;0;8537;47
10/05/2024 22:15;10/05/2024 22:30;90;kWh;0;4112;0;0;4112;4112
10/05/2024 22:30;10/05/2024 22:45;91;kWh;0;58;0;0;58;58
10/05/2024 22:45;10/05/2024 23:00;92;kWh;0;0;0;0;0;0
10/05/2024 23:00;10/05/2024 23:15;93;kWh;0;17494;0;0;17494;17494
10/05/2024 23:15;10/05/2024 23:30;94;kWh;0;17991;0;0;17991;17991
10/05/2024 23:30;10/05/2024 23:45;95;kWh;0;32864;0;0;32864;32864
10/05/2024 23:45;11/05/2024 00:00;96;kWh;-762;31679;0;0;32441;30917
11/05/2024 00:00;11/05/2024 00:15;1;kWh;-14500;49;0;0;14549;-14451
11/05/2024 00:15;11/05/2024 00:30;2;kWh;-8346;0;0;0;8346;-8346
11/05/2024 00:30;11/05/2024 00:45;3;kWh;-4622;381;0;0;5003;-4241
11/05/2024 00:45;11/05/2024 01:00;4;kWh;-775;0;0;0;775;-775
11/05/2024 01:00;11/05/2024 01:15;5;kWh;-11600;0;0;0;11600;-11600
11/05/2024 01:15;11/05/2024 01:30;6;kWh;-21812;0;0;0;21812;-21812
11/05/2024 01:30;11/05/2024 01:45;7;kWh;-16492;0;0;0;16492;-16492
11/05/2024 01:45;11/05/2024 02:00;8;kWh;-25186;0;0;0;25186;-25186
11/05/2024 02:00;11/05/2024 02:15;9;kWh;-133675;0;0;0;133675;-133675
11/05/2024 02:15;11/05/2024 02:30;10;kWh;-113414;0;0;0;113414;-113414
11/05/2024 02:30;11/05/2024 02:45;11;kWh;-67007;0;0;0;67007;-67007
11/05/2024 02:45;11/05/2024 03:00;12;kWh;-86077;0;0;0;86077;-86077
11/05/2024 03:00;11/05/2024 03:15;13;kWh;-953;35151;0;0;36104;34198
11/05/2024 03:15;11/05/2024 03:30;14;kWh;0;58080;0;0;58080;58080
11/05/2024 03:30;11/05/2024 03:45;15;kWh;0;48769;0;0;48769;48769
11/05/2024 03:45;11/05/2024 04:00;16;kWh;0;30650;0;0;30650;30650
11/05/2024 04:00;11/05/2024 04:15;17;kWh;0;28333;0;0;28333;28333
11/05/2024 04:15;11/05/2024 04:30;18;kWh;0;43410;0;0;43410;43410
11/05/2024 04:30;11/05/2024 04:45;19;kWh;0;43785;0;0;43785;43785
11/05/2024 04:45;11/05/2024 05:00;20;kWh;0;69141;0;0;69141;69141
11/05/2024 05:00;11/05/2024 05:15;21;kWh;0;27149;0;0;27149;27149
11/05/2024 05:15;11/05/2024 05:30;22;kWh;0;26844;0;0;26844;26844
11/05/2024 05:30;11/05/2024 05:45;23;kWh;0;27521;0;0;27521;27521
11/05/2024 05:45;11/05/2024 06:00;24;kWh;0;38759;0;0;38759;38759
11/05/2024 06:00;11/05/2024 06:15;25;kWh;0;20966;0;0;20966;20966
11/05/2024 06:15;11/05/2024 06:30;26;kWh;0;2169;0;0;2169;2169
11/05/2024 06:30;11/05/2024 06:45;27;kWh;0;2402;0;0;2402;2402
11/05/2024 06:45;11/05/2024 07:00;28;kWh;0;156;0;0;156;156
11/05/2024 07:00;11/05/2024 07:15;29;kWh;0;58869;0;0;58869;58869
11/05/2024 07:15;11/05/2024 07:30;30;kWh;0;20622;0;0;20622;20622
11/05/2024 07:30;11/05/2024 07:45;31;kWh;0;1897;0;0;1897;1897
11/05/2024 07:45;11/05/2024 08:00;32;kWh;-7310;0;0;0;7310;-7310
11/05/2024 08:00;11/05/2024 08:15;33;kWh;-1010;57619;0;0;58629;56609
11/05/2024 08:15;11/05/2024 08:30;34;kWh;0;10586;0;0;10586;10586
11/05/2024 08:30;11/05/2024 08:45;35;kWh;-2524;0;0;0;2524;-2524
11/05/2024 08:45;11/05/2024 09:00;36;kWh;-78397;0;0;0;78397;-78397
11/05/2024 09:00;11/05/2024 09:15;37;kWh;-2766;0;0;0;2766;-2766
11/05/2024 09:15;11/05/2024 09:30;38;kWh;-3619;464;0;0;4083;-3155
11/05/2024 09:30;11/05/2024 09:45;39;kWh;-37074;0;0;0;37074;-37074
11/05/2024 09:45;11/05/2024 10:00;40;kWh;-59920;0;0;0;59920;-59920
11/05/2024 10:00;11/05/2024 10:15;41;kWh;-18959;0;0;0;18959;-18959
11/05/2024 10:15;11/05/2024 10:30;42;kWh;-47296;0;0;0;47296;-47296
11/05/2024 10:30;11/05/2024 10:45;43;kWh;-86902;0;0;0;86902;-86902
11/05/2024 10:45;11/05/2024 11:00;44;kWh;-76179;0;0;0;76179;-76179
11/05/2024 11:00;11/05/2024 11:15;45;kWh;-14387;0;0;0;14387;-14387
11/05/2024 11:15;11/05/2024 11:30;46;kWh;-33756;0;0;0;33756;-33756
11/05/2024 11:30;11/05/2024 11:45;47;kWh;-68434;0;0;0;68434;-68434
11/05/2024 11:45;11/05/2024 12:00;48;kWh;-48852;0;0;0;48852;-48852
11/05/2024 12:00;11/05/2024 12:15;49;kWh;-46816;0;0;0;46816;-46816
11/05/2024 12:15;11/05/2024 12:30;50;kWh;-44266;0;0;0;44266;-44266
11/05/2024 12:30;11/05/2024 12:45;51;kWh;-53135;0;0;0;53135;-53135
11/05/2024 12:45;11/05/2024 13:00;52;kWh;-36177;0;0;0;36177;-36177
11/05/2024 13:00;11/05/2024 13:15;53;kWh;-40336;0;0;0;40336;-40336
11/05/2024 13:15;11/05/2024 13:30;54;kWh;-26896;0;0;0;26896;-26896
11/05/2024 13:30;11/05/2024 13:45;55;kWh;-33314;0;0;0;33314;-33314
11/05/2024 13:45;11/05/2024 14:00;56;kWh;-34144;0;0;0;34144;-34144
11/05/2024 14:00;11/05/2024 14:15;57;kWh;-50543;0;0;0;50543;-50543
11/05/2024 14:15;11/05/2024 14:30;58;kWh;-55868;0;0;0;55868;-55868
11/05/2024 14:30;11/05/2024 14:45;59;kWh;-60165;0;0;0;60165;-60165
11/05/2024 14:45;11/05/2024 15:00;60;kWh;-46324;0;0;0;46324;-46324
11/05/2024 15:00;11/05/2024 15:15;61;kWh;-35306;0;0;0;35306;-35306
11/05/2024 15:15;11/05/2024 15:30;62;kWh;-37743;0;0;0;37743;-37743
11/05/2024 15:30;11/05/2024 15:45;63;kWh;-20446;0;0;0;20446;-20446
11/05/2024 15:45;11/05/2024 16:00;64;kWh;-19903;0;0;0;19903;-19903
11/05/2024 16:00;11/05/2024 16:15;65;kWh;-46244;0;0;0;46244;-46244
11/05/2024 16:15;11/05/2024 16:30;66;kWh;-40437;0;0;0;40437;-40437
11/05/2024 16:30;11/05/2024 16:45;67;kWh;-17423;0;0;0;17423;-17423
11/05/2024 16:45;11/05/2024 17:00;68;kWh;-7813;0;0;0;7813;-7813
11/05/2024 17:00;11/05/2024 17:15;69;kWh;-58089;0;0;0;58089;-58089
11/05/2024 17:15;11/05/2024 17:30;70;kWh;-28923;0;0;0;28923;-28923
11/05/2024 17:30;11/05/2024 17:45;71;kWh;-25476;2414;0;0;27890;-23062
11/05/2024 17:45;11/05/2024 18:00;72;kWh;0;1426;0;0;1426;1426
11/05/2024 18:00;11/05/2024 18:15;73;kWh;-34019;0;0;0;34019;-34019
11/05/2024 18:15;11/05/2024 18:30;74;kWh;-7620;205;0;0;7825;-7415
11/05/2024 18:30;11/05/2024 18:45;75;kWh;0;23102;0;0;23102;23102
11/05/2024 18:45;11/05/2024 19:00;76;kWh;0;26384;0;0;26384;26384
11/05/2024 19:00;11/05/2024 19:15;77;kWh;-14612;485;0;0;15097;-14127
11/05/2024 19:15;11/05/2024 19:30;78;kWh;-4305;220;0;0;4525;-4085
11/05/2024 19:30;11/05/2024 19:45;79;kWh;0;31900;0;0;31900;31900
11/05/2024 19:45;11/05/2024 20:00;80;kWh;0;53011;0;0;53011;53011
11/05/2024 20:00;11/05/2024 20:15;81;kWh;0;40433;0;0;40433;40433
11/05/2024 20:15;11/05/2024 20:30;82;kWh;0;43589;0;0;43589;43589
11/05/2024 20:30;11/05/2024 20:45;83;kWh;0;41032;0;0;41032;41032
11/05/2024 20:45;11/05/2024 21:00;84;kWh;0;27296;0;0;27296;27296
11/05/2024 21:00;11/05/2024 21:15;85;kWh;0;36051;0;0;36051;36051
11/05/2024 21:15;11/05/2024 21:30;86;kWh;0;25712;0;0;25712;25712
11/05/2024 21:30;11/05/2024 21:45;87;kWh;0;4264;0;0;4264;4264
11/05/2024 21:45;11/05/2024 22:00;88;kWh;-5150;505;0;0;5655;-4645
11/05/2024 22:00;11/05/2024 22:15;89;kWh;-11186;0;0;0;11186;-11186
11/05/2024 22:15;11/05/2024 22:30;90;kWh;-5443;0;0;0;5443;-5443
11/05/2024 22:30;11/05/2024 22:45;91;kWh;-14264;0;0;0;14264;-14264
11/05/2024 22:45;11/05/2024 23:00;92;kWh;-25441;0;0;0;25441;-25441
11/05/2024 23:00;11/05/2024 23:15;93;kWh;-6325;5549;0;0;11874;-776
11/05/2024 23:15;11/05/2024 23:30;94;kWh;0;3504;0;0;3504;3504
11/05/2024 23:30;11/05/2024 23:45;95;kWh;-1848;0;0;0;1848;-1848
11/05/2024 23:45;12/05/2024 00:00;96;kWh;-29877;0;0;0;29877;-29877
12/05/2024 00:00;12/05/2024 00:15;1;kWh;-1179;12097;0;0;13276;10918
12/05/2024 00:15;12/05/2024 00:30;2;kWh;0;5116;0;0;5116;5116
12/05/2024 00:30;12/05/2024 00:45;3;kWh;0;2295;0;0;2295;2295
12/05/2024 00:45;12/05/2024 01:00;4;kWh;0;437;0;0;437;437
12/05/2024 01:00;12/05/2024 01:15;5;kWh;0;17052;0;0;17052;17052
12/05/2024 01:15;12/05/2024 01:30;6;kWh;0;22658;0;0;22658;22658
12/05/2024 01:30;12/05/2024 01:45;7;kWh;0;69;0;0;69;69
12/05/2024 01:45;12/05/2024 02:00;8;kWh;-178;0;0;0;178;-178
12/05/2024 02:00;12/05/2024 02:15;9;kWh;-543;0;0;0;543;-543
12/05/2024 02:15;12/05/2024 02:30;10;kWh;0;0;0;0;0;0
12/05/2024 02:30;12/05/2024 02:45;11;kWh;0;0;0;0;0;0
12/05/2024 02:45;12/05/2024 03:00;12;kWh;0;0;0;0;0;0
12/05/2024 03:00;12/05/2024 03:15;13;kWh;0;2327;0;0;2327;2327
12/05/2024 03:15;12/05/2024 03:30;14;kWh;0;508;0;0;508;508
12/05/2024 03:30;12/05/2024 03:45;15;kWh;0;3168;0;0;3168;3168
12/05/2024 03:45;12/05/2024 04:00;16;kWh;0;4385;0;0;4385;4385
12/05/2024 04:00;12/05/2024 04:15;17;kWh;0;7910;0;0;7910;7910
12/05/2024 04:15;12/05/2024 04:30;18;kWh;0;3060;0;0;3060;3060
12/05/2024 04:30;12/05/2024 04:45;19;kWh;0;6667;0;0;6667;6667
12/05/2024 04:45;12/05/2024 05:00;20;kWh;0;6873;0;0;6873;6873
12/05/2024 05:00;12/05/2024 05:15;21;kWh;0;75;0;0;75;75
12/05/2024 05:15;12/05/2024 05:30;22;kWh;-17348;0;0;0;17348;-17348
12/05/2024 05:30;12/05/2024 05:45;23;kWh;-14683;0;0;0;14683;-14683
12/05/2024 05:45;12/05/2024 06:00;24;kWh;-26828;0;0;0;26828;-26828
12/05/2024 06:00;12/05/2024 06:15;25;kWh;-23495;0;0;0;23495;-23495
12/05/2024 06:15;12/05/2024 06:30;26;kWh;-7634;0;0;0;7634;-7634
12/05/2024 06:30;12/05/2024 06:45;27;kWh;-31570;0;0;0;31570;-31570
12/05/2024 06:45;12/05/2024 07:00;28;kWh;-34055;0;0;0;34055;-34055
12/05/2024 07:00;12/05/2024 07:15;29;kWh;-177;0;0;0;177;-177
12/05/2024 07:15;12/05/2024 07:30;30;kWh;0;1446;0;0;1446;1446
12/05/2024 07:30;12/05/2024 07:45;31;kWh;0;1682;0;0;1682;1682
12/05/2024 07:45;12/05/2024 08:00;32;kWh;-2950;0;0;0;2950;-2950
12/05/2024 08:00;12/05/2024 08:15;33;kWh;-40;18649;0;0;18689;18609
12/05/2024 08:15;12/05/2024 08:30;34;kWh;0;13347;0;0;13347;13347
12/05/2024 08:30;12/05/2024 08:45;35;kWh;-34079;0;0;0;34079;-34079
12/05/2024 08:45;12/05/2024 09:00;36;kWh;-49046;0;0;0;49046;-49046
12/05/2024 09:00;12/05/2024 09:15;37;kWh;-1833;2932;0;0;4765;1099
12/05/2024 09:15;12/05/2024 09:30;38;kWh;-774;749;0;0;1523;-25
12/05/2024 09:30;12/05/2024 09:45;39;kWh;-17942;0;0;0;17942;-17942
12/05/2024 09:45;12/05/2024 10:00;40;kWh;-21845;0;0;0;21845;-21845
12/05/2024 10:00;12/05/2024 10:15;41;kWh;-17319;0;0;0;17319;-17319
12/05/2024 10:15;12/05/2024 10:30;42;kWh;-32391;0;0;0;32391;-32391
12/05/2024 10:30;12/05/2024 10:45;43;kWh;-28901;0;0;0;28901;-28901
12/05/2024 10:45;12/05/2024 11:00;44;kWh;-39631;0;0;0;39631;-39631
12/05/2024 11:00;12/05/2024 11:15;45;kWh;-106854;0;0;0;106854;-106854
12/05/2024 11:15;12/05/2024 11:30;46;kWh;-95458;0;0;0;95458;-95458
12/05/2024 11:30;12/05/2024 11:45;47;kWh;-138499;0;0;0;138499;-138499
12/05/2024 11:45;12/05/2024 12:00;48;kWh;-156483;0;0;0;156483;-156483
12/05/2024 12:00;12/05/2024 12:15;49;kWh;-93326;0;0;0;93326;-93326
12/05/2024 12:15;12/05/2024 12:30;50;kWh;-113784;0;0;0;113784;-113784
12/05/2024 12:30;12/05/2024 12:45;51;kWh;-143990;0;0;0;143990;-143990
12/05/2024 12:45;12/05/2024 13:00;52;kWh;-179505;0;0;0;179505;-179505
12/05/2024 13:00;12/05/2024 13:15;53;kWh;-150420;0;0;0;150420;-150420
12/05/2024 13:15;12/05/2024 13:30;54;kWh;-179013;0;0;0;179013;-179013
12/05/2024 13:30;12/05/2024 13:45;55;kWh;-180929;0;0;0;180929;-180929
12/05/2024 13:45;12/05/2024 14:00;56;kWh;-178982;0;-23161;0;202143;-202143
12/05/2024 14:00;12/05/2024 14:15;57;kWh;-178539;0;-60472;0;239011;-239011
12/05/2024 14:15;12/05/2024 14:30;58;kWh;-171568;0;-60483;0;232051;-232051
12/05/2024 14:30;12/05/2024 14:45;59;kWh;-119274;0;-60483;0;179757;-179757
12/05/2024 14:45;12/05/2024 15:00;60;kWh;-90230;0;-56649;0;146879;-146879
12/05/2024 15:00;12/05/2024 15:15;61;kWh;-72098;0;-32654;0;104752;-104752
12/05/2024 15:15;12/05/2024 15:30;62;kWh;-58589;0;0;0;58589;-58589
12/05/2024 15:30;12/05/2024 15:45;63;kWh;-45291;0;0;0;45291;-45291
12/05/2024 15:45;12/05/2024 16:00;64;kWh;-58706;0;0;0;58706;-58706
12/05/2024 16:00;12/05/2024 16:15;65;kWh;-32135;0;0;0;32135;-32135
12/05/2024 16:15;12/05/2024 16:30;66;kWh;-16936;0;0;0;16936;-16936
12/05/2024 16:30;12/05/2024 16:45;67;kWh;-18472;18;0;0;18490;-18454
12/05/2024 16:45;12/05/2024 17:00;68;kWh;-2184;574;0;0;2758;-1610
12/05/2024 17:00;12/05/2024 17:15;69;kWh;-26027;0;0;0;26027;-26027
12/05/2024 17:15;12/05/2024 17:30;70;kWh;-14647;1;0;0;14648;-14646
12/05/2024 17:30;12/05/2024 17:45;71;kWh;-13015;59;0;0;13074;-12956
12/05/2024 17:45;12/05/2024 18:00;72;kWh;-27842;0;0;0;27842;-27842
12/05/2024 18:00;12/05/2024 18:15;73;kWh;-36228;0;0;0;36228;-36228
12/05/2024 18:15;12/05/2024 18:30;74;kWh;-24707;0;0;0;24707;-24707
12/05/2024 18:30;12/05/2024 18:45;75;kWh;-1692;0;0;0;1692;-1692
12/05/2024 18:45;12/05/2024 19:00;76;kWh;0;2463;0;0;2463;2463
12/05/2024 19:00;12/05/2024 19:15;77;kWh;-28958;395;0;0;29353;-28563
12/05/2024 19:15;12/05/2024 19:30;78;kWh;0;1487;0;0;1487;1487
12/05/2024 19:30;12/05/2024 19:45;79;kWh;0;3532;0;0;3532;3532
12/05/2024 19:45;12/05/2024 20:00;80;kWh;0;0;0;0;0;0
12/05/2024 20:00;12/05/2024 20:15;81;kWh;0;13367;0;0;13367;13367
12/05/2024 20:15;12/05/2024 20:30;82;kWh;0;48226;0;0;48226;48226
12/05/2024 20:30;12/05/2024 20:45;83;kWh;0;53937;0;0;53937;53937
12/05/2024 20:45;12/05/2024 21:00;84;kWh;0;25510;0;0;25510;25510
12/05/2024 21:00;12/05/2024 21:15;85;kWh;0;0;0;0;0;0
12/05/2024 21:15;12/05/2024 21:30;86;kWh;-14;0;0;0;14;-14
12/05/2024 21:30;12/05/2024 21:45;87;kWh;-20232;0;0;0;20232;-20232
12/05/2024 21:45;12/05/2024 22:00;88;kWh;-26248;0;0;0;26248;-26248
12/05/2024 22:00;12/05/2024 22:15;89;kWh;-7684;0;0;0;7684;-7684
12/05/2024 22:15;12/05/2024 22:30;90;kWh;-1407;0;0;0;1407;-1407
12/05/2024 22:30;12/05/2024 22:45;91;kWh;-32089;0;0;0;32089;-32089
12/05/2024 22:45;12/05/2024 23:00;92;kWh;-39121;0;0;0;39121;-39121
12/05/2024 23:00;12/05/2024 23:15;93;kWh;-8705;0;0;0;8705;-8705
12/05/2024 23:15;12/05/2024 23:30;94;kWh;-8211;0;0;0;8211;-8211
12/05/2024 23:30;12/05/2024 23:45;95;kWh;-8289;0;0;0;8289;-8289
12/05/2024 23:45;13/05/2024 00:00;96;kWh;-1460;0;0;0;1460;-1460
13/05/2024 00:00;13/05/2024 00:15;1;kWh;0;816;0;0;816;816
13/05/2024 00:15;13/05/2024 00:30;2;kWh;-805;1185;0;0;1990;380
13/05/2024 00:30;13/05/2024 00:45;3;kWh;-4356;0;0;0;4356;-4356
13/05/2024 00:45;13/05/2024 01:00;4;kWh;-1614;0;0;0;1614;-1614
13/05/2024 01:00;13/05/2024 01:15;5;kWh;0;5136;0;0;5136;5136
13/05/2024 01:15;13/05/2024 01:30;6;kWh;0;3101;0;0;3101;3101
13/05/2024 01:30;13/05/2024 01:45;7;kWh;0;8500;0;0;8500;8500
13/05/2024 01:45;13/05/2024 02:00;8;kWh;0;5416;0;0;5416;5416
13/05/2024 02:00;13/05/2024 02:15;9;kWh;0;0;0;0;0;0
13/05/2024 02:15;13/05/2024 02:30;10;kWh;-576;0;0;0;576;-576
13/05/2024 02:30;13/05/2024 02:45;11;kWh;-1235;0;0;0;1235;-1235
13/05/2024 02:45;13/05/2024 03:00;12;kWh;0;0;0;0;0;0
13/05/2024 03:00;13/05/2024 03:15;13;kWh;0;0;0;0;0;0
13/05/2024 03:15;13/05/2024 03:30;14;kWh;0;52;0;0;52;52
13/05/2024 03:30;13/05/2024 03:45;15;kWh;0;1249;0;0;1249;1249
13/05/2024 03:45;13/05/2024 04:00;16;kWh;0;3395;0;0;3395;3395
13/05/2024 04:00;13/05/2024 04:15;17;kWh;-21477;191;0;0;21668;-21286
13/05/2024 04:15;13/05/2024 04:30;18;kWh;-5788;0;0;0;5788;-5788
13/05/2024 04:30;13/05/2024 04:45;19;kWh;0;5799;0;0;5799;5799
13/05/2024 04:45;13/05/2024 05:00;20;kWh;0;24052;0;0;24052;24052
13/05/2024 05:00;13/05/2024 05:15;21;kWh;-14055;0;0;0;14055;-14055
13/05/2024 05:15;13/05/2024 05:30;22;kWh;-297;1103;0;0;1400;806
13/05/2024 05:30;13/05/2024 05:45;23;kWh;0;22646;0;0;22646;22646
13/05/2024 05:45;13/05/2024 06:00;24;kWh;0;14575;0;0;14575;14575
13/05/2024 06:00;13/05/2024 06:15;25;kWh;0;37321;0;0;37321;37321
13/05/2024 06:15;13/05/2024 06:30;26;kWh;-5123;0;0;0;5123;-5123
13/05/2024 06:30;13/05/2024 06:45;27;kWh;-1435;0;0;0;1435;-1435
13/05/2024 06:45;13/05/2024 07:00;28;kWh;-380;0;0;0;380;-380
13/05/2024 07:00;13/05/2024 07:15;29;kWh;0;3905;0;0;3905;3905
13/05/2024 07:15;13/05/2024 07:30;30;kWh;0;16750;0;0;16750;16750
13/05/2024 07:30;13/05/2024 07:45;31;kWh;0;6736;0;0;6736;6736
13/05/2024 07:45;13/05/2024 08:00;32;kWh;0;9412;0;0;9412;9412
13/05/2024 08:00;13/05/2024 08:15;33;kWh;0;21719;0;0;21719;21719
13/05/2024 08:15;13/05/2024 08:30;34;kWh;-3843;0;0;0;3843;-3843
13/05/2024 08:30;13/05/2024 08:45;35;kWh;-43739;0;0;0;43739;-43739
13/05/2024 08:45;13/05/2024 09:00;36;kWh;-51314;0;0;0;51314;-51314
13/05/2024 09:00;13/05/2024 09:15;37;kWh;-26005;0;0;0;26005;-26005
13/05/2024 09:15;13/05/2024 09:30;38;kWh;-9835;0;0;0;9835;-9835
13/05/2024 09:30;13/05/2024 09:45;39;kWh;-35088;0;0;0;35088;-35088
13/05/2024 09:45;13/05/2024 10:00;40;kWh;-62196;67;0;0;62263;-62129
13/05/2024 10:00;13/05/2024 10:15;41;kWh;-10104;8336;0;0;18440;-1768
13/05/2024 10:15;13/05/2024 10:30;42;kWh;0;7891;0;0;7891;7891
13/05/2024 10:30;13/05/2024 10:45;43;kWh;-3693;0;0;0;3693;-3693
13/05/2024 10:45;13/05/2024 11:00;44;kWh;-19956;0;0;0;19956;-19956
13/05/2024 11:00;13/05/2024 11:15;45;kWh;-9483;0;0;0;9483;-9483
13/05/2024 11:15;13/05/2024 11:30;46;kWh;-30940;0;0;0;30940;-30940
13/05/2024 11:30;13/05/2024 11:45;47;kWh;-23737;0;0;0;23737;-23737
13/05/2024 11:45;13/05/2024 12:00;48;kWh;-14556;0;0;0;14556;-14556
13/05/2024 12:00;13/05/2024 12:15;49;kWh;-15066;0;0;0;15066;-15066
13/05/2024 12:15;13/05/2024 12:30;50;kWh;-23809;0;0;0;23809;-23809
13/05/2024 12:30;13/05/2024 12:45;51;kWh;-31770;0;0;0;31770;-31770
13/05/2024 12:45;13/05/2024 13:00;52;kWh;-16834;0;0;0;16834;-16834
13/05/2024 13:00;13/05/2024 13:15;53;kWh;-13474;0;0;0;13474;-13474
13/05/2024 13:15;13/05/2024 13:30;54;kWh;0;0;0;0;0;0
13/05/2024 13:30;13/05/2024 13:45;55;kWh;0;0;0;0;0;0
13/05/2024 13:45;13/05/2024 14:00;56;kWh;0;53;0;0;53;53
13/05/2024 14:00;13/05/2024 14:15;57;kWh;-17104;0;0;0;17104;-17104
13/05/2024 14:15;13/05/2024 14:30;58;kWh;-16858;0;0;0;16858;-16858
13/05/2024 14:30;13/05/2024 14:45;59;kWh;-2400;2312;0;0;4712;-88
13/05/2024 14:45;13/05/2024 15:00;60;kWh;0;5869;0;0;5869;5869
13/05/2024 15:00;13/05/2024 15:15;61;kWh;0;88;0;0;88;88
13/05/2024 15:15;13/05/2024 15:30;62;kWh;0;538;0;0;538;538
13/05/2024 15:30;13/05/2024 15:45;63;kWh;0;16775;0;0;16775;16775
13/05/2024 15:45;13/05/2024 16:00;64;kWh;0;23733;0;0;23733;23733
13/05/2024 16:00;13/05/2024 16:15;65;kWh;-23786;523;0;0;24309;-23263
13/05/2024 16:15;13/05/2024 16:30;66;kWh;-17904;0;0;0;17904;-17904
13/05/2024 16:30;13/05/2024 16:45;67;kWh;-730;0;0;0;730;-730
13/05/2024 16:45;13/05/2024 17:00;68;kWh;-3141;0;0;0;3141;-3141
13/05/2024 17:00;13/05/2024 17:15;69;kWh;-23503;0;0;0;23503;-23503
13/05/2024 17:15;13/05/2024 17:30;70;kWh;-3351;1120;0;0;4471;-2231
13/05/2024 17:30;13/05/2024 17:45;71;kWh;0;11600;0;0;11600;11600
13/05/2024 17:45;13/05/2024 18:00;72;kWh;0;2063;0;0;2063;2063
13/05/2024 18:00;13/05/2024 18:15;73;kWh;0;20405;0;0;20405;20405
13/05/2024 18:15;13/05/2024 18:30;74;kWh;0;24233;0;0;24233;24233
13/05/2024 18:30;13/05/2024 18:45;75;kWh;0;19542;0;0;19542;19542
13/05/2024 18:45;13/05/2024 19:00;76;kWh;0;41743;0;0;41743;41743
13/05/2024 19:00;13/05/2024 19:15;77;kWh;-599;43957;0;0;44556;43358
13/05/2024 19:15;13/05/2024 19:30;78;kWh;-1322;918;0;0;2240;-404
13/05/2024 19:30;13/05/2024 19:45;79;kWh;0;20605;0;0;20605;20605
13/05/2024 19:45;13/05/2024 20:00;80;kWh;0;50096;0;0;50096;50096
13/05/2024 20:00;13/05/2024 20:15;81;kWh;0;42283;0;0;42283;42283
13/05/2024 20:15;13/05/2024 20:30;82;kWh;0;46433;0;0;46433;46433
13/05/2024 20:30;13/05/2024 20:45;83;kWh;0;94809;0;0;94809;94809
13/05/2024 20:45;13/05/2024 21:00;84;kWh;0;95754;0;34256;130010;130010
13/05/2024 21:00;13/05/2024 21:15;85;kWh;0;6137;0;47071;53208;53208
13/05/2024 21:15;13/05/2024 21:30;86;kWh;0;998;0;0;998;998
13/05/2024 21:30;13/05/2024 21:45;87;kWh;0;26706;0;0;26706;26706
13/05/2024 21:45;13/05/2024 22:00;88;kWh;0;20653;0;0;20653;20653
13/05/2024 22:00;13/05/2024 22:15;89;kWh;-323;883;0;0;1206;560
13/05/2024 22:15;13/05/2024 22:30;90;kWh;0;16815;0;0;16815;16815
13/05/2024 22:30;13/05/2024 22:45;91;kWh;0;33800;0;0;33800;33800
13/05/2024 22:45;13/05/2024 23:00;92;kWh;-441;10971;0;0;11412;10530
13/05/2024 23:00;13/05/2024 23:15;93;kWh;-5474;11726;0;0;17200;6252
13/05/2024 23:15;13/05/2024 23:30;94;kWh;0;8810;0;0;8810;8810
13/05/2024 23:30;13/05/2024 23:45;95;kWh;-4259;0;0;0;4259;-4259
13/05/2024 23:45;14/05/2024 00:00;96;kWh;-6602;0;0;0;6602;-6602
14/05/2024 00:00;14/05/2024 00:15;1;kWh;0;15410;0;0;15410;15410
14/05/2024 00:15;14/05/2024 00:30;2;kWh;0;47743;0;0;47743;47743
14/05/2024 00:30;14/05/2024 00:45;3;kWh;0;65890;0;0;65890;65890
14/05/2024 00:45;14/05/2024 01:00;4;kWh;0;27702;0;0;27702;27702
14/05/2024 01:00;14/05/2024 01:15;5;kWh;0;39946;0;0;39946;39946
14/05/2024 01:15;14/05/2024 01:30;6;kWh;0;43527;0;0;43527;43527
14/05/2024 01:30;14/05/2024 01:45;7;kWh;0;9600;0;0;9600;9600
14/05/2024 01:45;14/05/2024 02:00;8;kWh;0;427;0;0;427;427
14/05/2024 02:00;14/05/2024 02:15;9;kWh;0;0;0;0;0;0
14/05/2024 02:15;14/05/2024 02:30;10;kWh;0;0;0;0;0;0
14/05/2024 02:30;14/05/2024 02:45;11;kWh;-15206;0;0;0;15206;-15206
14/05/2024 02:45;14/05/2024 03:00;12;kWh;-36627;0;0;0;36627;-36627
14/05/2024 03:00;14/05/2024 03:15;13;kWh;-7400;0;0;0;7400;-7400
14/05/2024 03:15;14/05/2024 03:30;14;kWh;-23227;0;0;0;23227;-23227
14/05/2024 03:30;14/05/2024 03:45;15;kWh;-7621;0;0;0;7621;-7621
14/05/2024 03:45;14/05/2024 04:00;16;kWh;-29944;0;0;0;29944;-29944
14/05/2024 04:00;14/05/2024 04:15;17;kWh;-15718;0;0;0;15718;-15718
14/05/2024 04:15;14/05/2024 04:30;18;kWh;-43953;0;0;0;43953;-43953
14/05/2024 04:30;14/05/2024 04:45;19;kWh;-44721;0;0;0;44721;-44721
14/05/2024 04:45;14/05/2024 05:00;20;kWh;-53662;0;0;0;53662;-53662
14/05/2024 05:00;14/05/2024 05:15;21;kWh;-30362;0;0;0;30362;-30362
14/05/2024 05:15;14/05/2024 05:30;22;kWh;-24637;0;0;0;24637;-24637
14/05/2024 05:30;14/05/2024 05:45;23;kWh;-27444;0;0;0;27444;-27444
14/05/2024 05:45;14/05/2024 06:00;24;kWh;-48202;0;0;0;48202;-48202
14/05/2024 06:00;14/05/2024 06:15;25;kWh;-31369;0;0;0;31369;-31369
14/05/2024 06:15;14/05/2024 06:30;26;kWh;-28752;0;0;0;28752;-28752
14/05/2024 06:30;14/05/2024 06:45;27;kWh;-23364;0;0;0;23364;-23364
14/05/2024 06:45;14/05/2024 07:00;28;kWh;-30802;573;0;0;31375;-30229
14/05/2024 07:00;14/05/2024 07:15;29;kWh;0;44598;0;0;44598;44598
14/05/2024 07:15;14/05/2024 07:30;30;kWh;0;51019;0;0;51019;51019
14/05/2024 07:30;14/05/2024 07:45;31;kWh;0;3156;0;0;3156;3156
14/05/2024 07:45;14/05/2024 08:00;32;kWh;0;0;0;0;0;0
14/05/2024 08:00;14/05/2024 08:15;33;kWh;0;71322;0;0;71322;71322
14/05/2024 08:15;14/05/2024 08:30;34;kWh;0;77225;0;0;77225;77225
14/05/2024 08:30;14/05/2024 08:45;35;kWh;0;12425;0;0;12425;12425
14/05/2024 08:45;14/05/2024 09:00;36;kWh;0;7666;0;0;7666;7666
14/05/2024 09:00;14/05/2024 09:15;37;kWh;0;45904;0;0;45904;45904
14/05/2024 09:15;14/05/2024 09:30;38;kWh;0;20489;0;0;20489;20489
14/05/2024 09:30;14/05/2024 09:45;39;kWh;-8134;0;0;0;8134;-8134
14/05/2024 09:45;14/05/2024 10:00;40;kWh;-13038;0;0;0;13038;-13038
14/05/2024 10:00;14/05/2024 10:15;41;kWh;0;19068;0;0;19068;19068
14/05/2024 10:15;14/05/2024 10:30;42;kWh;0;1672;0;0;1672;1672
14/05/2024 10:30;14/05/2024 10:45;43;kWh;-8888;0;0;0;8888;-8888
14/05/2024 10:45;14/05/2024 11:00;44;kWh;-29821;0;0;0;29821;-29821
14/05/2024 11:00;14/05/2024 11:15;45;kWh;-19087;0;0;0;19087;-19087
14/05/2024 11:15;14/05/2024 11:30;46;kWh;-14158;0;0;0;14158;-14158
14/05/2024 11:30;14/05/2024 11:45;47;kWh;-28784;0;0;0;28784;-28784
14/05/2024 11:45;14/05/2024 12:00;48;kWh;-38101;0;0;0;38101;-38101
14/05/2024 12:00;14/05/2024 12:15;49;kWh;-30363;1412;0;0;31775;-28951
14/05/2024 12:15;14/05/2024 12:30;50;kWh;-21088;372;0;0;21460;-20716
14/05/2024 12:30;14/05/2024 12:45;51;kWh;-31364;0;0;0;31364;-31364
14/05/2024 12:45;14/05/2024 13:00;52;kWh;-40080;0;0;0;40080;-40080
14/05/2024 13:00;14/05/2024 13:15;53;kWh;-47983;0;0;0;47983;-47983
14/05/2024 13:15;14/05/2024 13:30;54;kWh;-36118;0;0;0;36118;-36118
14/05/2024 13:30;14/05/2024 13:45;55;kWh;-23264;0;0;0;23264;-23264
14/05/2024 13:45;14/05/2024 14:00;56;kWh;-21229;0;0;0;21229;-21229
14/05/2024 14:00;14/05/2024 14:15;57;kWh;-8314;0;0;0;8314;-8314
14/05/2024 14:15;14/05/2024 14:30;58;kWh;-11934;99;0;0;12033;-11835
14/05/2024 14:30;14/05/2024 14:45;59;kWh;0;10797;0;0;10797;10797
14/05/2024 14:45;14/05/2024 15:00;60;kWh;0;3637;0;0;3637;3637
14/05/2024 15:00;14/05/2024 15:15;61;kWh;-8031;501;0;0;8532;-7530
14/05/2024 15:15;14/05/2024 15:30;62;kWh;-181;1585;0;0;1766;1404
14/05/2024 15:30;14/05/2024 15:45;63;kWh;0;9985;0;0;9985;9985
14/05/2024 15:45;14/05/2024 16:00;64;kWh;0;70681;0;0;70681;70681
14/05/2024 16:00;14/05/2024 16:15;65;kWh;-20849;2765;0;0;23614;-18084
14/05/2024 16:15;14/05/2024 16:30;66;kWh;-524;106;0;0;630;-418
14/05/2024 16:30;14/05/2024 16:45;67;kWh;-10988;2107;0;0;13095;-8881
14/05/2024 16:45;14/05/2024 17:00;68;kWh;-58;28764;0;0;28822;28706
14/05/2024 17:00;14/05/2024 17:15;69;kWh;-50242;320;0;0;50562;-49922
14/05/2024 17:15;14/05/2024 17:30;70;kWh;-21025;172;0;0;21197;-20853
14/05/2024 17:30;14/05/2024 17:45;71;kWh;-17447;5030;0;0;22477;-12417
14/05/2024 17:45;14/05/2024 18:00;72;kWh;0;3120;0;0;3120;3120
14/05/2024 18:00;14/05/2024 18:15;73;kWh;-38890;0;0;0;38890;-38890
14/05/2024 18:15;14/05/2024 18:30;74;kWh;-20136;0;0;0;20136;-20136
14/05/2024 18:30;14/05/2024 18:45;75;kWh;-12638;0;0;0;12638;-12638
14/05/2024 18:45;14/05/2024 19:00;76;kWh;-14697;0;0;0;14697;-14697
14/05/2024 19:00;14/05/2024 19:15;77;kWh;-23595;0;0;0;23595;-23595
14/05/2024 19:15;14/05/2024 19:30;78;kWh;-28874;0;0;0;28874;-28874
14/05/2024 19:30;14/05/2024 19:45;79;kWh;-10028;0;0;0;10028;-10028
14/05/2024 19:45;14/05/2024 20:00;80;kWh;-56;1562;0;0;1618;1506
14/05/2024 20:00;14/05/2024 20:15;81;kWh;0;36496;0;0;36496;36496
14/05/2024 20:15;14/05/2024 20:30;82;kWh;0;629;0;0;629;629
14/05/2024 20:30;14/05/2024 20:45;83;kWh;0;0;0;0;0;0
14/05/2024 20:45;14/05/2024 21:00;84;kWh;-8610;0;0;0;8610;-8610
14/05/2024 21:00;14/05/2024 21:15;85;kWh;-12729;3836;0;0;16565;-8893
14/05/2024 21:15;14/05/2024 21:30;86;kWh;0;308;0;0;308;308
14/05/2024 21:30;14/05/2024 21:45;87;kWh;0;145;0;0;145;145
14/05/2024 21:45;14/05/2024 22:00;88;kWh;0;377;0;0;377;377
14/05/2024 22:00;14/05/2024 22:15;89;kWh;0;25229;0;0;25229;25229
14/05/2024 22:15;14/05/2024 22:30;90;kWh;0;8568;0;0;8568;8568
14/05/2024 22:30;14/05/2024 22:45;91;kWh;-108;124;0;0;232;16
14/05/2024 22:45;14/05/2024 23:00;92;kWh;-1067;0;0;0;1067;-1067
14/05/2024 23:00;14/05/2024 23:15;93;kWh;0;32376;0;0;32376;32376
14/05/2024 23:15;14/05/2024 23:30;94;kWh;0;26004;0;0;26004;26004
14/05/2024 23:30;14/05/2024 23:45;95;kWh;0;22725;0;0;22725;22725
14/05/2024 23:45;15/05/2024 00:00;96;kWh;0;12155;0;0;12155;12155
15/05/2024 00:00;15/05/2024 00:15;1;kWh;0;21416;0;0;21416;21416
15/05/2024 00:15;15/05/2024 00:30;2;kWh;0;5357;0;0;5357;5357
15/05/2024 00:30;15/05/2024 00:45;3;kWh;0;5285;0;0;5285;5285
15/05/2024 00:45;15/05/2024 01:00;4;kWh;-41;0;0;0;41;-41
15/05/2024 01:00;15/05/2024 01:15;5;kWh;-2174;0;0;0;2174;-2174
15/05/2024 01:15;15/05/2024 01:30;6;kWh;-2038;0;0;0;2038;-2038
15/05/2024 01:30;15/05/2024 01:45;7;kWh;-9887;0;0;0;9887;-9887
15/05/2024 01:45;15/05/2024 02:00;8;kWh;-16169;0;0;0;16169;-16169
15/05/2024 02:00;15/05/2024 02:15;9;kWh;-3880;24405;0;0;28285;20525
15/05/2024 02:15;15/05/2024 02:30;10;kWh;0;39644;0;0;39644;39644
15/05/2024 02:30;15/05/2024 02:45;11;kWh;0;45749;0;0;45749;45749
15/05/2024 02:45;15/05/2024 03:00;12;kWh;0;36668;0;0;36668;36668
15/05/2024 03:00;15/05/2024 03:15;13;kWh;0;76603;0;0;76603;76603
15/05/2024 03:15;15/05/2024 03:30;14;kWh;0;66981;0;0;66981;66981
15/05/2024 03:30;15/05/2024 03:45;15;kWh;0;52836;0;0;52836;52836
15/05/2024 03:45;15/05/2024 04:00;16;kWh;0;57774;0;0;57774;57774
15/05/2024 04:00;15/05/2024 04:15;17;kWh;0;19766;0;0;19766;19766
15/05/2024 04:15;15/05/2024 04:30;18;kWh;0;24271;0;0;24271;24271
15/05/2024 04:30;15/05/2024 04:45;19;kWh;0;50714;0;0;50714;50714
15/05/2024 04:45;15/05/2024 05:00;20;kWh;0;37739;0;0;37739;37739
15/05/2024 05:00;15/05/2024 05:15;21;kWh;-3997;1700;0;0;5697;-2297
15/05/2024 05:15;15/05/2024 05:30;22;kWh;-3012;0;0;0;3012;-3012
15/05/2024 05:30;15/05/2024 05:45;23;kWh;-3641;0;0;0;3641;-3641
15/05/2024 05:45;15/05/2024 06:00;24;kWh;-1419;0;0;0;1419;-1419
15/05/2024 06:00;15/05/2024 06:15;25;kWh;-18618;0;0;0;18618;-18618
15/05/2024 06:15;15/05/2024 06:30;26;kWh;-89;0;0;0;89;-89
15/05/2024 06:30;15/05/2024 06:45;27;kWh;0;0;0;0;0;0
15/05/2024 06:45;15/05/2024 07:00;28;kWh;0;0;0;0;0;0
15/05/2024 07:00;15/05/2024 07:15;29;kWh;0;0;0;0;0;0
15/05/2024 07:15;15/05/2024 07:30;30;kWh;0;7421;0;0;7421;7421
15/05/2024 07:30;15/05/2024 07:45;31;kWh;0;17478;0;0;17478;17478
15/05/2024 07:45;15/05/2024 08:00;32;kWh;0;4947;0;0;4947;4947
15/05/2024 08:00;15/05/2024 08:15;33;kWh;-2009;2368;0;0;4377;359
15/05/2024 08:15;15/05/2024 08:30;34;kWh;-8381;0;0;0;8381;-8381
15/05/2024 08:30;15/05/2024 08:45;35;kWh;-16356;0;0;0;16356;-16356
15/05/2024 08:45;15/05/2024 09:00;36;kWh;-11022;0;0;0;11022;-11022
15/05/2024 09:00;15/05/2024 09:15;37;kWh;-4275;0;0;0;4275;-4275
15/05/2024 09:15;15/05/2024 09:30;38;kWh;-4955;0;0;0;4955;-4955
15/05/2024 09:30;15/05/2024 09:45;39;kWh;-18221;0;0;0;18221;-18221
15/05/2024 09:45;15/05/2024 10:00;40;kWh;-11398;0;0;0;11398;-11398
15/05/2024 10:00;15/05/2024 10:15;41;kWh;-393;22008;0;0;22401;21615
15/05/2024 10:15;15/05/2024 10:30;42;kWh;-243;436;0;0;679;193
15/05/2024 10:30;15/05/2024 10:45;43;kWh;-2339;0;0;0;2339;-2339
15/05/2024 10:45;15/05/2024 11:00;44;kWh;-3358;0;0;0;3358;-3358
15/05/2024 11:00;15/05/2024 11:15;45;kWh;-50;4624;0;0;4674;4574
15/05/2024 11:15;15/05/2024 11:30;46;kWh;0;15526;0;0;15526;15526
15/05/2024 11:30;15/05/2024 11:45;47;kWh;0;8327;0;0;8327;8327
15/05/2024 11:45;15/05/2024 12:00;48;kWh;0;12161;0;0;12161;12161
15/05/2024 12:00;15/05/2024 12:15;49;kWh;0;34209;0;0;34209;34209
15/05/2024 12:15;15/05/2024 12:30;50;kWh;0;4950;0;0;4950;4950
15/05/2024 12:30;15/05/2024 12:45;51;kWh;0;3602;0;0;3602;3602
15/05/2024 12:45;15/05/2024 13:00;52;kWh;-376;8054;0;0;8430;7678
15/05/2024 13:00;15/05/2024 13:15;53;kWh;-9919;0;0;0;9919;-9919
15/05/2024 13:15;15/05/2024 13:30;54;kWh;-5539;0;0;0;5539;-5539
15/05/2024 13:30;15/05/2024 13:45;55;kWh;-9189;0;0;0;9189;-9189
15/05/2024 13:45;15/05/2024 14:00;56;kWh;-9564;44;0;0;9608;-9520
15/05/2024 14:00;15/05/2024 14:15;57;kWh;-1146;0;0;0;1146;-1146
15/05/2024 14:15;15/05/2024 14:30;58;kWh;-92;0;0;0;92;-92
15/05/2024 14:30;15/05/2024 14:45;59;kWh;0;13153;0;0;13153;13153
15/05/2024 14:45;15/05/2024 15:00;60;kWh;0;55430;0;0;55430;55430
15/05/2024 15:00;15/05/2024 15:15;61;kWh;0;79333;0;0;79333;79333
15/05/2024 15:15;15/05/2024 15:30;62;kWh;0;55323;0;0;55323;55323
15/05/2024 15:30;15/05/2024 15:45;63;kWh;0;98725;0;0;98725;98725
15/05/2024 15:45;15/05/2024 16:00;64;kWh;0;112442;0;0;112442;112442
15/05/2024 16:00;15/05/2024 16:15;65;kWh;-5599;6656;0;0;12255;1057
15/05/2024 16:15;15/05/2024 16:30;66;kWh;0;27201;0;0;27201;27201
15/05/2024 16:30;15/05/2024 16:45;67;kWh;0;106617;0;0;106617;106617
15/05/2024 16:45;15/05/2024 17:00;68;kWh;0;114448;0;0;114448;114448
15/05/2024 17:00;15/05/2024 17:15;69;kWh;0;48219;0;0;48219;48219
15/05/2024 17:15;15/05/2024 17:30;70;kWh;0;34546;0;0;34546;34546
15/05/2024 17:30;15/05/2024 17:45;71;kWh;0;67228;0;0;67228;67228
15/05/2024 17:45;15/05/2024 18:00;72;kWh;0;89566;0;0;89566;89566
15/05/2024 18:00;15/05/2024 18:15;73;kWh;-12924;5460;0;0;18384;-7464
15/05/2024 18:15;15/05/2024 18:30;74;kWh;-28003;0;0;0;28003;-28003
15/05/2024 18:30;15/05/2024 18:45;75;kWh;-22551;601;0;0;23152;-21950
15/05/2024 18:45;15/05/2024 19:00;76;kWh;0;178;0;0;178;178
15/05/2024 19:00;15/05/2024 19:15;77;kWh;0;18330;0;0;18330;18330
15/05/2024 19:15;15/05/2024 19:30;78;kWh;0;45145;0;0;45145;45145
15/05/2024 19:30;15/05/2024 19:45;79;kWh;0;44723;0;0;44723;44723
15/05/2024 19:45;15/05/2024 20:00;80;kWh;0;41341;0;0;41341;41341
15/05/2024 20:00;15/05/2024 20:15;81;kWh;0;60931;0;0;60931;60931
15/05/2024 20:15;15/05/2024 20:30;82;kWh;0;78330;0;0;78330;78330
15/05/2024 20:30;15/05/2024 20:45;83;kWh;0;67981;0;0;67981;67981
15/05/2024 20:45;15/05/2024 21:00;84;kWh;0;51960;0;0;51960;51960
15/05/2024 21:00;15/05/2024 21:15;85;kWh;-916;1402;0;0;2318;486
15/05/2024 21:15;15/05/2024 21:30;86;kWh;-58;0;0;0;58;-58
15/05/2024 21:30;15/05/2024 21:45;87;kWh;-2333;0;0;0;2333;-2333
15/05/2024 21:45;15/05/2024 22:00;88;kWh;-43211;0;0;0;43211;-43211
15/05/2024 22:00;15/05/2024 22:15;89;kWh;-20204;0;0;0;20204;-20204
15/05/2024 22:15;15/05/2024 22:30;90;kWh;-21508;0;0;0;21508;-21508
15/05/2024 22:30;15/05/2024 22:45;91;kWh;-10828;0;0;0;10828;-10828
15/05/2024 22:45;15/05/2024 23:00;92;kWh;-37764;0;0;0;37764;-37764
15/05/2024 23:00;15/05/2024 23:15;93;kWh;-24083;0;0;0;24083;-24083
15/05/2024 23:15;15/05/2024 23:30;94;kWh;-52792;0;0;0;52792;-52792
15/05/2024 23:30;15/05/2024 23:45;95;kWh;-33527;0;0;0;33527;-33527
15/05/2024 23:45;16/05/2024 00:00;96;kWh;-32398;0;0;0;32398;-32398
16/05/2024 00:00;16/05/2024 00:15;1;kWh;-33267;0;0;0;33267;-33267
16/05/2024 00:15;16/05/2024 00:30;2;kWh;-6803;0;0;0;6803;-6803
16/05/2024 00:30;16/05/2024 00:45;3;kWh;-15224;0;0;0;15224;-15224
16/05/2024 00:45;16/05/2024 01:00;4;kWh;0;1534;0;0;1534;1534
16/05/2024 01:00;16/05/2024 01:15;5;kWh;0;35493;0;0;35493;35493
16/05/2024 01:15;16/05/2024 01:30;6;kWh;0;21834;0;0;21834;21834
16/05/2024 01:30;16/05/2024 01:45;7;kWh;0;11481;0;0;11481;11481
16/05/2024 01:45;16/05/2024 02:00;8;kWh;-1153;1009;0;0;2162;-144
16/05/2024 02:00;16/05/2024 02:15;9;kWh;-4418;0;0;0;4418;-4418
16/05/2024 02:15;16/05/2024 02:30;10;kWh;-20052;0;0;0;20052;-20052
16/05/2024 02:30;16/05/2024 02:45;11;kWh;-31203;0;0;0;31203;-31203
16/05/2024 02:45;16/05/2024 03:00;12;kWh;-9349;0;0;0;9349;-9349
16/05/2024 03:00;16/05/2024 03:15;13;kWh;-34841;0;0;0;34841;-34841
16/05/2024 03:15;16/05/2024 03:30;14;kWh;-22475;0;0;0;22475;-22475
16/05/2024 03:30;16/05/2024 03:45;15;kWh;-45747;0;0;0;45747;-45747
16/05/2024 03:45;16/05/2024 04:00;16;kWh;-75753;0;0;0;75753;-75753
16/05/2024 04:00;16/05/2024 04:15;17;kWh;-24772;0;0;0;24772;-24772
16/05/2024 04:15;16/05/2024 04:30;18;kWh;-42533;0;0;0;42533;-42533
16/05/2024 04:30;16/05/2024 04:45;19;kWh;-47915;0;0;0;47915;-47915
16/05/2024 04:45;16/05/2024 05:00;20;kWh;-49743;0;0;0;49743;-49743
16/05/2024 05:00;16/05/2024 05:15;21;kWh;-25804;0;0;0;25804;-25804
16/05/2024 05:15;16/05/2024 05:30;22;kWh;-20454;0;0;0;20454;-20454
16/05/2024 05:30;16/05/2024 05:45;23;kWh;-26616;0;0;0;26616;-26616
16/05/2024 05:45;16/05/2024 06:00;24;kWh;-14973;0;0;0;14973;-14973
16/05/2024 06:00;16/05/2024 06:15;25;kWh;-13564;0;0;0;13564;-13564
16/05/2024 06:15;16/05/2024 06:30;26;kWh;0;5426;0;0;5426;5426
16/05/2024 06:30;16/05/2024 06:45;27;kWh;0;10173;0;0;10173;10173
16/05/2024 06:45;16/05/2024 07:00;28;kWh;0;975;0;0;975;975
16/05/2024 07:00;16/05/2024 07:15;29;kWh;0;708;0;0;708;708
16/05/2024 07:15;16/05/2024 07:30;30;kWh;0;1013;0;0;1013;1013
16/05/2024 07:30;16/05/2024 07:45;31;kWh;0;10025;0;0;10025;10025
16/05/2024 07:45;16/05/2024 08:00;32;kWh;0;5984;0;0;5984;5984
16/05/2024 08:00;16/05/2024 08:15;33;kWh;0;4085;0;0;4085;4085
16/05/2024 08:15;16/05/2024 08:30;34;kWh;-8140;90;0;0;8230;-8050
16/05/2024 08:30;16/05/2024 08:45;35;kWh;-16547;0;0;0;16547;-16547
16/05/2024 08:45;16/05/2024 09:00;36;kWh;-37509;0;0;0;37509;-37509
16/05/2024 09:00;16/05/2024 09:15;37;kWh;-14333;1839;0;0;16172;-12494
16/05/2024 09:15;16/05/2024 09:30;38;kWh;-23514;0;0;0;23514;-23514
16/05/2024 09:30;16/05/2024 09:45;39;kWh;-28062;0;0;0;28062;-28062
16/05/2024 09:45;16/05/2024 10:00;40;kWh;-34028;689;0;0;34717;-33339
16/05/2024 10:00;16/05/2024 10:15;41;kWh;-120;28033;0;0;28153;27913
16/05/2024 10:15;16/05/2024 10:30;42;kWh;-5724;0;0;0;5724;-5724
16/05/2024 10:30;16/05/2024 10:45;43;kWh;-20189;0;0;0;20189;-20189
16/05/2024 10:45;16/05/2024 11:00;44;kWh;-20884;0;0;0;20884;-20884
16/05/2024 11:00;16/05/2024 11:15;45;kWh;-22149;430;0;0;22579;-21719
16/05/2024 11:15;16/05/2024 11:30;46;kWh;-41517;984;0;0;42501;-40533
16/05/2024 11:30;16/05/2024 11:45;47;kWh;-37398;0;0;0;37398;-37398
16/05/2024 11:45;16/05/2024 12:00;48;kWh;-42560;51;0;0;42611;-42509
16/05/2024 12:00;16/05/2024 12:15;49;kWh;-45928;0;0;0;45928;-45928
16/05/2024 12:15;16/05/2024 12:30;50;kWh;-108993;0;0;0;108993;-108993
16/05/2024 12:30;16/05/2024 12:45;51;kWh;-111796;0;-44970;0;156766;-156766
16/05/2024 12:45;16/05/2024 13:00;52;kWh;-113249;0;-67455;0;180704;-180704
16/05/2024 13:00;16/05/2024 13:15;53;kWh;-45800;0;-67455;0;113255;-113255
16/05/2024 13:15;16/05/2024 13:30;54;kWh;-105953;0;-67455;0;173408;-173408
16/05/2024 13:30;16/05/2024 13:45;55;kWh;-85958;0;-62940;0;148898;-148898
16/05/2024 13:45;16/05/2024 14:00;56;kWh;-113520;0;-70533;0;184053;-184053
16/05/2024 14:00;16/05/2024 14:15;57;kWh;-67355;0;-103807;0;171162;-171162
16/05/2024 14:15;16/05/2024 14:30;58;kWh;-61364;0;-103821;0;165185;-165185
16/05/2024 14:30;16/05/2024 14:45;59;kWh;-48464;0;-103821;0;152285;-152285
16/05/2024 14:45;16/05/2024 15:00;60;kWh;-18704;0;-103821;0;122525;-122525
16/05/2024 15:00;16/05/2024 15:15;61;kWh;-30831;0;-103821;0;134652;-134652
16/05/2024 15:15;16/05/2024 15:30;62;kWh;-24961;12;0;0;24973;-24949
16/05/2024 15:30;16/05/2024 15:45;63;kWh;-27323;81;0;0;27404;-27242
16/05/2024 15:45;16/05/2024 16:00;64;kWh;-300;758;0;0;1058;458
16/05/2024 16:00;16/05/2024 16:15;65;kWh;0;13855;0;0;13855;13855
16/05/2024 16:15;16/05/2024 16:30;66;kWh;0;58109;0;0;58109;58109
16/05/2024 16:30;16/05/2024 16:45;67;kWh;-19;24901;0;0;24920;24882
16/05/2024 16:45;16/05/2024 17:00;68;kWh;0;40326;0;0;40326;40326
16/05/2024 17:00;16/05/2024 17:15;69;kWh;0;50659;0;0;50659;50659
16/05/2024 17:15;16/05/2024 17:30;70;kWh;0;56495;0;0;56495;56495
16/05/2024 17:30;16/05/2024 17:45;71;kWh;0;23399;0;0;23399;23399
16/05/2024 17:45;16/05/2024 18:00;72;kWh;0;33223;0;0;33223;33223
16/05/2024 18:00;16/05/2024 18:15;73;kWh;0;34906;0;0;34906;34906
16/05/2024 18:15;16/05/2024 18:30;74;kWh;0;8877;0;0;8877;8877
16/05/2024 18:30;16/05/2024 18:45;75;kWh;0;314;0;0;314;314
16/05/2024 18:45;16/05/2024 19:00;76;kWh;0;16725;0;0;16725;16725
16/05/2024 19:00;16/05/2024 19:15;77;kWh;-24804;1759;0;0;26563;-23045
16/05/2024 19:15;16/05/2024 19:30;78;kWh;-3691;0;0;0;3691;-3691
16/05/2024 19:30;16/05/2024 19:45;79;kWh;0;4025;0;0;4025;4025
16/05/2024 19:45;16/05/2024 20:00;80;kWh;0;8419;0;0;8419;8419
16/05/2024 20:00;16/05/2024 20:15;81;kWh;0;12946;0;0;12946;12946
16/05/2024 20:15;16/05/2024 20:30;82;kWh;0;31926;0;0;31926;31926
16/05/2024 20:30;16/05/2024 20:45;83;kWh;0;71258;0;0;71258;71258
16/05/2024 20:45;16/05/2024 21:00;84;kWh;0;59084;0;0;59084;59084
16/05/2024 21:00;16/05/2024 21:15;85;kWh;0;26176;0;0;26176;26176
16/05/2024 21:15;16/05/2024 21:30;86;kWh;0;55565;0;0;55565;55565
16/05/2024 21:30;16/05/2024 21:45;87;kWh;0;32098;0;0;32098;32098
16/05/2024 21:45;16/05/2024 22:00;88;kWh;0;20876;0;0;20876;20876
16/05/2024 22:00;16/05/2024 22:15;89;kWh;0;39990;0;0;39990;39990
16/05/2024 22:15;16/05/2024 22:30;90;kWh;0;44646;0;0;44646;44646
16/05/2024 22:30;16/05/2024 22:45;91;kWh;0;24770;0;0;24770;24770
16/05/2024 22:45;16/05/2024 23:00;92;kWh;0;416;0;0;416;416
16/05/2024 23:00;16/05/2024 23:15;93;kWh;0;29439;0;0;29439;29439
16/05/2024 23:15;16/05/2024 23:30;94;kWh;0;24462;0;0;24462;24462
16/05/2024 23:30;16/05/2024 23:45;95;kWh;0;17924;0;0;17924;17924
16/05/2024 23:45;17/05/2024 00:00;96;kWh;0;23;0;0;23;23
17/05/2024 00:00;17/05/2024 00:15;1;kWh;0;64305;0;0;64305;64305
17/05/2024 00:15;17/05/2024 00:30;2;kWh;0;43102;0;0;43102;43102
17/05/2024 00:30;17/05/2024 00:45;3;kWh;0;18355;0;0;18355;18355
17/05/2024 00:45;17/05/2024 01:00;4;kWh;0;1995;0;0;1995;1995
17/05/2024 01:00;17/05/2024 01:15;5;kWh;0;18538;0;0;18538;18538
17/05/2024 01:15;17/05/2024 01:30;6;kWh;0;17388;0;0;17388;17388
17/05/2024 01:30;17/05/2024 01:45;7;kWh;0;4636;0;0;4636;4636
17/05/2024 01:45;17/05/2024 02:00;8;kWh;0;701;0;0;701;701
17/05/2024 02:00;17/05/2024 02:15;9;kWh;0;775;0;0;775;775
17/05/2024 02:15;17/05/2024 02:30;10;kWh;0;0;0;0;0;0
17/05/2024 02:30;17/05/2024 02:45;11;kWh;-412;0;0;0;412;-412
17/05/2024 02:45;17/05/2024 03:00;12;kWh;-4220;0;0;0;4220;-4220
17/05/2024 03:00;17/05/2024 03:15;13;kWh;-7984;0;0;0;7984;-7984
17/05/2024 03:15;17/05/2024 03:30;14;kWh;-37;0;0;0;37;-37
17/05/2024 03:30;17/05/2024 03:45;15;kWh;-2229;0;0;0;2229;-2229
17/05/2024 03:45;17/05/2024 04:00;16;kWh;-19675;0;0;0;19675;-19675
17/05/2024 04:00;17/05/2024 04:15;17;kWh;-19782;0;0;0;19782;-19782
17/05/2024 04:15;17/05/2024 04:30;18;kWh;-6601;0;0;0;6601;-6601
17/05/2024 04:30;17/05/2024 04:45;19;kWh;-1463;0;0;0;1463;-1463
17/05/2024 04:45;17/05/2024 05:00;20;kWh;-2641;0;0;0;2641;-2641
17/05/2024 05:00;17/05/2024 05:15;21;kWh;-11392;0;0;0;11392;-11392
17/05/2024 05:15;17/05/2024 05:30;22;kWh;-15604;0;0;0;15604;-15604
17/05/2024 05:30;17/05/2024 05:45;23;kWh;-1518;0;0;0;1518;-1518
17/05/2024 05:45;17/05/2024 06:00;24;kWh;-1041;0;0;0;1041;-1041
17/05/2024 06:00;17/05/2024 06:15;25;kWh;-14190;0;0;0;14190;-14190
17/05/2024 06:15;17/05/2024 06:30;26;kWh;-2982;0;0;0;2982;-2982
17/05/2024 06:30;17/05/2024 06:45;27;kWh;-9038;0;0;0;9038;-9038
17/05/2024 06:45;17/05/2024 07:00;28;kWh;-1000;0;0;0;1000;-1000
17/05/2024 07:00;17/05/2024 07:15;29;kWh;0;15548;0;0;15548;15548
17/05/2024 07:15;17/05/2024 07:30;30;kWh;0;28754;0;0;28754;28754
17/05/2024 07:30;17/05/2024 07:45;31;kWh;0;61751;0;0;61751;61751
17/05/2024 07:45;17/05/2024 08:00;32;kWh;0;38605;0;0;38605;38605
17/05/2024 08:00;17/05/2024 08:15;33;kWh;0;47580;0;0;47580;47580
17/05/2024 08:15;17/05/2024 08:30;34;kWh;0;37111;0;0;37111;37111
17/05/2024 08:30;17/05/2024 08:45;35;kWh;0;63567;0;0;63567;63567
17/05/2024 08:45;17/05/2024 09:00;36;kWh;0;63207;0;0;63207;63207
17/05/2024 09:00;17/05/2024 09:15;37;kWh;0;8029;0;0;8029;8029
17/05/2024 09:15;17/05/2024 09:30;38;kWh;0;32478;0;0;32478;32478
17/05/2024 09:30;17/05/2024 09:45;39;kWh;-6347;1350;0;0;7697;-4997
17/05/2024 09:45;17/05/2024 10:00;40;kWh;-45748;0;0;0;45748;-45748
17/05/2024 10:00;17/05/2024 10:15;41;kWh;-22656;0;0;0;22656;-22656
17/05/2024 10:15;17/05/2024 10:30;42;kWh;-17728;0;0;0;17728;-17728
17/05/2024 10:30;17/05/2024 10:45;43;kWh;-32428;0;0;0;32428;-32428
17/05/2024 10:45;17/05/2024 11:00;44;kWh;-38301;0;0;0;38301;-38301
17/05/2024 11:00;17/05/2024 11:15;45;kWh;-14663;0;0;0;14663;-14663
17/05/2024 11:15;17/05/2024 11:30;46;kWh;-7583;0;0;0;7583;-7583
17/05/2024 11:30;17/05/2024 11:45;47;kWh;-8551;0;0;0;8551;-8551
17/05/2024 11:45;17/05/2024 12:00;48;kWh;-14524;0;0;0;14524;-14524
17/05/2024 12:00;17/05/2024 12:15;49;kWh;-24557;0;0;0;24557;-24557
17/05/2024 12:15;17/05/2024 12:30;50;kWh;-25956;0;0;0;25956;-25956
17/05/2024 12:30;17/05/2024 12:45;51;kWh;-16927;3501;0;0;20428;-13426
17/05/2024 12:45;17/05/2024 13:00;52;kWh;-11975;2324;0;0;14299;-9651
17/05/2024 13:00;17/05/2024 13:15;53;kWh;-10983;382;0;0;11365;-10601
17/05/2024 13:15;17/05/2024 13:30;54;kWh;-13654;818;0;0;14472;-12836
17/05/2024 13:30;17/05/2024 13:45;55;kWh;-3;17746;0;0;17749;17743
17/05/2024 13:45;17/05/2024 14:00;56;kWh;0;47727;0;0;47727;47727
17/05/2024 14:00;17/05/2024 14:15;57;kWh;0;40308;0;0;40308;40308
17/05/2024 14:15;17/05/2024 14:30;58;kWh;0;70610;0;0;70610;70610
17/05/2024 14:30;17/05/2024 14:45;59;kWh;0;105181;0;0;105181;105181
17/05/2024 14:45;17/05/2024 15:00;60;kWh;0;12285;0;0;12285;12285
17/05/2024 15:00;17/05/2024 15:15;61;kWh;0;4271;0;0;4271;4271
17/05/2024 15:15;17/05/2024 15:30;62;kWh;0;4193;0;0;4193;4193
17/05/2024 15:30;17/05/2024 15:45;63;kWh;-282;11;0;0;293;-271
17/05/2024 15:45;17/05/2024 16:00;64;kWh;-21061;0;0;0;21061;-21061
17/05/2024 16:00;17/05/2024 16:15;65;kWh;-8690;0;0;0;8690;-8690
17/05/2024 16:15;17/05/2024 16:30;66;kWh;-3164;0;0;0;3164;-3164
17/05/2024 16:30;17/05/2024 16:45;67;kWh;-446;0;0;0;446;-446
17/05/2024 16:45;17/05/2024 17:00;68;kWh;0;0;0;0;0;0
17/05/2024 17:00;17/05/2024 17:15;69;kWh;0;7500;0;0;7500;7500
17/05/2024 17:15;17/05/2024 17:30;70;kWh;0;20363;0;0;20363;20363
17/05/2024 17:30;17/05/2024 17:45;71;kWh;0;36372;0;0;36372;36372
17/05/2024 17:45;17/05/2024 18:00;72;kWh;0;24255;0;0;24255;24255
17/05/2024 18:00;17/05/2024 18:15;73;kWh;0;12614;0;0;12614;12614
17/05/2024 18:15;17/05/2024 18:30;74;kWh;0;12097;0;0;12097;12097
17/05/2024 18:30;17/05/2024 18:45;75;kWh;0;6514;0;0;6514;6514
17/05/2024 18:45;17/05/2024 19:00;76;kWh;0;2147;0;0;2147;2147
17/05/2024 19:00;17/05/2024 19:15;77;kWh;-4547;398;0;0;4945;-4149
17/05/2024 19:15;17/05/2024 19:30;78;kWh;-261;0;0;0;261;-261
17/05/2024 19:30;17/05/2024 19:45;79;kWh;0;46975;0;0;46975;46975
17/05/2024 19:45;17/05/2024 20:00;80;kWh;0;73435;0;0;73435;73435
17/05/2024 20:00;17/05/2024 20:15;81;kWh;0;25072;0;0;25072;25072
17/05/2024 20:15;17/05/2024 20:30;82;kWh;0;1934;0;0;1934;1934
17/05/2024 20:30;17/05/2024 20:45;83;kWh;0;682;0;0;682;682
17/05/2024 20:45;17/05/2024 21:00;84;kWh;-22302;0;0;0;22302;-22302
17/05/2024 21:00;17/05/2024 21:15;85;kWh;-25106;0;0;0;25106;-25106
17/05/2024 21:15;17/05/2024 21:30;86;kWh;-13755;0;0;0;13755;-13755
17/05/2024 21:30;17/05/2024 21:45;87;kWh;-45799;0;0;0;45799;-45799
17/05/2024 21:45;17/05/2024 22:00;88;kWh;-77060;0;0;0;77060;-77060
17/05/2024 22:00;17/05/2024 22:15;89;kWh;-10086;0;0;0;10086;-10086
17/05/2024 22:15;17/05/2024 22:30;90;kWh;-196;0;0;0;196;-196
17/05/2024 22:30;17/05/2024 22:45;91;kWh;-421;0;0;0;421;-421
17/05/2024 22:45;17/05/2024 23:00;92;kWh;0;11508;0;0;11508;11508
17/05/2024 23:00;17/05/2024 23:15;93;kWh;0;165;0;0;165;165
17/05/2024 23:15;17/05/2024 23:30;94;kWh;0;6416;0;0;6416;6416
17/05/2024 23:30;17/05/2024 23:45;95;kWh;0;31973;0;0;31973;31973
17/05/2024 23:45;18/05/2024 00:00;96;kWh;0;29101;0;0;29101;29101
18/05/2024 00:00;18/05/2024 00:15;1;kWh;0;36152;0;0;36152;36152
18/05/2024 00:15;18/05/2024 00:30;2;kWh;0;40699;0;0;40699;40699
18/05/2024 00:30;18/05/2024 00:45;3;kWh;0;9106;0;0;9106;9106
18/05/2024 00:45;18/05/2024 01:00;4;kWh;0;9487;0;0;9487;9487
18/05/2024 01:00;18/05/2024 01:15;5;kWh;0;190;0;0;190;190
18/05/2024 01:15;18/05/2024 01:30;6;kWh;0;0;0;0;0;0
18/05/2024 01:30;18/05/2024 01:45;7;kWh;0;0;0;0;0;0
18/05/2024 01:45;18/05/2024 02:00;8;kWh;0;0;0;0;0;0
18/05/2024 02:00;18/05/2024 02:15;9;kWh;0;0;0;0;0;0
18/05/2024 02:15;18/05/2024 02:30;10;kWh;0;0;0;0;0;0
18/05/2024 02:30;18/05/2024 02:45;11;kWh;-5032;0;0;0;5032;-5032
18/05/2024 02:45;18/05/2024 03:00;12;kWh;-2371;0;0;0;2371;-2371
18/05/2024 03:00;18/05/2024 03:15;13;kWh;-1491;0;0;0;1491;-1491
18/05/2024 03:15;18/05/2024 03:30;14;kWh;0;0;0;0;0;0
18/05/2024 03:30;18/05/2024 03:45;15;kWh;0;0;0;0;0;0
18/05/2024 03:45;18/05/2024 04:00;16;kWh;0;0;0;0;0;0
18/05/2024 04:00;18/05/2024 04:15;17;kWh;0;14941;0;0;14941;14941
18/05/2024 04:15;18/05/2024 04:30;18;kWh;0;33359;0;0;33359;33359
18/05/2024 04:30;18/05/2024 04:45;19;kWh;0;22663;0;0;22663;22663
18/05/2024 04:45;18/05/2024 05:00;20;kWh;0;42726;0;0;42726;42726
18/05/2024 05:00;18/05/2024 05:15;21;kWh;0;42398;0;0;42398;42398
18/05/2024 05:15;18/05/2024 05:30;22;kWh;0;21028;0;0;21028;21028
18/05/2024 05:30;18/05/2024 05:45;23;kWh;-1696;1506;0;0;3202;-190
18/05/2024 05:45;18/05/2024 06:00;24;kWh;-9586;0;0;0;9586;-9586
18/05/2024 06:00;18/05/2024 06:15;25;kWh;-19635;0;0;0;19635;-19635
18/05/2024 06:15;18/05/2024 06:30;26;kWh;0;0;0;0;0;0
18/05/2024 06:30;18/05/2024 06:45;27;kWh;-2891;0;0;0;2891;-2891
18/05/2024 06:45;18/05/2024 07:00;28;kWh;-2340;0;0;0;2340;-2340
18/05/2024 07:00;18/05/2024 07:15;29;kWh;-453;0;0;0;453;-453
18/05/2024 07:15;18/05/2024 07:30;30;kWh;-656;0;0;0;656;-656
18/05/2024 07:30;18/05/2024 07:45;31;kWh;-4730;0;0;0;4730;-4730
18/05/2024 07:45;18/05/2024 08:00;32;kWh;-14576;0;0;0;14576;-14576
18/05/2024 08:00;18/05/2024 08:15;33;kWh;-3477;64956;0;0;68433;61479
18/05/2024 08:15;18/05/2024 08:30;34;kWh;0;59414;0;0;59414;59414
18/05/2024 08:30;18/05/2024 08:45;35;kWh;-6258;278;0;0;6536;-5980
18/05/2024 08:45;18/05/2024 09:00;36;kWh;-20270;0;0;0;20270;-20270
18/05/2024 09:00;18/05/2024 09:15;37;kWh;-2992;39723;0;0;42715;36731
18/05/2024 09:15;18/05/2024 09:30;38;kWh;-17;20877;0;0;20894;20860
18/05/2024 09:30;18/05/2024 09:45;39;kWh;-10599;2;0;0;10601;-10597
18/05/2024 09:45;18/05/2024 10:00;40;kWh;-34856;0;0;0;34856;-34856
18/05/2024 10:00;18/05/2024 10:15;41;kWh;-8371;0;0;0;8371;-8371
18/05/2024 10:15;18/05/2024 10:30;42;kWh;-27;2554;0;0;2581;2527
18/05/2024 10:30;18/05/2024 10:45;43;kWh;-14096;0;0;0;14096;-14096
18/05/2024 10:45;18/05/2024 11:00;44;kWh;-68047;0;0;0;68047;-68047
18/05/2024 11:00;18/05/2024 11:15;45;kWh;-40500;0;0;0;40500;-40500
18/05/2024 11:15;18/05/2024 11:30;46;kWh;-213;0;0;0;213;-213
18/05/2024 11:30;18/05/2024 11:45;47;kWh;-782;0;0;0;782;-782
18/05/2024 11:45;18/05/2024 12:00;48;kWh;-3005;0;0;0;3005;-3005
18/05/2024 12:00;18/05/2024 12:15;49;kWh;-73;230;0;0;303;157
18/05/2024 12:15;18/05/2024 12:30;50;kWh;0;6422;0;0;6422;6422
18/05/2024 12:30;18/05/2024 12:45;51;kWh;0;1398;0;0;1398;1398
18/05/2024 12:45;18/05/2024 13:00;52;kWh;0;0;0;0;0;0
18/05/2024 13:00;18/05/2024 13:15;53;kWh;0;0;0;0;0;0
18/05/2024 13:15;18/05/2024 13:30;54;kWh;-1221;0;0;0;1221;-1221
18/05/2024 13:30;18/05/2024 13:45;55;kWh;-3636;0;0;0;3636;-3636
18/05/2024 13:45;18/05/2024 14:00;56;kWh;-11639;0;0;0;11639;-11639
18/05/2024 14:00;18/05/2024 14:15;57;kWh;-9278;0;0;0;9278;-9278
18/05/2024 14:15;18/05/2024 14:30;58;kWh;0;2281;0;0;2281;2281
18/05/2024 14:30;18/05/2024 14:45;59;kWh;0;28568;0;0;28568;28568
18/05/2024 14:45;18/05/2024 15:00;60;kWh;0;86950;0;0;86950;86950
18/05/2024 15:00;18/05/2024 15:15;61;kWh;0;51335;0;0;51335;51335
18/05/2024 15:15;18/05/2024 15:30;62;kWh;0;20485;0;0;20485;20485
18/05/2024 15:30;18/05/2024 15:45;63;kWh;0;65165;0;0;65165;65165
18/05/2024 15:45;18/05/2024 16:00;64;kWh;-839;15060;0;0;15899;14221
18/05/2024 16:00;18/05/2024 16:15;65;kWh;-46769;0;0;0;46769;-46769
18/05/2024 16:15;18/05/2024 16:30;66;kWh;-280;40;0;0;320;-240
18/05/2024 16:30;18/05/2024 16:45;67;kWh;-18;20;0;0;38;2
18/05/2024 16:45;18/05/2024 17:00;68;kWh;0;3148;0;0;3148;3148
18/05/2024 17:00;18/05/2024 17:15;69;kWh;-11369;6;0;0;11375;-11363
18/05/2024 17:15;18/05/2024 17:30;70;kWh;-2000;0;0;0;2000;-2000
18/05/2024 17:30;18/05/2024 17:45;71;kWh;-565;0;0;0;565;-565
18/05/2024 17:45;18/05/2024 18:00;72;kWh;-473;0;0;0;473;-473
18/05/2024 18:00;18/05/2024 18:15;73;kWh;-40690;0;0;0;40690;-40690
18/05/2024 18:15;18/05/2024 18:30;74;kWh;-40637;0;0;0;40637;-40637
18/05/2024 18:30;18/05/2024 18:45;75;kWh;-13084;0;0;0;13084;-13084
18/05/2024 18:45;18/05/2024 19:00;76;kWh;-12240;0;0;0;12240;-12240
18/05/2024 19:00;18/05/2024 19:15;77;kWh;-6619;0;0;0;6619;-6619
18/05/2024 19:15;18/05/2024 19:30;78;kWh;-559;0;0;0;559;-559
18/05/2024 19:30;18/05/2024 19:45;79;kWh;0;26549;0;0;26549;26549
18/05/2024 19:45;18/05/2024 20:00;80;kWh;0;46028;0;0;46028;46028
18/05/2024 20:00;18/05/2024 20:15;81;kWh;-8092;5493;0;0;13585;-2599
18/05/2024 20:15;18/05/2024 20:30;82;kWh;-973;0;0;0;973;-973
18/05/2024 20:30;18/05/2024 20:45;83;kWh;0;27089;0;0;27089;27089
18/05/2024 20:45;18/05/2024 21:00;84;kWh;0;34610;0;0;34610;34610
18/05/2024 21:00;18/05/2024 21:15;85;kWh;-23056;235;0;0;23291;-22821
18/05/2024 21:15;18/05/2024 21:30;86;kWh;-2770;0;0;0;2770;-2770
18/05/2024 21:30;18/05/2024 21:45;87;kWh;-1127;0;0;0;1127;-1127
18/05/2024 21:45;18/05/2024 22:00;88;kWh;-11636;0;0;0;11636;-11636
18/05/2024 22:00;18/05/2024 22:15;89;kWh;-1156;44;0;0;1200;-1112
18/05/2024 22:15;18/05/2024 22:30;90;kWh;-1182;21;0;0;1203;-1161
18/05/2024 22:30;18/05/2024 22:45;91;kWh;0;8074;0;0;8074;8074
18/05/2024 22:45;18/05/2024 23:00;92;kWh;0;5234;0;0;5234;5234
18/05/2024 23:00;18/05/2024 23:15;93;kWh;0;1560;0;0;1560;1560
18/05/2024 23:15;18/05/2024 23:30;94;kWh;0;455;0;0;455;455
18/05/2024 23:30;18/05/2024 23:45;95;kWh;0;2375;0;0;2375;2375
18/05/2024 23:45;19/05/2024 00:00;96;kWh;0;4890;0;0;4890;4890
19/05/2024 00:00;19/05/2024 00:15;1;kWh;0;27649;0;0;27649;27649
19/05/2024 00:15;19/05/2024 00:30;2;kWh;0;49080;0;0;49080;49080
19/05/2024 00:30;19/05/2024 00:45;3;kWh;0;22721;0;0;22721;22721
19/05/2024 00:45;19/05/2024 01:00;4;kWh;0;20109;0;0;20109;20109
19/05/2024 01:00;19/05/2024 01:15;5;kWh;0;26317;0;0;26317;26317
19/05/2024 01:15;19/05/2024 01:30;6;kWh;0;10340;0;0;10340;10340
19/05/2024 01:30;19/05/2024 01:45;7;kWh;0;4420;0;0;4420;4420
19/05/2024 01:45;19/05/2024 02:00;8;kWh;0;218;0;0;218;218
19/05/2024 02:00;19/05/2024 02:15;9;kWh;0;27208;0;0;27208;27208
19/05/2024 02:15;19/05/2024 02:30;10;kWh;0;41805;0;0;41805;41805
19/05/2024 02:30;19/05/2024 02:45;11;kWh;0;39488;0;0;39488;39488
19/05/2024 02:45;19/05/2024 03:00;12;kWh;0;33039;0;0;33039;33039
19/05/2024 03:00;19/05/2024 03:15;13;kWh;0;26380;0;0;26380;26380
19/05/2024 03:15;19/05/2024 03:30;14;kWh;0;10624;0;0;10624;10624
19/05/2024 03:30;19/05/2024 03:45;15;kWh;0;8247;0;0;8247;8247
19/05/2024 03:45;19/05/2024 04:00;16;kWh;0;22706;0;0;22706;22706
19/05/2024 04:00;19/05/2024 04:15;17;kWh;0;18652;0;0;18652;18652
19/05/2024 04:15;19/05/2024 04:30;18;kWh;0;26998;0;0;26998;26998
19/05/2024 04:30;19/05/2024 04:45;19;kWh;0;20709;0;0;20709;20709
19/05/2024 04:45;19/05/2024 05:00;20;kWh;-1;21949;0;0;21950;21948
19/05/2024 05:00;19/05/2024 05:15;21;kWh;-17095;467;0;0;17562;-16628
19/05/2024 05:15;19/05/2024 05:30;22;kWh;-655;0;0;0;655;-655
19/05/2024 05:30;19/05/2024 05:45;23;kWh;-11335;0;0;0;11335;-11335
19/05/2024 05:45;19/05/2024 06:00;24;kWh;-19408;0;0;0;19408;-19408
19/05/2024 06:00;19/05/2024 06:15;25;kWh;-5867;37543;0;0;43410;31676
19/05/2024 06:15;19/05/2024 06:30;26;kWh;0;33722;0;0;33722;33722
19/05/2024 06:30;19/05/2024 06:45;27;kWh;-594;7994;0;0;8588;7400
19/05/2024 06:45;19/05/2024 07:00;28;kWh;-24557;0;0;0;24557;-24557
19/05/2024 07:00;19/05/2024 07:15;29;kWh;-1052;43140;0;0;44192;42088
19/05/2024 07:15;19/05/2024 07:30;30;kWh;-1784;2871;0;0;4655;1087
19/05/2024 07:30;19/05/2024 07:45;31;kWh;-28532;0;0;0;28532;-28532
19/05/2024 07:45;19/05/2024 08:00;32;kWh;-44324;0;0;0;44324;-44324
19/05/2024 08:00;19/05/2024 08:15;33;kWh;-371;59873;0;0;60244;59502
19/05/2024 08:15;19/05/2024 08:30;34;kWh;0;49453;0;0;49453;49453
19/05/2024 08:30;19/05/2024 08:45;35;kWh;-839;14701;0;0;15540;13862
19/05/2024 08:45;19/05/2024 09:00;36;kWh;-3724;0;0;0;3724;-3724
19/05/2024 09:00;19/05/2024 09:15;37;kWh;-221;62657;0;0;62878;62436
19/05/2024 09:15;19/05/2024 09:30;38;kWh;-1113;3908;0;0;5021;2795
19/05/2024 09:30;19/05/2024 09:45;39;kWh;-5255;0;0;0;5255;-5255
19/05/2024 09:45;19/05/2024 10:00;40;kWh;-38913;0;0;0;38913;-38913
19/05/2024 10:00;19/05/2024 10:15;41;kWh;-20507;0;0;0;20507;-20507
19/05/2024 10:15;19/05/2024 10:30;42;kWh;-11023;0;0;0;11023;-11023
19/05/2024 10:30;19/05/2024 10:45;43;kWh;-41345;0;0;0;41345;-41345
19/05/2024 10:45;19/05/2024 11:00;44;kWh;-60802;0;0;0;60802;-60802
19/05/2024 11:00;19/05/2024 11:15;45;kWh;-24925;0;0;0;24925;-24925
19/05/2024 11:15;19/05/2024 11:30;46;kWh;-15130;0;0;0;15130;-15130
19/05/2024 11:30;19/05/2024 11:45;47;kWh;-27190;0;0;0;27190;-27190
19/05/2024 11:45;19/05/2024 12:00;48;kWh;-44251;0;0;0;44251;-44251
19/05/2024 12:00;19/05/2024 12:15;49;kWh;-39798;0;0;0;39798;-39798
19/05/2024 12:15;19/05/2024 12:30;50;kWh;-35963;0;0;0;35963;-35963
19/05/2024 12:30;19/05/2024 12:45;51;kWh;-41123;0;0;0;41123;-41123
19/05/2024 12:45;19/05/2024 13:00;52;kWh;-98854;0;0;0;98854;-98854
19/05/2024 13:00;19/05/2024 13:15;53;kWh;-22175;0;0;0;22175;-22175
19/05/2024 13:15;19/05/2024 13:30;54;kWh;0;152;0;0;152;152
19/05/2024 13:30;19/05/2024 13:45;55;kWh;0;3144;0;0;3144;3144
19/05/2024 13:45;19/05/2024 14:00;56;kWh;0;1392;0;0;1392;1392
19/05/2024 14:00;19/05/2024 14:15;57;kWh;0;2865;0;0;2865;2865
19/05/2024 14:15;19/05/2024 14:30;58;kWh;0;524;0;0;524;524
19/05/2024 14:30;19/05/2024 14:45;59;kWh;-21417;0;0;0;21417;-21417
19/05/2024 14:45;19/05/2024 15:00;60;kWh;-72083;0;0;0;72083;-72083
19/05/2024 15:00;19/05/2024 15:15;61;kWh;-70272;0;0;0;70272;-70272
19/05/2024 15:15;19/05/2024 15:30;62;kWh;-65255;0;0;0;65255;-65255
19/05/2024 15:30;19/05/2024 15:45;63;kWh;-63106;0;0;0;63106;-63106
19/05/2024 15:45;19/05/2024 16:00;64;kWh;-68881;0;0;0;68881;-68881
19/05/2024 16:00;19/05/2024 16:15;65;kWh;-62464;0;0;0;62464;-62464
19/05/2024 16:15;19/05/2024 16:30;66;kWh;-19297;0;0;0;19297;-19297
19/05/2024 16:30;19/05/2024 16:45;67;kWh;0;15807;0;0;15807;15807
19/05/2024 16:45;19/05/2024 17:00;68;kWh;0;24638;0;0;24638;24638
19/05/2024 17:00;19/05/2024 17:15;69;kWh;0;1084;0;0;1084;1084
19/05/2024 17:15;19/05/2024 17:30;70;kWh;0;29479;0;0;29479;29479
19/05/2024 17:30;19/05/2024 17:45;71;kWh;0;41782;0;0;41782;41782
19/05/2024 17:45;19/05/2024 18:00;72;kWh;0;49373;0;0;49373;49373
19/05/2024 18:00;19/05/2024 18:15;73;kWh;-26326;7468;0;0;33794;-18858
19/05/2024 18:15;19/05/2024 18:30;74;kWh;-15843;0;0;0;15843;-15843
19/05/2024 18:30;19/05/2024 18:45;75;kWh;-834;0;0;0;834;-834
19/05/2024 18:45;19/05/2024 19:00;76;kWh;-72;0;0;0;72;-72
19/05/2024 19:00;19/05/2024 19:15;77;kWh;-41563;0;0;0;41563;-41563
19/05/2024 19:15;19/05/2024 19:30;78;kWh;-23717;0;0;0;23717;-23717
19/05/2024 19:30;19/05/2024 19:45;79;kWh;-6854;0;0;0;6854;-6854
19/05/2024 19:45;19/05/2024 20:00;80;kWh;-7;0;0;0;7;-7
19/05/2024 20:00;19/05/2024 20:15;81;kWh;-895;923;0;0;1818;28
19/05/2024 20:15;19/05/2024 20:30;82;kWh;0;13425;0;0;13425;13425
19/05/2024 20:30;19/05/2024 20:45;83;kWh;0;27270;0;0;27270;27270
19/05/2024 20:45;19/05/2024 21:00;84;kWh;0;38794;0;0;38794;38794
19/05/2024 21:00;19/05/2024 21:15;85;kWh;-799;1389;0;0;2188;590
19/05/2024 21:15;19/05/2024 21:30;86;kWh;0;11506;0;0;11506;11506
19/05/2024 21:30;19/05/2024 21:45;87;kWh;0;65933;0;0;65933;65933
19/05/2024 21:45;19/05/2024 22:00;88;kWh;0;68102;0;0;68102;68102
19/05/2024 22:00;19/05/2024 22:15;89;kWh;0;3069;0;0;3069;3069
19/05/2024 22:15;19/05/2024 22:30;90;kWh;0;2083;0;0;2083;2083
19/05/2024 22:30;19/05/2024 22:45;91;kWh;0;6595;0;0;6595;6595
19/05/2024 22:45;19/05/2024 23:00;92;kWh;-32;1889;0;0;1921;1857
19/05/2024 23:00;19/05/2024 23:15;93;kWh;-770;20;0;0;790;-750
19/05/2024 23:15;19/05/2024 23:30;94;kWh;0;10439;0;0;10439;10439
19/05/2024 23:30;19/05/2024 23:45;95;kWh;0;26871;0;0;26871;26871
19/05/2024 23:45;20/05/2024 00:00;96;kWh;0;17582;0;0;17582;17582
20/05/2024 00:00;20/05/2024 00:15;1;kWh;0;46577;0;0;46577;46577
20/05/2024 00:15;20/05/2024 00:30;2;kWh;0;93232;0;0;93232;93232
20/05/2024 00:30;20/05/2024 00:45;3;kWh;0;93444;0;0;93444;93444
20/05/2024 00:45;20/05/2024 01:00;4;kWh;0;71358;0;0;71358;71358
20/05/2024 01:00;20/05/2024 01:15;5;kWh;0;24709;0;0;24709;24709
20/05/2024 01:15;20/05/2024 01:30;6;kWh;0;23475;0;0;23475;23475
20/05/2024 01:30;20/05/2024 01:45;7;kWh;0;21743;0;0;21743;21743
20/05/2024 01:45;20/05/2024 02:00;8;kWh;0;28874;0;0;28874;28874
20/05/2024 02:00;20/05/2024 02:15;9;kWh;0;5346;0;0;5346;5346
20/05/2024 02:15;20/05/2024 02:30;10;kWh;0;23085;0;0;23085;23085
20/05/2024 02:30;20/05/2024 02:45;11;kWh;0;31864;0;0;31864;31864
20/05/2024 02:45;20/05/2024 03:00;12;kWh;0;42878;0;0;42878;42878
20/05/2024 03:00;20/05/2024 03:15;13;kWh;0;57538;0;0;57538;57538
20/05/2024 03:15;20/05/2024 03:30;14;kWh;0;60857;0;0;60857;60857
20/05/2024 03:30;20/05/2024 03:45;15;kWh;0;46215;0;0;46215;46215
20/05/2024 03:45;20/05/2024 04:00;16;kWh;0;22789;0;0;22789;22789
20/05/2024 04:00;20/05/2024 04:15;17;kWh;0;15450;0;0;15450;15450
20/05/2024 04:15;20/05/2024 04:30;18;kWh;0;511;0;0;511;511
20/05/2024 04:30;20/05/2024 04:45;19;kWh;0;3409;0;0;3409;3409
20/05/2024 04:45;20/05/2024 05:00;20;kWh;0;2384;0;0;2384;2384
20/05/2024 05:00;20/05/2024 05:15;21;kWh;0;1966;0;0;1966;1966
20/05/2024 05:15;20/05/2024 05:30;22;kWh;0;2476;0;0;2476;2476
20/05/2024 05:30;20/05/2024 05:45;23;kWh;0;0;0;0;0;0
20/05/2024 05:45;20/05/2024 06:00;24;kWh;0;0;0;0;0;0
20/05/2024 06:00;20/05/2024 06:15;25;kWh;0;8989;0;0;8989;8989
20/05/2024 06:15;20/05/2024 06:30;26;kWh;0;21915;0;0;21915;21915
20/05/2024 06:30;20/05/2024 06:45;27;kWh;0;6;0;0;6;6
20/05/2024 06:45;20/05/2024 07:00;28;kWh;-389;57;0;0;446;-332
20/05/2024 07:00;20/05/2024 07:15;29;kWh;0;1608;0;0;1608;1608
20/05/2024 07:15;20/05/2024 07:30;30;kWh;0;5698;0;0;5698;5698
20/05/2024 07:30;20/05/2024 07:45;31;kWh;0;3728;0;0;3728;3728
20/05/2024 07:45;20/05/2024 08:00;32;kWh;0;27555;0;0;27555;27555
20/05/2024 08:00;20/05/2024 08:15;33;kWh;0;72560;0;0;72560;72560
20/05/2024 08:15;20/05/2024 08:30;34;kWh;0;48407;0;0;48407;48407
20/05/2024 08:30;20/05/2024 08:45;35;kWh;0;20279;0;0;20279;20279
20/05/2024 08:45;20/05/2024 09:00;36;kWh;0;3262;0;0;3262;3262
20/05/2024 09:00;20/05/2024 09:15;37;kWh;0;45741;0;0;45741;45741
20/05/2024 09:15;20/05/2024 09:30;38;kWh;0;44634;0;0;44634;44634
20/05/2024 09:30;20/05/2024 09:45;39;kWh;0;7765;0;0;7765;7765
20/05/2024 09:45;20/05/2024 10:00;40;kWh;0;487;0;0;487;487
20/05/2024 10:00;20/05/2024 10:15;41;kWh;0;37026;0;0;37026;37026
20/05/2024 10:15;20/05/2024 10:30;42;kWh;0;70660;0;0;70660;70660
20/05/2024 10:30;20/05/2024 10:45;43;kWh;0;57278;0;0;57278;57278
20/05/2024 10:45;20/05/2024 11:00;44;kWh;0;25449;0;0;25449;25449
20/05/2024 11:00;20/05/2024 11:15;45;kWh;0;39978;0;0;39978;39978
20/05/2024 11:15;20/05/2024 11:30;46;kWh;0;8932;0;0;8932;8932
20/05/2024 11:30;20/05/2024 11:45;47;kWh;0;1191;0;0;1191;1191
20/05/2024 11:45;20/05/2024 12:00;48;kWh;0;812;0;0;812;812
20/05/2024 12:00;20/05/2024 12:15;49;kWh;0;0;0;0;0;0
20/05/2024 12:15;20/05/2024 12:30;50;kWh;-1239;0;0;0;1239;-1239
20/05/2024 12:30;20/05/2024 12:45;51;kWh;-14308;0;0;0;14308;-14308
20/05/2024 12:45;20/05/2024 13:00;52;kWh;-119980;0;0;0;119980;-119980
20/05/2024 13:00;20/05/2024 13:15;53;kWh;-59433;0;0;0;59433;-59433
20/05/2024 13:15;20/05/2024 13:30;54;kWh;-53115;0;0;0;53115;-53115
20/05/2024 13:30;20/05/2024 13:45;55;kWh;-24262;0;0;0;24262;-24262
20/05/2024 13:45;20/05/2024 14:00;56;kWh;-79315;0;0;0;79315;-79315
20/05/2024 14:00;20/05/2024 14:15;57;kWh;-8448;0;0;0;8448;-8448
20/05/2024 14:15;20/05/2024 14:30;58;kWh;0;0;0;0;0;0
20/05/2024 14:30;20/05/2024 14:45;59;kWh;0;0;0;0;0;0
20/05/2024 14:45;20/05/2024 15:00;60;kWh;-694;0;0;0;694;-694
20/05/2024 15:00;20/05/2024 15:15;61;kWh;-385;0;0;0;385;-385
20/05/2024 15:15;20/05/2024 15:30;62;kWh;-251;0;0;0;251;-251
20/05/2024 15:30;20/05/2024 15:45;63;kWh;-3513;0;0;0;3513;-3513
20/05/2024 15:45;20/05/2024 16:00;64;kWh;0;9762;0;0;9762;9762
20/05/2024 16:00;20/05/2024 16:15;65;kWh;-921;364;0;0;1285;-557
20/05/2024 16:15;20/05/2024 16:30;66;kWh;0;948;0;0;948;948
20/05/2024 16:30;20/05/2024 16:45;67;kWh;0;11885;0;0;11885;11885
20/05/2024 16:45;20/05/2024 17:00;68;kWh;0;79556;0;0;79556;79556
20/05/2024 17:00;20/05/2024 17:15;69;kWh;0;20502;0;0;20502;20502
20/05/2024 17:15;20/05/2024 17:30;70;kWh;0;36011;0;0;36011;36011
20/05/2024 17:30;20/05/2024 17:45;71;kWh;0;65518;0;0;65518;65518
20/05/2024 17:45;20/05/2024 18:00;72;kWh;0;82376;0;0;82376;82376
20/05/2024 18:00;20/05/2024 18:15;73;kWh;0;18163;0;0;18163;18163
20/05/2024 18:15;20/05/2024 18:30;74;kWh;0;2867;0;0;2867;2867
20/05/2024 18:30;20/05/2024 18:45;75;kWh;0;6707;0;0;6707;6707
20/05/2024 18:45;20/05/2024 19:00;76;kWh;-611;2378;0;0;2989;1767
20/05/2024 19:00;20/05/2024 19:15;77;kWh;-73349;0;0;0;73349;-73349
20/05/2024 19:15;20/05/2024 19:30;78;kWh;-63857;0;0;0;63857;-63857
20/05/2024 19:30;20/05/2024 19:45;79;kWh;-32990;0;0;0;32990;-32990
20/05/2024 19:45;20/05/2024 20:00;80;kWh;-60789;0;0;0;60789;-60789
20/05/2024 20:00;20/05/2024 20:15;81;kWh;-64718;0;0;0;64718;-64718
20/05/2024 20:15;20/05/2024 20:30;82;kWh;-51809;0;0;0;51809;-51809
20/05/2024 20:30;20/05/2024 20:45;83;kWh;-2900;0;0;0;2900;-2900
20/05/2024 20:45;20/05/2024 21:00;84;kWh;-2176;0;0;0;2176;-2176
20/05/2024 21:00;20/05/2024 21:15;85;kWh;-1122;0;0;0;1122;-1122
20/05/2024 21:15;20/05/2024 21:30;86;kWh;-380;0;0;0;380;-380
20/05/2024 21:30;20/05/2024 21:45;87;kWh;-17895;0;0;0;17895;-17895
20/05/2024 21:45;20/05/2024 22:00;88;kWh;-65165;0;0;0;65165;-65165
20/05/2024 22:00;20/05/2024 22:15;89;kWh;-68046;0;0;0;68046;-68046
20/05/2024 22:15;20/05/2024 22:30;90;kWh;-49078;0;0;0;49078;-49078
20/05/2024 22:30;20/05/2024 22:45;91;kWh;-5580;0;0;0;5580;-5580
20/05/2024 22:45;20/05/2024 23:00;92;kWh;-1872;0;0;0;1872;-1872
20/05/2024 23:00;20/05/2024 23:15;93;kWh;-2141;0;0;0;2141;-2141
20/05/2024 23:15;20/05/2024 23:30;94;kWh;0;1944;0;0;1944;1944
20/05/2024 23:30;20/05/2024 23:45;95;kWh;0;3374;0;0;3374;3374
20/05/2024 23:45;21/05/2024 00:00;96;kWh;0;10414;0;0;10414;10414
21/05/2024 00:00;21/05/2024 00:15;1;kWh;0;12428;0;0;12428;12428
21/05/2024 00:15;21/05/2024 00:30;2;kWh;-2203;5020;0;0;7223;2817
21/05/2024 00:30;21/05/2024 00:45;3;kWh;-17655;0;0;0;17655;-17655
21/05/2024 00:45;21/05/2024 01:00;4;kWh;-35201;0;0;0;35201;-35201
21/05/2024 01:00;21/05/2024 01:15;5;kWh;-42083;0;0;0;42083;-42083
21/05/2024 01:15;21/05/2024 01:30;6;kWh;-62234;0;0;0;62234;-62234
21/05/2024 01:30;21/05/2024 01:45;7;kWh;-21154;0;0;0;21154;-21154
21/05/2024 01:45;21/05/2024 02:00;8;kWh;-17946;0;0;0;17946;-17946
21/05/2024 02:00;21/05/2024 02:15;9;kWh;-8587;0;0;0;8587;-8587
21/05/2024 02:15;21/05/2024 02:30;10;kWh;-7581;0;0;0;7581;-7581
21/05/2024 02:30;21/05/2024 02:45;11;kWh;-13818;0;0;0;13818;-13818
21/05/2024 02:45;21/05/2024 03:00;12;kWh;-25650;0;0;0;25650;-25650
21/05/2024 03:00;21/05/2024 03:15;13;kWh;-227;1829;0;0;2056;1602
21/05/2024 03:15;21/05/2024 03:30;14;kWh;-513;2527;0;0;3040;2014
21/05/2024 03:30;21/05/2024 03:45;15;kWh;-15313;0;0;0;15313;-15313
21/05/2024 03:45;21/05/2024 04:00;16;kWh;-17439;0;0;0;17439;-17439
21/05/2024 04:00;21/05/2024 04:15;17;kWh;-31893;0;0;0;31893;-31893
21/05/2024 04:15;21/05/2024 04:30;18;kWh;-46586;0;0;0;46586;-46586
21/05/2024 04:30;21/05/2024 04:45;19;kWh;-46109;0;0;0;46109;-46109
21/05/2024 04:45;21/05/2024 05:00;20;kWh;-39467;0;0;0;39467;-39467
21/05/2024 05:00;21/05/2024 05:15;21;kWh;-3491;11045;0;0;14536;7554
21/05/2024 05:15;21/05/2024 05:30;22;kWh;-46814;0;0;0;46814;-46814
21/05/2024 05:30;21/05/2024 05:45;23;kWh;-63206;0;0;0;63206;-63206
21/05/2024 05:45;21/05/2024 06:00;24;kWh;-87087;0;0;0;87087;-87087
21/05/2024 06:00;21/05/2024 06:15;25;kWh;-24221;0;0;0;24221;-24221
21/05/2024 06:15;21/05/2024 06:30;26;kWh;-3689;0;0;0;3689;-3689
21/05/2024 06:30;21/05/2024 06:45;27;kWh;-13227;0;0;0;13227;-13227
21/05/2024 06:45;21/05/2024 07:00;28;kWh;-25110;0;0;0;25110;-25110
21/05/2024 07:00;21/05/2024 07:15;29;kWh;-16115;0;0;0;16115;-16115
21/05/2024 07:15;21/05/2024 07:30;30;kWh;-14865;0;0;0;14865;-14865
21/05/2024 07:30;21/05/2024 07:45;31;kWh;-49477;0;0;0;49477;-49477
21/05/2024 07:45;21/05/2024 08:00;32;kWh;-68651;0;0;0;68651;-68651
21/05/2024 08:00;21/05/2024 08:15;33;kWh;-50361;0;0;0;50361;-50361
21/05/2024 08:15;21/05/2024 08:30;34;kWh;-58694;0;0;0;58694;-58694
21/05/2024 08:30;21/05/2024 08:45;35;kWh;-51355;0;0;0;51355;-51355
21/05/2024 08:45;21/05/2024 09:00;36;kWh;-22149;15;0;0;22164;-22134
21/05/2024 09:00;21/05/2024 09:15;37;kWh;0;40513;0;0;40513;40513
21/05/2024 09:15;21/05/2024 09:30;38;kWh;0;5137;0;0;5137;5137
21/05/2024 09:30;21/05/2024 09:45;39;kWh;-10843;350;0;0;11193;-10493
21/05/2024 09:45;21/05/2024 10:00;40;kWh;-21319;1887;0;0;23206;-19432
21/05/2024 10:00;21/05/2024 10:15;41;kWh;0;56393;0;0;56393;56393
21/05/2024 10:15;21/05/2024 10:30;42;kWh;0;10824;0;0;10824;10824
21/05/2024 10:30;21/05/2024 10:45;43;kWh;-15457;0;0;0;15457;-15457
21/05/2024 10:45;21/05/2024 11:00;44;kWh;-33501;0;0;0;33501;-33501
21/05/2024 11:00;21/05/2024 11:15;45;kWh;-29093;0;0;0;29093;-29093
21/05/2024 11:15;21/05/2024 11:30;46;kWh;-4116;0;0;0;4116;-4116
21/05/2024 11:30;21/05/2024 11:45;47;kWh;-1493;0;0;0;1493;-1493
21/05/2024 11:45;21/05/2024 12:00;48;kWh;-15819;0;0;0;15819;-15819
21/05/2024 12:00;21/05/2024 12:15;49;kWh;-2422;0;0;0;2422;-2422
21/05/2024 12:15;21/05/2024 12:30;50;kWh;0;0;0;0;0;0
21/05/2024 12:30;21/05/2024 12:45;51;kWh;0;11627;0;0;11627;11627
21/05/2024 12:45;21/05/2024 13:00;52;kWh;0;42549;0;0;42549;42549
21/05/2024 13:00;21/05/2024 13:15;53;kWh;0;41677;0;0;41677;41677
21/05/2024 13:15;21/05/2024 13:30;54;kWh;0;53056;0;0;53056;53056
21/05/2024 13:30;21/05/2024 13:45;55;kWh;0;49784;0;0;49784;49784
21/05/2024 13:45;21/05/2024 14:00;56;kWh;-166;5074;0;0;5240;4908
21/05/2024 14:00;21/05/2024 14:15;57;kWh;-22569;950;0;0;23519;-21619
21/05/2024 14:15;21/05/2024 14:30;58;kWh;-6030;71;0;0;6101;-5959
21/05/2024 14:30;21/05/2024 14:45;59;kWh;-24;5010;0;0;5034;4986
21/05/2024 14:45;21/05/2024 15:00;60;kWh;0;65021;0;0;65021;65021
21/05/2024 15:00;21/05/2024 15:15;61;kWh;0;48514;0;0;48514;48514
21/05/2024 15:15;21/05/2024 15:30;62;kWh;0;63604;0;0;63604;63604
21/05/2024 15:30;21/05/2024 15:45;63;kWh;0;89565;0;0;89565;89565
21/05/2024 15:45;21/05/2024 16:00;64;kWh;0;57112;0;0;57112;57112
21/05/2024 16:00;21/05/2024 16:15;65;kWh;-34044;1656;0;0;35700;-32388
21/05/2024 16:15;21/05/2024 16:30;66;kWh;-26571;0;0;0;26571;-26571
21/05/2024 16:30;21/05/2024 16:45;67;kWh;-19487;0;0;0;19487;-19487
21/05/2024 16:45;21/05/2024 17:00;68;kWh;-535;658;0;0;1193;123
21/05/2024 17:00;21/05/2024 17:15;69;kWh;0;1465;0;0;1465;1465
21/05/2024 17:15;21/05/2024 17:30;70;kWh;0;0;0;0;0;0
21/05/2024 17:30;21/05/2024 17:45;71;kWh;0;0;0;0;0;0
21/05/2024 17:45;21/05/2024 18:00;72;kWh;0;0;0;0;0;0
21/05/2024 18:00;21/05/2024 18:15;73;kWh;-1610;4840;0;0;6450;3230
21/05/2024 18:15;21/05/2024 18:30;74;kWh;-49242;0;0;0;49242;-49242
21/05/2024 18:30;21/05/2024 18:45;75;kWh;-52925;0;0;0;52925;-52925
21/05/2024 18:45;21/05/2024 19:00;76;kWh;-15314;0;0;0;15314;-15314
21/05/2024 19:00;21/05/2024 19:15;77;kWh;-11020;0;0;0;11020;-11020
21/05/2024 19:15;21/05/2024 19:30;78;kWh;-3978;0;0;0;3978;-3978
21/05/2024 19:30;21/05/2024 19:45;79;kWh;0;0;0;0;0;0
21/05/2024 19:45;21/05/2024 20:00;80;kWh;-7258;0;0;0;7258;-7258
21/05/2024 20:00;21/05/2024 20:15;81;kWh;-1200;19;0;0;1219;-1181
21/05/2024 20:15;21/05/2024 20:30;82;kWh;0;457;0;0;457;457
21/05/2024 20:30;21/05/2024 20:45;83;kWh;-8;0;0;0;8;-8
21/05/2024 20:45;21/05/2024 21:00;84;kWh;-13473;0;0;0;13473;-13473
21/05/2024 21:00;21/05/2024 21:15;85;kWh;-3689;4849;0;0;8538;1160
21/05/2024 21:15;21/05/2024 21:30;86;kWh;0;22456;0;0;22456;22456
21/05/2024 21:30;21/05/2024 21:45;87;kWh;0;41910;0;0;41910;41910
21/05/2024 21:45;21/05/2024 22:00;88;kWh;0;40113;0;0;40113;40113
21/05/2024 22:00;21/05/2024 22:15;89;kWh;0;49723;0;0;49723;49723
21/05/2024 22:15;21/05/2024 22:30;90;kWh;-13359;1677;0;0;15036;-11682
21/05/2024 22:30;21/05/2024 22:45;91;kWh;-17693;0;0;0;17693;-17693
21/05/2024 22:45;21/05/2024 23:00;92;kWh;-2358;0;0;0;2358;-2358
21/05/2024 23:00;21/05/2024 23:15;93;kWh;-16638;0;0;0;16638;-16638
21/05/2024 23:15;21/05/2024 23:30;94;kWh;-11391;0;0;0;11391;-11391
21/05/2024 23:30;21/05/2024 23:45;95;kWh;-2903;16127;0;0;19030;13224
21/05/2024 23:45;22/05/2024 00:00;96;kWh;0;61296;0;0;61296;61296
22/05/2024 00:00;22/05/2024 00:15;1;kWh;0;23520;0;0;23520;23520
22/05/2024 00:15;22/05/2024 00:30;2;kWh;0;25526;0;0;25526;25526
22/05/2024 00:30;22/05/2024 00:45;3;kWh;0;26732;0;0;26732;26732
22/05/2024 00:45;22/05/2024 01:00;4;kWh;-20;18388;0;0;18408;18368
22/05/2024 01:00;22/05/2024 01:15;5;kWh;-46;7039;0;0;7085;6993
22/05/2024 01:15;22/05/2024 01:30;6;kWh;0;12840;0;0;12840;12840
22/05/2024 01:30;22/05/2024 01:45;7;kWh;0;5188;0;0;5188;5188
22/05/2024 01:45;22/05/2024 02:00;8;kWh;0;24940;0;0;24940;24940
22/05/2024 02:00;22/05/2024 02:15;9;kWh;0;62455;0;0;62455;62455
22/05/2024 02:15;22/05/2024 02:30;10;kWh;0;44016;0;0;44016;44016
22/05/2024 02:30;22/05/2024 02:45;11;kWh;0;46912;0;0;46912;46912
22/05/2024 02:45;22/05/2024 03:00;12;kWh;0;43854;0;0;43854;43854
22/05/2024 03:00;22/05/2024 03:15;13;kWh;0;74342;0;0;74342;74342
22/05/2024 03:15;22/05/2024 03:30;14;kWh;0;52201;0;0;52201;52201
22/05/2024 03:30;22/05/2024 03:45;15;kWh;0;2167;0;0;2167;2167
22/05/2024 03:45;22/05/2024 04:00;16;kWh;0;423;0;0;423;423
22/05/2024 04:00;22/05/2024 04:15;17;kWh;-2924;109;0;0;3033;-2815
22/05/2024 04:15;22/05/2024 04:30;18;kWh;0;13;0;0;13;13
22/05/2024 04:30;22/05/2024 04:45;19;kWh;0;5127;0;0;5127;5127
22/05/2024 04:45;22/05/2024 05:00;20;kWh;0;8318;0;0;8318;8318
22/05/2024 05:00;22/05/2024 05:15;21;kWh;-3909;368;0;0;4277;-3541
22/05/2024 05:15;22/05/2024 05:30;22;kWh;-1889;0;0;0;1889;-1889
22/05/2024 05:30;22/05/2024 05:45;23;kWh;-803;0;0;0;803;-803
22/05/2024 05:45;22/05/2024 06:00;24;kWh;-711;0;0;0;711;-711
22/05/2024 06:00;22/05/2024 06:15;25;kWh;-176;20049;0;0;20225;19873
22/05/2024 06:15;22/05/2024 06:30;26;kWh;0;6641;0;0;6641;6641
22/05/2024 06:30;22/05/2024 06:45;27;kWh;0;5441;0;0;5441;5441
22/05/2024 06:45;22/05/2024 07:00;28;kWh;0;2619;0;0;2619;2619
22/05/2024 07:00;22/05/2024 07:15;29;kWh;-743;0;0;0;743;-743
22/05/2024 07:15;22/05/2024 07:30;30;kWh;-2414;0;0;0;2414;-2414
22/05/2024 07:30;22/05/2024 07:45;31;kWh;-1559;0;0;0;1559;-1559
22/05/2024 07:45;22/05/2024 08:00;32;kWh;-11403;0;0;0;11403;-11403
22/05/2024 08:00;22/05/2024 08:15;33;kWh;-11219;1326;0;0;12545;-9893
22/05/2024 08:15;22/05/2024 08:30;34;kWh;0;2313;0;0;2313;2313
22/05/2024 08:30;22/05/2024 08:45;35;kWh;0;46;0;0;46;46
22/05/2024 08:45;22/05/2024 09:00;36;kWh;-613;0;0;0;613;-613
22/05/2024 09:00;22/05/2024 09:15;37;kWh;-830;13880;0;0;14710;13050
22/05/2024 09:15;22/05/2024 09:30;38;kWh;0;39890;0;0;39890;39890
22/05/2024 09:30;22/05/2024 09:45;39;kWh;0;3441;0;0;3441;3441
22/05/2024 09:45;22/05/2024 10:00;40;kWh;0;4013;0;0;4013;4013
22/05/2024 10:00;22/05/2024 10:15;41;kWh;0;58597;0;0;58597;58597
22/05/2024 10:15;22/05/2024 10:30;42;kWh;0;66986;0;0;66986;66986
22/05/2024 10:30;22/05/2024 10:45;43;kWh;0;88331;0;0;88331;88331
22/05/2024 10:45;22/05/2024 11:00;44;kWh;0;50611;0;98338;148949;148949
22/05/2024 11:00;22/05/2024 11:15;45;kWh;0;36487;0;79527;116014;116014
22/05/2024 11:15;22/05/2024 11:30;46;kWh;0;84036;0;67497;151533;151533
22/05/2024 11:30;22/05/2024 11:45;47;kWh;0;89541;0;67497;157038;157038
22/05/2024 11:45;22/05/2024 12:00;48;kWh;-15;61640;0;117895;179550;179520
22/05/2024 12:00;22/05/2024 12:15;49;kWh;-2739;35938;0;143112;181789;176311
22/05/2024 12:15;22/05/2024 12:30;50;kWh;-16167;20774;0;143121;180062;147728
22/05/2024 12:30;22/05/2024 12:45;51;kWh;-5405;27875;0;75624;108904;98094
22/05/2024 12:45;22/05/2024 13:00;52;kWh;-4017;12290;0;50416;66723;58689
22/05/2024 13:00;22/05/2024 13:15;53;kWh;0;46633;0;0;46633;46633
22/05/2024 13:15;22/05/2024 13:30;54;kWh;0;61267;0;0;61267;61267
22/05/2024 13:30;22/05/2024 13:45;55;kWh;0;78874;0;0;78874;78874
22/05/2024 13:45;22/05/2024 14:00;56;kWh;0;63638;0;0;63638;63638
22/05/2024 14:00;22/05/2024 14:15;57;kWh;0;53907;0;0;53907;53907
22/05/2024 14:15;22/05/2024 14:30;58;kWh;0;81535;0;0;81535;81535
22/05/2024 14:30;22/05/2024 14:45;59;kWh;0;47577;0;0;47577;47577
22/05/2024 14:45;22/05/2024 15:00;60;kWh;-3351;3250;0;0;6601;-101
22/05/2024 15:00;22/05/2024 15:15;61;kWh;-15307;5260;0;0;20567;-10047
22/05/2024 15:15;22/05/2024 15:30;62;kWh;-4075;4063;0;0;8138;-12
22/05/2024 15:30;22/05/2024 15:45;63;kWh;-7199;249;0;0;7448;-6950
22/05/2024 15:45;22/05/2024 16:00;64;kWh;-12620;2838;0;0;15458;-9782
22/05/2024 16:00;22/05/2024 16:15;65;kWh;0;22325;0;0;22325;22325
22/05/2024 16:15;22/05/2024 16:30;66;kWh;0;50361;0;0;50361;50361
22/05/2024 16:30;22/05/2024 16:45;67;kWh;0;10900;0;0;10900;10900
22/05/2024 16:45;22/05/2024 17:00;68;kWh;0;32564;0;0;32564;32564
22/05/2024 17:00;22/05/2024 17:15;69;kWh;0;87924;0;0;87924;87924
22/05/2024 17:15;22/05/2024 17:30;70;kWh;0;60228;0;0;60228;60228
22/05/2024 17:30;22/05/2024 17:45;71;kWh;0;1381;0;0;1381;1381
22/05/2024 17:45;22/05/2024 18:00;72;kWh;-1501;249;0;0;1750;-1252
22/05/2024 18:00;22/05/2024 18:15;73;kWh;-5391;249;0;0;5640;-5142
22/05/2024 18:15;22/05/2024 18:30;74;kWh;-1588;249;0;0;1837;-1339
22/05/2024 18:30;22/05/2024 18:45;75;kWh;-1509;249;0;0;1758;-1260
22/05/2024 18:45;22/05/2024 19:00;76;kWh;-241;249;0;0;490;8
22/05/2024 19:00;22/05/2024 19:15;77;kWh;-21904;249;0;0;22153;-21655
22/05/2024 19:15;22/05/2024 19:30;78;kWh;-3622;249;0;0;3871;-3373
22/05/2024 19:30;22/05/2024 19:45;79;kWh;-849;249;0;0;1098;-600
22/05/2024 19:45;22/05/2024 20:00;80;kWh;-224;249;0;0;473;25
22/05/2024 20:00;22/05/2024 20:15;81;kWh;-27229;249;0;0;27478;-26980
22/05/2024 20:15;22/05/2024 20:30;82;kWh;-5874;249;0;0;6123;-5625
22/05/2024 20:30;22/05/2024 20:45;83;kWh;0;24363;0;0;24363;24363
22/05/2024 20:45;22/05/2024 21:00;84;kWh;0;46320;0;0;46320;46320
22/05/2024 21:00;22/05/2024 21:15;85;kWh;0;50457;0;0;50457;50457
22/05/2024 21:15;22/05/2024 21:30;86;kWh;0;53247;0;0;53247;53247
22/05/2024 21:30;22/05/2024 21:45;87;kWh;0;65974;0;0;65974;65974
22/05/2024 21:45;22/05/2024 22:00;88;kWh;0;66030;0;0;66030;66030
22/05/2024 22:00;22/05/2024 22:15;89;kWh;0;60782;0;0;60782;60782
22/05/2024 22:15;22/05/2024 22:30;90;kWh;0;53784;0;0;53784;53784
22/05/2024 22:30;22/05/2024 22:45;91;kWh;0;21310;0;0;21310;21310
22/05/2024 22:45;22/05/2024 23:00;92;kWh;0;62960;0;0;62960;62960
22/05/2024 23:00;22/05/2024 23:15;93;kWh;-129;7056;0;0;7185;6927
22/05/2024 23:15;22/05/2024 23:30;94;kWh;-4593;1183;0;0;5776;-3410
22/05/2024 23:30;22/05/2024 23:45;95;kWh;0;5633;0;0;5633;5633
22/05/2024 23:45;23/05/2024 00:00;96;kWh;-685;14411;0;0;15096;13726
23/05/2024 00:00;23/05/2024 00:15;1;kWh;-15362;12;0;0;15374;-15350
23/05/2024 00:15;23/05/2024 00:30;2;kWh;-832;0;0;0;832;-832
23/05/2024 00:30;23/05/2024 00:45;3;kWh;-5363;0;0;0;5363;-5363
23/05/2024 00:45;23/05/2024 01:00;4;kWh;-26707;0;0;0;26707;-26707
23/05/2024 01:00;23/05/2024 01:15;5;kWh;-28961;0;0;0;28961;-28961
23/05/2024 01:15;23/05/2024 01:30;6;kWh;-24247;0;0;0;24247;-24247
23/05/2024 01:30;23/05/2024 01:45;7;kWh;-17342;0;0;0;17342;-17342
23/05/2024 01:45;23/05/2024 02:00;8;kWh;-16265;0;0;0;16265;-16265
23/05/2024 02:00;23/05/2024 02:15;9;kWh;-2942;11985;0;0;14927;9043
23/05/2024 02:15;23/05/2024 02:30;10;kWh;0;5897;0;0;5897;5897
23/05/2024 02:30;23/05/2024 02:45;11;kWh;-10;113;0;0;123;103
23/05/2024 02:45;23/05/2024 03:00;12;kWh;-3210;0;0;0;3210;-3210
23/05/2024 03:00;23/05/2024 03:15;13;kWh;-2173;0;0;0;2173;-2173
23/05/2024 03:15;23/05/2024 03:30;14;kWh;-1081;0;0;0;1081;-1081
23/05/2024 03:30;23/05/2024 03:45;15;kWh;0;0;0;0;0;0
23/05/2024 03:45;23/05/2024 04:00;16;kWh;0;0;0;0;0;0
23/05/2024 04:00;23/05/2024 04:15;17;kWh;-182;0;0;0;182;-182
23/05/2024 04:15;23/05/2024 04:30;18;kWh;-293;0;0;0;293;-293
23/05/2024 04:30;23/05/2024 04:45;19;kWh;-278;0;0;0;278;-278
23/05/2024 04:45;23/05/2024 05:00;20;kWh;-123;0;0;0;123;-123
23/05/2024 05:00;23/05/2024 05:15;21;kWh;-3481;0;0;0;3481;-3481
23/05/2024 05:15;23/05/2024 05:30;22;kWh;-19;0;0;0;19;-19
23/05/2024 05:30;23/05/2024 05:45;23;kWh;0;19386;0;0;19386;19386
23/05/2024 05:45;23/05/2024 06:00;24;kWh;0;12606;0;0;12606;12606
23/05/2024 06:00;23/05/2024 06:15;25;kWh;0;824;0;0;824;824
23/05/2024 06:15;23/05/2024 06:30;26;kWh;0;11159;0;0;11159;11159
23/05/2024 06:30;23/05/2024 06:45;27;kWh;0;13543;0;0;13543;13543
23/05/2024 06:45;23/05/2024 07:00;28;kWh;0;33785;0;0;33785;33785
23/05/2024 07:00;23/05/2024 07:15;29;kWh;0;72789;0;0;72789;72789
23/05/2024 07:15;23/05/2024 07:30;30;kWh;0;57475;0;0;57475;57475
23/05/2024 07:30;23/05/2024 07:45;31;kWh;0;65733;0;0;65733;65733
23/05/2024 07:45;23/05/2024 08:00;32;kWh;0;74157;0;0;74157;74157
23/05/2024 08:00;23/05/2024 08:15;33;kWh;0;42723;0;0;42723;42723
23/05/2024 08:15;23/05/2024 08:30;34;kWh;0;69088;0;0;69088;69088
23/05/2024 08:30;23/05/2024 08:45;35;kWh;0;54919;0;0;54919;54919
23/05/2024 08:45;23/05/2024 09:00;36;kWh;0;53302;0;0;53302;53302
23/05/2024 09:00;23/05/2024 09:15;37;kWh;0;5810;0;0;5810;5810
23/05/2024 09:15;23/05/2024 09:30;38;kWh;-17;0;0;0;17;-17
23/05/2024 09:30;23/05/2024 09:45;39;kWh;-3289;0;0;0;3289;-3289
23/05/2024 09:45;23/05/2024 10:00;40;kWh;-9494;0;0;0;9494;-9494
23/05/2024 10:00;23/05/2024 10:15;41;kWh;0;34609;0;0;34609;34609
23/05/2024 10:15;23/05/2024 10:30;42;kWh;0;22828;0;0;22828;22828
23/05/2024 10:30;23/05/2024 10:45;43;kWh;0;28118;0;0;28118;28118
23/05/2024 10:45;23/05/2024 11:00;44;kWh;0;40629;0;0;40629;40629
23/05/2024 11:00;23/05/2024 11:15;45;kWh;0;35326;0;0;35326;35326
23/05/2024 11:15;23/05/2024 11:30;46;kWh;0;43394;0;0;43394;43394
23/05/2024 11:30;23/05/2024 11:45;47;kWh;0;62410;0;0;62410;62410
23/05/2024 11:45;23/05/2024 12:00;48;kWh;0;11823;0;0;11823;11823
23/05/2024 12:00;23/05/2024 12:15;49;kWh;0;0;0;0;0;0
23/05/2024 12:15;23/05/2024 12:30;50;kWh;0;1068;0;0;1068;1068
23/05/2024 12:30;23/05/2024 12:45;51;kWh;0;11052;0;0;11052;11052
23/05/2024 12:45;23/05/2024 13:00;52;kWh;-7375;111;0;0;7486;-7264
23/05/2024 13:00;23/05/2024 13:15;53;kWh;-8588;0;0;0;8588;-8588
23/05/2024 13:15;23/05/2024 13:30;54;kWh;-14603;0;0;0;14603;-14603
23/05/2024 13:30;23/05/2024 13:45;55;kWh;-1175;0;0;0;1175;-1175
23/05/2024 13:45;23/05/2024 14:00;56;kWh;-348;0;0;0;348;-348
23/05/2024 14:00;23/05/2024 14:15;57;kWh;0;21759;0;0;21759;21759
23/05/2024 14:15;23/05/2024 14:30;58;kWh;0;52560;0;0;52560;52560
23/05/2024 14:30;23/05/2024 14:45;59;kWh;0;4063;0;0;4063;4063
23/05/2024 14:45;23/05/2024 15:00;60;kWh;-479;2214;0;0;2693;1735
23/05/2024 15:00;23/05/2024 15:15;61;kWh;0;7170;0;0;7170;7170
23/05/2024 15:15;23/05/2024 15:30;62;kWh;0;4703;0;0;4703;4703
23/05/2024 15:30;23/05/2024 15:45;63;kWh;-7934;611;0;0;8545;-7323
23/05/2024 15:45;23/05/2024 16:00;64;kWh;-11798;0;0;0;11798;-11798
23/05/2024 16:00;23/05/2024 16:15;65;kWh;-17143;161;0;0;17304;-16982
23/05/2024 16:15;23/05/2024 16:30;66;kWh;-43816;368;0;0;44184;-43448
23/05/2024 16:30;23/05/2024 16:45;67;kWh;-18803;616;0;0;19419;-18187
23/05/2024 16:45;23/05/2024 17:00;68;kWh;-17710;0;0;0;17710;-17710
23/05/2024 17:00;23/05/2024 17:15;69;kWh;-262;0;0;0;262;-262
23/05/2024 17:15;23/05/2024 17:30;70;kWh;-24131;1292;0;0;25423;-22839
23/05/2024 17:30;23/05/2024 17:45;71;kWh;-1815;488;0;0;2303;-1327
23/05/2024 17:45;23/05/2024 18:00;72;kWh;-19005;966;0;0;19971;-18039
23/05/2024 18:00;23/05/2024 18:15;73;kWh;0;16902;0;0;16902;16902
23/05/2024 18:15;23/05/2024 18:30;74;kWh;0;3138;0;0;3138;3138
23/05/2024 18:30;23/05/2024 18:45;75;kWh;-355;323;0;0;678;-32
23/05/2024 18:45;23/05/2024 19:00;76;kWh;-3340;0;0;0;3340;-3340
23/05/2024 19:00;23/05/2024 19:15;77;kWh;-12228;0;0;0;12228;-12228
23/05/2024 19:15;23/05/2024 19:30;78;kWh;-525;0;0;0;525;-525
23/05/2024 19:30;23/05/2024 19:45;79;kWh;0;14352;0;0;14352;14352
23/05/2024 19:45;23/05/2024 20:00;80;kWh;0;42062;0;0;42062;42062
23/05/2024 20:00;23/05/2024 20:15;81;kWh;0;5238;0;0;5238;5238
23/05/2024 20:15;23/05/2024 20:30;82;kWh;0;4945;0;0;4945;4945
23/05/2024 20:30;23/05/2024 20:45;83;kWh;0;38530;0;0;38530;38530
23/05/2024 20:45;23/05/2024 21:00;84;kWh;0;51378;0;0;51378;51378
23/05/2024 21:00;23/05/2024 21:15;85;kWh;0;40829;0;0;40829;40829
23/05/2024 21:15;23/05/2024 21:30;86;kWh;0;50985;0;0;50985;50985
23/05/2024 21:30;23/05/2024 21:45;87;kWh;0;51056;0;0;51056;51056
23/05/2024 21:45;23/05/2024 22:00;88;kWh;0;46428;0;0;46428;46428
23/05/2024 22:00;23/05/2024 22:15;89;kWh;0;65034;0;0;65034;65034
23/05/2024 22:15;23/05/2024 22:30;90;kWh;0;73584;0;0;73584;73584
23/05/2024 22:30;23/05/2024 22:45;91;kWh;0;49253;0;0;49253;49253
23/05/2024 22:45;23/05/2024 23:00;92;kWh;0;35188;0;0;35188;35188
23/05/2024 23:00;23/05/2024 23:15;93;kWh;0;13517;0;0;13517;13517
23/05/2024 23:15;23/05/2024 23:30;94;kWh;0;31804;0;0;31804;31804
23/05/2024 23:30;23/05/2024 23:45;95;kWh;0;15180;0;0;15180;15180
23/05/2024 23:45;24/05/2024 00:00;96;kWh;-20;6250;0;0;6270;6230
24/05/2024 00:00;24/05/2024 00:15;1;kWh;-168;17991;0;0;18159;17823
24/05/2024 00:15;24/05/2024 00:30;2;kWh;0;20456;0;0;20456;20456
24/05/2024 00:30;24/05/2024 00:45;3;kWh;0;25780;0;0;25780;25780
24/05/2024 00:45;24/05/2024 01:00;4;kWh;0;35835;0;0;35835;35835
24/05/2024 01:00;24/05/2024 01:15;5;kWh;0;1354;0;0;1354;1354
24/05/2024 01:15;24/05/2024 01:30;6;kWh;0;8024;0;0;8024;8024
24/05/2024 01:30;24/05/2024 01:45;7;kWh;-118;397;0;0;515;279
24/05/2024 01:45;24/05/2024 02:00;8;kWh;-2934;0;0;0;2934;-2934
24/05/2024 02:00;24/05/2024 02:15;9;kWh;-2012;2314;0;0;4326;302
24/05/2024 02:15;24/05/2024 02:30;10;kWh;-2235;81;0;0;2316;-2154
24/05/2024 02:30;24/05/2024 02:45;11;kWh;-444;429;0;0;873;-15
24/05/2024 02:45;24/05/2024 03:00;12;kWh;0;10174;0;0;10174;10174
24/05/2024 03:00;24/05/2024 03:15;13;kWh;0;42094;0;0;42094;42094
24/05/2024 03:15;24/05/2024 03:30;14;kWh;0;18312;0;0;18312;18312
24/05/2024 03:30;24/05/2024 03:45;15;kWh;0;29285;0;0;29285;29285
24/05/2024 03:45;24/05/2024 04:00;16;kWh;0;27589;0;0;27589;27589
24/05/2024 04:00;24/05/2024 04:15;17;kWh;0;7474;0;0;7474;7474
24/05/2024 04:15;24/05/2024 04:30;18;kWh;0;15364;0;0;15364;15364
24/05/2024 04:30;24/05/2024 04:45;19;kWh;-721;3361;0;0;4082;2640
24/05/2024 04:45;24/05/2024 05:00;20;kWh;-2515;0;0;0;2515;-2515
24/05/2024 05:00;24/05/2024 05:15;21;kWh;-52;32776;0;0;32828;32724
24/05/2024 05:15;24/05/2024 05:30;22;kWh;0;31352;0;0;31352;31352
24/05/2024 05:30;24/05/2024 05:45;23;kWh;-1681;1631;0;0;3312;-50
24/05/2024 05:45;24/05/2024 06:00;24;kWh;-42645;0;0;0;42645;-42645
24/05/2024 06:00;24/05/2024 06:15;25;kWh;-25277;0;0;0;25277;-25277
24/05/2024 06:15;24/05/2024 06:30;26;kWh;-11844;0;0;0;11844;-11844
24/05/2024 06:30;24/05/2024 06:45;27;kWh;-15204;0;0;0;15204;-15204
24/05/2024 06:45;24/05/2024 07:00;28;kWh;-832;0;0;0;832;-832
24/05/2024 07:00;24/05/2024 07:15;29;kWh;-5426;0;0;0;5426;-5426
24/05/2024 07:15;24/05/2024 07:30;30;kWh;0;0;0;0;0;0
24/05/2024 07:30;24/05/2024 07:45;31;kWh;0;444;0;0;444;444
24/05/2024 07:45;24/05/2024 08:00;32;kWh;0;14717;0;0;14717;14717
24/05/2024 08:00;24/05/2024 08:15;33;kWh;0;20594;0;0;20594;20594
24/05/2024 08:15;24/05/2024 08:30;34;kWh;0;36352;0;0;36352;36352
24/05/2024 08:30;24/05/2024 08:45;35;kWh;0;1892;0;0;1892;1892
24/05/2024 08:45;24/05/2024 09:00;36;kWh;-927;607;0;0;1534;-320
24/05/2024 09:00;24/05/2024 09:15;37;kWh;-15645;2;0;0;15647;-15643
24/05/2024 09:15;24/05/2024 09:30;38;kWh;0;19095;0;0;19095;19095
24/05/2024 09:30;24/05/2024 09:45;39;kWh;0;30427;0;0;30427;30427
24/05/2024 09:45;24/05/2024 10:00;40;kWh;0;38731;0;0;38731;38731
24/05/2024 10:00;24/05/2024 10:15;41;kWh;-738;941;0;0;1679;203
24/05/2024 10:15;24/05/2024 10:30;42;kWh;-28619;0;0;0;28619;-28619
24/05/2024 10:30;24/05/2024 10:45;43;kWh;-14925;0;0;0;14925;-14925
24/05/2024 10:45;24/05/2024 11:00;44;kWh;-2981;0;0;0;2981;-2981
24/05/2024 11:00;24/05/2024 11:15;45;kWh;0;1031;0;0;1031;1031
24/05/2024 11:15;24/05/2024 11:30;46;kWh;0;56355;0;0;56355;56355
24/05/2024 11:30;24/05/2024 11:45;47;kWh;0;71058;0;0;71058;71058
24/05/2024 11:45;24/05/2024 12:00;48;kWh;0;44383;0;0;44383;44383
24/05/2024 12:00;24/05/2024 12:15;49;kWh;0;47073;0;0;47073;47073
24/05/2024 12:15;24/05/2024 12:30;50;kWh;0;10180;0;0;10180;10180
24/05/2024 12:30;24/05/2024 12:45;51;kWh;0;58306;0;0;58306;58306
24/05/2024 12:45;24/05/2024 13:00;52;kWh;0;62229;0;0;62229;62229
24/05/2024 13:00;24/05/2024 13:15;53;kWh;0;12532;0;0;12532;12532
24/05/2024 13:15;24/05/2024 13:30;54;kWh;0;24003;0;0;24003;24003
24/05/2024 13:30;24/05/2024 13:45;55;kWh;0;28224;0;0;28224;28224
24/05/2024 13:45;24/05/2024 14:00;56;kWh;0;21684;0;0;21684;21684
24/05/2024 14:00;24/05/2024 14:15;57;kWh;-17677;485;0;0;18162;-17192
24/05/2024 14:15;24/05/2024 14:30;58;kWh;-10731;0;0;0;10731;-10731
24/05/2024 14:30;24/05/2024 14:45;59;kWh;-5846;0;0;0;5846;-5846
24/05/2024 14:45;24/05/2024 15:00;60;kWh;-20742;0;0;0;20742;-20742
24/05/2024 15:00;24/05/2024 15:15;61;kWh;-31;30289;0;0;30320;30258
24/05/2024 15:15;24/05/2024 15:30;62;kWh;0;17916;0;0;17916;17916
24/05/2024 15:30;24/05/2024 15:45;63;kWh;0;1867;0;0;1867;1867
24/05/2024 15:45;24/05/2024 16:00;64;kWh;-9476;0;0;0;9476;-9476
24/05/2024 16:00;24/05/2024 16:15;65;kWh;-44073;0;0;0;44073;-44073
24/05/2024 16:15;24/05/2024 16:30;66;kWh;-22299;936;0;0;23235;-21363
24/05/2024 16:30;24/05/2024 16:45;67;kWh;0;25616;0;0;25616;25616
24/05/2024 16:45;24/05/2024 17:00;68;kWh;0;16768;0;0;16768;16768
24/05/2024 17:00;24/05/2024 17:15;69;kWh;0;7057;0;0;7057;7057
24/05/2024 17:15;24/05/2024 17:30;70;kWh;0;2944;0;0;2944;2944
24/05/2024 17:30;24/05/2024 17:45;71;kWh;0;5747;0;0;5747;5747
24/05/2024 17:45;24/05/2024 18:00;72;kWh;-27866;0;0;0;27866;-27866
24/05/2024 18:00;24/05/2024 18:15;73;kWh;-54091;0;0;0;54091;-54091
24/05/2024 18:15;24/05/2024 18:30;74;kWh;-19294;0;0;0;19294;-19294
24/05/2024 18:30;24/05/2024 18:45;75;kWh;-247;18339;0;0;18586;18092
24/05/2024 18:45;24/05/2024 19:00;76;kWh;0;34550;0;0;34550;34550
24/05/2024 19:00;24/05/2024 19:15;77;kWh;0;58384;0;0;58384;58384
24/05/2024 19:15;24/05/2024 19:30;78;kWh;0;18907;0;0;18907;18907
24/05/2024 19:30;24/05/2024 19:45;79;kWh;0;8680;0;0;8680;8680
24/05/2024 19:45;24/05/2024 20:00;80;kWh;0;0;0;0;0;0
24/05/2024 20:00;24/05/2024 20:15;81;kWh;0;0;0;0;0;0
24/05/2024 20:15;24/05/2024 20:30;82;kWh;0;0;0;0;0;0
24/05/2024 20:30;24/05/2024 20:45;83;kWh;0;0;0;0;0;0
24/05/2024 20:45;24/05/2024 21:00;84;kWh;0;0;0;0;0;0
24/05/2024 21:00;24/05/2024 21:15;85;kWh;0;0;0;0;0;0
24/05/2024 21:15;24/05/2024 21:30;86;kWh;-56;0;0;0;56;-56
24/05/2024 21:30;24/05/2024 21:45;87;kWh;-20973;0;0;0;20973;-20973
24/05/2024 21:45;24/05/2024 22:00;88;kWh;-20592;0;0;0;20592;-20592
24/05/2024 22:00;24/05/2024 22:15;89;kWh;-13;35938;0;0;35951;35925
24/05/2024 22:15;24/05/2024 22:30;90;kWh;0;86537;0;0;86537;86537
24/05/2024 22:30;24/05/2024 22:45;91;kWh;0;95098;0;0;95098;95098
24/05/2024 22:45;24/05/2024 23:00;92;kWh;0;80807;0;0;80807;80807
24/05/2024 23:00;24/05/2024 23:15;93;kWh;-34653;437;0;0;35090;-34216
24/05/2024 23:15;24/05/2024 23:30;94;kWh;-8502;4446;0;0;12948;-4056
24/05/2024 23:30;24/05/2024 23:45;95;kWh;-189;31;0;0;220;-158
24/05/2024 23:45;25/05/2024 00:00;96;kWh;0;0;0;0;0;0
25/05/2024 00:00;25/05/2024 00:15;1;kWh;0;59032;0;0;59032;59032
25/05/2024 00:15;25/05/2024 00:30;2;kWh;0;78951;0;0;78951;78951
25/05/2024 00:30;25/05/2024 00:45;3;kWh;0;31208;0;0;31208;31208
25/05/2024 00:45;25/05/2024 01:00;4;kWh;0;16412;0;0;16412;16412
25/05/2024 01:00;25/05/2024 01:15;5;kWh;0;45361;0;0;45361;45361
25/05/2024 01:15;25/05/2024 01:30;6;kWh;0;45223;0;0;45223;45223
25/05/2024 01:30;25/05/2024 01:45;7;kWh;0;62253;0;0;62253;62253
25/05/2024 01:45;25/05/2024 02:00;8;kWh;0;64849;0;0;64849;64849
25/05/2024 02:00;25/05/2024 02:15;9;kWh;0;23130;0;0;23130;23130
25/05/2024 02:15;25/05/2024 02:30;10;kWh;0;33391;0;0;33391;33391
25/05/2024 02:30;25/05/2024 02:45;11;kWh;0;36179;0;0;36179;36179
25/05/2024 02:45;25/05/2024 03:00;12;kWh;0;45450;0;0;45450;45450
25/05/2024 03:00;25/05/2024 03:15;13;kWh;-8562;1409;0;0;9971;-7153
25/05/2024 03:15;25/05/2024 03:30;14;kWh;-9949;0;0;0;9949;-9949
25/05/2024 03:30;25/05/2024 03:45;15;kWh;-18236;0;0;0;18236;-18236
25/05/2024 03:45;25/05/2024 04:00;16;kWh;-31453;0;0;0;31453;-31453
25/05/2024 04:00;25/05/2024 04:15;17;kWh;-11900;0;0;0;11900;-11900
25/05/2024 04:15;25/05/2024 04:30;18;kWh;-7;0;0;0;7;-7
25/05/2024 04:30;25/05/2024 04:45;19;kWh;-2528;0;0;0;2528;-2528
25/05/2024 04:45;25/05/2024 05:00;20;kWh;-22156;0;0;0;22156;-22156
25/05/2024 05:00;25/05/2024 05:15;21;kWh;-46415;804;0;0;47219;-45611
25/05/2024 05:15;25/05/2024 05:30;22;kWh;-24513;2120;0;0;26633;-22393
25/05/2024 05:30;25/05/2024 05:45;23;kWh;-8944;616;0;0;9560;-8328
25/05/2024 05:45;25/05/2024 06:00;24;kWh;-45642;0;0;0;45642;-45642
25/05/2024 06:00;25/05/2024 06:15;25;kWh;-4351;1376;0;0;5727;-2975
25/05/2024 06:15;25/05/2024 06:30;26;kWh;0;10540;0;0;10540;10540
25/05/2024 06:30;25/05/2024 06:45;27;kWh;0;3607;0;0;3607;3607
25/05/2024 06:45;25/05/2024 07:00;28;kWh;0;4144;0;0;4144;4144
25/05/2024 07:00;25/05/2024 07:15;29;kWh;0;2;0;0;2;2
25/05/2024 07:15;25/05/2024 07:30;30;kWh;-436;0;0;0;436;-436
25/05/2024 07:30;25/05/2024 07:45;31;kWh;-6742;0;0;0;6742;-6742
25/05/2024 07:45;25/05/2024 08:00;32;kWh;-17055;0;0;0;17055;-17055
25/05/2024 08:00;25/05/2024 08:15;33;kWh;-25151;0;0;0;25151;-25151
25/05/2024 08:15;25/05/2024 08:30;34;kWh;-27748;0;0;0;27748;-27748
25/05/2024 08:30;25/05/2024 08:45;35;kWh;-35175;0;0;0;35175;-35175
25/05/2024 08:45;25/05/2024 09:00;36;kWh;-42211;0;0;0;42211;-42211
25/05/2024 09:00;25/05/2024 09:15;37;kWh;-5284;0;0;0;5284;-5284
25/05/2024 09:15;25/05/2024 09:30;38;kWh;-12352;0;0;0;12352;-12352
25/05/2024 09:30;25/05/2024 09:45;39;kWh;-17078;0;0;0;17078;-17078
25/05/2024 09:45;25/05/2024 10:00;40;kWh;-26552;0;0;0;26552;-26552
25/05/2024 10:00;25/05/2024 10:15;41;kWh;-6932;5117;0;0;12049;-1815
25/05/2024 10:15;25/05/2024 10:30;42;kWh;-2643;30;0;0;2673;-2613
25/05/2024 10:30;25/05/2024 10:45;43;kWh;-31999;0;0;0;31999;-31999
25/05/2024 10:45;25/05/2024 11:00;44;kWh;-33843;0;0;0;33843;-33843
25/05/2024 11:00;25/05/2024 11:15;45;kWh;-13492;3051;0;0;16543;-10441
25/05/2024 11:15;25/05/2024 11:30;46;kWh;0;2237;0;0;2237;2237
25/05/2024 11:30;25/05/2024 11:45;47;kWh;-674;10238;0;0;10912;9564
25/05/2024 11:45;25/05/2024 12:00;48;kWh;-1574;24;0;0;1598;-1550
25/05/2024 12:00;25/05/2024 12:15;49;kWh;0;44756;0;0;44756;44756
25/05/2024 12:15;25/05/2024 12:30;50;kWh;0;24840;0;0;24840;24840
25/05/2024 12:30;25/05/2024 12:45;51;kWh;0;2913;0;0;2913;2913
25/05/2024 12:45;25/05/2024 13:00;52;kWh;0;1195;0;0;1195;1195
25/05/2024 13:00;25/05/2024 13:15;53;kWh;0;83450;0;0;83450;83450
25/05/2024 13:15;25/05/2024 13:30;54;kWh;-2315;25538;0;0;27853;23223
25/05/2024 13:30;25/05/2024 13:45;55;kWh;-13350;0;0;0;13350;-13350
25/05/2024 13:45;25/05/2024 14:00;56;kWh;-29880;0;0;0;29880;-29880
25/05/2024 14:00;25/05/2024 14:15;57;kWh;-16346;0;0;0;16346;-16346
25/05/2024 14:15;25/05/2024 14:30;58;kWh;-1396;0;0;0;1396;-1396
25/05/2024 14:30;25/05/2024 14:45;59;kWh;-905;0;0;0;905;-905
25/05/2024 14:45;25/05/2024 15:00;60;kWh;-7183;0;0;0;7183;-7183
25/05/2024 15:00;25/05/2024 15:15;61;kWh;-6521;0;0;0;6521;-6521
25/05/2024 15:15;25/05/2024 15:30;62;kWh;-11006;0;0;0;11006;-11006
25/05/2024 15:30;25/05/2024 15:45;63;kWh;0;0;0;0;0;0
25/05/2024 15:45;25/05/2024 16:00;64;kWh;-2526;0;0;0;2526;-2526
25/05/2024 16:00;25/05/2024 16:15;65;kWh;-7188;0;0;0;7188;-7188
25/05/2024 16:15;25/05/2024 16:30;66;kWh;-656;51;0;0;707;-605
25/05/2024 16:30;25/05/2024 16:45;67;kWh;0;922;0;0;922;922
25/05/2024 16:45;25/05/2024 17:00;68;kWh;-121;0;0;0;121;-121
25/05/2024 17:00;25/05/2024 17:15;69;kWh;-23601;0;0;0;23601;-23601
25/05/2024 17:15;25/05/2024 17:30;70;kWh;-30591;0;0;0;30591;-30591
25/05/2024 17:30;25/05/2024 17:45;71;kWh;-28868;0;0;0;28868;-28868
25/05/2024 17:45;25/05/2024 18:00;72;kWh;-24325;0;0;0;24325;-24325
25/05/2024 18:00;25/05/2024 18:15;73;kWh;-28406;8592;0;0;36998;-19814
25/05/2024 18:15;25/05/2024 18:30;74;kWh;-22939;0;0;0;22939;-22939
25/05/2024 18:30;25/05/2024 18:45;75;kWh;-26065;0;0;0;26065;-26065
25/05/2024 18:45;25/05/2024 19:00;76;kWh;-22388;0;0;0;22388;-22388
25/05/2024 19:00;25/05/2024 19:15;77;kWh;-34609;0;0;0;34609;-34609
25/05/2024 19:15;25/05/2024 19:30;78;kWh;-391;0;0;0;391;-391
25/05/2024 19:30;25/05/2024 19:45;79;kWh;0;3075;0;0;3075;3075
25/05/2024 19:45;25/05/2024 20:00;80;kWh;0;27387;0;0;27387;27387
25/05/2024 20:00;25/05/2024 20:15;81;kWh;0;2677;0;0;2677;2677
25/05/2024 20:15;25/05/2024 20:30;82;kWh;0;5750;0;0;5750;5750
25/05/2024 20:30;25/05/2024 20:45;83;kWh;0;8739;0;0;8739;8739
25/05/2024 20:45;25/05/2024 21:00;84;kWh;0;36195;0;0;36195;36195
25/05/2024 21:00;25/05/2024 21:15;85;kWh;0;5280;0;0;5280;5280
25/05/2024 21:15;25/05/2024 21:30;86;kWh;0;2820;0;0;2820;2820
25/05/2024 21:30;25/05/2024 21:45;87;kWh;0;5859;0;0;5859;5859
25/05/2024 21:45;25/05/2024 22:00;88;kWh;0;2619;0;0;2619;2619
25/05/2024 22:00;25/05/2024 22:15;89;kWh;0;5737;0;0;5737;5737
25/05/2024 22:15;25/05/2024 22:30;90;kWh;0;14269;0;0;14269;14269
25/05/2024 22:30;25/05/2024 22:45;91;kWh;0;10409;0;0;10409;10409
25/05/2024 22:45;25/05/2024 23:00;92;kWh;-17084;0;0;0;17084;-17084
25/05/2024 23:00;25/05/2024 23:15;93;kWh;-22902;0;0;0;22902;-22902
25/05/2024 23:15;25/05/2024 23:30;94;kWh;-12359;0;0;0;12359;-12359
25/05/2024 23:30;25/05/2024 23:45;95;kWh;0;0;0;0;0;0
25/05/2024 23:45;26/05/2024 00:00;96;kWh;0;0;0;0;0;0
26/05/2024 00:00;26/05/2024 00:15;1;kWh;0;30514;0;0;30514;30514
26/05/2024 00:15;26/05/2024 00:30;2;kWh;0;30582;0;0;30582;30582
26/05/2024 00:30;26/05/2024 00:45;3;kWh;0;17863;0;0;17863;17863
26/05/2024 00:45;26/05/2024 01:00;4;kWh;0;10768;0;0;10768;10768
26/05/2024 01:00;26/05/2024 01:15;5;kWh;0;1636;0;0;1636;1636
26/05/2024 01:15;26/05/2024 01:30;6;kWh;0;7192;0;0;7192;7192
26/05/2024 01:30;26/05/2024 01:45;7;kWh;-2125;128;0;0;2253;-1997
26/05/2024 01:45;26/05/2024 02:00;8;kWh;-27985;0;0;0;27985;-27985
26/05/2024 02:00;26/05/2024 02:15;9;kWh;-1437;0;0;0;1437;-1437
26/05/2024 02:15;26/05/2024 02:30;10;kWh;-424;0;0;0;424;-424
26/05/2024 02:30;26/05/2024 02:45;11;kWh;-147;0;0;0;147;-147
26/05/2024 02:45;26/05/2024 03:00;12;kWh;-14969;0;0;0;14969;-14969
26/05/2024 03:00;26/05/2024 03:15;13;kWh;-15871;0;0;0;15871;-15871
26/05/2024 03:15;26/05/2024 03:30;14;kWh;-31257;0;0;0;31257;-31257
26/05/2024 03:30;26/05/2024 03:45;15;kWh;-25671;0;0;0;25671;-25671
26/05/2024 03:45;26/05/2024 04:00;16;kWh;-51097;0;0;0;51097;-51097
26/05/2024 04:00;26/05/2024 04:15;17;kWh;-15914;0;0;0;15914;-15914
26/05/2024 04:15;26/05/2024 04:30;18;kWh;-38950;0;0;0;38950;-38950
26/05/2024 04:30;26/05/2024 04:45;19;kWh;-41115;0;0;0;41115;-41115
26/05/2024 04:45;26/05/2024 05:00;20;kWh;-60141;0;0;0;60141;-60141
26/05/2024 05:00;26/05/2024 05:15;21;kWh;-11049;0;0;0;11049;-11049
26/05/2024 05:15;26/05/2024 05:30;22;kWh;-10708;0;0;0;10708;-10708
26/05/2024 05:30;26/05/2024 05:45;23;kWh;-66649;0;0;0;66649;-66649
26/05/2024 05:45;26/05/2024 06:00;24;kWh;-70040;0;0;0;70040;-70040
26/05/2024 06:00;26/05/2024 06:15;25;kWh;-22252;0;0;0;22252;-22252
26/05/2024 06:15;26/05/2024 06:30;26;kWh;-20524;0;0;0;20524;-20524
26/05/2024 06:30;26/05/2024 06:45;27;kWh;-24004;0;0;0;24004;-24004
26/05/2024 06:45;26/05/2024 07:00;28;kWh;-38349;0;0;0;38349;-38349
26/05/2024 07:00;26/05/2024 07:15;29;kWh;-22950;14881;0;0;37831;-8069
26/05/2024 07:15;26/05/2024 07:30;30;kWh;-32917;9953;0;0;42870;-22964
26/05/2024 07:30;26/05/2024 07:45;31;kWh;-26433;640;0;0;27073;-25793
26/05/2024 07:45;26/05/2024 08:00;32;kWh;-42994;0;0;0;42994;-42994
26/05/2024 08:00;26/05/2024 08:15;33;kWh;-28;0;0;0;28;-28
26/05/2024 08:15;26/05/2024 08:30;34;kWh;-12684;0;0;0;12684;-12684
26/05/2024 08:30;26/05/2024 08:45;35;kWh;-46350;0;0;0;46350;-46350
26/05/2024 08:45;26/05/2024 09:00;36;kWh;-55074;0;0;0;55074;-55074
26/05/2024 09:00;26/05/2024 09:15;37;kWh;-17184;0;0;0;17184;-17184
26/05/2024 09:15;26/05/2024 09:30;38;kWh;-21422;0;0;0;21422;-21422
26/05/2024 09:30;26/05/2024 09:45;39;kWh;-35511;0;0;0;35511;-35511
26/05/2024 09:45;26/05/2024 10:00;40;kWh;-28193;0;0;0;28193;-28193
26/05/2024 10:00;26/05/2024 10:15;41;kWh;-2337;0;0;0;2337;-2337
26/05/2024 10:15;26/05/2024 10:30;42;kWh;-16828;0;0;0;16828;-16828
26/05/2024 10:30;26/05/2024 10:45;43;kWh;-8475;0;0;0;8475;-8475
26/05/2024 10:45;26/05/2024 11:00;44;kWh;-5731;0;0;0;5731;-5731
26/05/2024 11:00;26/05/2024 11:15;45;kWh;-11;3535;0;0;3546;3524
26/05/2024 11:15;26/05/2024 11:30;46;kWh;0;3768;0;0;3768;3768
26/05/2024 11:30;26/05/2024 11:45;47;kWh;0;11788;0;0;11788;11788
26/05/2024 11:45;26/05/2024 12:00;48;kWh;-133;1524;0;0;1657;1391
26/05/2024 12:00;26/05/2024 12:15;49;kWh;-1552;0;0;0;1552;-1552
26/05/2024 12:15;26/05/2024 12:30;50;kWh;-9997;0;0;0;9997;-9997
26/05/2024 12:30;26/05/2024 12:45;51;kWh;0;8142;0;0;8142;8142
26/05/2024 12:45;26/05/2024 13:00;52;kWh;-8521;247;0;0;8768;-8274
26/05/2024 13:00;26/05/2024 13:15;53;kWh;-5768;0;0;0;5768;-5768
26/05/2024 13:15;26/05/2024 13:30;54;kWh;-1696;82;0;0;1778;-1614
26/05/2024 13:30;26/05/2024 13:45;55;kWh;-14887;0;0;0;14887;-14887
26/05/2024 13:45;26/05/2024 14:00;56;kWh;-12571;0;0;0;12571;-12571
26/05/2024 14:00;26/05/2024 14:15;57;kWh;-28343;0;0;0;28343;-28343
26/05/2024 14:15;26/05/2024 14:30;58;kWh;-22757;2837;0;0;25594;-19920
26/05/2024 14:30;26/05/2024 14:45;59;kWh;-13195;1307;0;0;14502;-11888
26/05/2024 14:45;26/05/2024 15:00;60;kWh;-3926;7;0;0;3933;-3919
26/05/2024 15:00;26/05/2024 15:15;61;kWh;-1329;0;0;0;1329;-1329
26/05/2024 15:15;26/05/2024 15:30;62;kWh;-5347;2516;0;0;7863;-2831
26/05/2024 15:30;26/05/2024 15:45;63;kWh;-1429;3947;0;0;5376;2518
26/05/2024 15:45;26/05/2024 16:00;64;kWh;-18;24158;0;0;24176;24140
26/05/2024 16:00;26/05/2024 16:15;65;kWh;-21771;1108;0;0;22879;-20663
26/05/2024 16:15;26/05/2024 16:30;66;kWh;-18519;12;0;0;18531;-18507
26/05/2024 16:30;26/05/2024 16:45;67;kWh;-2774;77;0;0;2851;-2697
26/05/2024 16:45;26/05/2024 17:00;68;kWh;-940;0;0;0;940;-940
26/05/2024 17:00;26/05/2024 17:15;69;kWh;-28538;1458;0;0;29996;-27080
26/05/2024 17:15;26/05/2024 17:30;70;kWh;-22979;1613;0;0;24592;-21366
26/05/2024 17:30;26/05/2024 17:45;71;kWh;0;16080;0;0;16080;16080
26/05/2024 17:45;26/05/2024 18:00;72;kWh;0;50485;0;0;50485;50485
26/05/2024 18:00;26/05/2024 18:15;73;kWh;0;49355;0;0;49355;49355
26/05/2024 18:15;26/05/2024 18:30;74;kWh;0;50756;0;0;50756;50756
26/05/2024 18:30;26/05/2024 18:45;75;kWh;0;61843;0;0;61843;61843
26/05/2024 18:45;26/05/2024 19:00;76;kWh;0;44068;0;0;44068;44068
26/05/2024 19:00;26/05/2024 19:15;77;kWh;-24883;1384;0;0;26267;-23499
26/05/2024 19:15;26/05/2024 19:30;78;kWh;-13314;1338;0;0;14652;-11976
26/05/2024 19:30;26/05/2024 19:45;79;kWh;-28577;0;0;0;28577;-28577
26/05/2024 19:45;26/05/2024 20:00;80;kWh;-53119;0;0;0;53119;-53119
26/05/2024 20:00;26/05/2024 20:15;81;kWh;-38086;0;0;0;38086;-38086
26/05/2024 20:15;26/05/2024 20:30;82;kWh;-26174;0;0;0;26174;-26174
26/05/2024 20:30;26/05/2024 20:45;83;kWh;-133;0;0;0;133;-133
26/05/2024 20:45;26/05/2024 21:00;84;kWh;0;0;0;0;0;0
26/05/2024 21:00;26/05/2024 21:15;85;kWh;0;31182;0;0;31182;31182
26/05/2024 21:15;26/05/2024 21:30;86;kWh;0;40335;0;0;40335;40335
26/05/2024 21:30;26/05/2024 21:45;87;kWh;0;19712;0;0;19712;19712
26/05/2024 21:45;26/05/2024 22:00;88;kWh;-168;13535;0;0;13703;13367
26/05/2024 22:00;26/05/2024 22:15;89;kWh;-521;0;0;0;521;-521
26/05/2024 22:15;26/05/2024 22:30;90;kWh;0;0;0;0;0;0
26/05/2024 22:30;26/05/2024 22:45;91;kWh;-36455;0;0;0;36455;-36455
26/05/2024 22:45;26/05/2024 23:00;92;kWh;-18392;0;0;0;18392;-18392
26/05/2024 23:00;26/05/2024 23:15;93;kWh;-9411;13594;0;0;23005;4183
26/05/2024 23:15;26/05/2024 23:30;94;kWh;0;3810;0;0;3810;3810
26/05/2024 23:30;26/05/2024 23:45;95;kWh;-2791;0;0;0;2791;-2791
26/05/2024 23:45;27/05/2024 00:00;96;kWh;-8985;0;0;0;8985;-8985
27/05/2024 00:00;27/05/2024 00:15;1;kWh;-15581;20643;0;0;36224;5062
27/05/2024 00:15;27/05/2024 00:30;2;kWh;0;23872;0;0;23872;23872
27/05/2024 00:30;27/05/2024 00:45;3;kWh;-497;13236;0;0;13733;12739
27/05/2024 00:45;27/05/2024 01:00;4;kWh;-9075;0;0;0;9075;-9075
27/05/2024 01:00;27/05/2024 01:15;5;kWh;-137;22263;0;0;22400;22126
27/05/2024 01:15;27/05/2024 01:30;6;kWh;0;18580;0;0;18580;18580
27/05/2024 01:30;27/05/2024 01:45;7;kWh;0;895;0;0;895;895
27/05/2024 01:45;27/05/2024 02:00;8;kWh;-3043;0;0;0;3043;-3043
27/05/2024 02:00;27/05/2024 02:15;9;kWh;-8130;0;0;0;8130;-8130
27/05/2024 02:15;27/05/2024 02:30;10;kWh;-16514;2127;0;0;18641;-14387
27/05/2024 02:30;27/05/2024 02:45;11;kWh;-18296;21;0;0;18317;-18275
27/05/2024 02:45;27/05/2024 03:00;12;kWh;-28622;0;0;0;28622;-28622
27/05/2024 03:00;27/05/2024 03:15;13;kWh;-13906;0;0;0;13906;-13906
27/05/2024 03:15;27/05/2024 03:30;14;kWh;-3682;0;0;0;3682;-3682
27/05/2024 03:30;27/05/2024 03:45;15;kWh;-14188;0;0;0;14188;-14188
27/05/2024 03:45;27/05/2024 04:00;16;kWh;-11943;0;0;0;11943;-11943
27/05/2024 04:00;27/05/2024 04:15;17;kWh;-2979;0;0;0;2979;-2979
27/05/2024 04:15;27/05/2024 04:30;18;kWh;0;0;0;0;0;0
27/05/2024 04:30;27/05/2024 04:45;19;kWh;0;0;0;0;0;0
27/05/2024 04:45;27/05/2024 05:00;20;kWh;-1147;0;0;0;1147;-1147
27/05/2024 05:00;27/05/2024 05:15;21;kWh;-22449;0;0;0;22449;-22449
27/05/2024 05:15;27/05/2024 05:30;22;kWh;-16757;0;0;0;16757;-16757
27/05/2024 05:30;27/05/2024 05:45;23;kWh;-22008;0;0;0;22008;-22008
27/05/2024 05:45;27/05/2024 06:00;24;kWh;-17849;0;0;0;17849;-17849
27/05/2024 06:00;27/05/2024 06:15;25;kWh;-3905;0;0;0;3905;-3905
27/05/2024 06:15;27/05/2024 06:30;26;kWh;0;0;0;0;0;0
27/05/2024 06:30;27/05/2024 06:45;27;kWh;0;1097;0;0;1097;1097
27/05/2024 06:45;27/05/2024 07:00;28;kWh;0;10382;0;0;10382;10382
27/05/2024 07:00;27/05/2024 07:15;29;kWh;0;9048;0;0;9048;9048
27/05/2024 07:15;27/05/2024 07:30;30;kWh;0;8751;0;0;8751;8751
27/05/2024 07:30;27/05/2024 07:45;31;kWh;-6908;987;0;0;7895;-5921
27/05/2024 07:45;27/05/2024 08:00;32;kWh;-14423;0;0;0;14423;-14423
27/05/2024 08:00;27/05/2024 08:15;33;kWh;-15770;0;0;0;15770;-15770
27/05/2024 08:15;27/05/2024 08:30;34;kWh;-15304;0;0;0;15304;-15304
27/05/2024 08:30;27/05/2024 08:45;35;kWh;-41097;0;0;0;41097;-41097
27/05/2024 08:45;27/05/2024 09:00;36;kWh;-52882;0;0;0;52882;-52882
27/05/2024 09:00;27/05/2024 09:15;37;kWh;-21009;0;0;0;21009;-21009
27/05/2024 09:15;27/05/2024 09:30;38;kWh;-32947;0;0;0;32947;-32947
27/05/2024 09:30;27/05/2024 09:45;39;kWh;-56332;0;0;0;56332;-56332
27/05/2024 09:45;27/05/2024 10:00;40;kWh;-22716;0;0;0;22716;-22716
27/05/2024 10:00;27/05/2024 10:15;41;kWh;-31554;0;0;0;31554;-31554
27/05/2024 10:15;27/05/2024 10:30;42;kWh;-35808;0;0;0;35808;-35808
27/05/2024 10:30;27/05/2024 10:45;43;kWh;-17242;0;0;0;17242;-17242
27/05/2024 10:45;27/05/2024 11:00;44;kWh;-33636;0;0;0;33636;-33636
27/05/2024 11:00;27/05/2024 11:15;45;kWh;-33729;0;0;0;33729;-33729
27/05/2024 11:15;27/05/2024 11:30;46;kWh;-24605;260;0;0;24865;-24345
27/05/2024 11:30;27/05/2024 11:45;47;kWh;-18236;122;0;0;18358;-18114
27/05/2024 11:45;27/05/2024 12:00;48;kWh;-19883;735;0;0;20618;-19148
27/05/2024 12:00;27/05/2024 12:15;49;kWh;-6813;6569;0;0;13382;-244
27/05/2024 12:15;27/05/2024 12:30;50;kWh;-22574;6;0;0;22580;-22568
27/05/2024 12:30;27/05/2024 12:45;51;kWh;0;2252;0;0;2252;2252
27/05/2024 12:45;27/05/2024 13:00;52;kWh;0;6439;0;0;6439;6439
27/05/2024 13:00;27/05/2024 13:15;53;kWh;-5149;827;0;0;5976;-4322
27/05/2024 13:15;27/05/2024 13:30;54;kWh;-318;1339;0;0;1657;1021
27/05/2024 13:30;27/05/2024 13:45;55;kWh;0;25184;0;0;25184;25184
27/05/2024 13:45;27/05/2024 14:00;56;kWh;-1964;3221;0;0;5185;1257
27/05/2024 14:00;27/05/2024 14:15;57;kWh;-13882;0;0;0;13882;-13882
27/05/2024 14:15;27/05/2024 14:30;58;kWh;-18531;0;0;0;18531;-18531
27/05/2024 14:30;27/05/2024 14:45;59;kWh;-1830;0;0;0;1830;-1830
27/05/2024 14:45;27/05/2024 15:00;60;kWh;-28044;0;0;0;28044;-28044
27/05/2024 15:00;27/05/2024 15:15;61;kWh;-24428;0;0;0;24428;-24428
27/05/2024 15:15;27/05/2024 15:30;62;kWh;-2864;15;0;0;2879;-2849
27/05/2024 15:30;27/05/2024 15:45;63;kWh;-7532;0;0;0;7532;-7532
27/05/2024 15:45;27/05/2024 16:00;64;kWh;-1018;0;0;0;1018;-1018
27/05/2024 16:00;27/05/2024 16:15;65;kWh;-21047;8;0;0;21055;-21039
27/05/2024 16:15;27/05/2024 16:30;66;kWh;-318;149;0;0;467;-169
27/05/2024 16:30;27/05/2024 16:45;67;kWh;0;17742;0;0;17742;17742
27/05/2024 16:45;27/05/2024 17:00;68;kWh;0;49676;0;0;49676;49676
27/05/2024 17:00;27/05/2024 17:15;69;kWh;-2;6478;0;0;6480;6476
27/05/2024 17:15;27/05/2024 17:30;70;kWh;-710;0;0;0;710;-710
27/05/2024 17:30;27/05/2024 17:45;71;kWh;-240;0;0;0;240;-240
27/05/2024 17:45;27/05/2024 18:00;72;kWh;-307;0;0;0;307;-307
27/05/2024 18:00;27/05/2024 18:15;73;kWh;0;895;0;0;895;895
27/05/2024 18:15;27/05/2024 18:30;74;kWh;0;5302;0;0;5302;5302
27/05/2024 18:30;27/05/2024 18:45;75;kWh;0;13722;0;0;13722;13722
27/05/2024 18:45;27/05/2024 19:00;76;kWh;0;2767;0;0;2767;2767
27/05/2024 19:00;27/05/2024 19:15;77;kWh;0;9661;0;0;9661;9661
27/05/2024 19:15;27/05/2024 19:30;78;kWh;0;15962;0;0;15962;15962
27/05/2024 19:30;27/05/2024 19:45;79;kWh;0;1813;0;0;1813;1813
27/05/2024 19:45;27/05/2024 20:00;80;kWh;0;7877;0;0;7877;7877
27/05/2024 20:00;27/05/2024 20:15;81;kWh;0;1786;0;0;1786;1786
27/05/2024 20:15;27/05/2024 20:30;82;kWh;0;0;0;0;0;0
27/05/2024 20:30;27/05/2024 20:45;83;kWh;0;125;0;0;125;125
27/05/2024 20:45;27/05/2024 21:00;84;kWh;0;4161;0;0;4161;4161
27/05/2024 21:00;27/05/2024 21:15;85;kWh;0;15130;0;0;15130;15130
27/05/2024 21:15;27/05/2024 21:30;86;kWh;0;6983;0;0;6983;6983
27/05/2024 21:30;27/05/2024 21:45;87;kWh;0;1524;0;0;1524;1524
27/05/2024 21:45;27/05/2024 22:00;88;kWh;0;3831;0;0;3831;3831
27/05/2024 22:00;27/05/2024 22:15;89;kWh;0;21069;0;0;21069;21069
27/05/2024 22:15;27/05/2024 22:30;90;kWh;0;27919;0;0;27919;27919
27/05/2024 22:30;27/05/2024 22:45;91;kWh;0;21451;0;0;21451;21451
27/05/2024 22:45;27/05/2024 23:00;92;kWh;0;11553;0;0;11553;11553
27/05/2024 23:00;27/05/2024 23:15;93;kWh;-461;38;0;0;499;-423
27/05/2024 23:15;27/05/2024 23:30;94;kWh;0;34177;0;0;34177;34177
27/05/2024 23:30;27/05/2024 23:45;95;kWh;0;30001;0;0;30001;30001
27/05/2024 23:45;28/05/2024 00:00;96;kWh;-10;41546;0;0;41556;41536
28/05/2024 00:00;28/05/2024 00:15;1;kWh;-5248;53;0;0;5301;-5195
28/05/2024 00:15;28/05/2024 00:30;2;kWh;-2336;0;0;0;2336;-2336
28/05/2024 00:30;28/05/2024 00:45;3;kWh;-535;0;0;0;535;-535
28/05/2024 00:45;28/05/2024 01:00;4;kWh;0;8294;0;0;8294;8294
28/05/2024 01:00;28/05/2024 01:15;5;kWh;-31638;1075;0;0;32713;-30563
28/05/2024 01:15;28/05/2024 01:30;6;kWh;-1096;11703;0;0;12799;10607
28/05/2024 01:30;28/05/2024 01:45;7;kWh;0;34806;0;0;34806;34806
28/05/2024 01:45;28/05/2024 02:00;8;kWh;-1811;2585;0;0;4396;774
28/05/2024 02:00;28/05/2024 02:15;9;kWh;-3115;8724;0;0;11839;5609
28/05/2024 02:15;28/05/2024 02:30;10;kWh;0;18823;0;0;18823;18823
28/05/2024 02:30;28/05/2024 02:45;11;kWh;0;457;0;0;457;457
28/05/2024 02:45;28/05/2024 03:00;12;kWh;-527;0;0;0;527;-527
28/05/2024 03:00;28/05/2024 03:15;13;kWh;-1069;0;0;0;1069;-1069
28/05/2024 03:15;28/05/2024 03:30;14;kWh;-4368;0;0;0;4368;-4368
28/05/2024 03:30;28/05/2024 03:45;15;kWh;-6873;0;0;0;6873;-6873
28/05/2024 03:45;28/05/2024 04:00;16;kWh;-38803;0;0;0;38803;-38803
28/05/2024 04:00;28/05/2024 04:15;17;kWh;-17651;0;0;0;17651;-17651
28/05/2024 04:15;28/05/2024 04:30;18;kWh;-17553;0;0;0;17553;-17553
28/05/2024 04:30;28/05/2024 04:45;19;kWh;-19630;0;0;0;19630;-19630
28/05/2024 04:45;28/05/2024 05:00;20;kWh;-15882;0;0;0;15882;-15882
28/05/2024 05:00;28/05/2024 05:15;21;kWh;-1723;0;0;0;1723;-1723
28/05/2024 05:15;28/05/2024 05:30;22;kWh;-600;0;0;0;600;-600
28/05/2024 05:30;28/05/2024 05:45;23;kWh;-3104;0;0;0;3104;-3104
28/05/2024 05:45;28/05/2024 06:00;24;kWh;-13682;0;0;0;13682;-13682
28/05/2024 06:00;28/05/2024 06:15;25;kWh;-9251;0;0;0;9251;-9251
28/05/2024 06:15;28/05/2024 06:30;26;kWh;-268;0;0;0;268;-268
28/05/2024 06:30;28/05/2024 06:45;27;kWh;-409;0;0;0;409;-409
28/05/2024 06:45;28/05/2024 07:00;28;kWh;-4421;0;0;0;4421;-4421
28/05/2024 07:00;28/05/2024 07:15;29;kWh;-12719;0;0;0;12719;-12719
28/05/2024 07:15;28/05/2024 07:30;30;kWh;-7251;0;0;0;7251;-7251
28/05/2024 07:30;28/05/2024 07:45;31;kWh;-36811;0;0;0;36811;-36811
28/05/2024 07:45;28/05/2024 08:00;32;kWh;-17449;2332;0;0;19781;-15117
28/05/2024 08:00;28/05/2024 08:15;33;kWh;0;199;0;0;199;199
28/05/2024 08:15;28/05/2024 08:30;34;kWh;0;945;0;0;945;945
28/05/2024 08:30;28/05/2024 08:45;35;kWh;-94;0;0;0;94;-94
28/05/2024 08:45;28/05/2024 09:00;36;kWh;-3568;0;0;0;3568;-3568
28/05/2024 09:00;28/05/2024 09:15;37;kWh;-614;10517;0;0;11131;9903
28/05/2024 09:15;28/05/2024 09:30;38;kWh;0;21866;0;0;21866;21866
28/05/2024 09:30;28/05/2024 09:45;39;kWh;0;4056;0;0;4056;4056
28/05/2024 09:45;28/05/2024 10:00;40;kWh;-8298;0;0;0;8298;-8298
28/05/2024 10:00;28/05/2024 10:15;41;kWh;-5686;156;0;0;5842;-5530
28/05/2024 10:15;28/05/2024 10:30;42;kWh;-19463;0;0;0;19463;-19463
28/05/2024 10:30;28/05/2024 10:45;43;kWh;-35175;0;0;0;35175;-35175
28/05/2024 10:45;28/05/2024 11:00;44;kWh;-26031;0;0;0;26031;-26031
28/05/2024 11:00;28/05/2024 11:15;45;kWh;-19290;0;0;0;19290;-19290
28/05/2024 11:15;28/05/2024 11:30;46;kWh;-18278;304;0;0;18582;-17974
28/05/2024 11:30;28/05/2024 11:45;47;kWh;-8567;0;0;0;8567;-8567
28/05/2024 11:45;28/05/2024 12:00;48;kWh;-19452;97;0;0;19549;-19355
28/05/2024 12:00;28/05/2024 12:15;49;kWh;0;11204;0;0;11204;11204
28/05/2024 12:15;28/05/2024 12:30;50;kWh;0;26128;0;0;26128;26128
28/05/2024 12:30;28/05/2024 12:45;51;kWh;-23935;0;0;0;23935;-23935
28/05/2024 12:45;28/05/2024 13:00;52;kWh;-23175;0;0;0;23175;-23175
28/05/2024 13:00;28/05/2024 13:15;53;kWh;-30285;0;0;0;30285;-30285
28/05/2024 13:15;28/05/2024 13:30;54;kWh;-32102;0;0;0;32102;-32102
28/05/2024 13:30;28/05/2024 13:45;55;kWh;-28479;0;0;0;28479;-28479
28/05/2024 13:45;28/05/2024 14:00;56;kWh;-27349;0;0;0;27349;-27349
28/05/2024 14:00;28/05/2024 14:15;57;kWh;-22552;0;0;0;22552;-22552
28/05/2024 14:15;28/05/2024 14:30;58;kWh;-24713;708;0;0;25421;-24005
28/05/2024 14:30;28/05/2024 14:45;59;kWh;-22156;1343;0;0;23499;-20813
28/05/2024 14:45;28/05/2024 15:00;60;kWh;-18393;2116;0;0;20509;-16277
28/05/2024 15:00;28/05/2024 15:15;61;kWh;-7431;3003;0;0;10434;-4428
28/05/2024 15:15;28/05/2024 15:30;62;kWh;0;18656;0;0;18656;18656
28/05/2024 15:30;28/05/2024 15:45;63;kWh;0;31927;0;0;31927;31927
28/05/2024 15:45;28/05/2024 16:00;64;kWh;0;9120;0;0;9120;9120
28/05/2024 16:00;28/05/2024 16:15;65;kWh;-9516;9726;0;0;19242;210
28/05/2024 16:15;28/05/2024 16:30;66;kWh;-393;32867;0;0;33260;32474
28/05/2024 16:30;28/05/2024 16:45;67;kWh;-491;1040;0;0;1531;549
28/05/2024 16:45;28/05/2024 17:00;68;kWh;-613;11233;0;0;11846;10620
28/05/2024 17:00;28/05/2024 17:15;69;kWh;-56739;1470;0;0;58209;-55269
28/05/2024 17:15;28/05/2024 17:30;70;kWh;-24294;772;0;0;25066;-23522
28/05/2024 17:30;28/05/2024 17:45;71;kWh;-40626;0;0;0;40626;-40626
28/05/2024 17:45;28/05/2024 18:00;72;kWh;-44285;0;0;0;44285;-44285
28/05/2024 18:00;28/05/2024 18:15;73;kWh;-6350;0;0;0;6350;-6350
28/05/2024 18:15;28/05/2024 18:30;74;kWh;-3340;0;0;0;3340;-3340
28/05/2024 18:30;28/05/2024 18:45;75;kWh;0;4525;0;0;4525;4525
28/05/2024 18:45;28/05/2024 19:00;76;kWh;0;7732;0;0;7732;7732
28/05/2024 19:00;28/05/2024 19:15;77;kWh;0;37999;0;0;37999;37999
28/05/2024 19:15;28/05/2024 19:30;78;kWh;0;25451;0;0;25451;25451
28/05/2024 19:30;28/05/2024 19:45;79;kWh;-808;107;0;0;915;-701
28/05/2024 19:45;28/05/2024 20:00;80;kWh;-18677;0;0;0;18677;-18677
28/05/2024 20:00;28/05/2024 20:15;81;kWh;-38107;0;0;0;38107;-38107
28/05/2024 20:15;28/05/2024 20:30;82;kWh;-65307;0;0;0;65307;-65307
28/05/2024 20:30;28/05/2024 20:45;83;kWh;-29527;0;0;0;29527;-29527
28/05/2024 20:45;28/05/2024 21:00;84;kWh;-17075;0;0;0;17075;-17075
28/05/2024 21:00;28/05/2024 21:15;85;kWh;-12966;0;0;0;12966;-12966
28/05/2024 21:15;28/05/2024 21:30;86;kWh;-2545;0;0;0;2545;-2545
28/05/2024 21:30;28/05/2024 21:45;87;kWh;-492;0;0;0;492;-492
28/05/2024 21:45;28/05/2024 22:00;88;kWh;0;3910;0;0;3910;3910
28/05/2024 22:00;28/05/2024 22:15;89;kWh;-6240;28;0;0;6268;-6212
28/05/2024 22:15;28/05/2024 22:30;90;kWh;-6516;1574;0;0;8090;-4942
28/05/2024 22:30;28/05/2024 22:45;91;kWh;0;22314;0;0;22314;22314
28/05/2024 22:45;28/05/2024 23:00;92;kWh;-13695;497;0;0;14192;-13198
28/05/2024 23:00;28/05/2024 23:15;93;kWh;-11437;0;0;0;11437;-11437
28/05/2024 23:15;28/05/2024 23:30;94;kWh;-16937;0;0;0;16937;-16937
28/05/2024 23:30;28/05/2024 23:45;95;kWh;-9270;0;0;0;9270;-9270
28/05/2024 23:45;29/05/2024 00:00;96;kWh;-8307;0;0;0;8307;-8307
29/05/2024 00:00;29/05/2024 00:15;1;kWh;-1343;0;0;0;1343;-1343
29/05/2024 00:15;29/05/2024 00:30;2;kWh;0;3737;0;0;3737;3737
29/05/2024 00:30;29/05/2024 00:45;3;kWh;-8069;1678;0;0;9747;-6391
29/05/2024 00:45;29/05/2024 01:00;4;kWh;-13425;0;0;0;13425;-13425
29/05/2024 01:00;29/05/2024 01:15;5;kWh;-24;12815;0;0;12839;12791
29/05/2024 01:15;29/05/2024 01:30;6;kWh;0;24412;0;0;24412;24412
29/05/2024 01:30;29/05/2024 01:45;7;kWh;0;37859;0;0;37859;37859
29/05/2024 01:45;29/05/2024 02:00;8;kWh;0;14184;0;0;14184;14184
29/05/2024 02:00;29/05/2024 02:15;9;kWh;-3837;0;0;0;3837;-3837
29/05/2024 02:15;29/05/2024 02:30;10;kWh;-8748;0;0;0;8748;-8748
29/05/2024 02:30;29/05/2024 02:45;11;kWh;-16679;0;0;0;16679;-16679
29/05/2024 02:45;29/05/2024 03:00;12;kWh;-11652;0;0;0;11652;-11652
29/05/2024 03:00;29/05/2024 03:15;13;kWh;-3522;3465;0;0;6987;-57
29/05/2024 03:15;29/05/2024 03:30;14;kWh;0;3922;0;0;3922;3922
29/05/2024 03:30;29/05/2024 03:45;15;kWh;0;7443;0;0;7443;7443
29/05/2024 03:45;29/05/2024 04:00;16;kWh;0;10960;0;0;10960;10960
29/05/2024 04:00;29/05/2024 04:15;17;kWh;0;1187;0;0;1187;1187
29/05/2024 04:15;29/05/2024 04:30;18;kWh;0;0;0;0;0;0
29/05/2024 04:30;29/05/2024 04:45;19;kWh;0;112;0;0;112;112
29/05/2024 04:45;29/05/2024 05:00;20;kWh;0;0;0;0;0;0
29/05/2024 05:00;29/05/2024 05:15;21;kWh;-9647;153;0;0;9800;-9494
29/05/2024 05:15;29/05/2024 05:30;22;kWh;-16493;517;0;0;17010;-15976
29/05/2024 05:30;29/05/2024 05:45;23;kWh;-3390;277;0;0;3667;-3113
29/05/2024 05:45;29/05/2024 06:00;24;kWh;0;528;0;0;528;528
29/05/2024 06:00;29/05/2024 06:15;25;kWh;-10723;2209;0;0;12932;-8514
29/05/2024 06:15;29/05/2024 06:30;26;kWh;-2939;2825;0;0;5764;-114
29/05/2024 06:30;29/05/2024 06:45;27;kWh;0;11840;0;0;11840;11840
29/05/2024 06:45;29/05/2024 07:00;28;kWh;0;26903;0;0;26903;26903
29/05/2024 07:00;29/05/2024 07:15;29;kWh;0;5498;0;0;5498;5498
29/05/2024 07:15;29/05/2024 07:30;30;kWh;0;0;0;0;0;0
29/05/2024 07:30;29/05/2024 07:45;31;kWh;0;0;0;0;0;0
29/05/2024 07:45;29/05/2024 08:00;32;kWh;0;0;0;0;0;0
29/05/2024 08:00;29/05/2024 08:15;33;kWh;-9153;0;0;0;9153;-9153
29/05/2024 08:15;29/05/2024 08:30;34;kWh;-14140;0;0;0;14140;-14140
29/05/2024 08:30;29/05/2024 08:45;35;kWh;-10090;0;0;0;10090;-10090
29/05/2024 08:45;29/05/2024 09:00;36;kWh;-21460;0;0;0;21460;-21460
29/05/2024 09:00;29/05/2024 09:15;37;kWh;-18312;0;0;0;18312;-18312
29/05/2024 09:15;29/05/2024 09:30;38;kWh;-166;0;0;0;166;-166
29/05/2024 09:30;29/05/2024 09:45;39;kWh;-14814;0;0;0;14814;-14814
29/05/2024 09:45;29/05/2024 10:00;40;kWh;-12457;424;0;0;12881;-12033
29/05/2024 10:00;29/05/2024 10:15;41;kWh;-30849;605;0;0;31454;-30244
29/05/2024 10:15;29/05/2024 10:30;42;kWh;-40412;4489;0;0;44901;-35923
29/05/2024 10:30;29/05/2024 10:45;43;kWh;-11991;9701;0;0;21692;-2290
29/05/2024 10:45;29/05/2024 11:00;44;kWh;-263;0;0;0;263;-263
29/05/2024 11:00;29/05/2024 11:15;45;kWh;-24;1734;0;0;1758;1710
29/05/2024 11:15;29/05/2024 11:30;46;kWh;-18812;0;0;0;18812;-18812
29/05/2024 11:30;29/05/2024 11:45;47;kWh;-9211;0;0;0;9211;-9211
29/05/2024 11:45;29/05/2024 12:00;48;kWh;-14026;0;0;0;14026;-14026
29/05/2024 12:00;29/05/2024 12:15;49;kWh;-15003;27;0;0;15030;-14976
29/05/2024 12:15;29/05/2024 12:30;50;kWh;-13205;140;0;0;13345;-13065
29/05/2024 12:30;29/05/2024 12:45;51;kWh;-2207;0;0;0;2207;-2207
29/05/2024 12:45;29/05/2024 13:00;52;kWh;-1280;0;0;0;1280;-1280
29/05/2024 13:00;29/05/2024 13:15;53;kWh;-290;0;0;0;290;-290
29/05/2024 13:15;29/05/2024 13:30;54;kWh;0;35745;0;0;35745;35745
29/05/2024 13:30;29/05/2024 13:45;55;kWh;0;62255;0;0;62255;62255
29/05/2024 13:45;29/05/2024 14:00;56;kWh;0;7140;0;0;7140;7140
29/05/2024 14:00;29/05/2024 14:15;57;kWh;-444;0;0;0;444;-444
29/05/2024 14:15;29/05/2024 14:30;58;kWh;-13538;0;0;0;13538;-13538
29/05/2024 14:30;29/05/2024 14:45;59;kWh;-12995;0;0;0;12995;-12995
29/05/2024 14:45;29/05/2024 15:00;60;kWh;-15742;638;0;0;16380;-15104
29/05/2024 15:00;29/05/2024 15:15;61;kWh;-8210;0;0;0;8210;-8210
29/05/2024 15:15;29/05/2024 15:30;62;kWh;-849;0;0;0;849;-849
29/05/2024 15:30;29/05/2024 15:45;63;kWh;-10438;0;0;0;10438;-10438
29/05/2024 15:45;29/05/2024 16:00;64;kWh;-7186;0;0;0;7186;-7186
29/05/2024 16:00;29/05/2024 16:15;65;kWh;-26020;0;0;0;26020;-26020
29/05/2024 16:15;29/05/2024 16:30;66;kWh;-2619;0;0;0;2619;-2619
29/05/2024 16:30;29/05/2024 16:45;67;kWh;-24028;0;0;0;24028;-24028
29/05/2024 16:45;29/05/2024 17:00;68;kWh;-19667;0;0;0;19667;-19667
29/05/2024 17:00;29/05/2024 17:15;69;kWh;-21247;373;0;0;21620;-20874
29/05/2024 17:15;29/05/2024 17:30;70;kWh;-20886;425;0;0;21311;-20461
29/05/2024 17:30;29/05/2024 17:45;71;kWh;-22710;596;0;0;23306;-22114
29/05/2024 17:45;29/05/2024 18:00;72;kWh;-2130;0;0;0;2130;-2130
29/05/2024 18:00;29/05/2024 18:15;73;kWh;-32375;0;0;0;32375;-32375
29/05/2024 18:15;29/05/2024 18:30;74;kWh;-25627;0;0;0;25627;-25627
29/05/2024 18:30;29/05/2024 18:45;75;kWh;-14280;0;0;0;14280;-14280
29/05/2024 18:45;29/05/2024 19:00;76;kWh;-3444;0;0;0;3444;-3444
29/05/2024 19:00;29/05/2024 19:15;77;kWh;-21733;1511;0;0;23244;-20222
29/05/2024 19:15;29/05/2024 19:30;78;kWh;0;65;0;0;65;65
29/05/2024 19:30;29/05/2024 19:45;79;kWh;0;12243;0;0;12243;12243
29/05/2024 19:45;29/05/2024 20:00;80;kWh;0;38744;0;0;38744;38744
29/05/2024 20:00;29/05/2024 20:15;81;kWh;-40;23694;0;0;23734;23654
29/05/2024 20:15;29/05/2024 20:30;82;kWh;-54;12336;0;0;12390;12282
29/05/2024 20:30;29/05/2024 20:45;83;kWh;0;42151;0;0;42151;42151
29/05/2024 20:45;29/05/2024 21:00;84;kWh;0;62268;0;0;62268;62268
29/05/2024 21:00;29/05/2024 21:15;85;kWh;0;11731;0;0;11731;11731
29/05/2024 21:15;29/05/2024 21:30;86;kWh;0;15410;0;0;15410;15410
29/05/2024 21:30;29/05/2024 21:45;87;kWh;0;24913;0;0;24913;24913
29/05/2024 21:45;29/05/2024 22:00;88;kWh;0;25335;0;0;25335;25335
29/05/2024 22:00;29/05/2024 22:15;89;kWh;0;1331;0;0;1331;1331
29/05/2024 22:15;29/05/2024 22:30;90;kWh;0;0;0;0;0;0
29/05/2024 22:30;29/05/2024 22:45;91;kWh;-489;0;0;0;489;-489
29/05/2024 22:45;29/05/2024 23:00;92;kWh;0;1001;0;0;1001;1001
29/05/2024 23:00;29/05/2024 23:15;93;kWh;0;28165;0;0;28165;28165
29/05/2024 23:15;29/05/2024 23:30;94;kWh;0;42637;0;0;42637;42637
29/05/2024 23:30;29/05/2024 23:45;95;kWh;0;34768;0;0;34768;34768
29/05/2024 23:45;30/05/2024 00:00;96;kWh;0;17806;0;0;17806;17806
30/05/2024 00:00;30/05/2024 00:15;1;kWh;0;54509;0;0;54509;54509
30/05/2024 00:15;30/05/2024 00:30;2;kWh;0;55220;0;0;55220;55220
30/05/2024 00:30;30/05/2024 00:45;3;kWh;0;34626;0;0;34626;34626
30/05/2024 00:45;30/05/2024 01:00;4;kWh;0;33957;0;0;33957;33957
30/05/2024 01:00;30/05/2024 01:15;5;kWh;0;29392;0;0;29392;29392
30/05/2024 01:15;30/05/2024 01:30;6;kWh;0;10139;0;0;10139;10139
30/05/2024 01:30;30/05/2024 01:45;7;kWh;0;10828;0;0;10828;10828
30/05/2024 01:45;30/05/2024 02:00;8;kWh;0;7313;0;0;7313;7313
30/05/2024 02:00;30/05/2024 02:15;9;kWh;0;18566;0;0;18566;18566
30/05/2024 02:15;30/05/2024 02:30;10;kWh;0;27491;0;0;27491;27491
30/05/2024 02:30;30/05/2024 02:45;11;kWh;0;48263;0;0;48263;48263
30/05/2024 02:45;30/05/2024 03:00;12;kWh;0;63936;0;0;63936;63936
30/05/2024 03:00;30/05/2024 03:15;13;kWh;0;62835;0;0;62835;62835
30/05/2024 03:15;30/05/2024 03:30;14;kWh;0;36441;0;0;36441;36441
30/05/2024 03:30;30/05/2024 03:45;15;kWh;0;45859;0;0;45859;45859
30/05/2024 03:45;30/05/2024 04:00;16;kWh;0;64552;0;0;64552;64552
30/05/2024 04:00;30/05/2024 04:15;17;kWh;0;6792;0;0;6792;6792
30/05/2024 04:15;30/05/2024 04:30;18;kWh;0;0;0;0;0;0
30/05/2024 04:30;30/05/2024 04:45;19;kWh;0;0;0;0;0;0
30/05/2024 04:45;30/05/2024 05:00;20;kWh;0;0;0;0;0;0
30/05/2024 05:00;30/05/2024 05:15;21;kWh;0;0;0;0;0;0
30/05/2024 05:15;30/05/2024 05:30;22;kWh;-587;0;0;0;587;-587
30/05/2024 05:30;30/05/2024 05:45;23;kWh;-6802;0;0;0;6802;-6802
30/05/2024 05:45;30/05/2024 06:00;24;kWh;-23808;0;0;0;23808;-23808
30/05/2024 06:00;30/05/2024 06:15;25;kWh;-14859;1481;0;0;16340;-13378
30/05/2024 06:15;30/05/2024 06:30;26;kWh;0;1577;0;0;1577;1577
30/05/2024 06:30;30/05/2024 06:45;27;kWh;0;0;0;0;0;0
30/05/2024 06:45;30/05/2024 07:00;28;kWh;-440;0;0;0;440;-440
30/05/2024 07:00;30/05/2024 07:15;29;kWh;0;5292;0;0;5292;5292
30/05/2024 07:15;30/05/2024 07:30;30;kWh;0;40787;0;0;40787;40787
30/05/2024 07:30;30/05/2024 07:45;31;kWh;0;24902;0;0;24902;24902
30/05/2024 07:45;30/05/2024 08:00;32;kWh;0;12087;0;0;12087;12087
30/05/2024 08:00;30/05/2024 08:15;33;kWh;0;45374;0;0;45374;45374
30/05/2024 08:15;30/05/2024 08:30;34;kWh;-6364;1476;0;0;7840;-4888
30/05/2024 08:30;30/05/2024 08:45;35;kWh;-33257;0;0;0;33257;-33257
30/05/2024 08:45;30/05/2024 09:00;36;kWh;-42860;0;0;0;42860;-42860
30/05/2024 09:00;30/05/2024 09:15;37;kWh;-11960;0;0;0;11960;-11960
30/05/2024 09:15;30/05/2024 09:30;38;kWh;-52939;0;0;0;52939;-52939
30/05/2024 09:30;30/05/2024 09:45;39;kWh;-28015;0;0;0;28015;-28015
30/05/2024 09:45;30/05/2024 10:00;40;kWh;-39322;0;0;0;39322;-39322
30/05/2024 10:00;30/05/2024 10:15;41;kWh;-25777;0;0;0;25777;-25777
30/05/2024 10:15;30/05/2024 10:30;42;kWh;-33335;0;0;0;33335;-33335
30/05/2024 10:30;30/05/2024 10:45;43;kWh;-17789;0;0;0;17789;-17789
30/05/2024 10:45;30/05/2024 11:00;44;kWh;-8857;0;0;0;8857;-8857
30/05/2024 11:00;30/05/2024 11:15;45;kWh;-2905;0;0;0;2905;-2905
30/05/2024 11:15;30/05/2024 11:30;46;kWh;0;0;0;0;0;0
30/05/2024 11:30;30/05/2024 11:45;47;kWh;0;0;0;0;0;0
30/05/2024 11:45;30/05/2024 12:00;48;kWh;-18470;0;0;0;18470;-18470
30/05/2024 12:00;30/05/2024 12:15;49;kWh;-4581;133;0;0;4714;-4448
30/05/2024 12:15;30/05/2024 12:30;50;kWh;0;55969;0;0;55969;55969
30/05/2024 12:30;30/05/2024 12:45;51;kWh;0;37109;0;0;37109;37109
30/05/2024 12:45;30/05/2024 13:00;52;kWh;0;72;0;0;72;72
30/05/2024 13:00;30/05/2024 13:15;53;kWh;0;27761;0;0;27761;27761
30/05/2024 13:15;30/05/2024 13:30;54;kWh;-1461;6597;0;0;8058;5136
30/05/2024 13:30;30/05/2024 13:45;55;kWh;-908;40;0;0;948;-868
30/05/2024 13:45;30/05/2024 14:00;56;kWh;0;23150;0;0;23150;23150
30/05/2024 14:00;30/05/2024 14:15;57;kWh;-795;3847;0;0;4642;3052
30/05/2024 14:15;30/05/2024 14:30;58;kWh;-582;7379;0;0;7961;6797
30/05/2024 14:30;30/05/2024 14:45;59;kWh;-8214;0;0;0;8214;-8214
30/05/2024 14:45;30/05/2024 15:00;60;kWh;-13688;0;0;0;13688;-13688
30/05/2024 15:00;30/05/2024 15:15;61;kWh;-7019;0;0;0;7019;-7019
30/05/2024 15:15;30/05/2024 15:30;62;kWh;-916;0;0;0;916;-916
30/05/2024 15:30;30/05/2024 15:45;63;kWh;-293;0;0;0;293;-293
30/05/2024 15:45;30/05/2024 16:00;64;kWh;-16774;0;0;0;16774;-16774
30/05/2024 16:00;30/05/2024 16:15;65;kWh;-24076;0;0;0;24076;-24076
30/05/2024 16:15;30/05/2024 16:30;66;kWh;-28242;0;0;0;28242;-28242
30/05/2024 16:30;30/05/2024 16:45;67;kWh;-33389;0;0;0;33389;-33389
30/05/2024 16:45;30/05/2024 17:00;68;kWh;-38752;0;0;0;38752;-38752
30/05/2024 17:00;30/05/2024 17:15;69;kWh;-28099;0;0;0;28099;-28099
30/05/2024 17:15;30/05/2024 17:30;70;kWh;-17811;0;0;0;17811;-17811
30/05/2024 17:30;30/05/2024 17:45;71;kWh;-1840;0;0;0;1840;-1840
30/05/2024 17:45;30/05/2024 18:00;72;kWh;-3505;0;0;0;3505;-3505
30/05/2024 18:00;30/05/2024 18:15;73;kWh;-10517;0;0;0;10517;-10517
30/05/2024 18:15;30/05/2024 18:30;74;kWh;-112;7679;0;0;7791;7567
30/05/2024 18:30;30/05/2024 18:45;75;kWh;0;11367;0;0;11367;11367
30/05/2024 18:45;30/05/2024 19:00;76;kWh;0;15677;0;0;15677;15677
30/05/2024 19:00;30/05/2024 19:15;77;kWh;-634;28750;0;0;29384;28116
30/05/2024 19:15;30/05/2024 19:30;78;kWh;-12006;0;0;0;12006;-12006
30/05/2024 19:30;30/05/2024 19:45;79;kWh;-3595;0;0;0;3595;-3595
30/05/2024 19:45;30/05/2024 20:00;80;kWh;-14;7871;0;0;7885;7857
30/05/2024 20:00;30/05/2024 20:15;81;kWh;0;5774;0;0;5774;5774
30/05/2024 20:15;30/05/2024 20:30;82;kWh;0;4246;0;0;4246;4246
30/05/2024 20:30;30/05/2024 20:45;83;kWh;0;26749;0;0;26749;26749
30/05/2024 20:45;30/05/2024 21:00;84;kWh;0;1763;0;0;1763;1763
30/05/2024 21:00;30/05/2024 21:15;85;kWh;0;4415;0;0;4415;4415
30/05/2024 21:15;30/05/2024 21:30;86;kWh;0;7688;0;0;7688;7688
30/05/2024 21:30;30/05/2024 21:45;87;kWh;-2819;0;0;0;2819;-2819
30/05/2024 21:45;30/05/2024 22:00;88;kWh;-18741;0;0;0;18741;-18741
30/05/2024 22:00;30/05/2024 22:15;89;kWh;-15457;0;0;0;15457;-15457
30/05/2024 22:15;30/05/2024 22:30;90;kWh;-27854;0;0;0;27854;-27854
30/05/2024 22:30;30/05/2024 22:45;91;kWh;-14066;0;0;0;14066;-14066
30/05/2024 22:45;30/05/2024 23:00;92;kWh;-4694;0;0;0;4694;-4694
30/05/2024 23:00;30/05/2024 23:15;93;kWh;-4821;5889;0;0;10710;1068
30/05/2024 23:15;30/05/2024 23:30;94;kWh;0;26048;0;0;26048;26048
30/05/2024 23:30;30/05/2024 23:45;95;kWh;0;2924;0;0;2924;2924
30/05/2024 23:45;31/05/2024 00:00;96;kWh;0;356;0;0;356;356
31/05/2024 00:00;31/05/2024 00:15;1;kWh;0;7705;0;0;7705;7705
31/05/2024 00:15;31/05/2024 00:30;2;kWh;-8535;0;0;0;8535;-8535
31/05/2024 00:30;31/05/2024 00:45;3;kWh;-27560;0;0;0;27560;-27560
31/05/2024 00:45;31/05/2024 01:00;4;kWh;-30246;0;0;0;30246;-30246
31/05/2024 01:00;31/05/2024 01:15;5;kWh;-7841;0;0;0;7841;-7841
31/05/2024 01:15;31/05/2024 01:30;6;kWh;-1477;0;0;0;1477;-1477
31/05/2024 01:30;31/05/2024 01:45;7;kWh;-11475;0;0;0;11475;-11475
31/05/2024 01:45;31/05/2024 02:00;8;kWh;-55109;0;0;0;55109;-55109
31/05/2024 02:00;31/05/2024 02:15;9;kWh;-28496;0;0;0;28496;-28496
31/05/2024 02:15;31/05/2024 02:30;10;kWh;-30119;0;0;0;30119;-30119
31/05/2024 02:30;31/05/2024 02:45;11;kWh;-27110;0;0;0;27110;-27110
31/05/2024 02:45;31/05/2024 03:00;12;kWh;-24919;0;0;0;24919;-24919
31/05/2024 03:00;31/05/2024 03:15;13;kWh;-2605;4841;0;0;7446;2236
31/05/2024 03:15;31/05/2024 03:30;14;kWh;0;6277;0;0;6277;6277
31/05/2024 03:30;31/05/2024 03:45;15;kWh;0;6539;0;0;6539;6539
31/05/2024 03:45;31/05/2024 04:00;16;kWh;0;3535;0;0;3535;3535
31/05/2024 04:00;31/05/2024 04:15;17;kWh;0;4831;0;0;4831;4831
31/05/2024 04:15;31/05/2024 04:30;18;kWh;0;8496;0;0;8496;8496
31/05/2024 04:30;31/05/2024 04:45;19;kWh;0;2158;0;0;2158;2158
31/05/2024 04:45;31/05/2024 05:00;20;kWh;-3478;0;0;0;3478;-3478
31/05/2024 05:00;31/05/2024 05:15;21;kWh;-6488;0;0;0;6488;-6488
31/05/2024 05:15;31/05/2024 05:30;22;kWh;-1425;0;0;0;1425;-1425
31/05/2024 05:30;31/05/2024 05:45;23;kWh;0;11364;0;0;11364;11364
31/05/2024 05:45;31/05/2024 06:00;24;kWh;0;18825;0;0;18825;18825
31/05/2024 06:00;31/05/2024 06:15;25;kWh;0;5515;0;0;5515;5515
31/05/2024 06:15;31/05/2024 06:30;26;kWh;0;14469;0;0;14469;14469
31/05/2024 06:30;31/05/2024 06:45;27;kWh;-17;2208;0;0;2225;2191
31/05/2024 06:45;31/05/2024 07:00;28;kWh;-8470;0;0;0;8470;-8470
31/05/2024 07:00;31/05/2024 07:15;29;kWh;-648;0;0;0;648;-648
31/05/2024 07:15;31/05/2024 07:30;30;kWh;-3823;0;0;0;3823;-3823
31/05/2024 07:30;31/05/2024 07:45;31;kWh;-6429;0;0;0;6429;-6429
31/05/2024 07:45;31/05/2024 08:00;32;kWh;-3876;0;0;0;3876;-3876
31/05/2024 08:00;31/05/2024 08:15;33;kWh;-58;0;0;0;58;-58
31/05/2024 08:15;31/05/2024 08:30;34;kWh;-3705;0;0;0;3705;-3705
31/05/2024 08:30;31/05/2024 08:45;35;kWh;-8114;0;0;0;8114;-8114
31/05/2024 08:45;31/05/2024 09:00;36;kWh;-1346;0;0;0;1346;-1346
31/05/2024 09:00;31/05/2024 09:15;37;kWh;-365;0;0;0;365;-365
31/05/2024 09:15;31/05/2024 09:30;38;kWh;0;0;0;0;0;0
31/05/2024 09:30;31/05/2024 09:45;39;kWh;0;19250;0;0;19250;19250
31/05/2024 09:45;31/05/2024 10:00;40;kWh;0;27926;0;0;27926;27926
31/05/2024 10:00;31/05/2024 10:15;41;kWh;0;42587;0;0;42587;42587
31/05/2024 10:15;31/05/2024 10:30;42;kWh;0;32747;0;0;32747;32747
31/05/2024 10:30;31/05/2024 10:45;43;kWh;0;9412;0;0;9412;9412
31/05/2024 10:45;31/05/2024 11:00;44;kWh;-31043;0;0;0;31043;-31043
31/05/2024 11:00;31/05/2024 11:15;45;kWh;-55828;0;0;0;55828;-55828
31/05/2024 11:15;31/05/2024 11:30;46;kWh;-34388;0;0;0;34388;-34388
31/05/2024 11:30;31/05/2024 11:45;47;kWh;-14118;0;0;0;14118;-14118
31/05/2024 11:45;31/05/2024 12:00;48;kWh;-46490;0;0;0;46490;-46490
31/05/2024 12:00;31/05/2024 12:15;49;kWh;-8526;325;0;0;8851;-8201
31/05/2024 12:15;31/05/2024 12:30;50;kWh;-1379;78;0;0;1457;-1301
31/05/2024 12:30;31/05/2024 12:45;51;kWh;-7268;0;0;0;7268;-7268
31/05/2024 12:45;31/05/2024 13:00;52;kWh;-31470;0;0;0;31470;-31470
31/05/2024 13:00;31/05/2024 13:15;53;kWh;-25412;0;0;0;25412;-25412
31/05/2024 13:15;31/05/2024 13:30;54;kWh;-57730;0;0;0;57730;-57730
31/05/2024 13:30;31/05/2024 13:45;55;kWh;-54544;0;0;0;54544;-54544
31/05/2024 13:45;31/05/2024 14:00;56;kWh;-75694;0;0;0;75694;-75694
31/05/2024 14:00;31/05/2024 14:15;57;kWh;-21894;0;0;0;21894;-21894
31/05/2024 14:15;31/05/2024 14:30;58;kWh;-39855;0;0;0;39855;-39855
31/05/2024 14:30;31/05/2024 14:45;59;kWh;-12899;0;0;0;12899;-12899
31/05/2024 14:45;31/05/2024 15:00;60;kWh;-36784;0;0;0;36784;-36784
31/05/2024 15:00;31/05/2024 15:15;61;kWh;-10523;1860;0;0;12383;-8663
31/05/2024 15:15;31/05/2024 15:30;62;kWh;0;48478;0;0;48478;48478
31/05/2024 15:30;31/05/2024 15:45;63;kWh;0;76611;0;0;76611;76611
31/05/2024 15:45;31/05/2024 16:00;64;kWh;0;67215;0;0;67215;67215
31/05/2024 16:00;31/05/2024 16:15;65;kWh;0;2790;0;0;2790;2790
31/05/2024 16:15;31/05/2024 16:30;66;kWh;0;0;0;0;0;0
31/05/2024 16:30;31/05/2024 16:45;67;kWh;0;0;0;0;0;0
31/05/2024 16:45;31/05/2024 17:00;68;kWh;-7;0;0;0;7;-7
31/05/2024 17:00;31/05/2024 17:15;69;kWh;0;1960;0;0;1960;1960
31/05/2024 17:15;31/05/2024 17:30;70;kWh;0;33580;0;0;33580;33580
31/05/2024 17:30;31/05/2024 17:45;71;kWh;0;24350;0;0;24350;24350
31/05/2024 17:45;31/05/2024 18:00;72;kWh;0;17;0;0;17;17
31/05/2024 18:00;31/05/2024 18:15;73;kWh;-13512;0;0;0;13512;-13512
31/05/2024 18:15;31/05/2024 18:30;74;kWh;-21908;43;0;0;21951;-21865
31/05/2024 18:30;31/05/2024 18:45;75;kWh;0;7352;0;0;7352;7352
31/05/2024 18:45;31/05/2024 19:00;76;kWh;0;24186;0;0;24186;24186
31/05/2024 19:00;31/05/2024 19:15;77;kWh;0;19600;0;0;19600;19600
31/05/2024 19:15;31/05/2024 19:30;78;kWh;0;19595;0;0;19595;19595
31/05/2024 19:30;31/05/2024 19:45;79;kWh;0;33107;0;0;33107;33107
31/05/2024 19:45;31/05/2024 20:00;80;kWh;0;10726;0;0;10726;10726
31/05/2024 20:00;31/05/2024 20:15;81;kWh;-2391;630;0;0;3021;-1761
31/05/2024 20:15;31/05/2024 20:30;82;kWh;-2077;0;0;0;2077;-2077
31/05/2024 20:30;31/05/2024 20:45;83;kWh;0;1909;0;0;1909;1909
31/05/2024 20:45;31/05/2024 21:00;84;kWh;-17;1792;0;0;1809;1775
31/05/2024 21:00;31/05/2024 21:15;85;kWh;-173;0;0;0;173;-173
31/05/2024 21:15;31/05/2024 21:30;86;kWh;0;4895;0;0;4895;4895
31/05/2024 21:30;31/05/2024 21:45;87;kWh;0;14439;0;0;14439;14439
31/05/2024 21:45;31/05/2024 22:00;88;kWh;0;17168;0;0;17168;17168
31/05/2024 22:00;31/05/2024 22:15;89;kWh;-5346;265;0;0;5611;-5081
31/05/2024 22:15;31/05/2024 22:30;90;kWh;-506;0;0;0;506;-506
31/05/2024 22:30;31/05/2024 22:45;91;kWh;-1836;0;0;0;1836;-1836
31/05/2024 22:45;31/05/2024 23:00;92;kWh;-2321;0;0;0;2321;-2321
31/05/2024 23:00;31/05/2024 23:15;93;kWh;-885;0;0;0;885;-885
31/05/2024 23:15;31/05/2024 23:30;94;kWh;0;8384;0;0;8384;8384
31/05/2024 23:30;31/05/2024 23:45;95;kWh;0;25980;0;0;25980;25980
31/05/2024 23:45;01/06/2024 00:00;96;kWh;0;24399;0;0;24399;24399
01/06/2024 00:00;01/06/2024 00:15;1;kWh;0;5940;0;0;5940;5940
01/06/2024 00:15;01/06/2024 00:30;2;kWh;0;21849;0;0;21849;21849
01/06/2024 00:30;01/06/2024 00:45;3;kWh;0;26963;0;0;26963;26963
01/06/2024 00:45;01/06/2024 01:00;4;kWh;0;23659;0;0;23659;23659
01/06/2024 01:00;01/06/2024 01:15;5;kWh;0;3035;0;0;3035;3035
01/06/2024 01:15;01/06/2024 01:30;6;kWh;0;4678;0;0;4678;4678
01/06/2024 01:30;01/06/2024 01:45;7;kWh;0;738;0;0;738;738
01/06/2024 01:45;01/06/2024 02:00;8;kWh;0;8;0;0;8;8
01/06/2024 02:00;01/06/2024 02:15;9;kWh;-90;0;0;0;90;-90
01/06/2024 02:15;01/06/2024 02:30;10;kWh;0;1039;0;0;1039;1039
01/06/2024 02:30;01/06/2024 02:45;11;kWh;-4;500;0;0;504;496
01/06/2024 02:45;01/06/2024 03:00;12;kWh;-2112;0;0;0;2112;-2112
01/06/2024 03:00;01/06/2024 03:15;13;kWh;-439;0;0;0;439;-439
01/06/2024 03:15;01/06/2024 03:30;14;kWh;0;0;0;0;0;0
01/06/2024 03:30;01/06/2024 03:45;15;kWh;0;7435;0;0;7435;7435
01/06/2024 03:45;01/06/2024 04:00;16;kWh;0;11119;0;0;11119;11119
01/06/2024 04:00;01/06/2024 04:15;17;kWh;0;11244;0;0;11244;11244
01/06/2024 04:15;01/06/2024 04:30;18;kWh;0;11202;0;0;11202;11202
01/06/2024 04:30;01/06/2024 04:45;19;kWh;0;16301;0;0;16301;16301
01/06/2024 04:45;01/06/2024 05:00;20;kWh;0;10074;0;0;10074;10074
01/06/2024 05:00;01/06/2024 05:15;21;kWh;0;8202;0;0;8202;8202
01/06/2024 05:15;01/06/2024 05:30;22;kWh;0;2482;0;0;2482;2482
01/06/2024 05:30;01/06/2024 05:45;23;kWh;-998;0;0;0;998;-998
01/06/2024 05:45;01/06/2024 06:00;24;kWh;-7576;0;0;0;7576;-7576
01/06/2024 06:00;01/06/2024 06:15;25;kWh;-15737;0;0;0;15737;-15737
01/06/2024 06:15;01/06/2024 06:30;26;kWh;0;0;0;0;0;0
01/06/2024 06:30;01/06/2024 06:45;27;kWh;0;0;0;0;0;0
01/06/2024 06:45;01/06/2024 07:00;28;kWh;0;274;0;0;274;274
01/06/2024 07:00;01/06/2024 07:15;29;kWh;0;42319;0;0;42319;42319
01/06/2024 07:15;01/06/2024 07:30;30;kWh;0;6486;0;0;6486;6486
01/06/2024 07:30;01/06/2024 07:45;31;kWh;0;15799;0;0;15799;15799
01/06/2024 07:45;01/06/2024 08:00;32;kWh;0;22828;0;0;22828;22828
01/06/2024 08:00;01/06/2024 08:15;33;kWh;0;2914;0;0;2914;2914
01/06/2024 08:15;01/06/2024 08:30;34;kWh;0;404;0;0;404;404
01/06/2024 08:30;01/06/2024 08:45;35;kWh;0;17111;0;0;17111;17111
01/06/2024 08:45;01/06/2024 09:00;36;kWh;0;22750;0;0;22750;22750
01/06/2024 09:00;01/06/2024 09:15;37;kWh;0;33542;0;0;33542;33542
01/06/2024 09:15;01/06/2024 09:30;38;kWh;0;58562;0;0;58562;58562
01/06/2024 09:30;01/06/2024 09:45;39;kWh;0;54969;0;0;54969;54969
01/06/2024 09:45;01/06/2024 10:00;40;kWh;0;34630;0;0;34630;34630
01/06/2024 10:00;01/06/2024 10:15;41;kWh;0;66305;0;0;66305;66305
01/06/2024 10:15;01/06/2024 10:30;42;kWh;0;58649;0;0;58649;58649
01/06/2024 10:30;01/06/2024 10:45;43;kWh;0;45569;0;0;45569;45569
01/06/2024 10:45;01/06/2024 11:00;44;kWh;0;33936;0;0;33936;33936
01/06/2024 11:00;01/06/2024 11:15;45;kWh;0;41831;0;0;41831;41831
01/06/2024 11:15;01/06/2024 11:30;46;kWh;0;35937;0;0;35937;35937
01/06/2024 11:30;01/06/2024 11:45;47;kWh;0;39453;0;0;39453;39453
01/06/2024 11:45;01/06/2024 12:00;48;kWh;0;34570;0;0;34570;34570
01/06/2024 12:00;01/06/2024 12:15;49;kWh;0;83610;0;0;83610;83610
01/06/2024 12:15;01/06/2024 12:30;50;kWh;0;51328;0;0;51328;51328
01/06/2024 12:30;01/06/2024 12:45;51;kWh;0;24384;0;0;24384;24384
01/06/2024 12:45;01/06/2024 13:00;52;kWh;0;26661;0;0;26661;26661
01/06/2024 13:00;01/06/2024 13:15;53;kWh;0;27952;0;0;27952;27952
01/06/2024 13:15;01/06/2024 13:30;54;kWh;0;21039;0;0;21039;21039
01/06/2024 13:30;01/06/2024 13:45;55;kWh;0;351;0;0;351;351
01/06/2024 13:45;01/06/2024 14:00;56;kWh;0;10217;0;0;10217;10217
01/06/2024 14:00;01/06/2024 14:15;57;kWh;0;41100;0;0;41100;41100
01/06/2024 14:15;01/06/2024 14:30;58;kWh;0;27176;0;0;27176;27176
01/06/2024 14:30;01/06/2024 14:45;59;kWh;0;53783;0;0;53783;53783
01/06/2024 14:45;01/06/2024 15:00;60;kWh;0;29260;0;0;29260;29260
01/06/2024 15:00;01/06/2024 15:15;61;kWh;0;57381;0;0;57381;57381
01/06/2024 15:15;01/06/2024 15:30;62;kWh;0;46510;0;0;46510;46510
01/06/2024 15:30;01/06/2024 15:45;63;kWh;0;52113;0;0;52113;52113
01/06/2024 15:45;01/06/2024 16:00;64;kWh;0;45397;0;0;45397;45397
01/06/2024 16:00;01/06/2024 16:15;65;kWh;0;24766;0;0;24766;24766
01/06/2024 16:15;01/06/2024 16:30;66;kWh;0;37890;0;0;37890;37890
01/06/2024 16:30;01/06/2024 16:45;67;kWh;0;71276;0;0;71276;71276
01/06/2024 16:45;01/06/2024 17:00;68;kWh;0;86063;0;0;86063;86063
01/06/2024 17:00;01/06/2024 17:15;69;kWh;-3216;3837;0;0;7053;621
01/06/2024 17:15;01/06/2024 17:30;70;kWh;0;38618;0;0;38618;38618
01/06/2024 17:30;01/06/2024 17:45;71;kWh;0;78903;0;0;78903;78903
01/06/2024 17:45;01/06/2024 18:00;72;kWh;0;88056;0;0;88056;88056
01/06/2024 18:00;01/06/2024 18:15;73;kWh;-19894;5700;0;0;25594;-14194
01/06/2024 18:15;01/06/2024 18:30;74;kWh;-5823;0;0;0;5823;-5823
01/06/2024 18:30;01/06/2024 18:45;75;kWh;0;0;0;0;0;0
01/06/2024 18:45;01/06/2024 19:00;76;kWh;0;66;0;0;66;66
01/06/2024 19:00;01/06/2024 19:15;77;kWh;-840;0;0;0;840;-840
01/06/2024 19:15;01/06/2024 19:30;78;kWh;-5369;0;0;0;5369;-5369
01/06/2024 19:30;01/06/2024 19:45;79;kWh;-4414;0;0;0;4414;-4414
01/06/2024 19:45;01/06/2024 20:00;80;kWh;-508;0;0;0;508;-508
01/06/2024 20:00;01/06/2024 20:15;81;kWh;-11786;0;0;0;11786;-11786
01/06/2024 20:15;01/06/2024 20:30;82;kWh;-14763;11;0;0;14774;-14752
01/06/2024 20:30;01/06/2024 20:45;83;kWh;-6179;0;0;0;6179;-6179
01/06/2024 20:45;01/06/2024 21:00;84;kWh;-6618;0;0;0;6618;-6618
01/06/2024 21:00;01/06/2024 21:15;85;kWh;-24167;1282;0;0;25449;-22885
01/06/2024 21:15;01/06/2024 21:30;86;kWh;-19302;0;0;0;19302;-19302
01/06/2024 21:30;01/06/2024 21:45;87;kWh;-28461;1741;0;0;30202;-26720
01/06/2024 21:45;01/06/2024 22:00;88;kWh;-20469;0;0;0;20469;-20469
01/06/2024 22:00;01/06/2024 22:15;89;kWh;-857;0;0;0;857;-857
01/06/2024 22:15;01/06/2024 22:30;90;kWh;-7999;0;0;0;7999;-7999
01/06/2024 22:30;01/06/2024 22:45;91;kWh;-1030;0;0;0;1030;-1030
01/06/2024 22:45;01/06/2024 23:00;92;kWh;-7891;0;0;0;7891;-7891
01/06/2024 23:00;01/06/2024 23:15;93;kWh;-7377;11051;0;0;18428;3674
01/06/2024 23:15;01/06/2024 23:30;94;kWh;0;10259;0;0;10259;10259
01/06/2024 23:30;01/06/2024 23:45;95;kWh;-61;14856;0;0;14917;14795
01/06/2024 23:45;02/06/2024 00:00;96;kWh;-1275;936;0;0;2211;-339
02/06/2024 00:00;02/06/2024 00:15;1;kWh;-82;7921;0;0;8003;7839
02/06/2024 00:15;02/06/2024 00:30;2;kWh;0;9272;0;0;9272;9272
02/06/2024 00:30;02/06/2024 00:45;3;kWh;0;6078;0;0;6078;6078
02/06/2024 00:45;02/06/2024 01:00;4;kWh;0;4448;0;0;4448;4448
02/06/2024 01:00;02/06/2024 01:15;5;kWh;0;12646;0;0;12646;12646
02/06/2024 01:15;02/06/2024 01:30;6;kWh;0;9570;0;0;9570;9570
02/06/2024 01:30;02/06/2024 01:45;7;kWh;0;3099;0;0;3099;3099
02/06/2024 01:45;02/06/2024 02:00;8;kWh;0;8595;0;0;8595;8595
02/06/2024 02:00;02/06/2024 02:15;9;kWh;0;28190;0;0;28190;28190
02/06/2024 02:15;02/06/2024 02:30;10;kWh;0;26470;0;0;26470;26470
02/06/2024 02:30;02/06/2024 02:45;11;kWh;0;31838;0;0;31838;31838
02/06/2024 02:45;02/06/2024 03:00;12;kWh;0;40544;0;0;40544;40544
02/06/2024 03:00;02/06/2024 03:15;13;kWh;0;8366;0;0;8366;8366
02/06/2024 03:15;02/06/2024 03:30;14;kWh;0;5921;0;0;5921;5921
02/06/2024 03:30;02/06/2024 03:45;15;kWh;0;15111;0;0;15111;15111
02/06/2024 03:45;02/06/2024 04:00;16;kWh;0;25896;0;0;25896;25896
02/06/2024 04:00;02/06/2024 04:15;17;kWh;0;13288;0;0;13288;13288
02/06/2024 04:15;02/06/2024 04:30;18;kWh;0;1389;0;0;1389;1389
02/06/2024 04:30;02/06/2024 04:45;19;kWh;0;7597;0;0;7597;7597
02/06/2024 04:45;02/06/2024 05:00;20;kWh;0;2019;0;0;2019;2019
02/06/2024 05:00;02/06/2024 05:15;21;kWh;0;7460;0;0;7460;7460
02/06/2024 05:15;02/06/2024 05:30;22;kWh;0;7128;0;0;7128;7128
02/06/2024 05:30;02/06/2024 05:45;23;kWh;0;31711;0;0;31711;31711
02/06/2024 05:45;02/06/2024 06:00;24;kWh;0;41740;0;0;41740;41740
02/06/2024 06:00;02/06/2024 06:15;25;kWh;0;15800;0;0;15800;15800
02/06/2024 06:15;02/06/2024 06:30;26;kWh;0;27467;0;0;27467;27467
02/06/2024 06:30;02/06/2024 06:45;27;kWh;0;20466;0;0;20466;20466
02/06/2024 06:45;02/06/2024 07:00;28;kWh;-736;2384;0;0;3120;1648
02/06/2024 07:00;02/06/2024 07:15;29;kWh;-954;15015;0;0;15969;14061
02/06/2024 07:15;02/06/2024 07:30;30;kWh;0;8084;0;0;8084;8084
02/06/2024 07:30;02/06/2024 07:45;31;kWh;0;84;0;0;84;84
02/06/2024 07:45;02/06/2024 08:00;32;kWh;0;1215;0;0;1215;1215
02/06/2024 08:00;02/06/2024 08:15;33;kWh;0;72029;0;0;72029;72029
02/06/2024 08:15;02/06/2024 08:30;34;kWh;0;25818;0;0;25818;25818
02/06/2024 08:30;02/06/2024 08:45;35;kWh;0;39052;0;0;39052;39052
02/06/2024 08:45;02/06/2024 09:00;36;kWh;0;35468;0;0;35468;35468
02/06/2024 09:00;02/06/2024 09:15;37;kWh;0;56560;0;0;56560;56560
02/06/2024 09:15;02/06/2024 09:30;38;kWh;0;68475;0;0;68475;68475
02/06/2024 09:30;02/06/2024 09:45;39;kWh;0;90668;0;0;90668;90668
02/06/2024 09:45;02/06/2024 10:00;40;kWh;0;59870;0;0;59870;59870
02/06/2024 10:00;02/06/2024 10:15;41;kWh;0;5841;0;0;5841;5841
02/06/2024 10:15;02/06/2024 10:30;42;kWh;0;14101;0;0;14101;14101
02/06/2024 10:30;02/06/2024 10:45;43;kWh;0;40087;0;0;40087;40087
02/06/2024 10:45;02/06/2024 11:00;44;kWh;0;5909;0;0;5909;5909
02/06/2024 11:00;02/06/2024 11:15;45;kWh;0;27880;0;0;27880;27880
02/06/2024 11:15;02/06/2024 11:30;46;kWh;0;3541;0;0;3541;3541
02/06/2024 11:30;02/06/2024 11:45;47;kWh;0;1560;0;0;1560;1560
02/06/2024 11:45;02/06/2024 12:00;48;kWh;0;0;0;0;0;0
02/06/2024 12:00;02/06/2024 12:15;49;kWh;0;0;0;0;0;0
02/06/2024 12:15;02/06/2024 12:30;50;kWh;-1875;0;0;0;1875;-1875
02/06/2024 12:30;02/06/2024 12:45;51;kWh;-3193;0;0;0;3193;-3193
02/06/2024 12:45;02/06/2024 13:00;52;kWh;-26199;0;0;0;26199;-26199
02/06/2024 13:00;02/06/2024 13:15;53;kWh;-9643;0;0;0;9643;-9643
02/06/2024 13:15;02/06/2024 13:30;54;kWh;-22242;0;0;0;22242;-22242
02/06/2024 13:30;02/06/2024 13:45;55;kWh;-41635;0;0;0;41635;-41635
02/06/2024 13:45;02/06/2024 14:00;56;kWh;-29294;0;0;0;29294;-29294
02/06/2024 14:00;02/06/2024 14:15;57;kWh;-1657;202;0;0;1859;-1455
02/06/2024 14:15;02/06/2024 14:30;58;kWh;0;0;0;0;0;0
02/06/2024 14:30;02/06/2024 14:45;59;kWh;-918;0;0;0;918;-918
02/06/2024 14:45;02/06/2024 15:00;60;kWh;-24993;0;0;0;24993;-24993
02/06/2024 15:00;02/06/2024 15:15;61;kWh;-36621;0;0;0;36621;-36621
02/06/2024 15:15;02/06/2024 15:30;62;kWh;-43314;0;0;0;43314;-43314
02/06/2024 15:30;02/06/2024 15:45;63;kWh;-37563;0;0;0;37563;-37563
02/06/2024 15:45;02/06/2024 16:00;64;kWh;-30280;0;0;0;30280;-30280
02/06/2024 16:00;02/06/2024 16:15;65;kWh;-52874;0;0;0;52874;-52874
02/06/2024 16:15;02/06/2024 16:30;66;kWh;-35324;0;0;0;35324;-35324
02/06/2024 16:30;02/06/2024 16:45;67;kWh;-28450;0;0;0;28450;-28450
02/06/2024 16:45;02/06/2024 17:00;68;kWh;-3507;0;0;0;3507;-3507
02/06/2024 17:00;02/06/2024 17:15;69;kWh;-25172;0;0;0;25172;-25172
02/06/2024 17:15;02/06/2024 17:30;70;kWh;-405;108;0;0;513;-297
02/06/2024 17:30;02/06/2024 17:45;71;kWh;0;7140;0;0;7140;7140
02/06/2024 17:45;02/06/2024 18:00;72;kWh;0;56735;0;0;56735;56735
02/06/2024 18:00;02/06/2024 18:15;73;kWh;-26056;1973;0;0;28029;-24083
02/06/2024 18:15;02/06/2024 18:30;74;kWh;-3009;8621;0;0;11630;5612
02/06/2024 18:30;02/06/2024 18:45;75;kWh;0;58003;0;0;58003;58003
02/06/2024 18:45;02/06/2024 19:00;76;kWh;0;56401;0;0;56401;56401
02/06/2024 19:00;02/06/2024 19:15;77;kWh;-33877;275;0;0;34152;-33602
02/06/2024 19:15;02/06/2024 19:30;78;kWh;-35205;0;0;0;35205;-35205
02/06/2024 19:30;02/06/2024 19:45;79;kWh;-581;630;0;0;1211;49
02/06/2024 19:45;02/06/2024 20:00;80;kWh;0;20339;0;0;20339;20339
02/06/2024 20:00;02/06/2024 20:15;81;kWh;-60911;520;0;0;61431;-60391
02/06/2024 20:15;02/06/2024 20:30;82;kWh;-2590;0;0;0;2590;-2590
02/06/2024 20:30;02/06/2024 20:45;83;kWh;0;7144;0;0;7144;7144
02/06/2024 20:45;02/06/2024 21:00;84;kWh;0;11918;0;0;11918;11918
02/06/2024 21:00;02/06/2024 21:15;85;kWh;-246;534;0;0;780;288
02/06/2024 21:15;02/06/2024 21:30;86;kWh;0;12302;0;0;12302;12302
02/06/2024 21:30;02/06/2024 21:45;87;kWh;0;29331;0;0;29331;29331
02/06/2024 21:45;02/06/2024 22:00;88;kWh;0;46941;0;0;46941;46941
02/06/2024 22:00;02/06/2024 22:15;89;kWh;0;5536;0;0;5536;5536
02/06/2024 22:15;02/06/2024 22:30;90;kWh;0;1502;0;0;1502;1502
02/06/2024 22:30;02/06/2024 22:45;91;kWh;0;19511;0;0;19511;19511
02/06/2024 22:45;02/06/2024 23:00;92;kWh;0;42407;0;0;42407;42407
02/06/2024 23:00;02/06/2024 23:15;93;kWh;0;28904;0;0;28904;28904
02/06/2024 23:15;02/06/2024 23:30;94;kWh;0;33159;0;0;33159;33159
02/06/2024 23:30;02/06/2024 23:45;95;kWh;0;29583;0;0;29583;29583
02/06/2024 23:45;03/06/2024 00:00;96;kWh;0;23894;0;0;23894;23894
03/06/2024 00:00;03/06/2024 00:15;1;kWh;0;888;0;0;888;888
03/06/2024 00:15;03/06/2024 00:30;2;kWh;-118;0;0;0;118;-118
03/06/2024 00:30;03/06/2024 00:45;3;kWh;-2066;0;0;0;2066;-2066
03/06/2024 00:45;03/06/2024 01:00;4;kWh;-3553;0;0;0;3553;-3553
03/06/2024 01:00;03/06/2024 01:15;5;kWh;-3194;0;0;0;3194;-3194
03/06/2024 01:15;03/06/2024 01:30;6;kWh;0;0;0;0;0;0
03/06/2024 01:30;03/06/2024 01:45;7;kWh;-108;0;0;0;108;-108
03/06/2024 01:45;03/06/2024 02:00;8;kWh;-29621;0;0;0;29621;-29621
03/06/2024 02:00;03/06/2024 02:15;9;kWh;-9503;0;0;0;9503;-9503
03/06/2024 02:15;03/06/2024 02:30;10;kWh;-120;0;0;0;120;-120
03/06/2024 02:30;03/06/2024 02:45;11;kWh;0;0;0;0;0;0
03/06/2024 02:45;03/06/2024 03:00;12;kWh;0;2263;0;0;2263;2263
03/06/2024 03:00;03/06/2024 03:15;13;kWh;0;50512;0;0;50512;50512
03/06/2024 03:15;03/06/2024 03:30;14;kWh;0;22909;0;0;22909;22909
03/06/2024 03:30;03/06/2024 03:45;15;kWh;-3526;0;0;0;3526;-3526
03/06/2024 03:45;03/06/2024 04:00;16;kWh;-10844;0;0;0;10844;-10844
03/06/2024 04:00;03/06/2024 04:15;17;kWh;-11658;0;0;0;11658;-11658
03/06/2024 04:15;03/06/2024 04:30;18;kWh;-12808;0;0;0;12808;-12808
03/06/2024 04:30;03/06/2024 04:45;19;kWh;-1285;0;0;0;1285;-1285
03/06/2024 04:45;03/06/2024 05:00;20;kWh;-286;0;0;0;286;-286
03/06/2024 05:00;03/06/2024 05:15;21;kWh;-182;20373;0;0;20555;20191
03/06/2024 05:15;03/06/2024 05:30;22;kWh;0;15423;0;0;15423;15423
03/06/2024 05:30;03/06/2024 05:45;23;kWh;0;2080;0;0;2080;2080
03/06/2024 05:45;03/06/2024 06:00;24;kWh;-22;0;0;0;22;-22
03/06/2024 06:00;03/06/2024 06:15;25;kWh;0;35675;0;0;35675;35675
03/06/2024 06:15;03/06/2024 06:30;26;kWh;0;5739;0;0;5739;5739
03/06/2024 06:30;03/06/2024 06:45;27;kWh;0;8778;0;0;8778;8778
03/06/2024 06:45;03/06/2024 07:00;28;kWh;0;4207;0;0;4207;4207
03/06/2024 07:00;03/06/2024 07:15;29;kWh;0;9926;0;0;9926;9926
03/06/2024 07:15;03/06/2024 07:30;30;kWh;0;22194;0;0;22194;22194
03/06/2024 07:30;03/06/2024 07:45;31;kWh;0;50558;0;0;50558;50558
03/06/2024 07:45;03/06/2024 08:00;32;kWh;0;34246;0;0;34246;34246
03/06/2024 08:00;03/06/2024 08:15;33;kWh;0;39279;0;0;39279;39279
03/06/2024 08:15;03/06/2024 08:30;34;kWh;0;24364;0;0;24364;24364
03/06/2024 08:30;03/06/2024 08:45;35;kWh;0;23598;0;0;23598;23598
03/06/2024 08:45;03/06/2024 09:00;36;kWh;0;10850;0;0;10850;10850
03/06/2024 09:00;03/06/2024 09:15;37;kWh;-26093;4119;0;0;30212;-21974
03/06/2024 09:15;03/06/2024 09:30;38;kWh;-45892;0;0;0;45892;-45892
03/06/2024 09:30;03/06/2024 09:45;39;kWh;-30227;0;0;0;30227;-30227
03/06/2024 09:45;03/06/2024 10:00;40;kWh;-15593;0;0;0;15593;-15593
03/06/2024 10:00;03/06/2024 10:15;41;kWh;-17958;1465;0;0;19423;-16493
03/06/2024 10:15;03/06/2024 10:30;42;kWh;-4188;0;0;0;4188;-4188
03/06/2024 10:30;03/06/2024 10:45;43;kWh;-27879;0;0;0;27879;-27879
03/06/2024 10:45;03/06/2024 11:00;44;kWh;-23495;0;0;0;23495;-23495
03/06/2024 11:00;03/06/2024 11:15;45;kWh;-5388;0;0;0;5388;-5388
03/06/2024 11:15;03/06/2024 11:30;46;kWh;-24522;0;0;0;24522;-24522
03/06/2024 11:30;03/06/2024 11:45;47;kWh;-49073;0;0;0;49073;-49073
03/06/2024 11:45;03/06/2024 12:00;48;kWh;-34006;0;0;0;34006;-34006
03/06/2024 12:00;03/06/2024 12:15;49;kWh;-4064;0;0;0;4064;-4064
03/06/2024 12:15;03/06/2024 12:30;50;kWh;-24014;0;0;0;24014;-24014
03/06/2024 12:30;03/06/2024 12:45;51;kWh;-30508;0;0;0;30508;-30508
03/06/2024 12:45;03/06/2024 13:00;52;kWh;-20653;1669;0;0;22322;-18984
03/06/2024 13:00;03/06/2024 13:15;53;kWh;-18746;65;0;0;18811;-18681
03/06/2024 13:15;03/06/2024 13:30;54;kWh;-18509;0;0;0;18509;-18509
03/06/2024 13:30;03/06/2024 13:45;55;kWh;-23159;0;0;0;23159;-23159
03/06/2024 13:45;03/06/2024 14:00;56;kWh;-22419;0;0;0;22419;-22419
03/06/2024 14:00;03/06/2024 14:15;57;kWh;-12352;0;0;0;12352;-12352
03/06/2024 14:15;03/06/2024 14:30;58;kWh;-506;0;0;0;506;-506
03/06/2024 14:30;03/06/2024 14:45;59;kWh;-2433;0;0;0;2433;-2433
03/06/2024 14:45;03/06/2024 15:00;60;kWh;-4714;0;0;0;4714;-4714
03/06/2024 15:00;03/06/2024 15:15;61;kWh;-15109;0;0;0;15109;-15109
03/06/2024 15:15;03/06/2024 15:30;62;kWh;-1912;62;0;0;1974;-1850
03/06/2024 15:30;03/06/2024 15:45;63;kWh;0;30749;0;0;30749;30749
03/06/2024 15:45;03/06/2024 16:00;64;kWh;0;37443;0;0;37443;37443
03/06/2024 16:00;03/06/2024 16:15;65;kWh;0;7260;0;0;7260;7260
03/06/2024 16:15;03/06/2024 16:30;66;kWh;0;1957;0;0;1957;1957
03/06/2024 16:30;03/06/2024 16:45;67;kWh;0;5286;0;0;5286;5286
03/06/2024 16:45;03/06/2024 17:00;68;kWh;0;11232;0;0;11232;11232
03/06/2024 17:00;03/06/2024 17:15;69;kWh;0;3955;0;0;3955;3955
03/06/2024 17:15;03/06/2024 17:30;70;kWh;0;27452;0;0;27452;27452
03/06/2024 17:30;03/06/2024 17:45;71;kWh;0;23639;0;0;23639;23639
03/06/2024 17:45;03/06/2024 18:00;72;kWh;0;13347;0;0;13347;13347
03/06/2024 18:00;03/06/2024 18:15;73;kWh;-14557;70;0;0;14627;-14487
03/06/2024 18:15;03/06/2024 18:30;74;kWh;-19707;0;0;0;19707;-19707
03/06/2024 18:30;03/06/2024 18:45;75;kWh;-7485;0;0;0;7485;-7485
03/06/2024 18:45;03/06/2024 19:00;76;kWh;-3270;0;0;0;3270;-3270
03/06/2024 19:00;03/06/2024 19:15;77;kWh;-24634;177;0;0;24811;-24457
03/06/2024 19:15;03/06/2024 19:30;78;kWh;-11223;801;0;0;12024;-10422
03/06/2024 19:30;03/06/2024 19:45;79;kWh;-4179;496;0;0;4675;-3683
03/06/2024 19:45;03/06/2024 20:00;80;kWh;0;34293;0;0;34293;34293
03/06/2024 20:00;03/06/2024 20:15;81;kWh;0;47220;0;0;47220;47220
03/06/2024 20:15;03/06/2024 20:30;82;kWh;0;60064;0;0;60064;60064
03/06/2024 20:30;03/06/2024 20:45;83;kWh;0;70154;0;0;70154;70154
03/06/2024 20:45;03/06/2024 21:00;84;kWh;0;72222;0;0;72222;72222
03/06/2024 21:00;03/06/2024 21:15;85;kWh;-11475;2961;0;0;14436;-8514
03/06/2024 21:15;03/06/2024 21:30;86;kWh;-162;1810;0;0;1972;1648
03/06/2024 21:30;03/06/2024 21:45;87;kWh;0;8914;0;0;8914;8914
03/06/2024 21:45;03/06/2024 22:00;88;kWh;0;26041;0;0;26041;26041
03/06/2024 22:00;03/06/2024 22:15;89;kWh;0;3094;0;0;3094;3094
03/06/2024 22:15;03/06/2024 22:30;90;kWh;0;0;0;0;0;0
03/06/2024 22:30;03/06/2024 22:45;91;kWh;0;0;0;0;0;0
03/06/2024 22:45;03/06/2024 23:00;92;kWh;0;252;0;0;252;252
03/06/2024 23:00;03/06/2024 23:15;93;kWh;0;4104;0;0;4104;4104
03/06/2024 23:15;03/06/2024 23:30;94;kWh;0;8849;0;0;8849;8849
03/06/2024 23:30;03/06/2024 23:45;95;kWh;0;6529;0;0;6529;6529
03/06/2024 23:45;04/06/2024 00:00;96;kWh;0;26608;0;0;26608;26608
04/06/2024 00:00;04/06/2024 00:15;1;kWh;0;507;0;0;507;507
04/06/2024 00:15;04/06/2024 00:30;2;kWh;0;17946;0;0;17946;17946
04/06/2024 00:30;04/06/2024 00:45;3;kWh;0;5735;0;0;5735;5735
04/06/2024 00:45;04/06/2024 01:00;4;kWh;0;227;0;0;227;227
04/06/2024 01:00;04/06/2024 01:15;5;kWh;-3519;0;0;0;3519;-3519
04/06/2024 01:15;04/06/2024 01:30;6;kWh;0;0;0;0;0;0
04/06/2024 01:30;04/06/2024 01:45;7;kWh;0;0;0;0;0;0
04/06/2024 01:45;04/06/2024 02:00;8;kWh;0;0;0;0;0;0
04/06/2024 02:00;04/06/2024 02:15;9;kWh;0;2701;0;0;2701;2701
04/06/2024 02:15;04/06/2024 02:30;10;kWh;0;4491;0;0;4491;4491
04/06/2024 02:30;04/06/2024 02:45;11;kWh;0;27618;0;0;27618;27618
04/06/2024 02:45;04/06/2024 03:00;12;kWh;0;3024;0;0;3024;3024
04/06/2024 03:00;04/06/2024 03:15;13;kWh;0;2020;0;0;2020;2020
04/06/2024 03:15;04/06/2024 03:30;14;kWh;0;6238;0;0;6238;6238
04/06/2024 03:30;04/06/2024 03:45;15;kWh;0;6234;0;0;6234;6234
04/06/2024 03:45;04/06/2024 04:00;16;kWh;0;474;0;0;474;474
04/06/2024 04:00;04/06/2024 04:15;17;kWh;0;1060;0;0;1060;1060
04/06/2024 04:15;04/06/2024 04:30;18;kWh;0;1639;0;0;1639;1639
04/06/2024 04:30;04/06/2024 04:45;19;kWh;0;48;0;0;48;48
04/06/2024 04:45;04/06/2024 05:00;20;kWh;0;3100;0;0;3100;3100
04/06/2024 05:00;04/06/2024 05:15;21;kWh;0;1780;0;0;1780;1780
04/06/2024 05:15;04/06/2024 05:30;22;kWh;0;2;0;0;2;2
04/06/2024 05:30;04/06/2024 05:45;23;kWh;0;0;0;0;0;0
04/06/2024 05:45;04/06/2024 06:00;24;kWh;-3482;41;0;0;3523;-3441
04/06/2024 06:00;04/06/2024 06:15;25;kWh;-961;272;0;0;1233;-689
04/06/2024 06:15;04/06/2024 06:30;26;kWh;0;4504;0;0;4504;4504
04/06/2024 06:30;04/06/2024 06:45;27;kWh;0;20041;0;0;20041;20041
04/06/2024 06:45;04/06/2024 07:00;28;kWh;0;27753;0;0;27753;27753
04/06/2024 07:00;04/06/2024 07:15;29;kWh;0;34532;0;0;34532;34532
04/06/2024 07:15;04/06/2024 07:30;30;kWh;0;37411;0;0;37411;37411
04/06/2024 07:30;04/06/2024 07:45;31;kWh;0;45619;0;0;45619;45619
04/06/2024 07:45;04/06/2024 08:00;32;kWh;0;47810;0;0;47810;47810
04/06/2024 08:00;04/06/2024 08:15;33;kWh;0;19303;0;0;19303;19303
04/06/2024 08:15;04/06/2024 08:30;34;kWh;0;3540;0;0;3540;3540
04/06/2024 08:30;04/06/2024 08:45;35;kWh;-1799;0;0;0;1799;-1799
04/06/2024 08:45;04/06/2024 09:00;36;kWh;-4101;0;0;0;4101;-4101
04/06/2024 09:00;04/06/2024 09:15;37;kWh;-658;10959;0;0;11617;10301
04/06/2024 09:15;04/06/2024 09:30;38;kWh;0;22145;0;0;22145;22145
04/06/2024 09:30;04/06/2024 09:45;39;kWh;-11395;2;0;0;11397;-11393
04/06/2024 09:45;04/06/2024 10:00;40;kWh;-10352;0;0;0;10352;-10352
04/06/2024 10:00;04/06/2024 10:15;41;kWh;-10537;0;0;0;10537;-10537
04/06/2024 10:15;04/06/2024 10:30;42;kWh;0;843;0;0;843;843
04/06/2024 10:30;04/06/2024 10:45;43;kWh;-11490;0;0;0;11490;-11490
04/06/2024 10:45;04/06/2024 11:00;44;kWh;-13789;0;0;0;13789;-13789
04/06/2024 11:00;04/06/2024 11:15;45;kWh;-7005;0;0;0;7005;-7005
04/06/2024 11:15;04/06/2024 11:30;46;kWh;-9009;0;0;0;9009;-9009
04/06/2024 11:30;04/06/2024 11:45;47;kWh;-17064;0;0;0;17064;-17064
04/06/2024 11:45;04/06/2024 12:00;48;kWh;-32196;0;0;0;32196;-32196
04/06/2024 12:00;04/06/2024 12:15;49;kWh;-17421;0;0;0;17421;-17421
04/06/2024 12:15;04/06/2024 12:30;50;kWh;-22006;0;0;0;22006;-22006
04/06/2024 12:30;04/06/2024 12:45;51;kWh;-20024;0;0;0;20024;-20024
04/06/2024 12:45;04/06/2024 13:00;52;kWh;-4554;0;0;0;4554;-4554
04/06/2024 13:00;04/06/2024 13:15;53;kWh;0;59887;0;0;59887;59887
04/06/2024 13:15;04/06/2024 13:30;54;kWh;0;43872;0;0;43872;43872
04/06/2024 13:30;04/06/2024 13:45;55;kWh;0;68;0;0;68;68
04/06/2024 13:45;04/06/2024 14:00;56;kWh;0;0;0;0;0;0
04/06/2024 14:00;04/06/2024 14:15;57;kWh;-1541;0;0;0;1541;-1541
04/06/2024 14:15;04/06/2024 14:30;58;kWh;-5264;0;0;0;5264;-5264
04/06/2024 14:30;04/06/2024 14:45;59;kWh;-11312;0;0;0;11312;-11312
04/06/2024 14:45;04/06/2024 15:00;60;kWh;-5831;0;0;0;5831;-5831
04/06/2024 15:00;04/06/2024 15:15;61;kWh;-8230;0;0;0;8230;-8230
04/06/2024 15:15;04/06/2024 15:30;62;kWh;-16175;0;0;0;16175;-16175
04/06/2024 15:30;04/06/2024 15:45;63;kWh;-7442;0;0;0;7442;-7442
04/06/2024 15:45;04/06/2024 16:00;64;kWh;-11232;0;0;0;11232;-11232
04/06/2024 16:00;04/06/2024 16:15;65;kWh;-25700;0;0;0;25700;-25700
04/06/2024 16:15;04/06/2024 16:30;66;kWh;-25404;0;0;0;25404;-25404
04/06/2024 16:30;04/06/2024 16:45;67;kWh;-8828;1621;0;0;10449;-7207
04/06/2024 16:45;04/06/2024 17:00;68;kWh;-23086;420;0;0;23506;-22666
04/06/2024 17:00;04/06/2024 17:15;69;kWh;-9097;0;0;0;9097;-9097
04/06/2024 17:15;04/06/2024 17:30;70;kWh;-920;0;0;0;920;-920
04/06/2024 17:30;04/06/2024 17:45;71;kWh;0;17662;0;0;17662;17662
04/06/2024 17:45;04/06/2024 18:00;72;kWh;0;58546;0;0;58546;58546
04/06/2024 18:00;04/06/2024 18:15;73;kWh;0;91712;0;0;91712;91712
04/06/2024 18:15;04/06/2024 18:30;74;kWh;0;41983;0;0;41983;41983
04/06/2024 18:30;04/06/2024 18:45;75;kWh;0;32290;0;0;32290;32290
04/06/2024 18:45;04/06/2024 19:00;76;kWh;0;13994;0;0;13994;13994
04/06/2024 19:00;04/06/2024 19:15;77;kWh;0;100;0;0;100;100
04/06/2024 19:15;04/06/2024 19:30;78;kWh;0;3377;0;0;3377;3377
04/06/2024 19:30;04/06/2024 19:45;79;kWh;0;19194;0;0;19194;19194
04/06/2024 19:45;04/06/2024 20:00;80;kWh;0;9166;0;0;9166;9166
04/06/2024 20:00;04/06/2024 20:15;81;kWh;0;1102;0;0;1102;1102
04/06/2024 20:15;04/06/2024 20:30;82;kWh;-386;0;0;0;386;-386
04/06/2024 20:30;04/06/2024 20:45;83;kWh;-6961;0;0;0;6961;-6961
04/06/2024 20:45;04/06/2024 21:00;84;kWh;-22856;0;0;0;22856;-22856
04/06/2024 21:00;04/06/2024 21:15;85;kWh;-20;2347;0;0;2367;2327
04/06/2024 21:15;04/06/2024 21:30;86;kWh;-160;0;0;0;160;-160
04/06/2024 21:30;04/06/2024 21:45;87;kWh;-26037;0;0;0;26037;-26037
04/06/2024 21:45;04/06/2024 22:00;88;kWh;-22567;0;0;0;22567;-22567
04/06/2024 22:00;04/06/2024 22:15;89;kWh;-17268;1795;0;0;19063;-15473
04/06/2024 22:15;04/06/2024 22:30;90;kWh;-8357;6652;0;0;15009;-1705
04/06/2024 22:30;04/06/2024 22:45;91;kWh;0;5385;0;0;5385;5385
04/06/2024 22:45;04/06/2024 23:00;92;kWh;-26569;0;0;0;26569;-26569
04/06/2024 23:00;04/06/2024 23:15;93;kWh;-12878;20109;0;0;32987;7231
04/06/2024 23:15;04/06/2024 23:30;94;kWh;-14290;87;0;0;14377;-14203
04/06/2024 23:30;04/06/2024 23:45;95;kWh;-10378;0;0;0;10378;-10378
04/06/2024 23:45;05/06/2024 00:00;96;kWh;-10544;1530;0;0;12074;-9014
05/06/2024 00:00;05/06/2024 00:15;1;kWh;-1316;1040;0;0;2356;-276
05/06/2024 00:15;05/06/2024 00:30;2;kWh;0;3522;0;0;3522;3522
05/06/2024 00:30;05/06/2024 00:45;3;kWh;-2546;0;0;0;2546;-2546
05/06/2024 00:45;05/06/2024 01:00;4;kWh;-10325;0;0;0;10325;-10325
05/06/2024 01:00;05/06/2024 01:15;5;kWh;-8670;259;0;0;8929;-8411
05/06/2024 01:15;05/06/2024 01:30;6;kWh;-9684;1046;0;0;10730;-8638
05/06/2024 01:30;05/06/2024 01:45;7;kWh;-1447;0;0;0;1447;-1447
05/06/2024 01:45;05/06/2024 02:00;8;kWh;-4730;0;0;0;4730;-4730
05/06/2024 02:00;05/06/2024 02:15;9;kWh;-3869;0;0;0;3869;-3869
05/06/2024 02:15;05/06/2024 02:30;10;kWh;-432;35272;0;0;35704;34840
05/06/2024 02:30;05/06/2024 02:45;11;kWh;0;101512;0;14090;115602;115602
05/06/2024 02:45;05/06/2024 03:00;12;kWh;-5535;34447;0;97467;137449;126379
05/06/2024 03:00;05/06/2024 03:15;13;kWh;-19421;0;0;32489;51910;13068
05/06/2024 03:15;05/06/2024 03:30;14;kWh;-461;0;0;0;461;-461
05/06/2024 03:30;05/06/2024 03:45;15;kWh;-658;3696;0;0;4354;3038
05/06/2024 03:45;05/06/2024 04:00;16;kWh;-3;42563;0;0;42566;42560
05/06/2024 04:00;05/06/2024 04:15;17;kWh;-3900;394;0;0;4294;-3506
05/06/2024 04:15;05/06/2024 04:30;18;kWh;0;233;0;0;233;233
05/06/2024 04:30;05/06/2024 04:45;19;kWh;0;0;0;0;0;0
05/06/2024 04:45;05/06/2024 05:00;20;kWh;0;0;0;0;0;0
05/06/2024 05:00;05/06/2024 05:15;21;kWh;-1625;0;0;0;1625;-1625
05/06/2024 05:15;05/06/2024 05:30;22;kWh;-2418;0;0;0;2418;-2418
05/06/2024 05:30;05/06/2024 05:45;23;kWh;-967;0;0;0;967;-967
05/06/2024 05:45;05/06/2024 06:00;24;kWh;-17730;0;0;0;17730;-17730
05/06/2024 06:00;05/06/2024 06:15;25;kWh;-16237;0;0;0;16237;-16237
05/06/2024 06:15;05/06/2024 06:30;26;kWh;-21082;0;0;0;21082;-21082
05/06/2024 06:30;05/06/2024 06:45;27;kWh;-17844;0;0;0;17844;-17844
05/06/2024 06:45;05/06/2024 07:00;28;kWh;-17509;0;0;0;17509;-17509
05/06/2024 07:00;05/06/2024 07:15;29;kWh;-17809;0;0;0;17809;-17809
05/06/2024 07:15;05/06/2024 07:30;30;kWh;-164;3;0;0;167;-161
05/06/2024 07:30;05/06/2024 07:45;31;kWh;-4805;0;0;0;4805;-4805
05/06/2024 07:45;05/06/2024 08:00;32;kWh;-18885;0;0;0;18885;-18885
05/06/2024 08:00;05/06/2024 08:15;33;kWh;-14;0;0;0;14;-14
05/06/2024 08:15;05/06/2024 08:30;34;kWh;-1933;0;0;0;1933;-1933
05/06/2024 08:30;05/06/2024 08:45;35;kWh;-9552;0;0;0;9552;-9552
05/06/2024 08:45;05/06/2024 09:00;36;kWh;-17656;0;0;0;17656;-17656
05/06/2024 09:00;05/06/2024 09:15;37;kWh;-10860;0;0;0;10860;-10860
05/06/2024 09:15;05/06/2024 09:30;38;kWh;-25940;0;0;0;25940;-25940
05/06/2024 09:30;05/06/2024 09:45;39;kWh;-15553;0;0;0;15553;-15553
05/06/2024 09:45;05/06/2024 10:00;40;kWh;-16922;0;0;0;16922;-16922
05/06/2024 10:00;05/06/2024 10:15;41;kWh;-1049;0;0;0;1049;-1049
05/06/2024 10:15;05/06/2024 10:30;42;kWh;-603;0;0;0;603;-603
05/06/2024 10:30;05/06/2024 10:45;43;kWh;-16641;0;0;0;16641;-16641
05/06/2024 10:45;05/06/2024 11:00;44;kWh;-17047;0;0;0;17047;-17047
05/06/2024 11:00;05/06/2024 11:15;45;kWh;-3877;0;0;0;3877;-3877
05/06/2024 11:15;05/06/2024 11:30;46;kWh;-5921;0;0;0;5921;-5921
05/06/2024 11:30;05/06/2024 11:45;47;kWh;-25006;334;0;0;25340;-24672
05/06/2024 11:45;05/06/2024 12:00;48;kWh;-12652;510;0;0;13162;-12142
05/06/2024 12:00;05/06/2024 12:15;49;kWh;-1037;2123;0;0;3160;1086
05/06/2024 12:15;05/06/2024 12:30;50;kWh;-20369;2560;0;0;22929;-17809
05/06/2024 12:30;05/06/2024 12:45;51;kWh;-20679;2067;0;0;22746;-18612
05/06/2024 12:45;05/06/2024 13:00;52;kWh;-12056;0;0;0;12056;-12056
05/06/2024 13:00;05/06/2024 13:15;53;kWh;-10549;148;0;0;10697;-10401
05/06/2024 13:15;05/06/2024 13:30;54;kWh;-11958;0;0;0;11958;-11958
05/06/2024 13:30;05/06/2024 13:45;55;kWh;-12510;0;0;0;12510;-12510
05/06/2024 13:45;05/06/2024 14:00;56;kWh;-4879;0;0;0;4879;-4879
05/06/2024 14:00;05/06/2024 14:15;57;kWh;-12032;1721;0;0;13753;-10311
05/06/2024 14:15;05/06/2024 14:30;58;kWh;-16263;538;0;0;16801;-15725
05/06/2024 14:30;05/06/2024 14:45;59;kWh;-12423;0;0;0;12423;-12423
05/06/2024 14:45;05/06/2024 15:00;60;kWh;-13782;1311;0;0;15093;-12471
05/06/2024 15:00;05/06/2024 15:15;61;kWh;-56738;1411;0;0;58149;-55327
05/06/2024 15:15;05/06/2024 15:30;62;kWh;-34567;14401;0;0;48968;-20166
05/06/2024 15:30;05/06/2024 15:45;63;kWh;-21891;3839;0;0;25730;-18052
05/06/2024 15:45;05/06/2024 16:00;64;kWh;-7251;1553;0;0;8804;-5698
05/06/2024 16:00;05/06/2024 16:15;65;kWh;-16586;325;0;0;16911;-16261
05/06/2024 16:15;05/06/2024 16:30;66;kWh;-10783;374;0;0;11157;-10409
05/06/2024 16:30;05/06/2024 16:45;67;kWh;-13322;884;0;0;14206;-12438
05/06/2024 16:45;05/06/2024 17:00;68;kWh;-1214;73;0;0;1287;-1141
05/06/2024 17:00;05/06/2024 17:15;69;kWh;-12733;0;0;0;12733;-12733
05/06/2024 17:15;05/06/2024 17:30;70;kWh;-20208;6097;0;0;26305;-14111
05/06/2024 17:30;05/06/2024 17:45;71;kWh;-10341;410;0;0;10751;-9931
05/06/2024 17:45;05/06/2024 18:00;72;kWh;-16798;0;0;0;16798;-16798
05/06/2024 18:00;05/06/2024 18:15;73;kWh;-17554;482;0;0;18036;-17072
05/06/2024 18:15;05/06/2024 18:30;74;kWh;-41323;750;0;0;42073;-40573
05/06/2024 18:30;05/06/2024 18:45;75;kWh;-27729;0;0;0;27729;-27729
05/06/2024 18:45;05/06/2024 19:00;76;kWh;-24156;3878;0;0;28034;-20278
05/06/2024 19:00;05/06/2024 19:15;77;kWh;0;15186;0;0;15186;15186
05/06/2024 19:15;05/06/2024 19:30;78;kWh;-8269;0;0;0;8269;-8269
05/06/2024 19:30;05/06/2024 19:45;79;kWh;-861;0;0;0;861;-861
05/06/2024 19:45;05/06/2024 20:00;80;kWh;0;0;0;0;0;0
05/06/2024 20:00;05/06/2024 20:15;81;kWh;-23321;815;0;0;24136;-22506
05/06/2024 20:15;05/06/2024 20:30;82;kWh;0;3927;0;0;3927;3927
05/06/2024 20:30;05/06/2024 20:45;83;kWh;0;29118;0;0;29118;29118
05/06/2024 20:45;05/06/2024 21:00;84;kWh;0;29749;0;0;29749;29749
05/06/2024 21:00;05/06/2024 21:15;85;kWh;0;1247;0;0;1247;1247
05/06/2024 21:15;05/06/2024 21:30;86;kWh;0;4411;0;0;4411;4411
05/06/2024 21:30;05/06/2024 21:45;87;kWh;0;0;0;0;0;0
05/06/2024 21:45;05/06/2024 22:00;88;kWh;0;6466;0;0;6466;6466
05/06/2024 22:00;05/06/2024 22:15;89;kWh;0;28770;0;0;28770;28770
05/06/2024 22:15;05/06/2024 22:30;90;kWh;0;44619;0;0;44619;44619
05/06/2024 22:30;05/06/2024 22:45;91;kWh;0;25794;0;0;25794;25794
05/06/2024 22:45;05/06/2024 23:00;92;kWh;0;2713;0;0;2713;2713
05/06/2024 23:00;05/06/2024 23:15;93;kWh;0;4278;0;0;4278;4278
05/06/2024 23:15;05/06/2024 23:30;94;kWh;-11;7375;0;0;7386;7364
05/06/2024 23:30;05/06/2024 23:45;95;kWh;-13144;0;0;0;13144;-13144
05/06/2024 23:45;06/06/2024 00:00;96;kWh;-34482;3;0;0;34485;-34479
06/06/2024 00:00;06/06/2024 00:15;1;kWh;0;12611;0;0;12611;12611
06/06/2024 00:15;06/06/2024 00:30;2;kWh;0;12673;0;0;12673;12673
06/06/2024 00:30;06/06/2024 00:45;3;kWh;0;103;0;0;103;103
06/06/2024 00:45;06/06/2024 01:00;4;kWh;-228;0;0;0;228;-228
06/06/2024 01:00;06/06/2024 01:15;5;kWh;-322;5551;0;0;5873;5229
06/06/2024 01:15;06/06/2024 01:30;6;kWh;0;5102;0;0;5102;5102
06/06/2024 01:30;06/06/2024 01:45;7;kWh;-3171;0;0;0;3171;-3171
06/06/2024 01:45;06/06/2024 02:00;8;kWh;-5483;0;0;0;5483;-5483
06/06/2024 02:00;06/06/2024 02:15;9;kWh;-2646;0;0;0;2646;-2646
06/06/2024 02:15;06/06/2024 02:30;10;kWh;-1154;0;0;0;1154;-1154
06/06/2024 02:30;06/06/2024 02:45;11;kWh;-9324;0;0;0;9324;-9324
06/06/2024 02:45;06/06/2024 03:00;12;kWh;-19743;0;0;0;19743;-19743
06/06/2024 03:00;06/06/2024 03:15;13;kWh;-10033;0;0;0;10033;-10033
06/06/2024 03:15;06/06/2024 03:30;14;kWh;-15931;0;0;0;15931;-15931
06/06/2024 03:30;06/06/2024 03:45;15;kWh;-16525;0;0;0;16525;-16525
06/06/2024 03:45;06/06/2024 04:00;16;kWh;-14994;0;0;0;14994;-14994
06/06/2024 04:00;06/06/2024 04:15;17;kWh;-17517;0;0;0;17517;-17517
06/06/2024 04:15;06/06/2024 04:30;18;kWh;-11972;0;0;0;11972;-11972
06/06/2024 04:30;06/06/2024 04:45;19;kWh;-2475;0;0;0;2475;-2475
06/06/2024 04:45;06/06/2024 05:00;20;kWh;-2094;0;0;0;2094;-2094
06/06/2024 05:00;06/06/2024 05:15;21;kWh;-15063;0;0;0;15063;-15063
06/06/2024 05:15;06/06/2024 05:30;22;kWh;-17851;0;0;0;17851;-17851
06/06/2024 05:30;06/06/2024 05:45;23;kWh;-7678;0;0;0;7678;-7678
06/06/2024 05:45;06/06/2024 06:00;24;kWh;-11279;0;0;0;11279;-11279
06/06/2024 06:00;06/06/2024 06:15;25;kWh;-17572;0;0;0;17572;-17572
06/06/2024 06:15;06/06/2024 06:30;26;kWh;-3473;0;0;0;3473;-3473
06/06/2024 06:30;06/06/2024 06:45;27;kWh;-10821;0;0;0;10821;-10821
06/06/2024 06:45;06/06/2024 07:00;28;kWh;-2330;0;0;0;2330;-2330
06/06/2024 07:00;06/06/2024 07:15;29;kWh;0;23890;0;0;23890;23890
06/06/2024 07:15;06/06/2024 07:30;30;kWh;-314;15482;0;0;15796;15168
06/06/2024 07:30;06/06/2024 07:45;31;kWh;-30884;0;0;0;30884;-30884
06/06/2024 07:45;06/06/2024 08:00;32;kWh;-39773;0;0;0;39773;-39773
06/06/2024 08:00;06/06/2024 08:15;33;kWh;-12218;0;0;0;12218;-12218
06/06/2024 08:15;06/06/2024 08:30;34;kWh;-22500;0;0;0;22500;-22500
06/06/2024 08:30;06/06/2024 08:45;35;kWh;-47498;0;0;0;47498;-47498
06/06/2024 08:45;06/06/2024 09:00;36;kWh;-58675;0;0;0;58675;-58675
06/06/2024 09:00;06/06/2024 09:15;37;kWh;-19383;0;0;0;19383;-19383
06/06/2024 09:15;06/06/2024 09:30;38;kWh;-34026;0;0;0;34026;-34026
06/06/2024 09:30;06/06/2024 09:45;39;kWh;-34950;0;0;0;34950;-34950
06/06/2024 09:45;06/06/2024 10:00;40;kWh;-31844;0;0;0;31844;-31844
06/06/2024 10:00;06/06/2024 10:15;41;kWh;-16790;0;0;0;16790;-16790
06/06/2024 10:15;06/06/2024 10:30;42;kWh;-7421;0;0;0;7421;-7421
06/06/2024 10:30;06/06/2024 10:45;43;kWh;-4749;0;0;0;4749;-4749
06/06/2024 10:45;06/06/2024 11:00;44;kWh;-2669;0;0;0;2669;-2669
06/06/2024 11:00;06/06/2024 11:15;45;kWh;-4456;0;0;0;4456;-4456
06/06/2024 11:15;06/06/2024 11:30;46;kWh;0;18000;0;0;18000;18000
06/06/2024 11:30;06/06/2024 11:45;47;kWh;0;47647;0;0;47647;47647
06/06/2024 11:45;06/06/2024 12:00;48;kWh;0;38295;0;0;38295;38295
06/06/2024 12:00;06/06/2024 12:15;49;kWh;0;41597;0;0;41597;41597
06/06/2024 12:15;06/06/2024 12:30;50;kWh;0;25888;0;0;25888;25888
06/06/2024 12:30;06/06/2024 12:45;51;kWh;0;1510;0;0;1510;1510
06/06/2024 12:45;06/06/2024 13:00;52;kWh;0;2957;0;0;2957;2957
06/06/2024 13:00;06/06/2024 13:15;53;kWh;0;16023;0;0;16023;16023
06/06/2024 13:15;06/06/2024 13:30;54;kWh;0;43485;0;0;43485;43485
06/06/2024 13:30;06/06/2024 13:45;55;kWh;0;30010;0;0;30010;30010
06/06/2024 13:45;06/06/2024 14:00;56;kWh;0;10724;0;0;10724;10724
06/06/2024 14:00;06/06/2024 14:15;57;kWh;0;30050;0;0;30050;30050
06/06/2024 14:15;06/06/2024 14:30;58;kWh;0;23032;0;0;23032;23032
06/06/2024 14:30;06/06/2024 14:45;59;kWh;0;41646;0;0;41646;41646
06/06/2024 14:45;06/06/2024 15:00;60;kWh;-114;15430;0;0;15544;15316
06/06/2024 15:00;06/06/2024 15:15;61;kWh;-931;0;0;0;931;-931
06/06/2024 15:15;06/06/2024 15:30;62;kWh;-4559;0;0;0;4559;-4559
06/06/2024 15:30;06/06/2024 15:45;63;kWh;-11350;0;0;0;11350;-11350
06/06/2024 15:45;06/06/2024 16:00;64;kWh;0;750;0;0;750;750
06/06/2024 16:00;06/06/2024 16:15;65;kWh;0;0;0;0;0;0
06/06/2024 16:15;06/06/2024 16:30;66;kWh;-22305;0;0;0;22305;-22305
06/06/2024 16:30;06/06/2024 16:45;67;kWh;-28403;25;0;0;28428;-28378
06/06/2024 16:45;06/06/2024 17:00;68;kWh;-20646;0;0;0;20646;-20646
06/06/2024 17:00;06/06/2024 17:15;69;kWh;-19888;1251;0;0;21139;-18637
06/06/2024 17:15;06/06/2024 17:30;70;kWh;-11006;291;0;0;11297;-10715
06/06/2024 17:30;06/06/2024 17:45;71;kWh;-4792;0;0;0;4792;-4792
06/06/2024 17:45;06/06/2024 18:00;72;kWh;-2623;0;0;0;2623;-2623
06/06/2024 18:00;06/06/2024 18:15;73;kWh;-22612;55;0;0;22667;-22557
06/06/2024 18:15;06/06/2024 18:30;74;kWh;-11286;476;0;0;11762;-10810
06/06/2024 18:30;06/06/2024 18:45;75;kWh;-12663;0;0;0;12663;-12663
06/06/2024 18:45;06/06/2024 19:00;76;kWh;-623;0;0;0;623;-623
06/06/2024 19:00;06/06/2024 19:15;77;kWh;-25482;0;0;0;25482;-25482
06/06/2024 19:15;06/06/2024 19:30;78;kWh;-44774;0;0;0;44774;-44774
06/06/2024 19:30;06/06/2024 19:45;79;kWh;-36859;0;0;0;36859;-36859
06/06/2024 19:45;06/06/2024 20:00;80;kWh;-3765;0;0;0;3765;-3765
06/06/2024 20:00;06/06/2024 20:15;81;kWh;-28860;0;0;0;28860;-28860
06/06/2024 20:15;06/06/2024 20:30;82;kWh;-24047;0;0;0;24047;-24047
06/06/2024 20:30;06/06/2024 20:45;83;kWh;-789;720;0;0;1509;-69
06/06/2024 20:45;06/06/2024 21:00;84;kWh;0;31175;0;0;31175;31175
06/06/2024 21:00;06/06/2024 21:15;85;kWh;0;19584;0;0;19584;19584
06/06/2024 21:15;06/06/2024 21:30;86;kWh;0;25453;0;0;25453;25453
06/06/2024 21:30;06/06/2024 21:45;87;kWh;0;26189;0;0;26189;26189
06/06/2024 21:45;06/06/2024 22:00;88;kWh;0;40440;0;0;40440;40440
06/06/2024 22:00;06/06/2024 22:15;89;kWh;0;9789;0;0;9789;9789
06/06/2024 22:15;06/06/2024 22:30;90;kWh;0;2950;0;0;2950;2950
06/06/2024 22:30;06/06/2024 22:45;91;kWh;0;4195;0;0;4195;4195
06/06/2024 22:45;06/06/2024 23:00;92;kWh;0;706;0;0;706;706
06/06/2024 23:00;06/06/2024 23:15;93;kWh;0;5187;0;0;5187;5187
06/06/2024 23:15;06/06/2024 23:30;94;kWh;0;2399;0;0;2399;2399
06/06/2024 23:30;06/06/2024 23:45;95;kWh;-85;11;0;0;96;-74
06/06/2024 23:45;07/06/2024 00:00;96;kWh;-25131;0;0;0;25131;-25131
07/06/2024 00:00;07/06/2024 00:15;1;kWh;-10363;158;0;0;10521;-10205
07/06/2024 00:15;07/06/2024 00:30;2;kWh;0;12698;0;0;12698;12698
07/06/2024 00:30;07/06/2024 00:45;3;kWh;0;7568;0;0;7568;7568
07/06/2024 00:45;07/06/2024 01:00;4;kWh;0;11227;0;0;11227;11227
07/06/2024 01:00;07/06/2024 01:15;5;kWh;0;28747;0;0;28747;28747
07/06/2024 01:15;07/06/2024 01:30;6;kWh;0;26157;0;0;26157;26157
07/06/2024 01:30;07/06/2024 01:45;7;kWh;0;18631;0;0;18631;18631
07/06/2024 01:45;07/06/2024 02:00;8;kWh;0;12834;0;0;12834;12834
07/06/2024 02:00;07/06/2024 02:15;9;kWh;-111;752;0;0;863;641
07/06/2024 02:15;07/06/2024 02:30;10;kWh;-10648;0;0;0;10648;-10648
07/06/2024 02:30;07/06/2024 02:45;11;kWh;-24342;0;0;0;24342;-24342
07/06/2024 02:45;07/06/2024 03:00;12;kWh;-27905;0;0;0;27905;-27905
07/06/2024 03:00;07/06/2024 03:15;13;kWh;-21710;0;0;0;21710;-21710
07/06/2024 03:15;07/06/2024 03:30;14;kWh;-20012;0;0;0;20012;-20012
07/06/2024 03:30;07/06/2024 03:45;15;kWh;-31685;0;0;0;31685;-31685
07/06/2024 03:45;07/06/2024 04:00;16;kWh;-33232;0;0;0;33232;-33232
07/06/2024 04:00;07/06/2024 04:15;17;kWh;-11498;0;0;0;11498;-11498
07/06/2024 04:15;07/06/2024 04:30;18;kWh;-1061;0;0;0;1061;-1061
07/06/2024 04:30;07/06/2024 04:45;19;kWh;-1202;0;0;0;1202;-1202
07/06/2024 04:45;07/06/2024 05:00;20;kWh;-489;0;0;0;489;-489
07/06/2024 05:00;07/06/2024 05:15;21;kWh;-6137;0;0;0;6137;-6137
07/06/2024 05:15;07/06/2024 05:30;22;kWh;0;0;0;0;0;0
07/06/2024 05:30;07/06/2024 05:45;23;kWh;-7174;0;0;0;7174;-7174
07/06/2024 05:45;07/06/2024 06:00;24;kWh;-44399;0;0;0;44399;-44399
07/06/2024 06:00;07/06/2024 06:15;25;kWh;-19397;0;0;0;19397;-19397
07/06/2024 06:15;07/06/2024 06:30;26;kWh;0;11104;0;0;11104;11104
07/06/2024 06:30;07/06/2024 06:45;27;kWh;0;1201;0;0;1201;1201
07/06/2024 06:45;07/06/2024 07:00;28;kWh;0;33;0;0;33;33
07/06/2024 07:00;07/06/2024 07:15;29;kWh;0;35572;0;0;35572;35572
07/06/2024 07:15;07/06/2024 07:30;30;kWh;0;29235;0;0;29235;29235
07/06/2024 07:30;07/06/2024 07:45;31;kWh;-1441;72;0;0;1513;-1369
07/06/2024 07:45;07/06/2024 08:00;32;kWh;-989;0;0;0;989;-989
07/06/2024 08:00;07/06/2024 08:15;33;kWh;-18;0;0;0;18;-18
07/06/2024 08:15;07/06/2024 08:30;34;kWh;0;1010;0;0;1010;1010
07/06/2024 08:30;07/06/2024 08:45;35;kWh;-48;4;0;0;52;-44
07/06/2024 08:45;07/06/2024 09:00;36;kWh;-16575;0;0;0;16575;-16575
07/06/2024 09:00;07/06/2024 09:15;37;kWh;-10751;16996;0;0;27747;6245
07/06/2024 09:15;07/06/2024 09:30;38;kWh;0;23315;0;0;23315;23315
07/06/2024 09:30;07/06/2024 09:45;39;kWh;-434;0;0;0;434;-434
07/06/2024 09:45;07/06/2024 10:00;40;kWh;-28759;0;0;0;28759;-28759
07/06/2024 10:00;07/06/2024 10:15;41;kWh;-19611;0;0;0;19611;-19611
07/06/2024 10:15;07/06/2024 10:30;42;kWh;-7136;0;0;0;7136;-7136
07/06/2024 10:30;07/06/2024 10:45;43;kWh;-14976;0;0;0;14976;-14976
07/06/2024 10:45;07/06/2024 11:00;44;kWh;-21304;0;0;0;21304;-21304
07/06/2024 11:00;07/06/2024 11:15;45;kWh;-7713;0;0;0;7713;-7713
07/06/2024 11:15;07/06/2024 11:30;46;kWh;-6404;0;0;0;6404;-6404
07/06/2024 11:30;07/06/2024 11:45;47;kWh;-10406;0;0;0;10406;-10406
07/06/2024 11:45;07/06/2024 12:00;48;kWh;-1899;0;0;0;1899;-1899
07/06/2024 12:00;07/06/2024 12:15;49;kWh;0;41169;0;0;41169;41169
07/06/2024 12:15;07/06/2024 12:30;50;kWh;0;85952;0;0;85952;85952
07/06/2024 12:30;07/06/2024 12:45;51;kWh;0;40146;0;0;40146;40146
07/06/2024 12:45;07/06/2024 13:00;52;kWh;0;3155;0;0;3155;3155
07/06/2024 13:00;07/06/2024 13:15;53;kWh;0;282;0;0;282;282
07/06/2024 13:15;07/06/2024 13:30;54;kWh;-205;0;0;0;205;-205
07/06/2024 13:30;07/06/2024 13:45;55;kWh;-16546;0;0;0;16546;-16546
07/06/2024 13:45;07/06/2024 14:00;56;kWh;-25452;4;0;0;25456;-25448
07/06/2024 14:00;07/06/2024 14:15;57;kWh;-8003;1720;0;0;9723;-6283
07/06/2024 14:15;07/06/2024 14:30;58;kWh;-8646;0;0;0;8646;-8646
07/06/2024 14:30;07/06/2024 14:45;59;kWh;-3669;0;0;0;3669;-3669
07/06/2024 14:45;07/06/2024 15:00;60;kWh;-6556;0;0;0;6556;-6556
07/06/2024 15:00;07/06/2024 15:15;61;kWh;-9970;724;0;0;10694;-9246
07/06/2024 15:15;07/06/2024 15:30;62;kWh;-544;788;0;0;1332;244
07/06/2024 15:30;07/06/2024 15:45;63;kWh;-10334;0;0;0;10334;-10334
07/06/2024 15:45;07/06/2024 16:00;64;kWh;-22556;0;0;0;22556;-22556
07/06/2024 16:00;07/06/2024 16:15;65;kWh;-23487;136;0;0;23623;-23351
07/06/2024 16:15;07/06/2024 16:30;66;kWh;-36531;476;0;0;37007;-36055
07/06/2024 16:30;07/06/2024 16:45;67;kWh;-43845;622;0;0;44467;-43223
07/06/2024 16:45;07/06/2024 17:00;68;kWh;-22177;1080;0;0;23257;-21097
07/06/2024 17:00;07/06/2024 17:15;69;kWh;-52586;357;0;0;52943;-52229
07/06/2024 17:15;07/06/2024 17:30;70;kWh;-46594;503;0;0;47097;-46091
07/06/2024 17:30;07/06/2024 17:45;71;kWh;-22256;339;0;0;22595;-21917
07/06/2024 17:45;07/06/2024 18:00;72;kWh;-16946;330;0;0;17276;-16616
07/06/2024 18:00;07/06/2024 18:15;73;kWh;-16715;0;0;0;16715;-16715
07/06/2024 18:15;07/06/2024 18:30;74;kWh;-17332;0;0;0;17332;-17332
07/06/2024 18:30;07/06/2024 18:45;75;kWh;-13181;11161;0;0;24342;-2020
07/06/2024 18:45;07/06/2024 19:00;76;kWh;-13587;1116;0;0;14703;-12471
07/06/2024 19:00;07/06/2024 19:15;77;kWh;-32738;306;0;0;33044;-32432
07/06/2024 19:15;07/06/2024 19:30;78;kWh;-46897;0;0;0;46897;-46897
07/06/2024 19:30;07/06/2024 19:45;79;kWh;-29691;0;0;0;29691;-29691
07/06/2024 19:45;07/06/2024 20:00;80;kWh;-1325;64;0;0;1389;-1261
07/06/2024 20:00;07/06/2024 20:15;81;kWh;-6211;16;0;0;6227;-6195
07/06/2024 20:15;07/06/2024 20:30;82;kWh;0;9576;0;0;9576;9576
07/06/2024 20:30;07/06/2024 20:45;83;kWh;0;56067;0;0;56067;56067
07/06/2024 20:45;07/06/2024 21:00;84;kWh;0;60609;0;0;60609;60609
07/06/2024 21:00;07/06/2024 21:15;85;kWh;0;85887;0;0;85887;85887
07/06/2024 21:15;07/06/2024 21:30;86;kWh;0;89929;0;0;89929;89929
07/06/2024 21:30;07/06/2024 21:45;87;kWh;0;88126;0;0;88126;88126
07/06/2024 21:45;07/06/2024 22:00;88;kWh;0;60393;0;0;60393;60393
07/06/2024 22:00;07/06/2024 22:15;89;kWh;0;39474;0;0;39474;39474
07/06/2024 22:15;07/06/2024 22:30;90;kWh;0;44212;0;0;44212;44212
07/06/2024 22:30;07/06/2024 22:45;91;kWh;0;55004;0;0;55004;55004
07/06/2024 22:45;07/06/2024 23:00;92;kWh;-50;32603;0;0;32653;32553
07/06/2024 23:00;07/06/2024 23:15;93;kWh;-146;0;0;0;146;-146
07/06/2024 23:15;07/06/2024 23:30;94;kWh;0;0;0;0;0;0
07/06/2024 23:30;07/06/2024 23:45;95;kWh;-400;0;0;0;400;-400
07/06/2024 23:45;08/06/2024 00:00;96;kWh;-3988;0;0;0;3988;-3988
08/06/2024 00:00;08/06/2024 00:15;1;kWh;-4519;3413;0;0;7932;-1106
08/06/2024 00:15;08/06/2024 00:30;2;kWh;0;27853;0;0;27853;27853
08/06/2024 00:30;08/06/2024 00:45;3;kWh;0;38049;0;0;38049;38049
08/06/2024 00:45;08/06/2024 01:00;4;kWh;0;10319;0;0;10319;10319
08/06/2024 01:00;08/06/2024 01:15;5;kWh;-1522;149;0;0;1671;-1373
08/06/2024 01:15;08/06/2024 01:30;6;kWh;0;21341;0;0;21341;21341
08/06/2024 01:30;08/06/2024 01:45;7;kWh;0;1646;0;0;1646;1646
08/06/2024 01:45;08/06/2024 02:00;8;kWh;-2484;0;0;0;2484;-2484
08/06/2024 02:00;08/06/2024 02:15;9;kWh;-12613;7620;0;0;20233;-4993
08/06/2024 02:15;08/06/2024 02:30;10;kWh;-7541;1076;0;0;8617;-6465
08/06/2024 02:30;08/06/2024 02:45;11;kWh;-16329;0;0;0;16329;-16329
08/06/2024 02:45;08/06/2024 03:00;12;kWh;-11673;0;0;0;11673;-11673
08/06/2024 03:00;08/06/2024 03:15;13;kWh;-4295;727;0;0;5022;-3568
08/06/2024 03:15;08/06/2024 03:30;14;kWh;-3003;104;0;0;3107;-2899
08/06/2024 03:30;08/06/2024 03:45;15;kWh;-10829;3560;0;0;14389;-7269
08/06/2024 03:45;08/06/2024 04:00;16;kWh;-9904;305;0;0;10209;-9599
08/06/2024 04:00;08/06/2024 04:15;17;kWh;-9290;0;0;0;9290;-9290
08/06/2024 04:15;08/06/2024 04:30;18;kWh;-12560;0;0;0;12560;-12560
08/06/2024 04:30;08/06/2024 04:45;19;kWh;-21409;0;0;0;21409;-21409
08/06/2024 04:45;08/06/2024 05:00;20;kWh;-16272;0;0;0;16272;-16272
08/06/2024 05:00;08/06/2024 05:15;21;kWh;-13715;6475;0;0;20190;-7240
08/06/2024 05:15;08/06/2024 05:30;22;kWh;-10712;3335;0;0;14047;-7377
08/06/2024 05:30;08/06/2024 05:45;23;kWh;-18202;58;0;0;18260;-18144
08/06/2024 05:45;08/06/2024 06:00;24;kWh;-30060;86;0;0;30146;-29974
08/06/2024 06:00;08/06/2024 06:15;25;kWh;-20679;0;0;0;20679;-20679
08/06/2024 06:15;08/06/2024 06:30;26;kWh;-12875;0;0;0;12875;-12875
08/06/2024 06:30;08/06/2024 06:45;27;kWh;-12361;0;0;0;12361;-12361
08/06/2024 06:45;08/06/2024 07:00;28;kWh;-6223;0;0;0;6223;-6223
08/06/2024 07:00;08/06/2024 07:15;29;kWh;0;39104;0;0;39104;39104
08/06/2024 07:15;08/06/2024 07:30;30;kWh;-402;2792;0;0;3194;2390
08/06/2024 07:30;08/06/2024 07:45;31;kWh;-14835;0;0;0;14835;-14835
08/06/2024 07:45;08/06/2024 08:00;32;kWh;-17316;0;0;0;17316;-17316
08/06/2024 08:00;08/06/2024 08:15;33;kWh;-17430;0;0;0;17430;-17430
08/06/2024 08:15;08/06/2024 08:30;34;kWh;-26720;0;0;0;26720;-26720
08/06/2024 08:30;08/06/2024 08:45;35;kWh;-26823;0;0;0;26823;-26823
08/06/2024 08:45;08/06/2024 09:00;36;kWh;-15284;0;0;0;15284;-15284
08/06/2024 09:00;08/06/2024 09:15;37;kWh;-17690;1972;0;0;19662;-15718
08/06/2024 09:15;08/06/2024 09:30;38;kWh;-318;4787;0;0;5105;4469
08/06/2024 09:30;08/06/2024 09:45;39;kWh;0;0;0;0;0;0
08/06/2024 09:45;08/06/2024 10:00;40;kWh;-14855;0;0;0;14855;-14855
08/06/2024 10:00;08/06/2024 10:15;41;kWh;-16619;0;0;0;16619;-16619
08/06/2024 10:15;08/06/2024 10:30;42;kWh;-24196;0;0;0;24196;-24196
08/06/2024 10:30;08/06/2024 10:45;43;kWh;-42429;0;0;0;42429;-42429
08/06/2024 10:45;08/06/2024 11:00;44;kWh;-16962;0;0;0;16962;-16962
08/06/2024 11:00;08/06/2024 11:15;45;kWh;-30815;0;0;0;30815;-30815
08/06/2024 11:15;08/06/2024 11:30;46;kWh;-49592;0;0;0;49592;-49592
08/06/2024 11:30;08/06/2024 11:45;47;kWh;-17366;0;0;0;17366;-17366
08/06/2024 11:45;08/06/2024 12:00;48;kWh;-11711;0;0;0;11711;-11711
08/06/2024 12:00;08/06/2024 12:15;49;kWh;-5787;0;0;0;5787;-5787
08/06/2024 12:15;08/06/2024 12:30;50;kWh;-2610;0;0;0;2610;-2610
08/06/2024 12:30;08/06/2024 12:45;51;kWh;-68;0;0;0;68;-68
08/06/2024 12:45;08/06/2024 13:00;52;kWh;-10728;0;0;0;10728;-10728
08/06/2024 13:00;08/06/2024 13:15;53;kWh;-3454;0;0;0;3454;-3454
08/06/2024 13:15;08/06/2024 13:30;54;kWh;-12472;0;0;0;12472;-12472
08/06/2024 13:30;08/06/2024 13:45;55;kWh;-14943;0;0;0;14943;-14943
08/06/2024 13:45;08/06/2024 14:00;56;kWh;-18018;0;0;0;18018;-18018
08/06/2024 14:00;08/06/2024 14:15;57;kWh;-16942;0;0;0;16942;-16942
08/06/2024 14:15;08/06/2024 14:30;58;kWh;-19291;0;0;0;19291;-19291
08/06/2024 14:30;08/06/2024 14:45;59;kWh;-17329;0;0;0;17329;-17329
08/06/2024 14:45;08/06/2024 15:00;60;kWh;-18796;0;0;0;18796;-18796
08/06/2024 15:00;08/06/2024 15:15;61;kWh;-30723;0;0;0;30723;-30723
08/06/2024 15:15;08/06/2024 15:30;62;kWh;-31390;0;0;0;31390;-31390
08/06/2024 15:30;08/06/2024 15:45;63;kWh;-11941;0;0;0;11941;-11941
08/06/2024 15:45;08/06/2024 16:00;64;kWh;-15329;0;0;0;15329;-15329
08/06/2024 16:00;08/06/2024 16:15;65;kWh;-16578;0;0;0;16578;-16578
08/06/2024 16:15;08/06/2024 16:30;66;kWh;-15192;0;0;0;15192;-15192
08/06/2024 16:30;08/06/2024 16:45;67;kWh;-466;1906;0;0;2372;1440
08/06/2024 16:45;08/06/2024 17:00;68;kWh;0;8462;0;0;8462;8462
08/06/2024 17:00;08/06/2024 17:15;69;kWh;-5796;430;0;0;6226;-5366
08/06/2024 17:15;08/06/2024 17:30;70;kWh;-19659;0;0;0;19659;-19659
08/06/2024 17:30;08/06/2024 17:45;71;kWh;-3221;0;0;0;3221;-3221
08/06/2024 17:45;08/06/2024 18:00;72;kWh;-2359;0;0;0;2359;-2359
08/06/2024 18:00;08/06/2024 18:15;73;kWh;-18742;0;0;0;18742;-18742
08/06/2024 18:15;08/06/2024 18:30;74;kWh;-28466;0;0;0;28466;-28466
08/06/2024 18:30;08/06/2024 18:45;75;kWh;-9417;0;0;0;9417;-9417
08/06/2024 18:45;08/06/2024 19:00;76;kWh;-7993;0;0;0;7993;-7993
08/06/2024 19:00;08/06/2024 19:15;77;kWh;-18259;0;0;0;18259;-18259
08/06/2024 19:15;08/06/2024 19:30;78;kWh;-20270;0;0;0;20270;-20270
08/06/2024 19:30;08/06/2024 19:45;79;kWh;-1180;7;0;0;1187;-1173
08/06/2024 19:45;08/06/2024 20:00;80;kWh;-5344;0;0;0;5344;-5344
08/06/2024 20:00;08/06/2024 20:15;81;kWh;-20337;3101;0;0;23438;-17236
08/06/2024 20:15;08/06/2024 20:30;82;kWh;-7637;124;0;0;7761;-7513
08/06/2024 20:30;08/06/2024 20:45;83;kWh;-15564;0;0;0;15564;-15564
08/06/2024 20:45;08/06/2024 21:00;84;kWh;-22456;0;0;0;22456;-22456
08/06/2024 21:00;08/06/2024 21:15;85;kWh;-18307;0;0;0;18307;-18307
08/06/2024 21:15;08/06/2024 21:30;86;kWh;-10574;0;0;0;10574;-10574
08/06/2024 21:30;08/06/2024 21:45;87;kWh;-11490;0;0;0;11490;-11490
08/06/2024 21:45;08/06/2024 22:00;88;kWh;-7313;0;0;0;7313;-7313
08/06/2024 22:00;08/06/2024 22:15;89;kWh;-1356;0;0;0;1356;-1356
08/06/2024 22:15;08/06/2024 22:30;90;kWh;0;0;0;0;0;0
08/06/2024 22:30;08/06/2024 22:45;91;kWh;-1226;0;0;0;1226;-1226
08/06/2024 22:45;08/06/2024 23:00;92;kWh;-5860;0;0;0;5860;-5860
08/06/2024 23:00;08/06/2024 23:15;93;kWh;-7135;0;0;0;7135;-7135
08/06/2024 23:15;08/06/2024 23:30;94;kWh;-5245;0;0;0;5245;-5245
08/06/2024 23:30;08/06/2024 23:45;95;kWh;-2358;0;0;0;2358;-2358
08/06/2024 23:45;09/06/2024 00:00;96;kWh;-2659;0;0;0;2659;-2659
09/06/2024 00:00;09/06/2024 00:15;1;kWh;-21450;3265;0;0;24715;-18185
09/06/2024 00:15;09/06/2024 00:30;2;kWh;-10288;139;0;0;10427;-10149
09/06/2024 00:30;09/06/2024 00:45;3;kWh;-32124;0;0;0;32124;-32124
09/06/2024 00:45;09/06/2024 01:00;4;kWh;-24077;0;0;0;24077;-24077
09/06/2024 01:00;09/06/2024 01:15;5;kWh;-353;13614;0;0;13967;13261
09/06/2024 01:15;09/06/2024 01:30;6;kWh;-7974;9;0;0;7983;-7965
09/06/2024 01:30;09/06/2024 01:45;7;kWh;-22855;0;0;0;22855;-22855
09/06/2024 01:45;09/06/2024 02:00;8;kWh;-27515;0;0;0;27515;-27515
09/06/2024 02:00;09/06/2024 02:15;9;kWh;-7753;2197;0;0;9950;-5556
09/06/2024 02:15;09/06/2024 02:30;10;kWh;-11489;359;0;0;11848;-11130
09/06/2024 02:30;09/06/2024 02:45;11;kWh;-26176;0;0;0;26176;-26176
09/06/2024 02:45;09/06/2024 03:00;12;kWh;-32236;0;0;0;32236;-32236
09/06/2024 03:00;09/06/2024 03:15;13;kWh;-10320;0;0;0;10320;-10320
09/06/2024 03:15;09/06/2024 03:30;14;kWh;-24392;0;0;0;24392;-24392
09/06/2024 03:30;09/06/2024 03:45;15;kWh;-31802;0;0;0;31802;-31802
09/06/2024 03:45;09/06/2024 04:00;16;kWh;-31652;0;0;0;31652;-31652
09/06/2024 04:00;09/06/2024 04:15;17;kWh;-5944;129;0;0;6073;-5815
09/06/2024 04:15;09/06/2024 04:30;18;kWh;-16339;0;0;0;16339;-16339
09/06/2024 04:30;09/06/2024 04:45;19;kWh;-18912;0;0;0;18912;-18912
09/06/2024 04:45;09/06/2024 05:00;20;kWh;-17170;0;0;0;17170;-17170
09/06/2024 05:00;09/06/2024 05:15;21;kWh;-3266;0;0;0;3266;-3266
09/06/2024 05:15;09/06/2024 05:30;22;kWh;-18354;0;0;0;18354;-18354
09/06/2024 05:30;09/06/2024 05:45;23;kWh;-28673;0;0;0;28673;-28673
09/06/2024 05:45;09/06/2024 06:00;24;kWh;-39384;0;0;0;39384;-39384
09/06/2024 06:00;09/06/2024 06:15;25;kWh;-9905;0;0;0;9905;-9905
09/06/2024 06:15;09/06/2024 06:30;26;kWh;-9559;0;0;0;9559;-9559
09/06/2024 06:30;09/06/2024 06:45;27;kWh;-19694;0;0;0;19694;-19694
09/06/2024 06:45;09/06/2024 07:00;28;kWh;-28233;0;0;0;28233;-28233
09/06/2024 07:00;09/06/2024 07:15;29;kWh;-1541;230;0;0;1771;-1311
09/06/2024 07:15;09/06/2024 07:30;30;kWh;-136;1627;0;0;1763;1491
09/06/2024 07:30;09/06/2024 07:45;31;kWh;-27937;0;0;0;27937;-27937
09/06/2024 07:45;09/06/2024 08:00;32;kWh;-35283;0;0;0;35283;-35283
09/06/2024 08:00;09/06/2024 08:15;33;kWh;-6250;0;0;0;6250;-6250
09/06/2024 08:15;09/06/2024 08:30;34;kWh;-5034;0;0;0;5034;-5034
09/06/2024 08:30;09/06/2024 08:45;35;kWh;-20151;0;0;0;20151;-20151
09/06/2024 08:45;09/06/2024 09:00;36;kWh;-23667;0;0;0;23667;-23667
09/06/2024 09:00;09/06/2024 09:15;37;kWh;-4922;0;0;0;4922;-4922
09/06/2024 09:15;09/06/2024 09:30;38;kWh;-11078;0;0;0;11078;-11078
09/06/2024 09:30;09/06/2024 09:45;39;kWh;-19021;0;0;0;19021;-19021
09/06/2024 09:45;09/06/2024 10:00;40;kWh;-9529;27;0;0;9556;-9502
09/06/2024 10:00;09/06/2024 10:15;41;kWh;-185;3837;0;0;4022;3652
09/06/2024 10:15;09/06/2024 10:30;42;kWh;-7463;1259;0;0;8722;-6204
09/06/2024 10:30;09/06/2024 10:45;43;kWh;-20346;17992;0;0;38338;-2354
09/06/2024 10:45;09/06/2024 11:00;44;kWh;-41903;4657;0;0;46560;-37246
09/06/2024 11:00;09/06/2024 11:15;45;kWh;-42556;6254;0;0;48810;-36302
09/06/2024 11:15;09/06/2024 11:30;46;kWh;-31446;618;0;0;32064;-30828
09/06/2024 11:30;09/06/2024 11:45;47;kWh;-45850;7228;0;0;53078;-38622
09/06/2024 11:45;09/06/2024 12:00;48;kWh;-41101;13291;0;0;54392;-27810
09/06/2024 12:00;09/06/2024 12:15;49;kWh;-32754;7592;0;0;40346;-25162
09/06/2024 12:15;09/06/2024 12:30;50;kWh;-22107;20187;0;0;42294;-1920
09/06/2024 12:30;09/06/2024 12:45;51;kWh;-16421;7930;0;0;24351;-8491
09/06/2024 12:45;09/06/2024 13:00;52;kWh;-29361;776;0;0;30137;-28585
09/06/2024 13:00;09/06/2024 13:15;53;kWh;-8126;3042;0;0;11168;-5084
09/06/2024 13:15;09/06/2024 13:30;54;kWh;-21547;3556;0;0;25103;-17991
09/06/2024 13:30;09/06/2024 13:45;55;kWh;-11382;12393;0;0;23775;1011
09/06/2024 13:45;09/06/2024 14:00;56;kWh;-9497;16290;0;0;25787;6793
09/06/2024 14:00;09/06/2024 14:15;57;kWh;-20929;10409;0;0;31338;-10520
09/06/2024 14:15;09/06/2024 14:30;58;kWh;-9034;13754;0;0;22788;4720
09/06/2024 14:30;09/06/2024 14:45;59;kWh;-27021;5357;0;0;32378;-21664
09/06/2024 14:45;09/06/2024 15:00;60;kWh;-7373;4197;0;0;11570;-3176
09/06/2024 15:00;09/06/2024 15:15;61;kWh;-34988;6106;0;0;41094;-28882
09/06/2024 15:15;09/06/2024 15:30;62;kWh;-5319;3373;0;0;8692;-1946
09/06/2024 15:30;09/06/2024 15:45;63;kWh;-11029;9613;0;0;20642;-1416
09/06/2024 15:45;09/06/2024 16:00;64;kWh;-22193;8126;0;0;30319;-14067
09/06/2024 16:00;09/06/2024 16:15;65;kWh;-29159;4389;0;0;33548;-24770
09/06/2024 16:15;09/06/2024 16:30;66;kWh;-5771;11309;0;0;17080;5538
09/06/2024 16:30;09/06/2024 16:45;67;kWh;0;22045;0;0;22045;22045
09/06/2024 16:45;09/06/2024 17:00;68;kWh;-1;40426;0;0;40427;40425
09/06/2024 17:00;09/06/2024 17:15;69;kWh;-27639;665;0;0;28304;-26974
09/06/2024 17:15;09/06/2024 17:30;70;kWh;-10289;4861;0;0;15150;-5428
09/06/2024 17:30;09/06/2024 17:45;71;kWh;0;8758;0;0;8758;8758
09/06/2024 17:45;09/06/2024 18:00;72;kWh;-867;32859;0;0;33726;31992
09/06/2024 18:00;09/06/2024 18:15;73;kWh;-52878;4066;0;0;56944;-48812
09/06/2024 18:15;09/06/2024 18:30;74;kWh;-11349;13036;0;0;24385;1687
09/06/2024 18:30;09/06/2024 18:45;75;kWh;-18682;5067;0;0;23749;-13615
09/06/2024 18:45;09/06/2024 19:00;76;kWh;-12921;3878;0;0;16799;-9043
09/06/2024 19:00;09/06/2024 19:15;77;kWh;0;155;0;0;155;155
09/06/2024 19:15;09/06/2024 19:30;78;kWh;-2094;57;0;0;2151;-2037
09/06/2024 19:30;09/06/2024 19:45;79;kWh;-478;1162;0;0;1640;684
09/06/2024 19:45;09/06/2024 20:00;80;kWh;0;7997;0;0;7997;7997
09/06/2024 20:00;09/06/2024 20:15;81;kWh;-22014;335;0;0;22349;-21679
09/06/2024 20:15;09/06/2024 20:30;82;kWh;-26418;0;0;0;26418;-26418
09/06/2024 20:30;09/06/2024 20:45;83;kWh;-26107;155;0;0;26262;-25952
09/06/2024 20:45;09/06/2024 21:00;84;kWh;-39;9108;0;0;9147;9069
09/06/2024 21:00;09/06/2024 21:15;85;kWh;-27098;0;0;0;27098;-27098
09/06/2024 21:15;09/06/2024 21:30;86;kWh;-22881;0;0;0;22881;-22881
09/06/2024 21:30;09/06/2024 21:45;87;kWh;-21864;0;0;0;21864;-21864
09/06/2024 21:45;09/06/2024 22:00;88;kWh;-19433;0;0;0;19433;-19433
09/06/2024 22:00;09/06/2024 22:15;89;kWh;-23467;0;0;0;23467;-23467
09/06/2024 22:15;09/06/2024 22:30;90;kWh;-23166;0;0;0;23166;-23166
09/06/2024 22:30;09/06/2024 22:45;91;kWh;-47462;0;0;0;47462;-47462
09/06/2024 22:45;09/06/2024 23:00;92;kWh;-53051;0;0;0;53051;-53051
09/06/2024 23:00;09/06/2024 23:15;93;kWh;-26139;0;0;0;26139;-26139
09/06/2024 23:15;09/06/2024 23:30;94;kWh;-48940;0;0;0;48940;-48940
09/06/2024 23:30;09/06/2024 23:45;95;kWh;-42461;0;0;0;42461;-42461
09/06/2024 23:45;10/06/2024 00:00;96;kWh;-12089;0;0;0;12089;-12089
10/06/2024 00:00;10/06/2024 00:15;1;kWh;-3639;2597;0;0;6236;-1042
10/06/2024 00:15;10/06/2024 00:30;2;kWh;0;16138;0;0;16138;16138
10/06/2024 00:30;10/06/2024 00:45;3;kWh;0;32831;0;0;32831;32831
10/06/2024 00:45;10/06/2024 01:00;4;kWh;0;29597;0;0;29597;29597
10/06/2024 01:00;10/06/2024 01:15;5;kWh;0;21263;0;0;21263;21263
10/06/2024 01:15;10/06/2024 01:30;6;kWh;0;31758;0;0;31758;31758
10/06/2024 01:30;10/06/2024 01:45;7;kWh;0;18246;0;0;18246;18246
10/06/2024 01:45;10/06/2024 02:00;8;kWh;0;25916;0;0;25916;25916
10/06/2024 02:00;10/06/2024 02:15;9;kWh;0;12496;0;0;12496;12496
10/06/2024 02:15;10/06/2024 02:30;10;kWh;0;10735;0;0;10735;10735
10/06/2024 02:30;10/06/2024 02:45;11;kWh;0;19856;0;0;19856;19856
10/06/2024 02:45;10/06/2024 03:00;12;kWh;0;11050;0;0;11050;11050
10/06/2024 03:00;10/06/2024 03:15;13;kWh;0;1748;0;0;1748;1748
10/06/2024 03:15;10/06/2024 03:30;14;kWh;-435;0;0;0;435;-435
10/06/2024 03:30;10/06/2024 03:45;15;kWh;-7907;0;0;0;7907;-7907
10/06/2024 03:45;10/06/2024 04:00;16;kWh;-5630;0;0;0;5630;-5630
10/06/2024 04:00;10/06/2024 04:15;17;kWh;-5647;0;0;0;5647;-5647
10/06/2024 04:15;10/06/2024 04:30;18;kWh;-3113;0;0;0;3113;-3113
10/06/2024 04:30;10/06/2024 04:45;19;kWh;-49;8243;0;0;8292;8194
10/06/2024 04:45;10/06/2024 05:00;20;kWh;0;4947;0;0;4947;4947
10/06/2024 05:00;10/06/2024 05:15;21;kWh;0;59100;0;0;59100;59100
10/06/2024 05:15;10/06/2024 05:30;22;kWh;0;27003;0;0;27003;27003
10/06/2024 05:30;10/06/2024 05:45;23;kWh;0;15135;0;0;15135;15135
10/06/2024 05:45;10/06/2024 06:00;24;kWh;0;1772;0;0;1772;1772
10/06/2024 06:00;10/06/2024 06:15;25;kWh;-758;4916;0;0;5674;4158
10/06/2024 06:15;10/06/2024 06:30;26;kWh;-19907;0;0;0;19907;-19907
10/06/2024 06:30;10/06/2024 06:45;27;kWh;-574;0;0;0;574;-574
10/06/2024 06:45;10/06/2024 07:00;28;kWh;-321;0;0;0;321;-321
10/06/2024 07:00;10/06/2024 07:15;29;kWh;-22200;3927;0;0;26127;-18273
10/06/2024 07:15;10/06/2024 07:30;30;kWh;0;11332;0;0;11332;11332
10/06/2024 07:30;10/06/2024 07:45;31;kWh;0;6797;0;0;6797;6797
10/06/2024 07:45;10/06/2024 08:00;32;kWh;-833;5135;0;0;5968;4302
10/06/2024 08:00;10/06/2024 08:15;33;kWh;-29992;0;0;0;29992;-29992
10/06/2024 08:15;10/06/2024 08:30;34;kWh;-44167;0;0;0;44167;-44167
10/06/2024 08:30;10/06/2024 08:45;35;kWh;-34672;0;0;0;34672;-34672
10/06/2024 08:45;10/06/2024 09:00;36;kWh;-36412;0;0;0;36412;-36412
10/06/2024 09:00;10/06/2024 09:15;37;kWh;-39912;0;0;0;39912;-39912
10/06/2024 09:15;10/06/2024 09:30;38;kWh;-44377;0;0;0;44377;-44377
10/06/2024 09:30;10/06/2024 09:45;39;kWh;-41016;0;0;0;41016;-41016
10/06/2024 09:45;10/06/2024 10:00;40;kWh;-52816;0;0;0;52816;-52816
10/06/2024 10:00;10/06/2024 10:15;41;kWh;-38668;0;0;0;38668;-38668
10/06/2024 10:15;10/06/2024 10:30;42;kWh;-42659;0;0;0;42659;-42659
10/06/2024 10:30;10/06/2024 10:45;43;kWh;-64861;0;0;0;64861;-64861
10/06/2024 10:45;10/06/2024 11:00;44;kWh;-63735;0;0;0;63735;-63735
10/06/2024 11:00;10/06/2024 11:15;45;kWh;-15925;1929;0;0;17854;-13996
10/06/2024 11:15;10/06/2024 11:30;46;kWh;-32214;0;0;0;32214;-32214
10/06/2024 11:30;10/06/2024 11:45;47;kWh;-19752;0;0;0;19752;-19752
10/06/2024 11:45;10/06/2024 12:00;48;kWh;-21426;0;0;0;21426;-21426
10/06/2024 12:00;10/06/2024 12:15;49;kWh;-30149;0;0;0;30149;-30149
10/06/2024 12:15;10/06/2024 12:30;50;kWh;-58745;0;0;0;58745;-58745
10/06/2024 12:30;10/06/2024 12:45;51;kWh;-96861;0;0;0;96861;-96861
10/06/2024 12:45;10/06/2024 13:00;52;kWh;-98153;0;0;0;98153;-98153
10/06/2024 13:00;10/06/2024 13:15;53;kWh;-15490;0;0;0;15490;-15490
10/06/2024 13:15;10/06/2024 13:30;54;kWh;-39969;570;0;0;40539;-39399
10/06/2024 13:30;10/06/2024 13:45;55;kWh;-45642;2747;0;0;48389;-42895
10/06/2024 13:45;10/06/2024 14:00;56;kWh;-38075;3;0;0;38078;-38072
10/06/2024 14:00;10/06/2024 14:15;57;kWh;-177;11689;0;0;11866;11512
10/06/2024 14:15;10/06/2024 14:30;58;kWh;-17759;0;0;0;17759;-17759
10/06/2024 14:30;10/06/2024 14:45;59;kWh;-13211;123;0;0;13334;-13088
10/06/2024 14:45;10/06/2024 15:00;60;kWh;-32439;1;0;0;32440;-32438
10/06/2024 15:00;10/06/2024 15:15;61;kWh;-30067;0;0;0;30067;-30067
10/06/2024 15:15;10/06/2024 15:30;62;kWh;-51863;0;0;0;51863;-51863
10/06/2024 15:30;10/06/2024 15:45;63;kWh;-49268;0;0;0;49268;-49268
10/06/2024 15:45;10/06/2024 16:00;64;kWh;-8421;0;0;0;8421;-8421
10/06/2024 16:00;10/06/2024 16:15;65;kWh;-16333;9278;0;0;25611;-7055
10/06/2024 16:15;10/06/2024 16:30;66;kWh;-17016;2201;0;0;19217;-14815
10/06/2024 16:30;10/06/2024 16:45;67;kWh;-23416;277;0;0;23693;-23139
10/06/2024 16:45;10/06/2024 17:00;68;kWh;-22364;0;0;0;22364;-22364
10/06/2024 17:00;10/06/2024 17:15;69;kWh;-3530;283;0;0;3813;-3247
10/06/2024 17:15;10/06/2024 17:30;70;kWh;0;1903;0;0;1903;1903
10/06/2024 17:30;10/06/2024 17:45;71;kWh;-615;1097;0;0;1712;482
10/06/2024 17:45;10/06/2024 18:00;72;kWh;-3446;972;0;0;4418;-2474
10/06/2024 18:00;10/06/2024 18:15;73;kWh;-7763;0;0;0;7763;-7763
10/06/2024 18:15;10/06/2024 18:30;74;kWh;-14071;0;0;0;14071;-14071
10/06/2024 18:30;10/06/2024 18:45;75;kWh;-10430;0;0;0;10430;-10430
10/06/2024 18:45;10/06/2024 19:00;76;kWh;-22166;0;0;0;22166;-22166
10/06/2024 19:00;10/06/2024 19:15;77;kWh;-26553;3721;0;0;30274;-22832
10/06/2024 19:15;10/06/2024 19:30;78;kWh;-28858;2158;0;0;31016;-26700
10/06/2024 19:30;10/06/2024 19:45;79;kWh;-10325;0;0;0;10325;-10325
10/06/2024 19:45;10/06/2024 20:00;80;kWh;-471;0;0;0;471;-471
10/06/2024 20:00;10/06/2024 20:15;81;kWh;-15320;0;0;0;15320;-15320
10/06/2024 20:15;10/06/2024 20:30;82;kWh;-7234;0;0;0;7234;-7234
10/06/2024 20:30;10/06/2024 20:45;83;kWh;-4489;0;0;0;4489;-4489
10/06/2024 20:45;10/06/2024 21:00;84;kWh;-3373;0;0;0;3373;-3373
10/06/2024 21:00;10/06/2024 21:15;85;kWh;-26713;411;0;0;27124;-26302
10/06/2024 21:15;10/06/2024 21:30;86;kWh;-2913;1142;0;0;4055;-1771
10/06/2024 21:30;10/06/2024 21:45;87;kWh;-6533;0;0;0;6533;-6533
10/06/2024 21:45;10/06/2024 22:00;88;kWh;-5252;0;0;0;5252;-5252
10/06/2024 22:00;10/06/2024 22:15;89;kWh;-12785;0;0;0;12785;-12785
10/06/2024 22:15;10/06/2024 22:30;90;kWh;-39020;0;0;0;39020;-39020
10/06/2024 22:30;10/06/2024 22:45;91;kWh;-13128;0;0;0;13128;-13128
10/06/2024 22:45;10/06/2024 23:00;92;kWh;-47989;0;0;0;47989;-47989
10/06/2024 23:00;10/06/2024 23:15;93;kWh;-27300;0;0;0;27300;-27300
10/06/2024 23:15;10/06/2024 23:30;94;kWh;-23518;0;0;0;23518;-23518
10/06/2024 23:30;10/06/2024 23:45;95;kWh;-22488;0;0;0;22488;-22488
10/06/2024 23:45;11/06/2024 00:00;96;kWh;-23448;0;0;0;23448;-23448
11/06/2024 00:00;11/06/2024 00:15;1;kWh;-8644;12317;0;0;20961;3673
11/06/2024 00:15;11/06/2024 00:30;2;kWh;-1964;1713;0;0;3677;-251
11/06/2024 00:30;11/06/2024 00:45;3;kWh;-17573;0;0;0;17573;-17573
11/06/2024 00:45;11/06/2024 01:00;4;kWh;-12675;0;0;0;12675;-12675
11/06/2024 01:00;11/06/2024 01:15;5;kWh;-332;2749;0;0;3081;2417
11/06/2024 01:15;11/06/2024 01:30;6;kWh;-12332;0;0;0;12332;-12332
11/06/2024 01:30;11/06/2024 01:45;7;kWh;-11598;0;0;0;11598;-11598
11/06/2024 01:45;11/06/2024 02:00;8;kWh;-4517;0;0;0;4517;-4517
11/06/2024 02:00;11/06/2024 02:15;9;kWh;-7322;0;0;0;7322;-7322
11/06/2024 02:15;11/06/2024 02:30;10;kWh;-2251;0;0;0;2251;-2251
11/06/2024 02:30;11/06/2024 02:45;11;kWh;0;0;0;0;0;0
11/06/2024 02:45;11/06/2024 03:00;12;kWh;0;0;0;0;0;0
11/06/2024 03:00;11/06/2024 03:15;13;kWh;0;0;0;0;0;0
11/06/2024 03:15;11/06/2024 03:30;14;kWh;0;0;0;0;0;0
11/06/2024 03:30;11/06/2024 03:45;15;kWh;0;0;0;0;0;0
11/06/2024 03:45;11/06/2024 04:00;16;kWh;0;0;0;0;0;0
11/06/2024 04:00;11/06/2024 04:15;17;kWh;0;0;0;0;0;0
11/06/2024 04:15;11/06/2024 04:30;18;kWh;0;0;0;0;0;0
11/06/2024 04:30;11/06/2024 04:45;19;kWh;0;0;0;0;0;0
11/06/2024 04:45;11/06/2024 05:00;20;kWh;0;0;0;0;0;0
11/06/2024 05:00;11/06/2024 05:15;21;kWh;0;48900;0;0;48900;48900
11/06/2024 05:15;11/06/2024 05:30;22;kWh;-8209;4699;0;0;12908;-3510
11/06/2024 05:30;11/06/2024 05:45;23;kWh;-939;4455;0;0;5394;3516
11/06/2024 05:45;11/06/2024 06:00;24;kWh;0;76;0;0;76;76
11/06/2024 06:00;11/06/2024 06:15;25;kWh;0;21168;0;0;21168;21168
11/06/2024 06:15;11/06/2024 06:30;26;kWh;-2659;0;0;0;2659;-2659
11/06/2024 06:30;11/06/2024 06:45;27;kWh;-14155;0;0;0;14155;-14155
11/06/2024 06:45;11/06/2024 07:00;28;kWh;-15139;17133;0;0;32272;1994
11/06/2024 07:00;11/06/2024 07:15;29;kWh;-13039;10822;0;0;23861;-2217
11/06/2024 07:15;11/06/2024 07:30;30;kWh;-2536;0;0;0;2536;-2536
11/06/2024 07:30;11/06/2024 07:45;31;kWh;-2016;0;0;0;2016;-2016
11/06/2024 07:45;11/06/2024 08:00;32;kWh;-20260;0;0;0;20260;-20260
11/06/2024 08:00;11/06/2024 08:15;33;kWh;-23125;0;0;0;23125;-23125
11/06/2024 08:15;11/06/2024 08:30;34;kWh;-21394;0;0;0;21394;-21394
11/06/2024 08:30;11/06/2024 08:45;35;kWh;-35211;0;0;0;35211;-35211
11/06/2024 08:45;11/06/2024 09:00;36;kWh;-42017;0;0;0;42017;-42017
11/06/2024 09:00;11/06/2024 09:15;37;kWh;-5524;3391;0;0;8915;-2133
11/06/2024 09:15;11/06/2024 09:30;38;kWh;-706;4176;0;0;4882;3470
11/06/2024 09:30;11/06/2024 09:45;39;kWh;-4753;21347;0;0;26100;16594
11/06/2024 09:45;11/06/2024 10:00;40;kWh;-14773;4598;0;0;19371;-10175
11/06/2024 10:00;11/06/2024 10:15;41;kWh;0;67563;0;0;67563;67563
11/06/2024 10:15;11/06/2024 10:30;42;kWh;0;62099;0;0;62099;62099
11/06/2024 10:30;11/06/2024 10:45;43;kWh;0;32642;0;0;32642;32642
11/06/2024 10:45;11/06/2024 11:00;44;kWh;-32888;11414;0;0;44302;-21474
11/06/2024 11:00;11/06/2024 11:15;45;kWh;-11727;1399;0;0;13126;-10328
11/06/2024 11:15;11/06/2024 11:30;46;kWh;-959;0;0;0;959;-959
11/06/2024 11:30;11/06/2024 11:45;47;kWh;-15622;0;0;0;15622;-15622
11/06/2024 11:45;11/06/2024 12:00;48;kWh;-16676;0;0;0;16676;-16676
11/06/2024 12:00;11/06/2024 12:15;49;kWh;-11262;0;0;0;11262;-11262
11/06/2024 12:15;11/06/2024 12:30;50;kWh;-4634;0;0;0;4634;-4634
11/06/2024 12:30;11/06/2024 12:45;51;kWh;-5034;0;0;0;5034;-5034
11/06/2024 12:45;11/06/2024 13:00;52;kWh;-13681;0;0;0;13681;-13681
11/06/2024 13:00;11/06/2024 13:15;53;kWh;-22215;0;0;0;22215;-22215
11/06/2024 13:15;11/06/2024 13:30;54;kWh;-13585;0;0;0;13585;-13585
11/06/2024 13:30;11/06/2024 13:45;55;kWh;-23774;0;0;0;23774;-23774
11/06/2024 13:45;11/06/2024 14:00;56;kWh;-18223;0;0;0;18223;-18223
11/06/2024 14:00;11/06/2024 14:15;57;kWh;-12087;0;0;0;12087;-12087
11/06/2024 14:15;11/06/2024 14:30;58;kWh;-13282;0;0;0;13282;-13282
11/06/2024 14:30;11/06/2024 14:45;59;kWh;-22156;0;0;0;22156;-22156
11/06/2024 14:45;11/06/2024 15:00;60;kWh;-29800;387;0;0;30187;-29413
11/06/2024 15:00;11/06/2024 15:15;61;kWh;-23351;0;0;0;23351;-23351
11/06/2024 15:15;11/06/2024 15:30;62;kWh;-22378;205;0;0;22583;-22173
11/06/2024 15:30;11/06/2024 15:45;63;kWh;-19828;1203;0;0;21031;-18625
11/06/2024 15:45;11/06/2024 16:00;64;kWh;-2458;1554;0;0;4012;-904
11/06/2024 16:00;11/06/2024 16:15;65;kWh;-11795;249;0;0;12044;-11546
11/06/2024 16:15;11/06/2024 16:30;66;kWh;-8892;249;0;0;9141;-8643
11/06/2024 16:30;11/06/2024 16:45;67;kWh;-8399;249;0;0;8648;-8150
11/06/2024 16:45;11/06/2024 17:00;68;kWh;-7769;249;0;0;8018;-7520
11/06/2024 17:00;11/06/2024 17:15;69;kWh;-4529;249;0;0;4778;-4280
11/06/2024 17:15;11/06/2024 17:30;70;kWh;-14102;8619;0;0;22721;-5483
11/06/2024 17:30;11/06/2024 17:45;71;kWh;0;2202;0;0;2202;2202
11/06/2024 17:45;11/06/2024 18:00;72;kWh;-37;0;0;0;37;-37
11/06/2024 18:00;11/06/2024 18:15;73;kWh;-23116;0;0;0;23116;-23116
11/06/2024 18:15;11/06/2024 18:30;74;kWh;-20255;750;0;0;21005;-19505
11/06/2024 18:30;11/06/2024 18:45;75;kWh;-20216;2249;0;0;22465;-17967
11/06/2024 18:45;11/06/2024 19:00;76;kWh;-6515;7356;0;0;13871;841
11/06/2024 19:00;11/06/2024 19:15;77;kWh;-31;15690;0;0;15721;15659
11/06/2024 19:15;11/06/2024 19:30;78;kWh;0;7972;0;0;7972;7972
11/06/2024 19:30;11/06/2024 19:45;79;kWh;-97;8295;0;0;8392;8198
11/06/2024 19:45;11/06/2024 20:00;80;kWh;0;35942;0;0;35942;35942
11/06/2024 20:00;11/06/2024 20:15;81;kWh;-13338;9504;0;0;22842;-3834
11/06/2024 20:15;11/06/2024 20:30;82;kWh;-34576;0;0;0;34576;-34576
11/06/2024 20:30;11/06/2024 20:45;83;kWh;-12938;0;0;0;12938;-12938
11/06/2024 20:45;11/06/2024 21:00;84;kWh;-2939;0;0;0;2939;-2939
11/06/2024 21:00;11/06/2024 21:15;85;kWh;-31084;0;0;0;31084;-31084
11/06/2024 21:15;11/06/2024 21:30;86;kWh;-37307;0;0;0;37307;-37307
11/06/2024 21:30;11/06/2024 21:45;87;kWh;-28420;0;0;0;28420;-28420
11/06/2024 21:45;11/06/2024 22:00;88;kWh;-12783;62;0;0;12845;-12721
11/06/2024 22:00;11/06/2024 22:15;89;kWh;-25608;0;0;0;25608;-25608
11/06/2024 22:15;11/06/2024 22:30;90;kWh;-25471;0;0;0;25471;-25471
11/06/2024 22:30;11/06/2024 22:45;91;kWh;-17518;0;0;0;17518;-17518
11/06/2024 22:45;11/06/2024 23:00;92;kWh;-6040;0;0;0;6040;-6040
11/06/2024 23:00;11/06/2024 23:15;93;kWh;-9763;214;0;0;9977;-9549
11/06/2024 23:15;11/06/2024 23:30;94;kWh;-198;256;0;0;454;58
11/06/2024 23:30;11/06/2024 23:45;95;kWh;-9794;0;0;0;9794;-9794
11/06/2024 23:45;12/06/2024 00:00;96;kWh;-24866;0;0;0;24866;-24866
12/06/2024 00:00;12/06/2024 00:15;1;kWh;-23913;3796;0;0;27709;-20117
12/06/2024 00:15;12/06/2024 00:30;2;kWh;-498;3122;0;0;3620;2624
12/06/2024 00:30;12/06/2024 00:45;3;kWh;-2586;291;0;0;2877;-2295
12/06/2024 00:45;12/06/2024 01:00;4;kWh;-15332;0;0;0;15332;-15332
12/06/2024 01:00;12/06/2024 01:15;5;kWh;-3828;21336;0;0;25164;17508
12/06/2024 01:15;12/06/2024 01:30;6;kWh;-498;12042;0;0;12540;11544
12/06/2024 01:30;12/06/2024 01:45;7;kWh;-519;112;0;0;631;-407
12/06/2024 01:45;12/06/2024 02:00;8;kWh;-13179;0;0;0;13179;-13179
12/06/2024 02:00;12/06/2024 02:15;9;kWh;-8804;0;0;0;8804;-8804
12/06/2024 02:15;12/06/2024 02:30;10;kWh;-498;0;0;0;498;-498
12/06/2024 02:30;12/06/2024 02:45;11;kWh;-498;0;0;0;498;-498
12/06/2024 02:45;12/06/2024 03:00;12;kWh;-2297;0;0;0;2297;-2297
12/06/2024 03:00;12/06/2024 03:15;13;kWh;-21979;0;0;0;21979;-21979
12/06/2024 03:15;12/06/2024 03:30;14;kWh;-5825;0;0;0;5825;-5825
12/06/2024 03:30;12/06/2024 03:45;15;kWh;-27918;0;0;0;27918;-27918
12/06/2024 03:45;12/06/2024 04:00;16;kWh;-16043;0;0;0;16043;-16043
12/06/2024 04:00;12/06/2024 04:15;17;kWh;-21235;0;0;0;21235;-21235
12/06/2024 04:15;12/06/2024 04:30;18;kWh;-22476;0;0;0;22476;-22476
12/06/2024 04:30;12/06/2024 04:45;19;kWh;-23904;0;0;0;23904;-23904
12/06/2024 04:45;12/06/2024 05:00;20;kWh;-1246;0;0;0;1246;-1246
12/06/2024 05:00;12/06/2024 05:15;21;kWh;-6139;0;0;0;6139;-6139
12/06/2024 05:15;12/06/2024 05:30;22;kWh;-31024;0;0;0;31024;-31024
12/06/2024 05:30;12/06/2024 05:45;23;kWh;-3345;491;0;0;3836;-2854
12/06/2024 05:45;12/06/2024 06:00;24;kWh;-498;1170;0;0;1668;672
12/06/2024 06:00;12/06/2024 06:15;25;kWh;-14474;500;0;0;14974;-13974
12/06/2024 06:15;12/06/2024 06:30;26;kWh;-498;8768;0;0;9266;8270
12/06/2024 06:30;12/06/2024 06:45;27;kWh;-498;271;0;0;769;-227
12/06/2024 06:45;12/06/2024 07:00;28;kWh;-498;0;0;0;498;-498
12/06/2024 07:00;12/06/2024 07:15;29;kWh;-3556;0;0;0;3556;-3556
12/06/2024 07:15;12/06/2024 07:30;30;kWh;-18814;0;0;0;18814;-18814
12/06/2024 07:30;12/06/2024 07:45;31;kWh;-25039;0;0;0;25039;-25039
12/06/2024 07:45;12/06/2024 08:00;32;kWh;-17652;0;0;0;17652;-17652
12/06/2024 08:00;12/06/2024 08:15;33;kWh;-20992;10;0;0;21002;-20982
12/06/2024 08:15;12/06/2024 08:30;34;kWh;-24502;0;0;0;24502;-24502
12/06/2024 08:30;12/06/2024 08:45;35;kWh;-3945;0;0;0;3945;-3945
12/06/2024 08:45;12/06/2024 09:00;36;kWh;-12390;0;0;0;12390;-12390
12/06/2024 09:00;12/06/2024 09:15;37;kWh;-15198;15355;0;0;30553;157
12/06/2024 09:15;12/06/2024 09:30;38;kWh;-4495;722;0;0;5217;-3773
12/06/2024 09:30;12/06/2024 09:45;39;kWh;-14652;419;0;0;15071;-14233
12/06/2024 09:45;12/06/2024 10:00;40;kWh;-25449;1052;0;0;26501;-24397
12/06/2024 10:00;12/06/2024 10:15;41;kWh;-26141;372;0;0;26513;-25769
12/06/2024 10:15;12/06/2024 10:30;42;kWh;-18222;0;0;0;18222;-18222
12/06/2024 10:30;12/06/2024 10:45;43;kWh;-18342;0;0;0;18342;-18342
12/06/2024 10:45;12/06/2024 11:00;44;kWh;-16622;0;0;0;16622;-16622
12/06/2024 11:00;12/06/2024 11:15;45;kWh;-3903;498;0;0;4401;-3405
12/06/2024 11:15;12/06/2024 11:30;46;kWh;-1410;0;0;0;1410;-1410
12/06/2024 11:30;12/06/2024 11:45;47;kWh;-691;0;0;0;691;-691
12/06/2024 11:45;12/06/2024 12:00;48;kWh;-5850;0;0;0;5850;-5850
12/06/2024 12:00;12/06/2024 12:15;49;kWh;-4873;521;0;0;5394;-4352
12/06/2024 12:15;12/06/2024 12:30;50;kWh;-1453;210;0;0;1663;-1243
12/06/2024 12:30;12/06/2024 12:45;51;kWh;-498;1575;0;0;2073;1077
12/06/2024 12:45;12/06/2024 13:00;52;kWh;-985;2;0;0;987;-983
12/06/2024 13:00;12/06/2024 13:15;53;kWh;-1708;16431;0;0;18139;14723
12/06/2024 13:15;12/06/2024 13:30;54;kWh;-14298;2707;0;0;17005;-11591
12/06/2024 13:30;12/06/2024 13:45;55;kWh;-9354;0;0;0;9354;-9354
12/06/2024 13:45;12/06/2024 14:00;56;kWh;-7504;0;0;0;7504;-7504
12/06/2024 14:00;12/06/2024 14:15;57;kWh;-17406;0;0;0;17406;-17406
12/06/2024 14:15;12/06/2024 14:30;58;kWh;-852;0;0;0;852;-852
12/06/2024 14:30;12/06/2024 14:45;59;kWh;-2958;0;0;0;2958;-2958
12/06/2024 14:45;12/06/2024 15:00;60;kWh;-6611;441;0;0;7052;-6170
12/06/2024 15:00;12/06/2024 15:15;61;kWh;-2202;0;0;0;2202;-2202
12/06/2024 15:15;12/06/2024 15:30;62;kWh;-498;0;0;0;498;-498
12/06/2024 15:30;12/06/2024 15:45;63;kWh;-498;0;0;0;498;-498
12/06/2024 15:45;12/06/2024 16:00;64;kWh;-5615;0;0;0;5615;-5615
12/06/2024 16:00;12/06/2024 16:15;65;kWh;-7315;0;0;0;7315;-7315
12/06/2024 16:15;12/06/2024 16:30;66;kWh;-3404;0;0;0;3404;-3404
12/06/2024 16:30;12/06/2024 16:45;67;kWh;-2563;0;0;0;2563;-2563
12/06/2024 16:45;12/06/2024 17:00;68;kWh;-1368;0;0;0;1368;-1368
12/06/2024 17:00;12/06/2024 17:15;69;kWh;-1076;0;0;0;1076;-1076
12/06/2024 17:15;12/06/2024 17:30;70;kWh;-9727;835;0;0;10562;-8892
12/06/2024 17:30;12/06/2024 17:45;71;kWh;-9112;2196;0;0;11308;-6916
12/06/2024 17:45;12/06/2024 18:00;72;kWh;-498;6541;0;0;7039;6043
12/06/2024 18:00;12/06/2024 18:15;73;kWh;-498;23270;0;0;23768;22772
12/06/2024 18:15;12/06/2024 18:30;74;kWh;-812;108;0;0;920;-704
12/06/2024 18:30;12/06/2024 18:45;75;kWh;-2685;30;0;0;2715;-2655
12/06/2024 18:45;12/06/2024 19:00;76;kWh;-2829;0;0;0;2829;-2829
12/06/2024 19:00;12/06/2024 19:15;77;kWh;-499;10;0;0;509;-489
12/06/2024 19:15;12/06/2024 19:30;78;kWh;-498;1049;0;0;1547;551
12/06/2024 19:30;12/06/2024 19:45;79;kWh;-498;7479;0;0;7977;6981
12/06/2024 19:45;12/06/2024 20:00;80;kWh;-498;4832;0;0;5330;4334
12/06/2024 20:00;12/06/2024 20:15;81;kWh;-498;0;0;0;498;-498
12/06/2024 20:15;12/06/2024 20:30;82;kWh;-498;2387;0;0;2885;1889
12/06/2024 20:30;12/06/2024 20:45;83;kWh;-498;21142;0;0;21640;20644
12/06/2024 20:45;12/06/2024 21:00;84;kWh;-498;38999;0;0;39497;38501
12/06/2024 21:00;12/06/2024 21:15;85;kWh;-498;19973;0;0;20471;19475
12/06/2024 21:15;12/06/2024 21:30;86;kWh;-498;3893;0;0;4391;3395
12/06/2024 21:30;12/06/2024 21:45;87;kWh;-498;12442;0;0;12940;11944
12/06/2024 21:45;12/06/2024 22:00;88;kWh;-498;660;0;0;1158;162
12/06/2024 22:00;12/06/2024 22:15;89;kWh;-3564;0;0;0;3564;-3564
12/06/2024 22:15;12/06/2024 22:30;90;kWh;-9004;0;0;0;9004;-9004
12/06/2024 22:30;12/06/2024 22:45;91;kWh;-32116;0;0;0;32116;-32116
12/06/2024 22:45;12/06/2024 23:00;92;kWh;-24795;0;0;0;24795;-24795
12/06/2024 23:00;12/06/2024 23:15;93;kWh;-15985;0;0;0;15985;-15985
12/06/2024 23:15;12/06/2024 23:30;94;kWh;-498;0;0;0;498;-498
12/06/2024 23:30;12/06/2024 23:45;95;kWh;-742;0;0;0;742;-742
12/06/2024 23:45;13/06/2024 00:00;96;kWh;-3298;0;0;0;3298;-3298
13/06/2024 00:00;13/06/2024 00:15;1;kWh;-1538;2027;0;0;3565;489
13/06/2024 00:15;13/06/2024 00:30;2;kWh;0;12024;0;0;12024;12024
13/06/2024 00:30;13/06/2024 00:45;3;kWh;0;23324;0;0;23324;23324
13/06/2024 00:45;13/06/2024 01:00;4;kWh;0;20313;0;0;20313;20313
13/06/2024 01:00;13/06/2024 01:15;5;kWh;0;1948;0;0;1948;1948
13/06/2024 01:15;13/06/2024 01:30;6;kWh;-248;0;0;0;248;-248
13/06/2024 01:30;13/06/2024 01:45;7;kWh;-443;0;0;0;443;-443
13/06/2024 01:45;13/06/2024 02:00;8;kWh;0;5803;0;0;5803;5803
13/06/2024 02:00;13/06/2024 02:15;9;kWh;-720;30705;0;0;31425;29985
13/06/2024 02:15;13/06/2024 02:30;10;kWh;-16570;0;0;0;16570;-16570
13/06/2024 02:30;13/06/2024 02:45;11;kWh;-7292;0;0;0;7292;-7292
13/06/2024 02:45;13/06/2024 03:00;12;kWh;-28996;0;0;0;28996;-28996
13/06/2024 03:00;13/06/2024 03:15;13;kWh;-11759;0;0;0;11759;-11759
13/06/2024 03:15;13/06/2024 03:30;14;kWh;-7809;0;0;0;7809;-7809
13/06/2024 03:30;13/06/2024 03:45;15;kWh;0;0;0;0;0;0
13/06/2024 03:45;13/06/2024 04:00;16;kWh;-902;0;0;0;902;-902
13/06/2024 04:00;13/06/2024 04:15;17;kWh;-631;0;0;0;631;-631
13/06/2024 04:15;13/06/2024 04:30;18;kWh;-1046;0;0;0;1046;-1046
13/06/2024 04:30;13/06/2024 04:45;19;kWh;-12261;0;0;0;12261;-12261
13/06/2024 04:45;13/06/2024 05:00;20;kWh;-4317;0;0;0;4317;-4317
13/06/2024 05:00;13/06/2024 05:15;21;kWh;-13796;0;0;0;13796;-13796
13/06/2024 05:15;13/06/2024 05:30;22;kWh;-36;4683;0;0;4719;4647
13/06/2024 05:30;13/06/2024 05:45;23;kWh;0;3762;0;0;3762;3762
13/06/2024 05:45;13/06/2024 06:00;24;kWh;0;3108;0;0;3108;3108
13/06/2024 06:00;13/06/2024 06:15;25;kWh;0;12589;0;0;12589;12589
13/06/2024 06:15;13/06/2024 06:30;26;kWh;0;31430;0;0;31430;31430
13/06/2024 06:30;13/06/2024 06:45;27;kWh;0;20981;0;0;20981;20981
13/06/2024 06:45;13/06/2024 07:00;28;kWh;0;35777;0;0;35777;35777
13/06/2024 07:00;13/06/2024 07:15;29;kWh;0;26792;0;0;26792;26792
13/06/2024 07:15;13/06/2024 07:30;30;kWh;0;11045;0;0;11045;11045
13/06/2024 07:30;13/06/2024 07:45;31;kWh;-10;0;0;0;10;-10
13/06/2024 07:45;13/06/2024 08:00;32;kWh;-1798;0;0;0;1798;-1798
13/06/2024 08:00;13/06/2024 08:15;33;kWh;-18638;0;0;0;18638;-18638
13/06/2024 08:15;13/06/2024 08:30;34;kWh;-29761;0;0;0;29761;-29761
13/06/2024 08:30;13/06/2024 08:45;35;kWh;-40524;0;0;0;40524;-40524
13/06/2024 08:45;13/06/2024 09:00;36;kWh;-17328;0;0;0;17328;-17328
13/06/2024 09:00;13/06/2024 09:15;37;kWh;-20561;0;0;0;20561;-20561
13/06/2024 09:15;13/06/2024 09:30;38;kWh;-36959;0;0;0;36959;-36959
13/06/2024 09:30;13/06/2024 09:45;39;kWh;-19825;0;0;0;19825;-19825
13/06/2024 09:45;13/06/2024 10:00;40;kWh;-5174;0;0;0;5174;-5174
13/06/2024 10:00;13/06/2024 10:15;41;kWh;-11787;0;0;0;11787;-11787
13/06/2024 10:15;13/06/2024 10:30;42;kWh;-17749;0;0;0;17749;-17749
13/06/2024 10:30;13/06/2024 10:45;43;kWh;-18130;0;0;0;18130;-18130
13/06/2024 10:45;13/06/2024 11:00;44;kWh;-27723;0;0;0;27723;-27723
13/06/2024 11:00;13/06/2024 11:15;45;kWh;-23971;0;0;0;23971;-23971
13/06/2024 11:15;13/06/2024 11:30;46;kWh;-20951;0;0;0;20951;-20951
13/06/2024 11:30;13/06/2024 11:45;47;kWh;-260;0;0;0;260;-260
13/06/2024 11:45;13/06/2024 12:00;48;kWh;0;9477;0;0;9477;9477
13/06/2024 12:00;13/06/2024 12:15;49;kWh;0;44007;0;0;44007;44007
13/06/2024 12:15;13/06/2024 12:30;50;kWh;0;37733;0;0;37733;37733
13/06/2024 12:30;13/06/2024 12:45;51;kWh;0;5942;0;0;5942;5942
13/06/2024 12:45;13/06/2024 13:00;52;kWh;0;61;0;0;61;61
13/06/2024 13:00;13/06/2024 13:15;53;kWh;-6652;0;0;0;6652;-6652
13/06/2024 13:15;13/06/2024 13:30;54;kWh;-18137;0;0;0;18137;-18137
13/06/2024 13:30;13/06/2024 13:45;55;kWh;-25318;0;0;0;25318;-25318
13/06/2024 13:45;13/06/2024 14:00;56;kWh;-24840;0;0;0;24840;-24840
13/06/2024 14:00;13/06/2024 14:15;57;kWh;-40954;0;0;0;40954;-40954
13/06/2024 14:15;13/06/2024 14:30;58;kWh;-22303;0;0;0;22303;-22303
13/06/2024 14:30;13/06/2024 14:45;59;kWh;-20161;0;0;0;20161;-20161
13/06/2024 14:45;13/06/2024 15:00;60;kWh;-22598;0;0;0;22598;-22598
13/06/2024 15:00;13/06/2024 15:15;61;kWh;-21665;0;0;0;21665;-21665
13/06/2024 15:15;13/06/2024 15:30;62;kWh;-15511;0;0;0;15511;-15511
13/06/2024 15:30;13/06/2024 15:45;63;kWh;-12112;0;0;0;12112;-12112
13/06/2024 15:45;13/06/2024 16:00;64;kWh;-15832;0;0;0;15832;-15832
13/06/2024 16:00;13/06/2024 16:15;65;kWh;-12948;0;0;0;12948;-12948
13/06/2024 16:15;13/06/2024 16:30;66;kWh;-628;0;0;0;628;-628
13/06/2024 16:30;13/06/2024 16:45;67;kWh;0;966;0;0;966;966
13/06/2024 16:45;13/06/2024 17:00;68;kWh;0;4391;0;0;4391;4391
13/06/2024 17:00;13/06/2024 17:15;69;kWh;-19948;428;0;0;20376;-19520
13/06/2024 17:15;13/06/2024 17:30;70;kWh;0;1278;0;0;1278;1278
13/06/2024 17:30;13/06/2024 17:45;71;kWh;-5464;179;0;0;5643;-5285
13/06/2024 17:45;13/06/2024 18:00;72;kWh;-2868;8470;0;0;11338;5602
13/06/2024 18:00;13/06/2024 18:15;73;kWh;-20849;10753;0;0;31602;-10096
13/06/2024 18:15;13/06/2024 18:30;74;kWh;-11109;3741;0;0;14850;-7368
13/06/2024 18:30;13/06/2024 18:45;75;kWh;-12991;275;0;0;13266;-12716
13/06/2024 18:45;13/06/2024 19:00;76;kWh;-644;196;0;0;840;-448
13/06/2024 19:00;13/06/2024 19:15;77;kWh;-6782;0;0;0;6782;-6782
13/06/2024 19:15;13/06/2024 19:30;78;kWh;-2922;0;0;0;2922;-2922
13/06/2024 19:30;13/06/2024 19:45;79;kWh;0;4816;0;0;4816;4816
13/06/2024 19:45;13/06/2024 20:00;80;kWh;0;44981;0;0;44981;44981
13/06/2024 20:00;13/06/2024 20:15;81;kWh;0;43620;0;0;43620;43620
13/06/2024 20:15;13/06/2024 20:30;82;kWh;0;23624;0;0;23624;23624
13/06/2024 20:30;13/06/2024 20:45;83;kWh;0;56655;0;0;56655;56655
13/06/2024 20:45;13/06/2024 21:00;84;kWh;0;50585;0;0;50585;50585
13/06/2024 21:00;13/06/2024 21:15;85;kWh;0;47191;0;0;47191;47191
13/06/2024 21:15;13/06/2024 21:30;86;kWh;0;69586;0;0;69586;69586
13/06/2024 21:30;13/06/2024 21:45;87;kWh;0;53541;0;0;53541;53541
13/06/2024 21:45;13/06/2024 22:00;88;kWh;0;50646;0;0;50646;50646
13/06/2024 22:00;13/06/2024 22:15;89;kWh;0;10710;0;0;10710;10710
13/06/2024 22:15;13/06/2024 22:30;90;kWh;0;34615;0;0;34615;34615
13/06/2024 22:30;13/06/2024 22:45;91;kWh;0;55430;0;0;55430;55430
13/06/2024 22:45;13/06/2024 23:00;92;kWh;0;57585;0;0;57585;57585
13/06/2024 23:00;13/06/2024 23:15;93;kWh;-5500;43;0;0;5543;-5457
13/06/2024 23:15;13/06/2024 23:30;94;kWh;-15311;223;0;0;15534;-15088
13/06/2024 23:30;13/06/2024 23:45;95;kWh;-57;21587;0;0;21644;21530
13/06/2024 23:45;14/06/2024 00:00;96;kWh;-176;2071;0;0;2247;1895
14/06/2024 00:00;14/06/2024 00:15;1;kWh;0;20861;0;0;20861;20861
14/06/2024 00:15;14/06/2024 00:30;2;kWh;0;18072;0;0;18072;18072
14/06/2024 00:30;14/06/2024 00:45;3;kWh;0;16931;0;0;16931;16931
14/06/2024 00:45;14/06/2024 01:00;4;kWh;0;14576;0;0;14576;14576
14/06/2024 01:00;14/06/2024 01:15;5;kWh;0;55361;0;0;55361;55361
14/06/2024 01:15;14/06/2024 01:30;6;kWh;0;45354;0;0;45354;45354
14/06/2024 01:30;14/06/2024 01:45;7;kWh;0;4314;0;0;4314;4314
14/06/2024 01:45;14/06/2024 02:00;8;kWh;-9912;0;0;0;9912;-9912
14/06/2024 02:00;14/06/2024 02:15;9;kWh;-5083;0;0;0;5083;-5083
14/06/2024 02:15;14/06/2024 02:30;10;kWh;-1;0;0;0;1;-1
14/06/2024 02:30;14/06/2024 02:45;11;kWh;-1293;0;0;0;1293;-1293
14/06/2024 02:45;14/06/2024 03:00;12;kWh;-615;665;0;0;1280;50
14/06/2024 03:00;14/06/2024 03:15;13;kWh;0;23221;0;0;23221;23221
14/06/2024 03:15;14/06/2024 03:30;14;kWh;0;4495;0;0;4495;4495
14/06/2024 03:30;14/06/2024 03:45;15;kWh;0;8544;0;0;8544;8544
14/06/2024 03:45;14/06/2024 04:00;16;kWh;0;34686;0;0;34686;34686
14/06/2024 04:00;14/06/2024 04:15;17;kWh;0;43855;0;0;43855;43855
14/06/2024 04:15;14/06/2024 04:30;18;kWh;0;24623;0;0;24623;24623
14/06/2024 04:30;14/06/2024 04:45;19;kWh;0;15468;0;0;15468;15468
14/06/2024 04:45;14/06/2024 05:00;20;kWh;0;3224;0;0;3224;3224
14/06/2024 05:00;14/06/2024 05:15;21;kWh;-14222;0;0;0;14222;-14222
14/06/2024 05:15;14/06/2024 05:30;22;kWh;-16111;0;0;0;16111;-16111
14/06/2024 05:30;14/06/2024 05:45;23;kWh;-9969;0;0;0;9969;-9969
14/06/2024 05:45;14/06/2024 06:00;24;kWh;-7464;0;0;0;7464;-7464
14/06/2024 06:00;14/06/2024 06:15;25;kWh;-2265;0;0;0;2265;-2265
14/06/2024 06:15;14/06/2024 06:30;26;kWh;-184;0;0;0;184;-184
14/06/2024 06:30;14/06/2024 06:45;27;kWh;0;1628;0;0;1628;1628
14/06/2024 06:45;14/06/2024 07:00;28;kWh;0;780;0;0;780;780
14/06/2024 07:00;14/06/2024 07:15;29;kWh;0;1523;0;0;1523;1523
14/06/2024 07:15;14/06/2024 07:30;30;kWh;0;1459;0;0;1459;1459
14/06/2024 07:30;14/06/2024 07:45;31;kWh;0;10628;0;0;10628;10628
14/06/2024 07:45;14/06/2024 08:00;32;kWh;0;2204;0;0;2204;2204
14/06/2024 08:00;14/06/2024 08:15;33;kWh;0;3661;0;0;3661;3661
14/06/2024 08:15;14/06/2024 08:30;34;kWh;0;2028;0;0;2028;2028
14/06/2024 08:30;14/06/2024 08:45;35;kWh;-1203;39;0;0;1242;-1164
14/06/2024 08:45;14/06/2024 09:00;36;kWh;-29394;0;0;0;29394;-29394
14/06/2024 09:00;14/06/2024 09:15;37;kWh;-36695;393;0;0;37088;-36302
14/06/2024 09:15;14/06/2024 09:30;38;kWh;-901;190;0;0;1091;-711
14/06/2024 09:30;14/06/2024 09:45;39;kWh;-23634;0;0;0;23634;-23634
14/06/2024 09:45;14/06/2024 10:00;40;kWh;-25985;0;0;0;25985;-25985
14/06/2024 10:00;14/06/2024 10:15;41;kWh;-9688;2060;0;0;11748;-7628
14/06/2024 10:15;14/06/2024 10:30;42;kWh;0;11479;0;0;11479;11479
14/06/2024 10:30;14/06/2024 10:45;43;kWh;0;35741;0;0;35741;35741
14/06/2024 10:45;14/06/2024 11:00;44;kWh;0;42071;0;0;42071;42071
14/06/2024 11:00;14/06/2024 11:15;45;kWh;0;85019;0;0;85019;85019
14/06/2024 11:15;14/06/2024 11:30;46;kWh;0;80256;0;0;80256;80256
14/06/2024 11:30;14/06/2024 11:45;47;kWh;0;61048;0;0;61048;61048
14/06/2024 11:45;14/06/2024 12:00;48;kWh;0;40082;0;0;40082;40082
14/06/2024 12:00;14/06/2024 12:15;49;kWh;0;3005;0;0;3005;3005
14/06/2024 12:15;14/06/2024 12:30;50;kWh;0;0;0;0;0;0
14/06/2024 12:30;14/06/2024 12:45;51;kWh;-1906;0;0;0;1906;-1906
14/06/2024 12:45;14/06/2024 13:00;52;kWh;-5082;0;0;0;5082;-5082
14/06/2024 13:00;14/06/2024 13:15;53;kWh;-6709;0;0;0;6709;-6709
14/06/2024 13:15;14/06/2024 13:30;54;kWh;-537;0;0;0;537;-537
14/06/2024 13:30;14/06/2024 13:45;55;kWh;-6858;1608;0;0;8466;-5250
14/06/2024 13:45;14/06/2024 14:00;56;kWh;0;20077;0;0;20077;20077
14/06/2024 14:00;14/06/2024 14:15;57;kWh;0;75055;0;0;75055;75055
14/06/2024 14:15;14/06/2024 14:30;58;kWh;0;35799;0;0;35799;35799
14/06/2024 14:30;14/06/2024 14:45;59;kWh;0;11917;0;0;11917;11917
14/06/2024 14:45;14/06/2024 15:00;60;kWh;-3259;2022;0;0;5281;-1237
14/06/2024 15:00;14/06/2024 15:15;61;kWh;-6311;0;0;0;6311;-6311
14/06/2024 15:15;14/06/2024 15:30;62;kWh;-3196;748;0;0;3944;-2448
14/06/2024 15:30;14/06/2024 15:45;63;kWh;-11045;2;0;0;11047;-11043
14/06/2024 15:45;14/06/2024 16:00;64;kWh;-7718;811;0;0;8529;-6907
14/06/2024 16:00;14/06/2024 16:15;65;kWh;0;4308;0;0;4308;4308
14/06/2024 16:15;14/06/2024 16:30;66;kWh;-9946;29;0;0;9975;-9917
14/06/2024 16:30;14/06/2024 16:45;67;kWh;-23011;0;0;0;23011;-23011
14/06/2024 16:45;14/06/2024 17:00;68;kWh;-12851;0;0;0;12851;-12851
14/06/2024 17:00;14/06/2024 17:15;69;kWh;-27612;0;0;0;27612;-27612
14/06/2024 17:15;14/06/2024 17:30;70;kWh;-13455;0;0;0;13455;-13455
14/06/2024 17:30;14/06/2024 17:45;71;kWh;-27155;0;0;0;27155;-27155
14/06/2024 17:45;14/06/2024 18:00;72;kWh;-11413;0;0;0;11413;-11413
14/06/2024 18:00;14/06/2024 18:15;73;kWh;-23121;0;0;0;23121;-23121
14/06/2024 18:15;14/06/2024 18:30;74;kWh;-15596;0;0;0;15596;-15596
14/06/2024 18:30;14/06/2024 18:45;75;kWh;-15;0;0;0;15;-15
14/06/2024 18:45;14/06/2024 19:00;76;kWh;-887;0;0;0;887;-887
14/06/2024 19:00;14/06/2024 19:15;77;kWh;0;0;0;0;0;0
14/06/2024 19:15;14/06/2024 19:30;78;kWh;0;360;0;0;360;360
14/06/2024 19:30;14/06/2024 19:45;79;kWh;0;8565;0;0;8565;8565
14/06/2024 19:45;14/06/2024 20:00;80;kWh;0;16568;0;0;16568;16568
14/06/2024 20:00;14/06/2024 20:15;81;kWh;-18768;2165;0;0;20933;-16603
14/06/2024 20:15;14/06/2024 20:30;82;kWh;-31594;0;0;0;31594;-31594
14/06/2024 20:30;14/06/2024 20:45;83;kWh;-7759;0;0;0;7759;-7759
14/06/2024 20:45;14/06/2024 21:00;84;kWh;0;0;0;0;0;0
14/06/2024 21:00;14/06/2024 21:15;85;kWh;0;3081;0;0;3081;3081
14/06/2024 21:15;14/06/2024 21:30;86;kWh;0;7024;0;0;7024;7024
14/06/2024 21:30;14/06/2024 21:45;87;kWh;0;6768;0;0;6768;6768
14/06/2024 21:45;14/06/2024 22:00;88;kWh;0;21416;0;0;21416;21416
14/06/2024 22:00;14/06/2024 22:15;89;kWh;0;70549;0;0;70549;70549
14/06/2024 22:15;14/06/2024 22:30;90;kWh;0;27761;0;0;27761;27761
14/06/2024 22:30;14/06/2024 22:45;91;kWh;0;4295;0;0;4295;4295
14/06/2024 22:45;14/06/2024 23:00;92;kWh;-3541;9;0;0;3550;-3532
14/06/2024 23:00;14/06/2024 23:15;93;kWh;-3575;0;0;0;3575;-3575
14/06/2024 23:15;14/06/2024 23:30;94;kWh;-11028;0;0;0;11028;-11028
14/06/2024 23:30;14/06/2024 23:45;95;kWh;-21313;0;0;0;21313;-21313
14/06/2024 23:45;15/06/2024 00:00;96;kWh;-9550;5176;0;0;14726;-4374
15/06/2024 00:00;15/06/2024 00:15;1;kWh;0;16418;0;0;16418;16418
15/06/2024 00:15;15/06/2024 00:30;2;kWh;0;5735;0;0;5735;5735
15/06/2024 00:30;15/06/2024 00:45;3;kWh;0;14175;0;0;14175;14175
15/06/2024 00:45;15/06/2024 01:00;4;kWh;0;13536;0;0;13536;13536
15/06/2024 01:00;15/06/2024 01:15;5;kWh;0;34890;0;0;34890;34890
15/06/2024 01:15;15/06/2024 01:30;6;kWh;0;24176;0;0;24176;24176
15/06/2024 01:30;15/06/2024 01:45;7;kWh;-161;2489;0;0;2650;2328
15/06/2024 01:45;15/06/2024 02:00;8;kWh;-498;10887;0;0;11385;10389
15/06/2024 02:00;15/06/2024 02:15;9;kWh;0;27486;0;0;27486;27486
15/06/2024 02:15;15/06/2024 02:30;10;kWh;0;25483;0;0;25483;25483
15/06/2024 02:30;15/06/2024 02:45;11;kWh;0;22604;0;0;22604;22604
15/06/2024 02:45;15/06/2024 03:00;12;kWh;0;25456;0;0;25456;25456
15/06/2024 03:00;15/06/2024 03:15;13;kWh;0;27538;0;0;27538;27538
15/06/2024 03:15;15/06/2024 03:30;14;kWh;0;39309;0;0;39309;39309
15/06/2024 03:30;15/06/2024 03:45;15;kWh;0;35371;0;0;35371;35371
15/06/2024 03:45;15/06/2024 04:00;16;kWh;0;43448;0;0;43448;43448
15/06/2024 04:00;15/06/2024 04:15;17;kWh;0;44487;0;0;44487;44487
15/06/2024 04:15;15/06/2024 04:30;18;kWh;0;26337;0;0;26337;26337
15/06/2024 04:30;15/06/2024 04:45;19;kWh;-1634;13004;0;0;14638;11370
15/06/2024 04:45;15/06/2024 05:00;20;kWh;-8271;143;0;0;8414;-8128
15/06/2024 05:00;15/06/2024 05:15;21;kWh;0;40946;0;0;40946;40946
15/06/2024 05:15;15/06/2024 05:30;22;kWh;-4493;1141;0;0;5634;-3352
15/06/2024 05:30;15/06/2024 05:45;23;kWh;-8501;0;0;0;8501;-8501
15/06/2024 05:45;15/06/2024 06:00;24;kWh;-13654;0;0;0;13654;-13654
15/06/2024 06:00;15/06/2024 06:15;25;kWh;-522;27048;0;0;27570;26526
15/06/2024 06:15;15/06/2024 06:30;26;kWh;-23460;0;0;0;23460;-23460
15/06/2024 06:30;15/06/2024 06:45;27;kWh;-27127;0;0;0;27127;-27127
15/06/2024 06:45;15/06/2024 07:00;28;kWh;-22320;554;0;0;22874;-21766
15/06/2024 07:00;15/06/2024 07:15;29;kWh;-63;179;0;0;242;116
15/06/2024 07:15;15/06/2024 07:30;30;kWh;-7146;0;0;0;7146;-7146
15/06/2024 07:30;15/06/2024 07:45;31;kWh;-16199;0;0;0;16199;-16199
15/06/2024 07:45;15/06/2024 08:00;32;kWh;-10619;0;0;0;10619;-10619
15/06/2024 08:00;15/06/2024 08:15;33;kWh;-26825;0;0;0;26825;-26825
15/06/2024 08:15;15/06/2024 08:30;34;kWh;-15189;0;0;0;15189;-15189
15/06/2024 08:30;15/06/2024 08:45;35;kWh;-33105;0;0;0;33105;-33105
15/06/2024 08:45;15/06/2024 09:00;36;kWh;-22101;0;0;0;22101;-22101
15/06/2024 09:00;15/06/2024 09:15;37;kWh;-1397;15244;0;0;16641;13847
15/06/2024 09:15;15/06/2024 09:30;38;kWh;-8737;3825;0;0;12562;-4912
15/06/2024 09:30;15/06/2024 09:45;39;kWh;-7509;0;0;0;7509;-7509
15/06/2024 09:45;15/06/2024 10:00;40;kWh;-10651;0;0;0;10651;-10651
15/06/2024 10:00;15/06/2024 10:15;41;kWh;-7272;25304;0;0;32576;18032
15/06/2024 10:15;15/06/2024 10:30;42;kWh;-2402;25793;0;0;28195;23391
15/06/2024 10:30;15/06/2024 10:45;43;kWh;-1616;584;0;0;2200;-1032
15/06/2024 10:45;15/06/2024 11:00;44;kWh;-6426;0;0;0;6426;-6426
15/06/2024 11:00;15/06/2024 11:15;45;kWh;-21635;3657;0;0;25292;-17978
15/06/2024 11:15;15/06/2024 11:30;46;kWh;-48310;15885;0;0;64195;-32425
15/06/2024 11:30;15/06/2024 11:45;47;kWh;-9519;128;0;0;9647;-9391
15/06/2024 11:45;15/06/2024 12:00;48;kWh;-6862;0;0;0;6862;-6862
15/06/2024 12:00;15/06/2024 12:15;49;kWh;-3778;0;0;0;3778;-3778
15/06/2024 12:15;15/06/2024 12:30;50;kWh;-12867;0;0;0;12867;-12867
15/06/2024 12:30;15/06/2024 12:45;51;kWh;-32563;0;0;0;32563;-32563
15/06/2024 12:45;15/06/2024 13:00;52;kWh;-59173;0;0;0;59173;-59173
15/06/2024 13:00;15/06/2024 13:15;53;kWh;-21011;0;0;0;21011;-21011
15/06/2024 13:15;15/06/2024 13:30;54;kWh;-47151;0;0;0;47151;-47151
15/06/2024 13:30;15/06/2024 13:45;55;kWh;-33410;2;0;0;33412;-33408
15/06/2024 13:45;15/06/2024 14:00;56;kWh;-32451;570;0;0;33021;-31881
15/06/2024 14:00;15/06/2024 14:15;57;kWh;-9328;6044;0;0;15372;-3284
15/06/2024 14:15;15/06/2024 14:30;58;kWh;-14304;17938;0;0;32242;3634
15/06/2024 14:30;15/06/2024 14:45;59;kWh;-2978;39060;0;0;42038;36082
15/06/2024 14:45;15/06/2024 15:00;60;kWh;-793;32163;0;0;32956;31370
15/06/2024 15:00;15/06/2024 15:15;61;kWh;-3842;20095;0;0;23937;16253
15/06/2024 15:15;15/06/2024 15:30;62;kWh;-2201;21069;0;0;23270;18868
15/06/2024 15:30;15/06/2024 15:45;63;kWh;-12562;7902;0;0;20464;-4660
15/06/2024 15:45;15/06/2024 16:00;64;kWh;-12219;2430;0;0;14649;-9789
15/06/2024 16:00;15/06/2024 16:15;65;kWh;-56484;994;0;0;57478;-55490
15/06/2024 16:15;15/06/2024 16:30;66;kWh;-8411;5664;0;0;14075;-2747
15/06/2024 16:30;15/06/2024 16:45;67;kWh;-3577;10988;0;0;14565;7411
15/06/2024 16:45;15/06/2024 17:00;68;kWh;-868;0;0;0;868;-868
15/06/2024 17:00;15/06/2024 17:15;69;kWh;-18517;0;0;0;18517;-18517
15/06/2024 17:15;15/06/2024 17:30;70;kWh;-20506;2826;0;0;23332;-17680
15/06/2024 17:30;15/06/2024 17:45;71;kWh;-28207;2775;0;0;30982;-25432
15/06/2024 17:45;15/06/2024 18:00;72;kWh;-2;5693;0;0;5695;5691
15/06/2024 18:00;15/06/2024 18:15;73;kWh;-765;219;0;0;984;-546
15/06/2024 18:15;15/06/2024 18:30;74;kWh;-32;1761;0;0;1793;1729
15/06/2024 18:30;15/06/2024 18:45;75;kWh;0;18786;0;0;18786;18786
15/06/2024 18:45;15/06/2024 19:00;76;kWh;-21;12325;0;0;12346;12304
15/06/2024 19:00;15/06/2024 19:15;77;kWh;-24436;0;0;0;24436;-24436
15/06/2024 19:15;15/06/2024 19:30;78;kWh;-3555;33;0;0;3588;-3522
15/06/2024 19:30;15/06/2024 19:45;79;kWh;-655;0;0;0;655;-655
15/06/2024 19:45;15/06/2024 20:00;80;kWh;-165;0;0;0;165;-165
15/06/2024 20:00;15/06/2024 20:15;81;kWh;-12085;0;0;0;12085;-12085
15/06/2024 20:15;15/06/2024 20:30;82;kWh;-3261;0;0;0;3261;-3261
15/06/2024 20:30;15/06/2024 20:45;83;kWh;-190;0;0;0;190;-190
15/06/2024 20:45;15/06/2024 21:00;84;kWh;-56;0;0;0;56;-56
15/06/2024 21:00;15/06/2024 21:15;85;kWh;-988;0;0;0;988;-988
15/06/2024 21:15;15/06/2024 21:30;86;kWh;0;0;0;0;0;0
15/06/2024 21:30;15/06/2024 21:45;87;kWh;-5070;28;0;0;5098;-5042
15/06/2024 21:45;15/06/2024 22:00;88;kWh;-3288;96;0;0;3384;-3192
15/06/2024 22:00;15/06/2024 22:15;89;kWh;-2392;0;0;0;2392;-2392
15/06/2024 22:15;15/06/2024 22:30;90;kWh;-6167;2417;0;0;8584;-3750
15/06/2024 22:30;15/06/2024 22:45;91;kWh;-5065;21;0;0;5086;-5044
15/06/2024 22:45;15/06/2024 23:00;92;kWh;-13187;208;0;0;13395;-12979
15/06/2024 23:00;15/06/2024 23:15;93;kWh;-14745;3631;0;0;18376;-11114
15/06/2024 23:15;15/06/2024 23:30;94;kWh;-17392;1887;0;0;19279;-15505
15/06/2024 23:30;15/06/2024 23:45;95;kWh;-24632;956;0;0;25588;-23676
15/06/2024 23:45;16/06/2024 00:00;96;kWh;-18299;0;0;0;18299;-18299
16/06/2024 00:00;16/06/2024 00:15;1;kWh;-3028;0;0;0;3028;-3028
16/06/2024 00:15;16/06/2024 00:30;2;kWh;-5615;0;0;0;5615;-5615
16/06/2024 00:30;16/06/2024 00:45;3;kWh;-22578;0;0;0;22578;-22578
16/06/2024 00:45;16/06/2024 01:00;4;kWh;-37023;0;0;0;37023;-37023
16/06/2024 01:00;16/06/2024 01:15;5;kWh;-4178;0;0;0;4178;-4178
16/06/2024 01:15;16/06/2024 01:30;6;kWh;-16871;0;0;0;16871;-16871
16/06/2024 01:30;16/06/2024 01:45;7;kWh;-27735;0;0;0;27735;-27735
16/06/2024 01:45;16/06/2024 02:00;8;kWh;-34667;0;0;0;34667;-34667
16/06/2024 02:00;16/06/2024 02:15;9;kWh;-9211;0;0;0;9211;-9211
16/06/2024 02:15;16/06/2024 02:30;10;kWh;-21241;0;0;0;21241;-21241
16/06/2024 02:30;16/06/2024 02:45;11;kWh;-27515;0;0;0;27515;-27515
16/06/2024 02:45;16/06/2024 03:00;12;kWh;-27787;0;0;0;27787;-27787
16/06/2024 03:00;16/06/2024 03:15;13;kWh;-20712;0;0;0;20712;-20712
16/06/2024 03:15;16/06/2024 03:30;14;kWh;-11624;0;0;0;11624;-11624
16/06/2024 03:30;16/06/2024 03:45;15;kWh;-18513;0;0;0;18513;-18513
16/06/2024 03:45;16/06/2024 04:00;16;kWh;-19395;0;0;0;19395;-19395
16/06/2024 04:00;16/06/2024 04:15;17;kWh;-15651;1104;0;0;16755;-14547
16/06/2024 04:15;16/06/2024 04:30;18;kWh;-20618;0;0;0;20618;-20618
16/06/2024 04:30;16/06/2024 04:45;19;kWh;-22858;0;0;0;22858;-22858
16/06/2024 04:45;16/06/2024 05:00;20;kWh;-19210;0;0;0;19210;-19210
16/06/2024 05:00;16/06/2024 05:15;21;kWh;-16647;0;0;0;16647;-16647
16/06/2024 05:15;16/06/2024 05:30;22;kWh;-19404;0;0;0;19404;-19404
16/06/2024 05:30;16/06/2024 05:45;23;kWh;-42066;0;0;0;42066;-42066
16/06/2024 05:45;16/06/2024 06:00;24;kWh;-42654;0;0;0;42654;-42654
16/06/2024 06:00;16/06/2024 06:15;25;kWh;-33525;0;0;0;33525;-33525
16/06/2024 06:15;16/06/2024 06:30;26;kWh;-47686;0;0;0;47686;-47686
16/06/2024 06:30;16/06/2024 06:45;27;kWh;-36189;0;0;0;36189;-36189
16/06/2024 06:45;16/06/2024 07:00;28;kWh;-45978;0;0;0;45978;-45978
16/06/2024 07:00;16/06/2024 07:15;29;kWh;-18861;0;0;0;18861;-18861
16/06/2024 07:15;16/06/2024 07:30;30;kWh;-27266;30;0;0;27296;-27236
16/06/2024 07:30;16/06/2024 07:45;31;kWh;-51705;80;0;0;51785;-51625
16/06/2024 07:45;16/06/2024 08:00;32;kWh;-26242;0;0;0;26242;-26242
16/06/2024 08:00;16/06/2024 08:15;33;kWh;-8806;2252;0;0;11058;-6554
16/06/2024 08:15;16/06/2024 08:30;34;kWh;-37453;0;0;0;37453;-37453
16/06/2024 08:30;16/06/2024 08:45;35;kWh;-36531;0;0;0;36531;-36531
16/06/2024 08:45;16/06/2024 09:00;36;kWh;-30584;0;0;0;30584;-30584
16/06/2024 09:00;16/06/2024 09:15;37;kWh;-14667;0;0;0;14667;-14667
16/06/2024 09:15;16/06/2024 09:30;38;kWh;-20460;0;0;0;20460;-20460
16/06/2024 09:30;16/06/2024 09:45;39;kWh;-21306;0;0;0;21306;-21306
16/06/2024 09:45;16/06/2024 10:00;40;kWh;-17360;0;0;0;17360;-17360
16/06/2024 10:00;16/06/2024 10:15;41;kWh;-10236;0;0;0;10236;-10236
16/06/2024 10:15;16/06/2024 10:30;42;kWh;-15553;0;0;0;15553;-15553
16/06/2024 10:30;16/06/2024 10:45;43;kWh;-16366;0;0;0;16366;-16366
16/06/2024 10:45;16/06/2024 11:00;44;kWh;-13574;0;0;0;13574;-13574
16/06/2024 11:00;16/06/2024 11:15;45;kWh;-23704;0;0;0;23704;-23704
16/06/2024 11:15;16/06/2024 11:30;46;kWh;-15978;0;0;0;15978;-15978
16/06/2024 11:30;16/06/2024 11:45;47;kWh;-18755;0;0;0;18755;-18755
16/06/2024 11:45;16/06/2024 12:00;48;kWh;-42566;0;0;0;42566;-42566
16/06/2024 12:00;16/06/2024 12:15;49;kWh;-18659;0;0;0;18659;-18659
16/06/2024 12:15;16/06/2024 12:30;50;kWh;-30389;0;0;0;30389;-30389
16/06/2024 12:30;16/06/2024 12:45;51;kWh;-28258;0;0;0;28258;-28258
16/06/2024 12:45;16/06/2024 13:00;52;kWh;-26625;0;0;0;26625;-26625
16/06/2024 13:00;16/06/2024 13:15;53;kWh;-1487;0;0;0;1487;-1487
16/06/2024 13:15;16/06/2024 13:30;54;kWh;-2538;0;0;0;2538;-2538
16/06/2024 13:30;16/06/2024 13:45;55;kWh;-16232;0;0;0;16232;-16232
16/06/2024 13:45;16/06/2024 14:00;56;kWh;-6451;0;0;0;6451;-6451
16/06/2024 14:00;16/06/2024 14:15;57;kWh;-8673;0;0;0;8673;-8673
16/06/2024 14:15;16/06/2024 14:30;58;kWh;-18165;0;0;0;18165;-18165
16/06/2024 14:30;16/06/2024 14:45;59;kWh;-10157;982;0;0;11139;-9175
16/06/2024 14:45;16/06/2024 15:00;60;kWh;-19102;3378;0;0;22480;-15724
16/06/2024 15:00;16/06/2024 15:15;61;kWh;-22292;1349;0;0;23641;-20943
16/06/2024 15:15;16/06/2024 15:30;62;kWh;-12455;5901;0;0;18356;-6554
16/06/2024 15:30;16/06/2024 15:45;63;kWh;-1996;0;0;0;1996;-1996
16/06/2024 15:45;16/06/2024 16:00;64;kWh;-229;0;0;0;229;-229
16/06/2024 16:00;16/06/2024 16:15;65;kWh;-44045;0;0;0;44045;-44045
16/06/2024 16:15;16/06/2024 16:30;66;kWh;-25364;0;0;0;25364;-25364
16/06/2024 16:30;16/06/2024 16:45;67;kWh;-7669;0;0;0;7669;-7669
16/06/2024 16:45;16/06/2024 17:00;68;kWh;-12088;967;0;0;13055;-11121
16/06/2024 17:00;16/06/2024 17:15;69;kWh;-23288;0;0;0;23288;-23288
16/06/2024 17:15;16/06/2024 17:30;70;kWh;-26293;837;0;0;27130;-25456
16/06/2024 17:30;16/06/2024 17:45;71;kWh;-31748;1136;0;0;32884;-30612
16/06/2024 17:45;16/06/2024 18:00;72;kWh;-6303;0;0;0;6303;-6303
16/06/2024 18:00;16/06/2024 18:15;73;kWh;-51214;27;0;0;51241;-51187
16/06/2024 18:15;16/06/2024 18:30;74;kWh;-8739;123;0;0;8862;-8616
16/06/2024 18:30;16/06/2024 18:45;75;kWh;-7847;1183;0;0;9030;-6664
16/06/2024 18:45;16/06/2024 19:00;76;kWh;-5025;77;0;0;5102;-4948
16/06/2024 19:00;16/06/2024 19:15;77;kWh;-19131;2694;0;0;21825;-16437
16/06/2024 19:15;16/06/2024 19:30;78;kWh;-38197;0;0;0;38197;-38197
16/06/2024 19:30;16/06/2024 19:45;79;kWh;-8291;156;0;0;8447;-8135
16/06/2024 19:45;16/06/2024 20:00;80;kWh;0;0;0;0;0;0
16/06/2024 20:00;16/06/2024 20:15;81;kWh;0;9;0;0;9;9
16/06/2024 20:15;16/06/2024 20:30;82;kWh;0;7204;0;0;7204;7204
16/06/2024 20:30;16/06/2024 20:45;83;kWh;0;19079;0;0;19079;19079
16/06/2024 20:45;16/06/2024 21:00;84;kWh;0;42306;0;0;42306;42306
16/06/2024 21:00;16/06/2024 21:15;85;kWh;0;27618;0;0;27618;27618
16/06/2024 21:15;16/06/2024 21:30;86;kWh;0;511;0;0;511;511
16/06/2024 21:30;16/06/2024 21:45;87;kWh;0;0;0;0;0;0
16/06/2024 21:45;16/06/2024 22:00;88;kWh;0;114;0;0;114;114
16/06/2024 22:00;16/06/2024 22:15;89;kWh;0;7134;0;0;7134;7134
16/06/2024 22:15;16/06/2024 22:30;90;kWh;0;12784;0;0;12784;12784
16/06/2024 22:30;16/06/2024 22:45;91;kWh;0;8655;0;0;8655;8655
16/06/2024 22:45;16/06/2024 23:00;92;kWh;-93;10114;0;0;10207;10021
16/06/2024 23:00;16/06/2024 23:15;93;kWh;-371;3;0;0;374;-368
16/06/2024 23:15;16/06/2024 23:30;94;kWh;-1385;1930;0;0;3315;545
16/06/2024 23:30;16/06/2024 23:45;95;kWh;0;3175;0;0;3175;3175
16/06/2024 23:45;17/06/2024 00:00;96;kWh;0;1258;0;0;1258;1258
17/06/2024 00:00;17/06/2024 00:15;1;kWh;0;27151;0;0;27151;27151
17/06/2024 00:15;17/06/2024 00:30;2;kWh;-206;26129;0;0;26335;25923
17/06/2024 00:30;17/06/2024 00:45;3;kWh;-993;1649;0;0;2642;656
17/06/2024 00:45;17/06/2024 01:00;4;kWh;-579;155;0;0;734;-424
17/06/2024 01:00;17/06/2024 01:15;5;kWh;-956;36416;0;0;37372;35460
17/06/2024 01:15;17/06/2024 01:30;6;kWh;-447;42054;0;0;42501;41607
17/06/2024 01:30;17/06/2024 01:45;7;kWh;-2373;11197;0;0;13570;8824
17/06/2024 01:45;17/06/2024 02:00;8;kWh;-5025;1797;0;0;6822;-3228
17/06/2024 02:00;17/06/2024 02:15;9;kWh;0;6781;0;0;6781;6781
17/06/2024 02:15;17/06/2024 02:30;10;kWh;-1025;778;0;0;1803;-247
17/06/2024 02:30;17/06/2024 02:45;11;kWh;-3700;10;0;0;3710;-3690
17/06/2024 02:45;17/06/2024 03:00;12;kWh;-9092;997;0;0;10089;-8095
17/06/2024 03:00;17/06/2024 03:15;13;kWh;-17576;307;0;0;17883;-17269
17/06/2024 03:15;17/06/2024 03:30;14;kWh;-10998;373;0;0;11371;-10625
17/06/2024 03:30;17/06/2024 03:45;15;kWh;-10149;3704;0;0;13853;-6445
17/06/2024 03:45;17/06/2024 04:00;16;kWh;-5423;1971;0;0;7394;-3452
17/06/2024 04:00;17/06/2024 04:15;17;kWh;0;34944;0;0;34944;34944
17/06/2024 04:15;17/06/2024 04:30;18;kWh;0;9325;0;0;9325;9325
17/06/2024 04:30;17/06/2024 04:45;19;kWh;0;34020;0;0;34020;34020
17/06/2024 04:45;17/06/2024 05:00;20;kWh;0;29451;0;0;29451;29451
17/06/2024 05:00;17/06/2024 05:15;21;kWh;0;27631;0;0;27631;27631
17/06/2024 05:15;17/06/2024 05:30;22;kWh;0;14095;0;0;14095;14095
17/06/2024 05:30;17/06/2024 05:45;23;kWh;0;6211;0;0;6211;6211
17/06/2024 05:45;17/06/2024 06:00;24;kWh;0;3381;0;0;3381;3381
17/06/2024 06:00;17/06/2024 06:15;25;kWh;0;15080;0;0;15080;15080
17/06/2024 06:15;17/06/2024 06:30;26;kWh;-1970;0;0;0;1970;-1970
17/06/2024 06:30;17/06/2024 06:45;27;kWh;-358;0;0;0;358;-358
17/06/2024 06:45;17/06/2024 07:00;28;kWh;-1502;1376;0;0;2878;-126
17/06/2024 07:00;17/06/2024 07:15;29;kWh;0;19146;0;0;19146;19146
17/06/2024 07:15;17/06/2024 07:30;30;kWh;0;43742;0;0;43742;43742
17/06/2024 07:30;17/06/2024 07:45;31;kWh;0;66771;0;0;66771;66771
17/06/2024 07:45;17/06/2024 08:00;32;kWh;0;44208;0;0;44208;44208
17/06/2024 08:00;17/06/2024 08:15;33;kWh;0;83310;0;0;83310;83310
17/06/2024 08:15;17/06/2024 08:30;34;kWh;-8;24783;0;0;24791;24775
17/06/2024 08:30;17/06/2024 08:45;35;kWh;-17989;390;0;0;18379;-17599
17/06/2024 08:45;17/06/2024 09:00;36;kWh;-9887;612;0;0;10499;-9275
17/06/2024 09:00;17/06/2024 09:15;37;kWh;-30384;32638;0;0;63022;2254
17/06/2024 09:15;17/06/2024 09:30;38;kWh;-16633;12786;0;0;29419;-3847
17/06/2024 09:30;17/06/2024 09:45;39;kWh;-25019;0;0;0;25019;-25019
17/06/2024 09:45;17/06/2024 10:00;40;kWh;-31347;0;0;0;31347;-31347
17/06/2024 10:00;17/06/2024 10:15;41;kWh;-7647;11318;0;0;18965;3671
17/06/2024 10:15;17/06/2024 10:30;42;kWh;-19731;6732;0;0;26463;-12999
17/06/2024 10:30;17/06/2024 10:45;43;kWh;-15049;1371;0;0;16420;-13678
17/06/2024 10:45;17/06/2024 11:00;44;kWh;-24331;0;0;0;24331;-24331
17/06/2024 11:00;17/06/2024 11:15;45;kWh;-6313;0;0;0;6313;-6313
17/06/2024 11:15;17/06/2024 11:30;46;kWh;-22101;0;0;0;22101;-22101
17/06/2024 11:30;17/06/2024 11:45;47;kWh;-26664;0;0;0;26664;-26664
17/06/2024 11:45;17/06/2024 12:00;48;kWh;-31843;0;0;0;31843;-31843
17/06/2024 12:00;17/06/2024 12:15;49;kWh;-17579;0;0;0;17579;-17579
17/06/2024 12:15;17/06/2024 12:30;50;kWh;-29192;0;0;0;29192;-29192
17/06/2024 12:30;17/06/2024 12:45;51;kWh;-50921;0;0;0;50921;-50921
17/06/2024 12:45;17/06/2024 13:00;52;kWh;-28726;0;0;0;28726;-28726
17/06/2024 13:00;17/06/2024 13:15;53;kWh;-20355;467;0;0;20822;-19888
17/06/2024 13:15;17/06/2024 13:30;54;kWh;-41722;273;0;0;41995;-41449
17/06/2024 13:30;17/06/2024 13:45;55;kWh;-24041;351;0;0;24392;-23690
17/06/2024 13:45;17/06/2024 14:00;56;kWh;-36674;297;0;0;36971;-36377
17/06/2024 14:00;17/06/2024 14:15;57;kWh;-51740;0;0;0;51740;-51740
17/06/2024 14:15;17/06/2024 14:30;58;kWh;-31632;0;0;0;31632;-31632
17/06/2024 14:30;17/06/2024 14:45;59;kWh;-12803;0;0;0;12803;-12803
17/06/2024 14:45;17/06/2024 15:00;60;kWh;-1440;0;0;0;1440;-1440
17/06/2024 15:00;17/06/2024 15:15;61;kWh;-6;9154;0;0;9160;9148
17/06/2024 15:15;17/06/2024 15:30;62;kWh;0;18818;0;0;18818;18818
17/06/2024 15:30;17/06/2024 15:45;63;kWh;0;18906;0;0;18906;18906
17/06/2024 15:45;17/06/2024 16:00;64;kWh;-3593;25746;0;0;29339;22153
17/06/2024 16:00;17/06/2024 16:15;65;kWh;-31301;0;0;0;31301;-31301
17/06/2024 16:15;17/06/2024 16:30;66;kWh;-19113;0;0;0;19113;-19113
17/06/2024 16:30;17/06/2024 16:45;67;kWh;-38509;0;0;0;38509;-38509
17/06/2024 16:45;17/06/2024 17:00;68;kWh;-35034;0;0;0;35034;-35034
17/06/2024 17:00;17/06/2024 17:15;69;kWh;-59968;0;0;0;59968;-59968
17/06/2024 17:15;17/06/2024 17:30;70;kWh;-47200;385;0;0;47585;-46815
17/06/2024 17:30;17/06/2024 17:45;71;kWh;-88559;272;0;0;88831;-88287
17/06/2024 17:45;17/06/2024 18:00;72;kWh;-45651;5067;0;0;50718;-40584
17/06/2024 18:00;17/06/2024 18:15;73;kWh;-27562;5119;0;0;32681;-22443
17/06/2024 18:15;17/06/2024 18:30;74;kWh;-41772;0;0;0;41772;-41772
17/06/2024 18:30;17/06/2024 18:45;75;kWh;-25133;0;0;0;25133;-25133
17/06/2024 18:45;17/06/2024 19:00;76;kWh;-8818;0;0;0;8818;-8818
17/06/2024 19:00;17/06/2024 19:15;77;kWh;-5618;0;0;0;5618;-5618
17/06/2024 19:15;17/06/2024 19:30;78;kWh;0;7657;0;0;7657;7657
17/06/2024 19:30;17/06/2024 19:45;79;kWh;0;9622;0;0;9622;9622
17/06/2024 19:45;17/06/2024 20:00;80;kWh;0;4871;0;0;4871;4871
17/06/2024 20:00;17/06/2024 20:15;81;kWh;-48034;3107;0;0;51141;-44927
17/06/2024 20:15;17/06/2024 20:30;82;kWh;-27105;11195;0;0;38300;-15910
17/06/2024 20:30;17/06/2024 20:45;83;kWh;-26096;0;0;0;26096;-26096
17/06/2024 20:45;17/06/2024 21:00;84;kWh;-877;14168;0;0;15045;13291
17/06/2024 21:00;17/06/2024 21:15;85;kWh;-43212;617;0;0;43829;-42595
17/06/2024 21:15;17/06/2024 21:30;86;kWh;-16690;2541;0;0;19231;-14149
17/06/2024 21:30;17/06/2024 21:45;87;kWh;-3130;4730;0;0;7860;1600
17/06/2024 21:45;17/06/2024 22:00;88;kWh;0;5520;0;0;5520;5520
17/06/2024 22:00;17/06/2024 22:15;89;kWh;0;40714;0;0;40714;40714
17/06/2024 22:15;17/06/2024 22:30;90;kWh;0;43129;0;0;43129;43129
17/06/2024 22:30;17/06/2024 22:45;91;kWh;0;38341;0;0;38341;38341
17/06/2024 22:45;17/06/2024 23:00;92;kWh;-202;9241;0;0;9443;9039
17/06/2024 23:00;17/06/2024 23:15;93;kWh;-26292;43;0;0;26335;-26249
17/06/2024 23:15;17/06/2024 23:30;94;kWh;-573;5457;0;0;6030;4884
17/06/2024 23:30;17/06/2024 23:45;95;kWh;-4653;1713;0;0;6366;-2940
17/06/2024 23:45;18/06/2024 00:00;96;kWh;-7680;10535;0;0;18215;2855
18/06/2024 00:00;18/06/2024 00:15;1;kWh;-4077;0;0;0;4077;-4077
18/06/2024 00:15;18/06/2024 00:30;2;kWh;0;0;0;0;0;0
18/06/2024 00:30;18/06/2024 00:45;3;kWh;0;2266;0;0;2266;2266
18/06/2024 00:45;18/06/2024 01:00;4;kWh;0;6395;0;0;6395;6395
18/06/2024 01:00;18/06/2024 01:15;5;kWh;0;2825;0;0;2825;2825
18/06/2024 01:15;18/06/2024 01:30;6;kWh;0;1726;0;0;1726;1726
18/06/2024 01:30;18/06/2024 01:45;7;kWh;-169;671;0;0;840;502
18/06/2024 01:45;18/06/2024 02:00;8;kWh;-8310;0;0;0;8310;-8310
18/06/2024 02:00;18/06/2024 02:15;9;kWh;-2503;0;0;0;2503;-2503
18/06/2024 02:15;18/06/2024 02:30;10;kWh;-773;0;0;0;773;-773
18/06/2024 02:30;18/06/2024 02:45;11;kWh;-4317;0;0;0;4317;-4317
18/06/2024 02:45;18/06/2024 03:00;12;kWh;-23408;0;0;0;23408;-23408
18/06/2024 03:00;18/06/2024 03:15;13;kWh;-17164;0;0;0;17164;-17164
18/06/2024 03:15;18/06/2024 03:30;14;kWh;-15379;0;0;0;15379;-15379
18/06/2024 03:30;18/06/2024 03:45;15;kWh;-8265;0;0;0;8265;-8265
18/06/2024 03:45;18/06/2024 04:00;16;kWh;-11897;0;0;0;11897;-11897
18/06/2024 04:00;18/06/2024 04:15;17;kWh;-653;933;0;0;1586;280
18/06/2024 04:15;18/06/2024 04:30;18;kWh;0;1400;0;0;1400;1400
18/06/2024 04:30;18/06/2024 04:45;19;kWh;0;6516;0;0;6516;6516
18/06/2024 04:45;18/06/2024 05:00;20;kWh;-294;4603;0;0;4897;4309
18/06/2024 05:00;18/06/2024 05:15;21;kWh;-37308;0;0;0;37308;-37308
18/06/2024 05:15;18/06/2024 05:30;22;kWh;-24322;0;0;0;24322;-24322
18/06/2024 05:30;18/06/2024 05:45;23;kWh;-29829;0;0;0;29829;-29829
18/06/2024 05:45;18/06/2024 06:00;24;kWh;-27774;0;0;0;27774;-27774
18/06/2024 06:00;18/06/2024 06:15;25;kWh;-19504;0;0;0;19504;-19504
18/06/2024 06:15;18/06/2024 06:30;26;kWh;0;0;0;0;0;0
18/06/2024 06:30;18/06/2024 06:45;27;kWh;0;4948;0;0;4948;4948
18/06/2024 06:45;18/06/2024 07:00;28;kWh;0;6875;0;0;6875;6875
18/06/2024 07:00;18/06/2024 07:15;29;kWh;-231;3886;0;0;4117;3655
18/06/2024 07:15;18/06/2024 07:30;30;kWh;0;19833;0;0;19833;19833
18/06/2024 07:30;18/06/2024 07:45;31;kWh;0;27549;0;0;27549;27549
18/06/2024 07:45;18/06/2024 08:00;32;kWh;0;51719;0;0;51719;51719
18/06/2024 08:00;18/06/2024 08:15;33;kWh;0;19126;0;0;19126;19126
18/06/2024 08:15;18/06/2024 08:30;34;kWh;0;17714;0;0;17714;17714
18/06/2024 08:30;18/06/2024 08:45;35;kWh;0;30068;0;0;30068;30068
18/06/2024 08:45;18/06/2024 09:00;36;kWh;-69;37659;0;0;37728;37590
18/06/2024 09:00;18/06/2024 09:15;37;kWh;-7171;0;0;0;7171;-7171
18/06/2024 09:15;18/06/2024 09:30;38;kWh;-3427;0;0;0;3427;-3427
18/06/2024 09:30;18/06/2024 09:45;39;kWh;-1307;0;0;0;1307;-1307
18/06/2024 09:45;18/06/2024 10:00;40;kWh;-165;3104;0;0;3269;2939
18/06/2024 10:00;18/06/2024 10:15;41;kWh;0;19603;0;0;19603;19603
18/06/2024 10:15;18/06/2024 10:30;42;kWh;0;31027;0;0;31027;31027
18/06/2024 10:30;18/06/2024 10:45;43;kWh;-217;20418;0;0;20635;20201
18/06/2024 10:45;18/06/2024 11:00;44;kWh;-5728;0;0;0;5728;-5728
18/06/2024 11:00;18/06/2024 11:15;45;kWh;-1911;5689;0;0;7600;3778
18/06/2024 11:15;18/06/2024 11:30;46;kWh;0;14535;0;0;14535;14535
18/06/2024 11:30;18/06/2024 11:45;47;kWh;0;42085;0;0;42085;42085
18/06/2024 11:45;18/06/2024 12:00;48;kWh;0;75406;0;0;75406;75406
18/06/2024 12:00;18/06/2024 12:15;49;kWh;0;179;0;0;179;179
18/06/2024 12:15;18/06/2024 12:30;50;kWh;0;0;0;0;0;0
18/06/2024 12:30;18/06/2024 12:45;51;kWh;0;0;0;0;0;0
18/06/2024 12:45;18/06/2024 13:00;52;kWh;0;0;0;0;0;0
18/06/2024 13:00;18/06/2024 13:15;53;kWh;-1228;0;0;0;1228;-1228
18/06/2024 13:15;18/06/2024 13:30;54;kWh;-18;0;0;0;18;-18
18/06/2024 13:30;18/06/2024 13:45;55;kWh;-1481;0;0;0;1481;-1481
18/06/2024 13:45;18/06/2024 14:00;56;kWh;-5115;0;0;0;5115;-5115
18/06/2024 14:00;18/06/2024 14:15;57;kWh;-748;5132;0;0;5880;4384
18/06/2024 14:15;18/06/2024 14:30;58;kWh;0;14811;0;0;14811;14811
18/06/2024 14:30;18/06/2024 14:45;59;kWh;0;20490;0;0;20490;20490
18/06/2024 14:45;18/06/2024 15:00;60;kWh;0;27167;0;0;27167;27167
18/06/2024 15:00;18/06/2024 15:15;61;kWh;-231;5747;0;0;5978;5516
18/06/2024 15:15;18/06/2024 15:30;62;kWh;-3194;0;0;0;3194;-3194
18/06/2024 15:30;18/06/2024 15:45;63;kWh;-4676;0;0;0;4676;-4676
18/06/2024 15:45;18/06/2024 16:00;64;kWh;-3563;0;0;0;3563;-3563
18/06/2024 16:00;18/06/2024 16:15;65;kWh;-126;5993;0;0;6119;5867
18/06/2024 16:15;18/06/2024 16:30;66;kWh;0;2635;0;0;2635;2635
18/06/2024 16:30;18/06/2024 16:45;67;kWh;-25271;623;0;0;25894;-24648
18/06/2024 16:45;18/06/2024 17:00;68;kWh;-3993;26;0;0;4019;-3967
18/06/2024 17:00;18/06/2024 17:15;69;kWh;0;54458;0;0;54458;54458
18/06/2024 17:15;18/06/2024 17:30;70;kWh;0;22786;0;0;22786;22786
18/06/2024 17:30;18/06/2024 17:45;71;kWh;0;0;0;0;0;0
18/06/2024 17:45;18/06/2024 18:00;72;kWh;-204;0;0;0;204;-204
18/06/2024 18:00;18/06/2024 18:15;73;kWh;-483;1212;0;0;1695;729
18/06/2024 18:15;18/06/2024 18:30;74;kWh;0;7263;0;0;7263;7263
18/06/2024 18:30;18/06/2024 18:45;75;kWh;0;34733;0;0;34733;34733
18/06/2024 18:45;18/06/2024 19:00;76;kWh;0;40938;0;0;40938;40938
18/06/2024 19:00;18/06/2024 19:15;77;kWh;0;25763;0;0;25763;25763
18/06/2024 19:15;18/06/2024 19:30;78;kWh;0;25592;0;0;25592;25592
18/06/2024 19:30;18/06/2024 19:45;79;kWh;0;17554;0;0;17554;17554
18/06/2024 19:45;18/06/2024 20:00;80;kWh;0;24576;0;0;24576;24576
18/06/2024 20:00;18/06/2024 20:15;81;kWh;0;30075;0;0;30075;30075
18/06/2024 20:15;18/06/2024 20:30;82;kWh;0;29415;0;0;29415;29415
18/06/2024 20:30;18/06/2024 20:45;83;kWh;0;29672;0;0;29672;29672
18/06/2024 20:45;18/06/2024 21:00;84;kWh;0;1450;0;0;1450;1450
18/06/2024 21:00;18/06/2024 21:15;85;kWh;0;5026;0;0;5026;5026
18/06/2024 21:15;18/06/2024 21:30;86;kWh;0;1143;0;0;1143;1143
18/06/2024 21:30;18/06/2024 21:45;87;kWh;-24;0;0;0;24;-24
18/06/2024 21:45;18/06/2024 22:00;88;kWh;-1027;0;0;0;1027;-1027
18/06/2024 22:00;18/06/2024 22:15;89;kWh;-128;34505;0;0;34633;34377
18/06/2024 22:15;18/06/2024 22:30;90;kWh;0;49875;0;0;49875;49875
18/06/2024 22:30;18/06/2024 22:45;91;kWh;0;20348;0;0;20348;20348
18/06/2024 22:45;18/06/2024 23:00;92;kWh;0;5058;0;0;5058;5058
18/06/2024 23:00;18/06/2024 23:15;93;kWh;0;26998;0;0;26998;26998
18/06/2024 23:15;18/06/2024 23:30;94;kWh;0;1927;0;0;1927;1927
18/06/2024 23:30;18/06/2024 23:45;95;kWh;0;2253;0;0;2253;2253
18/06/2024 23:45;19/06/2024 00:00;96;kWh;0;649;0;0;649;649
19/06/2024 00:00;19/06/2024 00:15;1;kWh;0;1389;0;0;1389;1389
19/06/2024 00:15;19/06/2024 00:30;2;kWh;0;1963;0;0;1963;1963
19/06/2024 00:30;19/06/2024 00:45;3;kWh;0;4023;0;0;4023;4023
19/06/2024 00:45;19/06/2024 01:00;4;kWh;0;2640;0;0;2640;2640
19/06/2024 01:00;19/06/2024 01:15;5;kWh;0;1858;0;0;1858;1858
19/06/2024 01:15;19/06/2024 01:30;6;kWh;0;0;0;0;0;0
19/06/2024 01:30;19/06/2024 01:45;7;kWh;0;98;0;0;98;98
19/06/2024 01:45;19/06/2024 02:00;8;kWh;-205;0;0;0;205;-205
19/06/2024 02:00;19/06/2024 02:15;9;kWh;-527;19867;0;0;20394;19340
19/06/2024 02:15;19/06/2024 02:30;10;kWh;-108;32800;0;0;32908;32692
19/06/2024 02:30;19/06/2024 02:45;11;kWh;-318;0;0;0;318;-318
19/06/2024 02:45;19/06/2024 03:00;12;kWh;0;2685;0;0;2685;2685
19/06/2024 03:00;19/06/2024 03:15;13;kWh;0;7662;0;0;7662;7662
19/06/2024 03:15;19/06/2024 03:30;14;kWh;0;3753;0;0;3753;3753
19/06/2024 03:30;19/06/2024 03:45;15;kWh;0;23242;0;0;23242;23242
19/06/2024 03:45;19/06/2024 04:00;16;kWh;0;22730;0;0;22730;22730
19/06/2024 04:00;19/06/2024 04:15;17;kWh;0;31225;0;0;31225;31225
19/06/2024 04:15;19/06/2024 04:30;18;kWh;0;50322;0;0;50322;50322
19/06/2024 04:30;19/06/2024 04:45;19;kWh;0;38787;0;0;38787;38787
19/06/2024 04:45;19/06/2024 05:00;20;kWh;0;17619;0;0;17619;17619
19/06/2024 05:00;19/06/2024 05:15;21;kWh;0;585;0;0;585;585
19/06/2024 05:15;19/06/2024 05:30;22;kWh;0;30722;0;0;30722;30722
19/06/2024 05:30;19/06/2024 05:45;23;kWh;0;5491;0;0;5491;5491
19/06/2024 05:45;19/06/2024 06:00;24;kWh;0;1232;0;0;1232;1232
19/06/2024 06:00;19/06/2024 06:15;25;kWh;-324;3677;0;0;4001;3353
19/06/2024 06:15;19/06/2024 06:30;26;kWh;0;17241;0;0;17241;17241
19/06/2024 06:30;19/06/2024 06:45;27;kWh;0;474;0;0;474;474
19/06/2024 06:45;19/06/2024 07:00;28;kWh;-1048;0;0;0;1048;-1048
19/06/2024 07:00;19/06/2024 07:15;29;kWh;-348;9677;0;0;10025;9329
19/06/2024 07:15;19/06/2024 07:30;30;kWh;-263;145;0;0;408;-118
19/06/2024 07:30;19/06/2024 07:45;31;kWh;-1525;0;0;0;1525;-1525
19/06/2024 07:45;19/06/2024 08:00;32;kWh;-3843;0;0;0;3843;-3843
19/06/2024 08:00;19/06/2024 08:15;33;kWh;-851;25061;0;0;25912;24210
19/06/2024 08:15;19/06/2024 08:30;34;kWh;0;19520;0;0;19520;19520
19/06/2024 08:30;19/06/2024 08:45;35;kWh;0;0;0;0;0;0
19/06/2024 08:45;19/06/2024 09:00;36;kWh;-3689;0;0;0;3689;-3689
19/06/2024 09:00;19/06/2024 09:15;37;kWh;-7687;0;0;0;7687;-7687
19/06/2024 09:15;19/06/2024 09:30;38;kWh;0;0;0;0;0;0
19/06/2024 09:30;19/06/2024 09:45;39;kWh;0;0;0;0;0;0
19/06/2024 09:45;19/06/2024 10:00;40;kWh;-3023;0;0;0;3023;-3023
19/06/2024 10:00;19/06/2024 10:15;41;kWh;-12410;381;0;0;12791;-12029
19/06/2024 10:15;19/06/2024 10:30;42;kWh;-9335;81;0;0;9416;-9254
19/06/2024 10:30;19/06/2024 10:45;43;kWh;-12172;0;0;0;12172;-12172
19/06/2024 10:45;19/06/2024 11:00;44;kWh;-29838;0;0;0;29838;-29838
19/06/2024 11:00;19/06/2024 11:15;45;kWh;-11840;0;0;0;11840;-11840
19/06/2024 11:15;19/06/2024 11:30;46;kWh;-12383;0;0;0;12383;-12383
19/06/2024 11:30;19/06/2024 11:45;47;kWh;-18187;0;0;0;18187;-18187
19/06/2024 11:45;19/06/2024 12:00;48;kWh;-11986;0;0;0;11986;-11986
19/06/2024 12:00;19/06/2024 12:15;49;kWh;-2783;32700;0;0;35483;29917
19/06/2024 12:15;19/06/2024 12:30;50;kWh;-249;26447;0;0;26696;26198
19/06/2024 12:30;19/06/2024 12:45;51;kWh;-249;9412;0;0;9661;9163
19/06/2024 12:45;19/06/2024 13:00;52;kWh;-249;10;0;0;259;-239
19/06/2024 13:00;19/06/2024 13:15;53;kWh;-249;485;0;0;734;236
19/06/2024 13:15;19/06/2024 13:30;54;kWh;-249;896;0;0;1145;647
19/06/2024 13:30;19/06/2024 13:45;55;kWh;-251;1696;0;0;1947;1445
19/06/2024 13:45;19/06/2024 14:00;56;kWh;-24877;17;0;0;24894;-24860
19/06/2024 14:00;19/06/2024 14:15;57;kWh;-15196;0;0;0;15196;-15196
19/06/2024 14:15;19/06/2024 14:30;58;kWh;-577;0;0;0;577;-577
19/06/2024 14:30;19/06/2024 14:45;59;kWh;-17572;0;0;0;17572;-17572
19/06/2024 14:45;19/06/2024 15:00;60;kWh;-8083;0;0;0;8083;-8083
19/06/2024 15:00;19/06/2024 15:15;61;kWh;-16540;182;0;0;16722;-16358
19/06/2024 15:15;19/06/2024 15:30;62;kWh;-23654;226;0;0;23880;-23428
19/06/2024 15:30;19/06/2024 15:45;63;kWh;-22313;186;0;0;22499;-22127
19/06/2024 15:45;19/06/2024 16:00;64;kWh;-14574;675;0;0;15249;-13899
19/06/2024 16:00;19/06/2024 16:15;65;kWh;-23772;0;0;0;23772;-23772
19/06/2024 16:15;19/06/2024 16:30;66;kWh;-21760;2111;0;0;23871;-19649
19/06/2024 16:30;19/06/2024 16:45;67;kWh;-7334;1;0;0;7335;-7333
19/06/2024 16:45;19/06/2024 17:00;68;kWh;-24676;0;0;0;24676;-24676
19/06/2024 17:00;19/06/2024 17:15;69;kWh;-66431;0;0;0;66431;-66431
19/06/2024 17:15;19/06/2024 17:30;70;kWh;-34380;0;0;0;34380;-34380
19/06/2024 17:30;19/06/2024 17:45;71;kWh;-8819;0;0;0;8819;-8819
19/06/2024 17:45;19/06/2024 18:00;72;kWh;-1710;0;0;0;1710;-1710
19/06/2024 18:00;19/06/2024 18:15;73;kWh;-13163;0;0;0;13163;-13163
19/06/2024 18:15;19/06/2024 18:30;74;kWh;-15008;624;0;0;15632;-14384
19/06/2024 18:30;19/06/2024 18:45;75;kWh;-375;2907;0;0;3282;2532
19/06/2024 18:45;19/06/2024 19:00;76;kWh;-249;18367;0;0;18616;18118
19/06/2024 19:00;19/06/2024 19:15;77;kWh;-249;14652;0;0;14901;14403
19/06/2024 19:15;19/06/2024 19:30;78;kWh;-249;5925;0;0;6174;5676
19/06/2024 19:30;19/06/2024 19:45;79;kWh;-249;22995;0;0;23244;22746
19/06/2024 19:45;19/06/2024 20:00;80;kWh;-975;18694;0;0;19669;17719
19/06/2024 20:00;19/06/2024 20:15;81;kWh;-4919;0;0;0;4919;-4919
19/06/2024 20:15;19/06/2024 20:30;82;kWh;-249;0;0;0;249;-249
19/06/2024 20:30;19/06/2024 20:45;83;kWh;-301;0;0;0;301;-301
19/06/2024 20:45;19/06/2024 21:00;84;kWh;-249;1073;0;0;1322;824
19/06/2024 21:00;19/06/2024 21:15;85;kWh;-249;10085;0;0;10334;9836
19/06/2024 21:15;19/06/2024 21:30;86;kWh;-249;36450;0;0;36699;36201
19/06/2024 21:30;19/06/2024 21:45;87;kWh;-249;28615;0;0;28864;28366
19/06/2024 21:45;19/06/2024 22:00;88;kWh;-249;41255;0;0;41504;41006
19/06/2024 22:00;19/06/2024 22:15;89;kWh;-249;23073;0;0;23322;22824
19/06/2024 22:15;19/06/2024 22:30;90;kWh;-249;33727;0;0;33976;33478
19/06/2024 22:30;19/06/2024 22:45;91;kWh;-249;41737;0;0;41986;41488
19/06/2024 22:45;19/06/2024 23:00;92;kWh;-3982;11748;0;0;15730;7766
19/06/2024 23:00;19/06/2024 23:15;93;kWh;-6021;0;0;0;6021;-6021
19/06/2024 23:15;19/06/2024 23:30;94;kWh;-249;0;0;0;249;-249
19/06/2024 23:30;19/06/2024 23:45;95;kWh;-370;0;0;0;370;-370
19/06/2024 23:45;20/06/2024 00:00;96;kWh;-1410;0;0;0;1410;-1410
20/06/2024 00:00;20/06/2024 00:15;1;kWh;-1524;0;0;0;1524;-1524
20/06/2024 00:15;20/06/2024 00:30;2;kWh;0;913;0;0;913;913
20/06/2024 00:30;20/06/2024 00:45;3;kWh;0;1535;0;0;1535;1535
20/06/2024 00:45;20/06/2024 01:00;4;kWh;0;10866;0;0;10866;10866
20/06/2024 01:00;20/06/2024 01:15;5;kWh;-1252;536;0;0;1788;-716
20/06/2024 01:15;20/06/2024 01:30;6;kWh;-8588;0;0;0;8588;-8588
20/06/2024 01:30;20/06/2024 01:45;7;kWh;-5667;0;0;0;5667;-5667
20/06/2024 01:45;20/06/2024 02:00;8;kWh;-6930;0;0;0;6930;-6930
20/06/2024 02:00;20/06/2024 02:15;9;kWh;-6951;0;0;0;6951;-6951
20/06/2024 02:15;20/06/2024 02:30;10;kWh;-1403;0;0;0;1403;-1403
20/06/2024 02:30;20/06/2024 02:45;11;kWh;-14;0;0;0;14;-14
20/06/2024 02:45;20/06/2024 03:00;12;kWh;-888;0;0;0;888;-888
20/06/2024 03:00;20/06/2024 03:15;13;kWh;-15529;0;0;0;15529;-15529
20/06/2024 03:15;20/06/2024 03:30;14;kWh;-30083;0;0;0;30083;-30083
20/06/2024 03:30;20/06/2024 03:45;15;kWh;-39276;0;0;0;39276;-39276
20/06/2024 03:45;20/06/2024 04:00;16;kWh;-48773;0;0;0;48773;-48773
20/06/2024 04:00;20/06/2024 04:15;17;kWh;-3016;9125;0;0;12141;6109
20/06/2024 04:15;20/06/2024 04:30;18;kWh;0;7810;0;0;7810;7810
20/06/2024 04:30;20/06/2024 04:45;19;kWh;0;7939;0;0;7939;7939
20/06/2024 04:45;20/06/2024 05:00;20;kWh;0;10583;0;0;10583;10583
20/06/2024 05:00;20/06/2024 05:15;21;kWh;-1743;750;0;0;2493;-993
20/06/2024 05:15;20/06/2024 05:30;22;kWh;-1342;0;0;0;1342;-1342
20/06/2024 05:30;20/06/2024 05:45;23;kWh;-95;0;0;0;95;-95
20/06/2024 05:45;20/06/2024 06:00;24;kWh;-1029;0;0;0;1029;-1029
20/06/2024 06:00;20/06/2024 06:15;25;kWh;-28895;0;0;0;28895;-28895
20/06/2024 06:15;20/06/2024 06:30;26;kWh;-4181;0;0;0;4181;-4181
20/06/2024 06:30;20/06/2024 06:45;27;kWh;-23608;0;0;0;23608;-23608
20/06/2024 06:45;20/06/2024 07:00;28;kWh;-4442;0;0;0;4442;-4442
20/06/2024 07:00;20/06/2024 07:15;29;kWh;0;0;0;0;0;0
20/06/2024 07:15;20/06/2024 07:30;30;kWh;0;0;0;0;0;0
20/06/2024 07:30;20/06/2024 07:45;31;kWh;0;740;0;0;740;740
20/06/2024 07:45;20/06/2024 08:00;32;kWh;0;1727;0;0;1727;1727
20/06/2024 08:00;20/06/2024 08:15;33;kWh;0;34303;0;0;34303;34303
20/06/2024 08:15;20/06/2024 08:30;34;kWh;0;7309;0;0;7309;7309
20/06/2024 08:30;20/06/2024 08:45;35;kWh;-7762;12;0;0;7774;-7750
20/06/2024 08:45;20/06/2024 09:00;36;kWh;-39774;0;0;0;39774;-39774
20/06/2024 09:00;20/06/2024 09:15;37;kWh;-20665;7436;0;0;28101;-13229
20/06/2024 09:15;20/06/2024 09:30;38;kWh;-12413;0;0;0;12413;-12413
20/06/2024 09:30;20/06/2024 09:45;39;kWh;-18092;0;0;0;18092;-18092
20/06/2024 09:45;20/06/2024 10:00;40;kWh;-37139;0;0;0;37139;-37139
20/06/2024 10:00;20/06/2024 10:15;41;kWh;-12365;0;0;0;12365;-12365
20/06/2024 10:15;20/06/2024 10:30;42;kWh;-13024;0;0;0;13024;-13024
20/06/2024 10:30;20/06/2024 10:45;43;kWh;-37178;0;0;0;37178;-37178
20/06/2024 10:45;20/06/2024 11:00;44;kWh;-34171;0;0;0;34171;-34171
20/06/2024 11:00;20/06/2024 11:15;45;kWh;-21558;0;0;0;21558;-21558
20/06/2024 11:15;20/06/2024 11:30;46;kWh;-20319;0;0;0;20319;-20319
20/06/2024 11:30;20/06/2024 11:45;47;kWh;-26487;0;0;0;26487;-26487
20/06/2024 11:45;20/06/2024 12:00;48;kWh;-12892;0;0;0;12892;-12892
20/06/2024 12:00;20/06/2024 12:15;49;kWh;0;9897;0;0;9897;9897
20/06/2024 12:15;20/06/2024 12:30;50;kWh;0;96739;0;0;96739;96739
20/06/2024 12:30;20/06/2024 12:45;51;kWh;0;82234;0;0;82234;82234
20/06/2024 12:45;20/06/2024 13:00;52;kWh;0;61225;0;0;61225;61225
20/06/2024 13:00;20/06/2024 13:15;53;kWh;0;73802;0;0;73802;73802
20/06/2024 13:15;20/06/2024 13:30;54;kWh;0;110949;0;0;110949;110949
20/06/2024 13:30;20/06/2024 13:45;55;kWh;0;72757;0;0;72757;72757
20/06/2024 13:45;20/06/2024 14:00;56;kWh;0;81318;0;0;81318;81318
20/06/2024 14:00;20/06/2024 14:15;57;kWh;0;34060;0;0;34060;34060
20/06/2024 14:15;20/06/2024 14:30;58;kWh;0;37865;0;0;37865;37865
20/06/2024 14:30;20/06/2024 14:45;59;kWh;0;10224;0;0;10224;10224
20/06/2024 14:45;20/06/2024 15:00;60;kWh;-494;569;0;0;1063;75
20/06/2024 15:00;20/06/2024 15:15;61;kWh;-2372;0;0;0;2372;-2372
20/06/2024 15:15;20/06/2024 15:30;62;kWh;0;0;0;0;0;0
20/06/2024 15:30;20/06/2024 15:45;63;kWh;0;0;0;0;0;0
20/06/2024 15:45;20/06/2024 16:00;64;kWh;-289;0;0;0;289;-289
20/06/2024 16:00;20/06/2024 16:15;65;kWh;0;0;0;0;0;0
20/06/2024 16:15;20/06/2024 16:30;66;kWh;0;763;0;0;763;763
20/06/2024 16:30;20/06/2024 16:45;67;kWh;0;1175;0;0;1175;1175
20/06/2024 16:45;20/06/2024 17:00;68;kWh;0;650;0;0;650;650
20/06/2024 17:00;20/06/2024 17:15;69;kWh;0;38166;0;0;38166;38166
20/06/2024 17:15;20/06/2024 17:30;70;kWh;0;32150;0;0;32150;32150
20/06/2024 17:30;20/06/2024 17:45;71;kWh;0;55333;0;0;55333;55333
20/06/2024 17:45;20/06/2024 18:00;72;kWh;0;74439;0;0;74439;74439
20/06/2024 18:00;20/06/2024 18:15;73;kWh;0;22522;0;0;22522;22522
20/06/2024 18:15;20/06/2024 18:30;74;kWh;0;40374;0;0;40374;40374
20/06/2024 18:30;20/06/2024 18:45;75;kWh;0;55384;0;0;55384;55384
20/06/2024 18:45;20/06/2024 19:00;76;kWh;0;99126;0;0;99126;99126
20/06/2024 19:00;20/06/2024 19:15;77;kWh;0;96685;0;78214;174899;174899
20/06/2024 19:15;20/06/2024 19:30;78;kWh;0;96224;0;207355;303579;303579
20/06/2024 19:30;20/06/2024 19:45;79;kWh;0;96471;0;206487;302958;302958
20/06/2024 19:45;20/06/2024 20:00;80;kWh;0;93569;0;206487;300056;300056
20/06/2024 20:00;20/06/2024 20:15;81;kWh;-588;9239;0;167352;177179;176003
20/06/2024 20:15;20/06/2024 20:30;82;kWh;-71;5771;0;13028;18870;18728
20/06/2024 20:30;20/06/2024 20:45;83;kWh;0;62138;0;0;62138;62138
20/06/2024 20:45;20/06/2024 21:00;84;kWh;0;73229;0;0;73229;73229
20/06/2024 21:00;20/06/2024 21:15;85;kWh;0;59026;0;0;59026;59026
20/06/2024 21:15;20/06/2024 21:30;86;kWh;0;46027;0;0;46027;46027
20/06/2024 21:30;20/06/2024 21:45;87;kWh;0;27060;0;0;27060;27060
20/06/2024 21:45;20/06/2024 22:00;88;kWh;0;4367;0;0;4367;4367
20/06/2024 22:00;20/06/2024 22:15;89;kWh;0;4093;0;0;4093;4093
20/06/2024 22:15;20/06/2024 22:30;90;kWh;0;65900;0;0;65900;65900
20/06/2024 22:30;20/06/2024 22:45;91;kWh;0;34997;0;0;34997;34997
20/06/2024 22:45;20/06/2024 23:00;92;kWh;0;33922;0;0;33922;33922
20/06/2024 23:00;20/06/2024 23:15;93;kWh;0;61425;0;0;61425;61425
20/06/2024 23:15;20/06/2024 23:30;94;kWh;0;31207;0;0;31207;31207
20/06/2024 23:30;20/06/2024 23:45;95;kWh;-341;168;0;0;509;-173
20/06/2024 23:45;21/06/2024 00:00;96;kWh;-5782;0;0;0;5782;-5782
21/06/2024 00:00;21/06/2024 00:15;1;kWh;-7481;0;0;0;7481;-7481
21/06/2024 00:15;21/06/2024 00:30;2;kWh;-92;0;0;0;92;-92
21/06/2024 00:30;21/06/2024 00:45;3;kWh;0;0;0;0;0;0
21/06/2024 00:45;21/06/2024 01:00;4;kWh;0;18524;0;0;18524;18524
21/06/2024 01:00;21/06/2024 01:15;5;kWh;0;16670;0;0;16670;16670
21/06/2024 01:15;21/06/2024 01:30;6;kWh;0;28809;0;0;28809;28809
21/06/2024 01:30;21/06/2024 01:45;7;kWh;0;31594;0;0;31594;31594
21/06/2024 01:45;21/06/2024 02:00;8;kWh;0;22537;0;0;22537;22537
21/06/2024 02:00;21/06/2024 02:15;9;kWh;0;12608;0;0;12608;12608
21/06/2024 02:15;21/06/2024 02:30;10;kWh;0;15067;0;0;15067;15067
21/06/2024 02:30;21/06/2024 02:45;11;kWh;0;9958;0;0;9958;9958
21/06/2024 02:45;21/06/2024 03:00;12;kWh;0;1317;0;0;1317;1317
21/06/2024 03:00;21/06/2024 03:15;13;kWh;0;1080;0;0;1080;1080
21/06/2024 03:15;21/06/2024 03:30;14;kWh;0;6765;0;0;6765;6765
21/06/2024 03:30;21/06/2024 03:45;15;kWh;0;2092;0;0;2092;2092
21/06/2024 03:45;21/06/2024 04:00;16;kWh;0;1771;0;0;1771;1771
21/06/2024 04:00;21/06/2024 04:15;17;kWh;0;50;0;0;50;50
21/06/2024 04:15;21/06/2024 04:30;18;kWh;-1542;0;0;0;1542;-1542
21/06/2024 04:30;21/06/2024 04:45;19;kWh;-588;0;0;0;588;-588
21/06/2024 04:45;21/06/2024 05:00;20;kWh;-5863;0;0;0;5863;-5863
21/06/2024 05:00;21/06/2024 05:15;21;kWh;-15552;0;0;0;15552;-15552
21/06/2024 05:15;21/06/2024 05:30;22;kWh;-21920;0;0;0;21920;-21920
21/06/2024 05:30;21/06/2024 05:45;23;kWh;-23151;0;0;0;23151;-23151
21/06/2024 05:45;21/06/2024 06:00;24;kWh;-15683;0;0;0;15683;-15683
21/06/2024 06:00;21/06/2024 06:15;25;kWh;-21174;0;0;0;21174;-21174
21/06/2024 06:15;21/06/2024 06:30;26;kWh;-3750;0;0;0;3750;-3750
21/06/2024 06:30;21/06/2024 06:45;27;kWh;-226;310;0;0;536;84
21/06/2024 06:45;21/06/2024 07:00;28;kWh;0;4727;0;0;4727;4727
21/06/2024 07:00;21/06/2024 07:15;29;kWh;0;14610;0;0;14610;14610
21/06/2024 07:15;21/06/2024 07:30;30;kWh;0;52959;0;0;52959;52959
21/06/2024 07:30;21/06/2024 07:45;31;kWh;0;76327;0;0;76327;76327
21/06/2024 07:45;21/06/2024 08:00;32;kWh;0;71633;0;0;71633;71633
21/06/2024 08:00;21/06/2024 08:15;33;kWh;-3014;14201;0;0;17215;11187
21/06/2024 08:15;21/06/2024 08:30;34;kWh;-4414;16661;0;0;21075;12247
21/06/2024 08:30;21/06/2024 08:45;35;kWh;0;25174;0;0;25174;25174
21/06/2024 08:45;21/06/2024 09:00;36;kWh;-314;1249;0;0;1563;935
21/06/2024 09:00;21/06/2024 09:15;37;kWh;-26147;23;0;0;26170;-26124
21/06/2024 09:15;21/06/2024 09:30;38;kWh;-15427;0;0;0;15427;-15427
21/06/2024 09:30;21/06/2024 09:45;39;kWh;-34104;0;0;0;34104;-34104
21/06/2024 09:45;21/06/2024 10:00;40;kWh;-12083;0;0;0;12083;-12083
21/06/2024 10:00;21/06/2024 10:15;41;kWh;-7954;0;0;0;7954;-7954
21/06/2024 10:15;21/06/2024 10:30;42;kWh;-1814;6;0;0;1820;-1808
21/06/2024 10:30;21/06/2024 10:45;43;kWh;0;17343;0;0;17343;17343
21/06/2024 10:45;21/06/2024 11:00;44;kWh;0;47509;0;0;47509;47509
21/06/2024 11:00;21/06/2024 11:15;45;kWh;-1048;8671;0;0;9719;7623
21/06/2024 11:15;21/06/2024 11:30;46;kWh;-296;17818;0;0;18114;17522
21/06/2024 11:30;21/06/2024 11:45;47;kWh;-6472;1271;0;0;7743;-5201
21/06/2024 11:45;21/06/2024 12:00;48;kWh;-30667;249;0;0;30916;-30418
21/06/2024 12:00;21/06/2024 12:15;49;kWh;-7354;249;0;0;7603;-7105
21/06/2024 12:15;21/06/2024 12:30;50;kWh;-16568;249;0;0;16817;-16319
21/06/2024 12:30;21/06/2024 12:45;51;kWh;-1871;717;0;0;2588;-1154
21/06/2024 12:45;21/06/2024 13:00;52;kWh;0;26323;0;0;26323;26323
21/06/2024 13:00;21/06/2024 13:15;53;kWh;0;45013;0;0;45013;45013
21/06/2024 13:15;21/06/2024 13:30;54;kWh;0;97697;0;0;97697;97697
21/06/2024 13:30;21/06/2024 13:45;55;kWh;0;106503;0;14284;120787;120787
21/06/2024 13:45;21/06/2024 14:00;56;kWh;0;102880;0;68130;171010;171010
21/06/2024 14:00;21/06/2024 14:15;57;kWh;0;10796;0;118758;129554;129554
21/06/2024 14:15;21/06/2024 14:30;58;kWh;0;5753;0;110038;115791;115791
21/06/2024 14:30;21/06/2024 14:45;59;kWh;0;21851;0;92538;114389;114389
21/06/2024 14:45;21/06/2024 15:00;60;kWh;0;55651;0;79461;135112;135112
21/06/2024 15:00;21/06/2024 15:15;61;kWh;0;4119;0;0;4119;4119
21/06/2024 15:15;21/06/2024 15:30;62;kWh;0;2701;0;0;2701;2701
21/06/2024 15:30;21/06/2024 15:45;63;kWh;0;15283;0;0;15283;15283
21/06/2024 15:45;21/06/2024 16:00;64;kWh;0;19802;0;0;19802;19802
21/06/2024 16:00;21/06/2024 16:15;65;kWh;0;1096;0;0;1096;1096
21/06/2024 16:15;21/06/2024 16:30;66;kWh;0;4297;0;0;4297;4297
21/06/2024 16:30;21/06/2024 16:45;67;kWh;0;1790;0;0;1790;1790
21/06/2024 16:45;21/06/2024 17:00;68;kWh;-164;249;0;0;413;85
21/06/2024 17:00;21/06/2024 17:15;69;kWh;0;10427;0;0;10427;10427
21/06/2024 17:15;21/06/2024 17:30;70;kWh;0;31006;0;0;31006;31006
21/06/2024 17:30;21/06/2024 17:45;71;kWh;0;3802;0;0;3802;3802
21/06/2024 17:45;21/06/2024 18:00;72;kWh;0;249;0;0;249;249
21/06/2024 18:00;21/06/2024 18:15;73;kWh;0;19862;0;0;19862;19862
21/06/2024 18:15;21/06/2024 18:30;74;kWh;0;26628;0;0;26628;26628
21/06/2024 18:30;21/06/2024 18:45;75;kWh;0;13494;0;0;13494;13494
21/06/2024 18:45;21/06/2024 19:00;76;kWh;0;6657;0;0;6657;6657
21/06/2024 19:00;21/06/2024 19:15;77;kWh;0;942;0;0;942;942
21/06/2024 19:15;21/06/2024 19:30;78;kWh;0;249;0;0;249;249
21/06/2024 19:30;21/06/2024 19:45;79;kWh;-7369;249;0;0;7618;-7120
21/06/2024 19:45;21/06/2024 20:00;80;kWh;-10046;249;0;0;10295;-9797
21/06/2024 20:00;21/06/2024 20:15;81;kWh;-543;249;0;0;792;-294
21/06/2024 20:15;21/06/2024 20:30;82;kWh;-2689;249;0;0;2938;-2440
21/06/2024 20:30;21/06/2024 20:45;83;kWh;-1951;249;0;0;2200;-1702
21/06/2024 20:45;21/06/2024 21:00;84;kWh;-5365;249;0;0;5614;-5116
21/06/2024 21:00;21/06/2024 21:15;85;kWh;-60642;249;0;0;60891;-60393
21/06/2024 21:15;21/06/2024 21:30;86;kWh;-29976;249;0;0;30225;-29727
21/06/2024 21:30;21/06/2024 21:45;87;kWh;-22754;249;0;0;23003;-22505
21/06/2024 21:45;21/06/2024 22:00;88;kWh;-40161;249;0;0;40410;-39912
21/06/2024 22:00;21/06/2024 22:15;89;kWh;-5334;249;0;0;5583;-5085
21/06/2024 22:15;21/06/2024 22:30;90;kWh;0;664;0;0;664;664
21/06/2024 22:30;21/06/2024 22:45;91;kWh;-6;1951;0;0;1957;1945
21/06/2024 22:45;21/06/2024 23:00;92;kWh;-14861;249;0;0;15110;-14612
21/06/2024 23:00;21/06/2024 23:15;93;kWh;-6597;7021;0;0;13618;424
21/06/2024 23:15;21/06/2024 23:30;94;kWh;0;22902;0;0;22902;22902
21/06/2024 23:30;21/06/2024 23:45;95;kWh;0;13926;0;0;13926;13926
21/06/2024 23:45;22/06/2024 00:00;96;kWh;0;309;0;0;309;309
22/06/2024 00:00;22/06/2024 00:15;1;kWh;0;5526;0;0;5526;5526
22/06/2024 00:15;22/06/2024 00:30;2;kWh;0;17656;0;0;17656;17656
22/06/2024 00:30;22/06/2024 00:45;3;kWh;-730;784;0;0;1514;54
22/06/2024 00:45;22/06/2024 01:00;4;kWh;-22316;0;0;0;22316;-22316
22/06/2024 01:00;22/06/2024 01:15;5;kWh;-245;2596;0;0;2841;2351
22/06/2024 01:15;22/06/2024 01:30;6;kWh;0;6903;0;0;6903;6903
22/06/2024 01:30;22/06/2024 01:45;7;kWh;0;5233;0;0;5233;5233
22/06/2024 01:45;22/06/2024 02:00;8;kWh;-10952;0;0;0;10952;-10952
22/06/2024 02:00;22/06/2024 02:15;9;kWh;-15451;0;0;0;15451;-15451
22/06/2024 02:15;22/06/2024 02:30;10;kWh;-29468;0;0;0;29468;-29468
22/06/2024 02:30;22/06/2024 02:45;11;kWh;-37558;0;0;0;37558;-37558
22/06/2024 02:45;22/06/2024 03:00;12;kWh;-38215;0;0;0;38215;-38215
22/06/2024 03:00;22/06/2024 03:15;13;kWh;-37000;0;0;0;37000;-37000
22/06/2024 03:15;22/06/2024 03:30;14;kWh;-30018;0;0;0;30018;-30018
22/06/2024 03:30;22/06/2024 03:45;15;kWh;-57611;0;0;0;57611;-57611
22/06/2024 03:45;22/06/2024 04:00;16;kWh;-27416;0;0;0;27416;-27416
22/06/2024 04:00;22/06/2024 04:15;17;kWh;-11620;0;0;0;11620;-11620
22/06/2024 04:15;22/06/2024 04:30;18;kWh;-22855;0;0;0;22855;-22855
22/06/2024 04:30;22/06/2024 04:45;19;kWh;-25934;0;0;0;25934;-25934
22/06/2024 04:45;22/06/2024 05:00;20;kWh;-1492;0;0;0;1492;-1492
22/06/2024 05:00;22/06/2024 05:15;21;kWh;-63;12567;0;0;12630;12504
22/06/2024 05:15;22/06/2024 05:30;22;kWh;0;71;0;0;71;71
22/06/2024 05:30;22/06/2024 05:45;23;kWh;0;0;0;0;0;0
22/06/2024 05:45;22/06/2024 06:00;24;kWh;0;0;0;0;0;0
22/06/2024 06:00;22/06/2024 06:15;25;kWh;-18;0;0;0;18;-18
22/06/2024 06:15;22/06/2024 06:30;26;kWh;0;0;0;0;0;0
22/06/2024 06:30;22/06/2024 06:45;27;kWh;-1369;0;0;0;1369;-1369
22/06/2024 06:45;22/06/2024 07:00;28;kWh;-16341;0;0;0;16341;-16341
22/06/2024 07:00;22/06/2024 07:15;29;kWh;-34257;0;0;0;34257;-34257
22/06/2024 07:15;22/06/2024 07:30;30;kWh;-20970;0;0;0;20970;-20970
22/06/2024 07:30;22/06/2024 07:45;31;kWh;-42399;0;0;0;42399;-42399
22/06/2024 07:45;22/06/2024 08:00;32;kWh;-29005;0;0;0;29005;-29005
22/06/2024 08:00;22/06/2024 08:15;33;kWh;-31481;0;0;0;31481;-31481
22/06/2024 08:15;22/06/2024 08:30;34;kWh;-8804;0;0;0;8804;-8804
22/06/2024 08:30;22/06/2024 08:45;35;kWh;-5116;0;0;0;5116;-5116
22/06/2024 08:45;22/06/2024 09:00;36;kWh;-2;0;0;0;2;-2
22/06/2024 09:00;22/06/2024 09:15;37;kWh;-338;0;0;0;338;-338
22/06/2024 09:15;22/06/2024 09:30;38;kWh;0;13034;0;0;13034;13034
22/06/2024 09:30;22/06/2024 09:45;39;kWh;0;969;0;0;969;969
22/06/2024 09:45;22/06/2024 10:00;40;kWh;0;117;0;0;117;117
22/06/2024 10:00;22/06/2024 10:15;41;kWh;-4051;0;0;0;4051;-4051
22/06/2024 10:15;22/06/2024 10:30;42;kWh;-17940;0;0;0;17940;-17940
22/06/2024 10:30;22/06/2024 10:45;43;kWh;-28251;0;0;0;28251;-28251
22/06/2024 10:45;22/06/2024 11:00;44;kWh;-54847;0;0;0;54847;-54847
22/06/2024 11:00;22/06/2024 11:15;45;kWh;-14324;0;0;0;14324;-14324
22/06/2024 11:15;22/06/2024 11:30;46;kWh;-15189;0;0;0;15189;-15189
22/06/2024 11:30;22/06/2024 11:45;47;kWh;-27791;0;0;0;27791;-27791
22/06/2024 11:45;22/06/2024 12:00;48;kWh;-45446;0;0;0;45446;-45446
22/06/2024 12:00;22/06/2024 12:15;49;kWh;-27534;0;0;0;27534;-27534
22/06/2024 12:15;22/06/2024 12:30;50;kWh;-31057;0;0;0;31057;-31057
22/06/2024 12:30;22/06/2024 12:45;51;kWh;-38609;0;0;0;38609;-38609
22/06/2024 12:45;22/06/2024 13:00;52;kWh;-64464;0;0;0;64464;-64464
22/06/2024 13:00;22/06/2024 13:15;53;kWh;-48528;0;0;0;48528;-48528
22/06/2024 13:15;22/06/2024 13:30;54;kWh;-61631;0;0;0;61631;-61631
22/06/2024 13:30;22/06/2024 13:45;55;kWh;-41949;0;0;0;41949;-41949
22/06/2024 13:45;22/06/2024 14:00;56;kWh;-36231;0;0;0;36231;-36231
22/06/2024 14:00;22/06/2024 14:15;57;kWh;-20098;0;0;0;20098;-20098
22/06/2024 14:15;22/06/2024 14:30;58;kWh;-20953;0;0;0;20953;-20953
22/06/2024 14:30;22/06/2024 14:45;59;kWh;-16321;0;0;0;16321;-16321
22/06/2024 14:45;22/06/2024 15:00;60;kWh;-17861;0;0;0;17861;-17861
22/06/2024 15:00;22/06/2024 15:15;61;kWh;-32702;0;0;0;32702;-32702
22/06/2024 15:15;22/06/2024 15:30;62;kWh;-22342;0;0;0;22342;-22342
22/06/2024 15:30;22/06/2024 15:45;63;kWh;-13128;0;0;0;13128;-13128
22/06/2024 15:45;22/06/2024 16:00;64;kWh;-12992;0;0;0;12992;-12992
22/06/2024 16:00;22/06/2024 16:15;65;kWh;-25021;0;0;0;25021;-25021
22/06/2024 16:15;22/06/2024 16:30;66;kWh;-22241;3377;0;0;25618;-18864
22/06/2024 16:30;22/06/2024 16:45;67;kWh;-3701;602;0;0;4303;-3099
22/06/2024 16:45;22/06/2024 17:00;68;kWh;-2837;0;0;0;2837;-2837
22/06/2024 17:00;22/06/2024 17:15;69;kWh;-16460;0;0;0;16460;-16460
22/06/2024 17:15;22/06/2024 17:30;70;kWh;-20599;2441;0;0;23040;-18158
22/06/2024 17:30;22/06/2024 17:45;71;kWh;-5818;302;0;0;6120;-5516
22/06/2024 17:45;22/06/2024 18:00;72;kWh;-365;473;0;0;838;108
22/06/2024 18:00;22/06/2024 18:15;73;kWh;0;14985;0;0;14985;14985
22/06/2024 18:15;22/06/2024 18:30;74;kWh;0;2829;0;0;2829;2829
22/06/2024 18:30;22/06/2024 18:45;75;kWh;-2013;313;0;0;2326;-1700
22/06/2024 18:45;22/06/2024 19:00;76;kWh;-119;0;0;0;119;-119
22/06/2024 19:00;22/06/2024 19:15;77;kWh;-7078;0;0;0;7078;-7078
22/06/2024 19:15;22/06/2024 19:30;78;kWh;-1575;0;0;0;1575;-1575
22/06/2024 19:30;22/06/2024 19:45;79;kWh;-2212;0;0;0;2212;-2212
22/06/2024 19:45;22/06/2024 20:00;80;kWh;-20025;0;0;0;20025;-20025
22/06/2024 20:00;22/06/2024 20:15;81;kWh;-26921;0;0;0;26921;-26921
22/06/2024 20:15;22/06/2024 20:30;82;kWh;-7833;0;0;0;7833;-7833
22/06/2024 20:30;22/06/2024 20:45;83;kWh;-2336;0;0;0;2336;-2336
22/06/2024 20:45;22/06/2024 21:00;84;kWh;0;4863;0;0;4863;4863
22/06/2024 21:00;22/06/2024 21:15;85;kWh;0;4469;0;0;4469;4469
22/06/2024 21:15;22/06/2024 21:30;86;kWh;0;9;0;0;9;9
22/06/2024 21:30;22/06/2024 21:45;87;kWh;0;4696;0;0;4696;4696
22/06/2024 21:45;22/06/2024 22:00;88;kWh;0;14046;0;0;14046;14046
22/06/2024 22:00;22/06/2024 22:15;89;kWh;0;5732;0;0;5732;5732
22/06/2024 22:15;22/06/2024 22:30;90;kWh;0;261;0;0;261;261
22/06/2024 22:30;22/06/2024 22:45;91;kWh;0;13393;0;0;13393;13393
22/06/2024 22:45;22/06/2024 23:00;92;kWh;0;8557;0;0;8557;8557
22/06/2024 23:00;22/06/2024 23:15;93;kWh;0;13744;0;0;13744;13744
22/06/2024 23:15;22/06/2024 23:30;94;kWh;0;15210;0;0;15210;15210
22/06/2024 23:30;22/06/2024 23:45;95;kWh;0;902;0;0;902;902
22/06/2024 23:45;23/06/2024 00:00;96;kWh;-5389;0;0;0;5389;-5389
23/06/2024 00:00;23/06/2024 00:15;1;kWh;-4305;19803;0;0;24108;15498
23/06/2024 00:15;23/06/2024 00:30;2;kWh;0;22566;0;0;22566;22566
23/06/2024 00:30;23/06/2024 00:45;3;kWh;-15130;506;0;0;15636;-14624
23/06/2024 00:45;23/06/2024 01:00;4;kWh;-31959;0;0;0;31959;-31959
23/06/2024 01:00;23/06/2024 01:15;5;kWh;-26915;0;0;0;26915;-26915
23/06/2024 01:15;23/06/2024 01:30;6;kWh;-604;12696;0;0;13300;12092
23/06/2024 01:30;23/06/2024 01:45;7;kWh;0;38203;0;0;38203;38203
23/06/2024 01:45;23/06/2024 02:00;8;kWh;0;38270;0;0;38270;38270
23/06/2024 02:00;23/06/2024 02:15;9;kWh;0;14697;0;0;14697;14697
23/06/2024 02:15;23/06/2024 02:30;10;kWh;0;13442;0;0;13442;13442
23/06/2024 02:30;23/06/2024 02:45;11;kWh;0;23344;0;0;23344;23344
23/06/2024 02:45;23/06/2024 03:00;12;kWh;0;23676;0;0;23676;23676
23/06/2024 03:00;23/06/2024 03:15;13;kWh;0;28664;0;0;28664;28664
23/06/2024 03:15;23/06/2024 03:30;14;kWh;0;10361;0;0;10361;10361
23/06/2024 03:30;23/06/2024 03:45;15;kWh;0;8764;0;0;8764;8764
23/06/2024 03:45;23/06/2024 04:00;16;kWh;0;2029;0;0;2029;2029
23/06/2024 04:00;23/06/2024 04:15;17;kWh;0;7;0;0;7;7
23/06/2024 04:15;23/06/2024 04:30;18;kWh;0;2172;0;0;2172;2172
23/06/2024 04:30;23/06/2024 04:45;19;kWh;-1237;2290;0;0;3527;1053
23/06/2024 04:45;23/06/2024 05:00;20;kWh;-4557;0;0;0;4557;-4557
23/06/2024 05:00;23/06/2024 05:15;21;kWh;-2031;4267;0;0;6298;2236
23/06/2024 05:15;23/06/2024 05:30;22;kWh;0;7;0;0;7;7
23/06/2024 05:30;23/06/2024 05:45;23;kWh;-1219;0;0;0;1219;-1219
23/06/2024 05:45;23/06/2024 06:00;24;kWh;-17930;0;0;0;17930;-17930
23/06/2024 06:00;23/06/2024 06:15;25;kWh;-4917;41851;0;0;46768;36934
23/06/2024 06:15;23/06/2024 06:30;26;kWh;-3370;18680;0;0;22050;15310
23/06/2024 06:30;23/06/2024 06:45;27;kWh;-31206;0;0;0;31206;-31206
23/06/2024 06:45;23/06/2024 07:00;28;kWh;-46718;0;0;0;46718;-46718
23/06/2024 07:00;23/06/2024 07:15;29;kWh;-877;61552;0;0;62429;60675
23/06/2024 07:15;23/06/2024 07:30;30;kWh;-15587;6072;0;0;21659;-9515
23/06/2024 07:30;23/06/2024 07:45;31;kWh;-33688;0;0;0;33688;-33688
23/06/2024 07:45;23/06/2024 08:00;32;kWh;-57912;70;0;0;57982;-57842
23/06/2024 08:00;23/06/2024 08:15;33;kWh;-92;54075;0;0;54167;53983
23/06/2024 08:15;23/06/2024 08:30;34;kWh;-20548;3859;0;0;24407;-16689
23/06/2024 08:30;23/06/2024 08:45;35;kWh;-19287;0;0;0;19287;-19287
23/06/2024 08:45;23/06/2024 09:00;36;kWh;-37772;2;0;0;37774;-37770
23/06/2024 09:00;23/06/2024 09:15;37;kWh;-817;38320;0;0;39137;37503
23/06/2024 09:15;23/06/2024 09:30;38;kWh;-12414;0;0;0;12414;-12414
23/06/2024 09:30;23/06/2024 09:45;39;kWh;-44139;332;0;0;44471;-43807
23/06/2024 09:45;23/06/2024 10:00;40;kWh;-30906;4272;0;0;35178;-26634
23/06/2024 10:00;23/06/2024 10:15;41;kWh;-12043;18871;0;0;30914;6828
23/06/2024 10:15;23/06/2024 10:30;42;kWh;-9344;463;0;0;9807;-8881
23/06/2024 10:30;23/06/2024 10:45;43;kWh;-21342;0;0;0;21342;-21342
23/06/2024 10:45;23/06/2024 11:00;44;kWh;-21744;4472;0;0;26216;-17272
23/06/2024 11:00;23/06/2024 11:15;45;kWh;-8961;3316;0;0;12277;-5645
23/06/2024 11:15;23/06/2024 11:30;46;kWh;-7297;4800;0;0;12097;-2497
23/06/2024 11:30;23/06/2024 11:45;47;kWh;-9746;187;0;0;9933;-9559
23/06/2024 11:45;23/06/2024 12:00;48;kWh;-8465;25;0;0;8490;-8440
23/06/2024 12:00;23/06/2024 12:15;49;kWh;0;2684;0;0;2684;2684
23/06/2024 12:15;23/06/2024 12:30;50;kWh;0;67990;0;0;67990;67990
23/06/2024 12:30;23/06/2024 12:45;51;kWh;0;33642;0;0;33642;33642
23/06/2024 12:45;23/06/2024 13:00;52;kWh;0;6595;0;0;6595;6595
23/06/2024 13:00;23/06/2024 13:15;53;kWh;-2444;11597;0;0;14041;9153
23/06/2024 13:15;23/06/2024 13:30;54;kWh;-8139;4649;0;0;12788;-3490
23/06/2024 13:30;23/06/2024 13:45;55;kWh;-3993;18089;0;0;22082;14096
23/06/2024 13:45;23/06/2024 14:00;56;kWh;-10668;8517;0;0;19185;-2151
23/06/2024 14:00;23/06/2024 14:15;57;kWh;-13827;14338;0;0;28165;511
23/06/2024 14:15;23/06/2024 14:30;58;kWh;-20697;9675;0;0;30372;-11022
23/06/2024 14:30;23/06/2024 14:45;59;kWh;-22359;3556;0;0;25915;-18803
23/06/2024 14:45;23/06/2024 15:00;60;kWh;-30944;6698;0;0;37642;-24246
23/06/2024 15:00;23/06/2024 15:15;61;kWh;-32069;0;0;0;32069;-32069
23/06/2024 15:15;23/06/2024 15:30;62;kWh;-49520;137;0;0;49657;-49383
23/06/2024 15:30;23/06/2024 15:45;63;kWh;-47321;0;0;0;47321;-47321
23/06/2024 15:45;23/06/2024 16:00;64;kWh;-45551;0;0;0;45551;-45551
23/06/2024 16:00;23/06/2024 16:15;65;kWh;-55764;0;0;0;55764;-55764
23/06/2024 16:15;23/06/2024 16:30;66;kWh;-44544;0;0;0;44544;-44544
23/06/2024 16:30;23/06/2024 16:45;67;kWh;-28301;5502;0;0;33803;-22799
23/06/2024 16:45;23/06/2024 17:00;68;kWh;-33008;113;0;0;33121;-32895
23/06/2024 17:00;23/06/2024 17:15;69;kWh;-133266;0;0;0;133266;-133266
23/06/2024 17:15;23/06/2024 17:30;70;kWh;-91853;0;0;0;91853;-91853
23/06/2024 17:30;23/06/2024 17:45;71;kWh;-45980;2310;0;0;48290;-43670
23/06/2024 17:45;23/06/2024 18:00;72;kWh;-27806;5271;0;0;33077;-22535
23/06/2024 18:00;23/06/2024 18:15;73;kWh;-36093;0;0;0;36093;-36093
23/06/2024 18:15;23/06/2024 18:30;74;kWh;-15848;2152;0;0;18000;-13696
23/06/2024 18:30;23/06/2024 18:45;75;kWh;-16940;2547;0;0;19487;-14393
23/06/2024 18:45;23/06/2024 19:00;76;kWh;0;40094;0;0;40094;40094
23/06/2024 19:00;23/06/2024 19:15;77;kWh;-1565;4004;0;0;5569;2439
23/06/2024 19:15;23/06/2024 19:30;78;kWh;-14769;1327;0;0;16096;-13442
23/06/2024 19:30;23/06/2024 19:45;79;kWh;0;14971;0;0;14971;14971
23/06/2024 19:45;23/06/2024 20:00;80;kWh;-7044;28714;0;0;35758;21670
23/06/2024 20:00;23/06/2024 20:15;81;kWh;-47885;6372;0;0;54257;-41513
23/06/2024 20:15;23/06/2024 20:30;82;kWh;-841;10023;0;0;10864;9182
23/06/2024 20:30;23/06/2024 20:45;83;kWh;0;48644;0;0;48644;48644
23/06/2024 20:45;23/06/2024 21:00;84;kWh;0;95989;0;0;95989;95989
23/06/2024 21:00;23/06/2024 21:15;85;kWh;-2647;9169;0;0;11816;6522
23/06/2024 21:15;23/06/2024 21:30;86;kWh;-67;15972;0;0;16039;15905
23/06/2024 21:30;23/06/2024 21:45;87;kWh;0;38064;0;0;38064;38064
23/06/2024 21:45;23/06/2024 22:00;88;kWh;0;44810;0;0;44810;44810
23/06/2024 22:00;23/06/2024 22:15;89;kWh;0;52792;0;0;52792;52792
23/06/2024 22:15;23/06/2024 22:30;90;kWh;0;68538;0;0;68538;68538
23/06/2024 22:30;23/06/2024 22:45;91;kWh;0;66639;0;0;66639;66639
23/06/2024 22:45;23/06/2024 23:00;92;kWh;0;62791;0;0;62791;62791
23/06/2024 23:00;23/06/2024 23:15;93;kWh;0;21040;0;0;21040;21040
23/06/2024 23:15;23/06/2024 23:30;94;kWh;0;3792;0;0;3792;3792
23/06/2024 23:30;23/06/2024 23:45;95;kWh;-328;6122;0;0;6450;5794
23/06/2024 23:45;24/06/2024 00:00;96;kWh;0;21544;0;0;21544;21544
24/06/2024 00:00;24/06/2024 00:15;1;kWh;-6084;1595;0;0;7679;-4489
24/06/2024 00:15;24/06/2024 00:30;2;kWh;0;4669;0;0;4669;4669
24/06/2024 00:30;24/06/2024 00:45;3;kWh;0;3977;0;0;3977;3977
24/06/2024 00:45;24/06/2024 01:00;4;kWh;0;12;0;0;12;12
24/06/2024 01:00;24/06/2024 01:15;5;kWh;0;7120;0;0;7120;7120
24/06/2024 01:15;24/06/2024 01:30;6;kWh;0;4710;0;0;4710;4710
24/06/2024 01:30;24/06/2024 01:45;7;kWh;0;7146;0;0;7146;7146
24/06/2024 01:45;24/06/2024 02:00;8;kWh;-74;2465;0;0;2539;2391
24/06/2024 02:00;24/06/2024 02:15;9;kWh;-511;0;0;0;511;-511
24/06/2024 02:15;24/06/2024 02:30;10;kWh;0;1830;0;0;1830;1830
24/06/2024 02:30;24/06/2024 02:45;11;kWh;0;126;0;0;126;126
24/06/2024 02:45;24/06/2024 03:00;12;kWh;-1416;32;0;0;1448;-1384
24/06/2024 03:00;24/06/2024 03:15;13;kWh;-765;13419;0;0;14184;12654
24/06/2024 03:15;24/06/2024 03:30;14;kWh;0;19125;0;0;19125;19125
24/06/2024 03:30;24/06/2024 03:45;15;kWh;0;21308;0;0;21308;21308
24/06/2024 03:45;24/06/2024 04:00;16;kWh;0;8229;0;0;8229;8229
24/06/2024 04:00;24/06/2024 04:15;17;kWh;0;13434;0;0;13434;13434
24/06/2024 04:15;24/06/2024 04:30;18;kWh;0;10616;0;0;10616;10616
24/06/2024 04:30;24/06/2024 04:45;19;kWh;0;21886;0;0;21886;21886
24/06/2024 04:45;24/06/2024 05:00;20;kWh;0;19994;0;0;19994;19994
24/06/2024 05:00;24/06/2024 05:15;21;kWh;0;4150;0;0;4150;4150
24/06/2024 05:15;24/06/2024 05:30;22;kWh;-698;952;0;0;1650;254
24/06/2024 05:30;24/06/2024 05:45;23;kWh;-930;0;0;0;930;-930
24/06/2024 05:45;24/06/2024 06:00;24;kWh;-2967;0;0;0;2967;-2967
24/06/2024 06:00;24/06/2024 06:15;25;kWh;-3090;1064;0;0;4154;-2026
24/06/2024 06:15;24/06/2024 06:30;26;kWh;0;3463;0;0;3463;3463
24/06/2024 06:30;24/06/2024 06:45;27;kWh;0;1383;0;0;1383;1383
24/06/2024 06:45;24/06/2024 07:00;28;kWh;0;2741;0;0;2741;2741
24/06/2024 07:00;24/06/2024 07:15;29;kWh;0;31569;0;0;31569;31569
24/06/2024 07:15;24/06/2024 07:30;30;kWh;0;4187;0;0;4187;4187
24/06/2024 07:30;24/06/2024 07:45;31;kWh;0;0;0;0;0;0
24/06/2024 07:45;24/06/2024 08:00;32;kWh;0;0;0;0;0;0
24/06/2024 08:00;24/06/2024 08:15;33;kWh;0;713;0;0;713;713
24/06/2024 08:15;24/06/2024 08:30;34;kWh;0;2231;0;0;2231;2231
24/06/2024 08:30;24/06/2024 08:45;35;kWh;0;11181;0;0;11181;11181
24/06/2024 08:45;24/06/2024 09:00;36;kWh;0;31140;0;0;31140;31140
24/06/2024 09:00;24/06/2024 09:15;37;kWh;-849;4836;0;0;5685;3987
24/06/2024 09:15;24/06/2024 09:30;38;kWh;-1925;0;0;0;1925;-1925
24/06/2024 09:30;24/06/2024 09:45;39;kWh;-129;305;0;0;434;176
24/06/2024 09:45;24/06/2024 10:00;40;kWh;-19012;276;0;0;19288;-18736
24/06/2024 10:00;24/06/2024 10:15;41;kWh;-123;43908;0;0;44031;43785
24/06/2024 10:15;24/06/2024 10:30;42;kWh;-3445;672;0;0;4117;-2773
24/06/2024 10:30;24/06/2024 10:45;43;kWh;-14482;0;0;0;14482;-14482
24/06/2024 10:45;24/06/2024 11:00;44;kWh;-11515;0;0;0;11515;-11515
24/06/2024 11:00;24/06/2024 11:15;45;kWh;-1680;0;0;0;1680;-1680
24/06/2024 11:15;24/06/2024 11:30;46;kWh;-10598;0;0;0;10598;-10598
24/06/2024 11:30;24/06/2024 11:45;47;kWh;-10980;0;0;0;10980;-10980
24/06/2024 11:45;24/06/2024 12:00;48;kWh;-3527;1687;0;0;5214;-1840
24/06/2024 12:00;24/06/2024 12:15;49;kWh;-3357;1693;0;0;5050;-1664
24/06/2024 12:15;24/06/2024 12:30;50;kWh;-241;10540;0;0;10781;10299
24/06/2024 12:30;24/06/2024 12:45;51;kWh;0;41264;0;0;41264;41264
24/06/2024 12:45;24/06/2024 13:00;52;kWh;0;10956;0;0;10956;10956
24/06/2024 13:00;24/06/2024 13:15;53;kWh;-2930;0;0;0;2930;-2930
24/06/2024 13:15;24/06/2024 13:30;54;kWh;-3791;0;0;0;3791;-3791
24/06/2024 13:30;24/06/2024 13:45;55;kWh;-6261;0;0;0;6261;-6261
24/06/2024 13:45;24/06/2024 14:00;56;kWh;-22303;1041;0;0;23344;-21262
24/06/2024 14:00;24/06/2024 14:15;57;kWh;-19087;3;0;0;19090;-19084
24/06/2024 14:15;24/06/2024 14:30;58;kWh;-16648;0;0;0;16648;-16648
24/06/2024 14:30;24/06/2024 14:45;59;kWh;-13568;206;0;0;13774;-13362
24/06/2024 14:45;24/06/2024 15:00;60;kWh;-21994;930;0;0;22924;-21064
24/06/2024 15:00;24/06/2024 15:15;61;kWh;-13375;0;0;0;13375;-13375
24/06/2024 15:15;24/06/2024 15:30;62;kWh;-13584;206;0;0;13790;-13378
24/06/2024 15:30;24/06/2024 15:45;63;kWh;-15132;833;0;0;15965;-14299
24/06/2024 15:45;24/06/2024 16:00;64;kWh;-19686;0;0;0;19686;-19686
24/06/2024 16:00;24/06/2024 16:15;65;kWh;-51820;220;0;0;52040;-51600
24/06/2024 16:15;24/06/2024 16:30;66;kWh;-13612;0;0;0;13612;-13612
24/06/2024 16:30;24/06/2024 16:45;67;kWh;-13716;995;0;0;14711;-12721
24/06/2024 16:45;24/06/2024 17:00;68;kWh;-8387;5567;0;0;13954;-2820
24/06/2024 17:00;24/06/2024 17:15;69;kWh;-7105;3626;0;0;10731;-3479
24/06/2024 17:15;24/06/2024 17:30;70;kWh;-22391;862;0;0;23253;-21529
24/06/2024 17:30;24/06/2024 17:45;71;kWh;-9811;1860;0;0;11671;-7951
24/06/2024 17:45;24/06/2024 18:00;72;kWh;-239;1490;0;0;1729;1251
24/06/2024 18:00;24/06/2024 18:15;73;kWh;-56;4787;0;0;4843;4731
24/06/2024 18:15;24/06/2024 18:30;74;kWh;-15916;0;0;0;15916;-15916
24/06/2024 18:30;24/06/2024 18:45;75;kWh;-8819;0;0;0;8819;-8819
24/06/2024 18:45;24/06/2024 19:00;76;kWh;-82;0;0;0;82;-82
24/06/2024 19:00;24/06/2024 19:15;77;kWh;-7337;0;0;0;7337;-7337
24/06/2024 19:15;24/06/2024 19:30;78;kWh;-11881;597;0;0;12478;-11284
24/06/2024 19:30;24/06/2024 19:45;79;kWh;0;4914;0;0;4914;4914
24/06/2024 19:45;24/06/2024 20:00;80;kWh;0;58723;0;0;58723;58723
24/06/2024 20:00;24/06/2024 20:15;81;kWh;0;8390;0;0;8390;8390
24/06/2024 20:15;24/06/2024 20:30;82;kWh;0;16108;0;0;16108;16108
24/06/2024 20:30;24/06/2024 20:45;83;kWh;0;39598;0;0;39598;39598
24/06/2024 20:45;24/06/2024 21:00;84;kWh;0;34938;0;0;34938;34938
24/06/2024 21:00;24/06/2024 21:15;85;kWh;0;15043;0;0;15043;15043
24/06/2024 21:15;24/06/2024 21:30;86;kWh;0;3585;0;0;3585;3585
24/06/2024 21:30;24/06/2024 21:45;87;kWh;0;1306;0;0;1306;1306
24/06/2024 21:45;24/06/2024 22:00;88;kWh;-33;210;0;0;243;177
24/06/2024 22:00;24/06/2024 22:15;89;kWh;-695;19894;0;0;20589;19199
24/06/2024 22:15;24/06/2024 22:30;90;kWh;0;30277;0;0;30277;30277
24/06/2024 22:30;24/06/2024 22:45;91;kWh;0;13057;0;0;13057;13057
24/06/2024 22:45;24/06/2024 23:00;92;kWh;0;40;0;0;40;40
24/06/2024 23:00;24/06/2024 23:15;93;kWh;-109;0;0;0;109;-109
24/06/2024 23:15;24/06/2024 23:30;94;kWh;-70;0;0;0;70;-70
24/06/2024 23:30;24/06/2024 23:45;95;kWh;-732;458;0;0;1190;-274
24/06/2024 23:45;25/06/2024 00:00;96;kWh;-1318;6282;0;0;7600;4964
25/06/2024 00:00;25/06/2024 00:15;1;kWh;-4423;190;0;0;4613;-4233
25/06/2024 00:15;25/06/2024 00:30;2;kWh;-10310;0;0;0;10310;-10310
25/06/2024 00:30;25/06/2024 00:45;3;kWh;0;0;0;0;0;0
25/06/2024 00:45;25/06/2024 01:00;4;kWh;0;1848;0;0;1848;1848
25/06/2024 01:00;25/06/2024 01:15;5;kWh;0;861;0;0;861;861
25/06/2024 01:15;25/06/2024 01:30;6;kWh;0;2123;0;0;2123;2123
25/06/2024 01:30;25/06/2024 01:45;7;kWh;0;0;0;0;0;0
25/06/2024 01:45;25/06/2024 02:00;8;kWh;-223;0;0;0;223;-223
25/06/2024 02:00;25/06/2024 02:15;9;kWh;-5057;0;0;0;5057;-5057
25/06/2024 02:15;25/06/2024 02:30;10;kWh;-1935;0;0;0;1935;-1935
25/06/2024 02:30;25/06/2024 02:45;11;kWh;-3910;0;0;0;3910;-3910
25/06/2024 02:45;25/06/2024 03:00;12;kWh;-6315;0;0;0;6315;-6315
25/06/2024 03:00;25/06/2024 03:15;13;kWh;-1057;7476;0;0;8533;6419
25/06/2024 03:15;25/06/2024 03:30;14;kWh;0;10104;0;0;10104;10104
25/06/2024 03:30;25/06/2024 03:45;15;kWh;0;11855;0;0;11855;11855
25/06/2024 03:45;25/06/2024 04:00;16;kWh;0;4975;0;0;4975;4975
25/06/2024 04:00;25/06/2024 04:15;17;kWh;0;0;0;0;0;0
25/06/2024 04:15;25/06/2024 04:30;18;kWh;0;197;0;0;197;197
25/06/2024 04:30;25/06/2024 04:45;19;kWh;0;4692;0;0;4692;4692
25/06/2024 04:45;25/06/2024 05:00;20;kWh;0;232;0;0;232;232
25/06/2024 05:00;25/06/2024 05:15;21;kWh;0;3490;0;0;3490;3490
25/06/2024 05:15;25/06/2024 05:30;22;kWh;0;2262;0;0;2262;2262
25/06/2024 05:30;25/06/2024 05:45;23;kWh;0;189;0;0;189;189
25/06/2024 05:45;25/06/2024 06:00;24;kWh;0;415;0;0;415;415
25/06/2024 06:00;25/06/2024 06:15;25;kWh;0;21930;0;0;21930;21930
25/06/2024 06:15;25/06/2024 06:30;26;kWh;0;38393;0;0;38393;38393
25/06/2024 06:30;25/06/2024 06:45;27;kWh;0;32061;0;0;32061;32061
25/06/2024 06:45;25/06/2024 07:00;28;kWh;0;10022;0;0;10022;10022
25/06/2024 07:00;25/06/2024 07:15;29;kWh;0;27865;0;0;27865;27865
25/06/2024 07:15;25/06/2024 07:30;30;kWh;0;24992;0;0;24992;24992
25/06/2024 07:30;25/06/2024 07:45;31;kWh;0;26317;0;0;26317;26317
25/06/2024 07:45;25/06/2024 08:00;32;kWh;0;1581;0;0;1581;1581
25/06/2024 08:00;25/06/2024 08:15;33;kWh;0;13611;0;0;13611;13611
25/06/2024 08:15;25/06/2024 08:30;34;kWh;0;15325;0;0;15325;15325
25/06/2024 08:30;25/06/2024 08:45;35;kWh;-1249;0;0;0;1249;-1249
25/06/2024 08:45;25/06/2024 09:00;36;kWh;-3549;0;0;0;3549;-3549
25/06/2024 09:00;25/06/2024 09:15;37;kWh;-4098;0;0;0;4098;-4098
25/06/2024 09:15;25/06/2024 09:30;38;kWh;-2303;0;0;0;2303;-2303
25/06/2024 09:30;25/06/2024 09:45;39;kWh;-7381;0;0;0;7381;-7381
25/06/2024 09:45;25/06/2024 10:00;40;kWh;-11135;0;0;0;11135;-11135
25/06/2024 10:00;25/06/2024 10:15;41;kWh;-2467;2108;0;0;4575;-359
25/06/2024 10:15;25/06/2024 10:30;42;kWh;0;7205;0;0;7205;7205
25/06/2024 10:30;25/06/2024 10:45;43;kWh;0;1283;0;0;1283;1283
25/06/2024 10:45;25/06/2024 11:00;44;kWh;-4841;2;0;0;4843;-4839
25/06/2024 11:00;25/06/2024 11:15;45;kWh;-225;55413;0;0;55638;55188
25/06/2024 11:15;25/06/2024 11:30;46;kWh;0;19259;0;0;19259;19259
25/06/2024 11:30;25/06/2024 11:45;47;kWh;0;289;0;0;289;289
25/06/2024 11:45;25/06/2024 12:00;48;kWh;-5473;0;0;0;5473;-5473
25/06/2024 12:00;25/06/2024 12:15;49;kWh;-9181;0;0;0;9181;-9181
25/06/2024 12:15;25/06/2024 12:30;50;kWh;-3202;0;0;0;3202;-3202
25/06/2024 12:30;25/06/2024 12:45;51;kWh;-4203;0;0;0;4203;-4203
25/06/2024 12:45;25/06/2024 13:00;52;kWh;-5214;0;0;0;5214;-5214
25/06/2024 13:00;25/06/2024 13:15;53;kWh;-3387;0;0;0;3387;-3387
25/06/2024 13:15;25/06/2024 13:30;54;kWh;-1455;0;0;0;1455;-1455
25/06/2024 13:30;25/06/2024 13:45;55;kWh;-2;0;0;0;2;-2
25/06/2024 13:45;25/06/2024 14:00;56;kWh;-6013;0;0;0;6013;-6013
25/06/2024 14:00;25/06/2024 14:15;57;kWh;-3541;0;0;0;3541;-3541
25/06/2024 14:15;25/06/2024 14:30;58;kWh;-1432;0;0;0;1432;-1432
25/06/2024 14:30;25/06/2024 14:45;59;kWh;-321;0;0;0;321;-321
25/06/2024 14:45;25/06/2024 15:00;60;kWh;-6899;350;0;0;7249;-6549
25/06/2024 15:00;25/06/2024 15:15;61;kWh;-16824;0;0;0;16824;-16824
25/06/2024 15:15;25/06/2024 15:30;62;kWh;-15593;0;0;0;15593;-15593
25/06/2024 15:30;25/06/2024 15:45;63;kWh;-19702;0;0;0;19702;-19702
25/06/2024 15:45;25/06/2024 16:00;64;kWh;-19702;0;0;0;19702;-19702
25/06/2024 16:00;25/06/2024 16:15;65;kWh;-18164;0;0;0;18164;-18164
25/06/2024 16:15;25/06/2024 16:30;66;kWh;-14515;6705;0;0;21220;-7810
25/06/2024 16:30;25/06/2024 16:45;67;kWh;-19310;1564;0;0;20874;-17746
25/06/2024 16:45;25/06/2024 17:00;68;kWh;-15908;0;0;0;15908;-15908
25/06/2024 17:00;25/06/2024 17:15;69;kWh;-4169;0;0;0;4169;-4169
25/06/2024 17:15;25/06/2024 17:30;70;kWh;-1884;11;0;0;1895;-1873
25/06/2024 17:30;25/06/2024 17:45;71;kWh;-45;0;0;0;45;-45
25/06/2024 17:45;25/06/2024 18:00;72;kWh;0;896;0;0;896;896
25/06/2024 18:00;25/06/2024 18:15;73;kWh;0;6258;0;0;6258;6258
25/06/2024 18:15;25/06/2024 18:30;74;kWh;0;10579;0;0;10579;10579
25/06/2024 18:30;25/06/2024 18:45;75;kWh;0;987;0;0;987;987
25/06/2024 18:45;25/06/2024 19:00;76;kWh;0;22;0;0;22;22
25/06/2024 19:00;25/06/2024 19:15;77;kWh;-11358;0;0;0;11358;-11358
25/06/2024 19:15;25/06/2024 19:30;78;kWh;-624;13745;0;0;14369;13121
25/06/2024 19:30;25/06/2024 19:45;79;kWh;0;48954;0;0;48954;48954
25/06/2024 19:45;25/06/2024 20:00;80;kWh;0;42224;0;0;42224;42224
25/06/2024 20:00;25/06/2024 20:15;81;kWh;0;49198;0;0;49198;49198
25/06/2024 20:15;25/06/2024 20:30;82;kWh;0;88480;0;20834;109314;109314
25/06/2024 20:30;25/06/2024 20:45;83;kWh;0;88086;0;105278;193364;193364
25/06/2024 20:45;25/06/2024 21:00;84;kWh;0;66158;0;126909;193067;193067
25/06/2024 21:00;25/06/2024 21:15;85;kWh;0;37397;0;126909;164306;164306
25/06/2024 21:15;25/06/2024 21:30;86;kWh;0;24408;0;84606;109014;109014
25/06/2024 21:30;25/06/2024 21:45;87;kWh;0;3628;0;0;3628;3628
25/06/2024 21:45;25/06/2024 22:00;88;kWh;-4380;0;0;0;4380;-4380
25/06/2024 22:00;25/06/2024 22:15;89;kWh;-586;0;0;0;586;-586
25/06/2024 22:15;25/06/2024 22:30;90;kWh;0;883;0;0;883;883
25/06/2024 22:30;25/06/2024 22:45;91;kWh;0;7494;0;0;7494;7494
25/06/2024 22:45;25/06/2024 23:00;92;kWh;-6400;0;0;0;6400;-6400
25/06/2024 23:00;25/06/2024 23:15;93;kWh;-8902;0;0;0;8902;-8902
25/06/2024 23:15;25/06/2024 23:30;94;kWh;0;0;0;0;0;0
25/06/2024 23:30;25/06/2024 23:45;95;kWh;-33;0;0;0;33;-33
25/06/2024 23:45;26/06/2024 00:00;96;kWh;-2893;0;0;0;2893;-2893
26/06/2024 00:00;26/06/2024 00:15;1;kWh;0;5093;0;0;5093;5093
26/06/2024 00:15;26/06/2024 00:30;2;kWh;0;16307;0;0;16307;16307
26/06/2024 00:30;26/06/2024 00:45;3;kWh;0;1609;0;0;1609;1609
26/06/2024 00:45;26/06/2024 01:00;4;kWh;0;471;0;0;471;471
26/06/2024 01:00;26/06/2024 01:15;5;kWh;0;29688;0;0;29688;29688
26/06/2024 01:15;26/06/2024 01:30;6;kWh;0;33743;0;0;33743;33743
26/06/2024 01:30;26/06/2024 01:45;7;kWh;0;26017;0;0;26017;26017
26/06/2024 01:45;26/06/2024 02:00;8;kWh;0;19528;0;0;19528;19528
26/06/2024 02:00;26/06/2024 02:15;9;kWh;0;23354;0;0;23354;23354
26/06/2024 02:15;26/06/2024 02:30;10;kWh;0;31551;0;0;31551;31551
26/06/2024 02:30;26/06/2024 02:45;11;kWh;0;47131;0;0;47131;47131
26/06/2024 02:45;26/06/2024 03:00;12;kWh;0;44785;0;0;44785;44785
26/06/2024 03:00;26/06/2024 03:15;13;kWh;0;20932;0;0;20932;20932
26/06/2024 03:15;26/06/2024 03:30;14;kWh;0;23758;0;0;23758;23758
26/06/2024 03:30;26/06/2024 03:45;15;kWh;0;29561;0;0;29561;29561
26/06/2024 03:45;26/06/2024 04:00;16;kWh;0;44750;0;0;44750;44750
26/06/2024 04:00;26/06/2024 04:15;17;kWh;0;52282;0;0;52282;52282
26/06/2024 04:15;26/06/2024 04:30;18;kWh;0;42276;0;0;42276;42276
26/06/2024 04:30;26/06/2024 04:45;19;kWh;0;57928;0;0;57928;57928
26/06/2024 04:45;26/06/2024 05:00;20;kWh;0;52831;0;0;52831;52831
26/06/2024 05:00;26/06/2024 05:15;21;kWh;-16167;1442;0;0;17609;-14725
26/06/2024 05:15;26/06/2024 05:30;22;kWh;-14360;0;0;0;14360;-14360
26/06/2024 05:30;26/06/2024 05:45;23;kWh;-257;8767;0;0;9024;8510
26/06/2024 05:45;26/06/2024 06:00;24;kWh;0;30526;0;0;30526;30526
26/06/2024 06:00;26/06/2024 06:15;25;kWh;0;18419;0;0;18419;18419
26/06/2024 06:15;26/06/2024 06:30;26;kWh;0;0;0;0;0;0
26/06/2024 06:30;26/06/2024 06:45;27;kWh;0;0;0;0;0;0
26/06/2024 06:45;26/06/2024 07:00;28;kWh;0;6765;0;0;6765;6765
26/06/2024 07:00;26/06/2024 07:15;29;kWh;0;51608;0;0;51608;51608
26/06/2024 07:15;26/06/2024 07:30;30;kWh;0;25559;0;0;25559;25559
26/06/2024 07:30;26/06/2024 07:45;31;kWh;0;21197;0;0;21197;21197
26/06/2024 07:45;26/06/2024 08:00;32;kWh;0;3432;0;0;3432;3432
26/06/2024 08:00;26/06/2024 08:15;33;kWh;0;60984;0;0;60984;60984
26/06/2024 08:15;26/06/2024 08:30;34;kWh;0;64666;0;26684;91350;91350
26/06/2024 08:30;26/06/2024 08:45;35;kWh;-8092;1054;0;26680;35826;19642
26/06/2024 08:45;26/06/2024 09:00;36;kWh;-14433;0;0;0;14433;-14433
26/06/2024 09:00;26/06/2024 09:15;37;kWh;-813;21413;0;0;22226;20600
26/06/2024 09:15;26/06/2024 09:30;38;kWh;0;768;0;0;768;768
26/06/2024 09:30;26/06/2024 09:45;39;kWh;-11378;0;0;0;11378;-11378
26/06/2024 09:45;26/06/2024 10:00;40;kWh;-20339;0;0;0;20339;-20339
26/06/2024 10:00;26/06/2024 10:15;41;kWh;-5431;2303;0;0;7734;-3128
26/06/2024 10:15;26/06/2024 10:30;42;kWh;-32;209;0;0;241;177
26/06/2024 10:30;26/06/2024 10:45;43;kWh;-2570;0;0;0;2570;-2570
26/06/2024 10:45;26/06/2024 11:00;44;kWh;-7738;0;0;0;7738;-7738
26/06/2024 11:00;26/06/2024 11:15;45;kWh;-5085;13830;0;0;18915;8745
26/06/2024 11:15;26/06/2024 11:30;46;kWh;-5687;7996;0;0;13683;2309
26/06/2024 11:30;26/06/2024 11:45;47;kWh;-23807;0;0;0;23807;-23807
26/06/2024 11:45;26/06/2024 12:00;48;kWh;-15495;10;0;0;15505;-15485
26/06/2024 12:00;26/06/2024 12:15;49;kWh;-7658;0;0;0;7658;-7658
26/06/2024 12:15;26/06/2024 12:30;50;kWh;-4673;0;0;0;4673;-4673
26/06/2024 12:30;26/06/2024 12:45;51;kWh;-4897;156;0;0;5053;-4741
26/06/2024 12:45;26/06/2024 13:00;52;kWh;-9552;433;0;0;9985;-9119
26/06/2024 13:00;26/06/2024 13:15;53;kWh;-408;2854;0;0;3262;2446
26/06/2024 13:15;26/06/2024 13:30;54;kWh;-321;6724;0;0;7045;6403
26/06/2024 13:30;26/06/2024 13:45;55;kWh;-5472;944;0;0;6416;-4528
26/06/2024 13:45;26/06/2024 14:00;56;kWh;-2372;4421;0;0;6793;2049
26/06/2024 14:00;26/06/2024 14:15;57;kWh;-1360;0;0;0;1360;-1360
26/06/2024 14:15;26/06/2024 14:30;58;kWh;-872;0;0;0;872;-872
26/06/2024 14:30;26/06/2024 14:45;59;kWh;0;0;0;0;0;0
26/06/2024 14:45;26/06/2024 15:00;60;kWh;-2880;0;0;0;2880;-2880
26/06/2024 15:00;26/06/2024 15:15;61;kWh;-5589;17;0;0;5606;-5572
26/06/2024 15:15;26/06/2024 15:30;62;kWh;-685;310;0;0;995;-375
26/06/2024 15:30;26/06/2024 15:45;63;kWh;0;5830;0;0;5830;5830
26/06/2024 15:45;26/06/2024 16:00;64;kWh;0;2992;0;0;2992;2992
26/06/2024 16:00;26/06/2024 16:15;65;kWh;-6800;0;0;0;6800;-6800
26/06/2024 16:15;26/06/2024 16:30;66;kWh;-6346;1546;0;0;7892;-4800
26/06/2024 16:30;26/06/2024 16:45;67;kWh;0;5737;0;0;5737;5737
26/06/2024 16:45;26/06/2024 17:00;68;kWh;0;6622;0;0;6622;6622
26/06/2024 17:00;26/06/2024 17:15;69;kWh;-18042;1583;0;0;19625;-16459
26/06/2024 17:15;26/06/2024 17:30;70;kWh;0;6791;0;0;6791;6791
26/06/2024 17:30;26/06/2024 17:45;71;kWh;0;17186;0;0;17186;17186
26/06/2024 17:45;26/06/2024 18:00;72;kWh;0;26020;0;0;26020;26020
26/06/2024 18:00;26/06/2024 18:15;73;kWh;-23471;1545;0;0;25016;-21926
26/06/2024 18:15;26/06/2024 18:30;74;kWh;-6870;30;0;0;6900;-6840
26/06/2024 18:30;26/06/2024 18:45;75;kWh;0;8404;0;0;8404;8404
26/06/2024 18:45;26/06/2024 19:00;76;kWh;0;21219;0;0;21219;21219
26/06/2024 19:00;26/06/2024 19:15;77;kWh;0;10053;0;0;10053;10053
26/06/2024 19:15;26/06/2024 19:30;78;kWh;0;23232;0;0;23232;23232
26/06/2024 19:30;26/06/2024 19:45;79;kWh;0;38310;0;0;38310;38310
26/06/2024 19:45;26/06/2024 20:00;80;kWh;0;83950;0;0;83950;83950
26/06/2024 20:00;26/06/2024 20:15;81;kWh;0;24487;0;0;24487;24487
26/06/2024 20:15;26/06/2024 20:30;82;kWh;0;51768;0;0;51768;51768
26/06/2024 20:30;26/06/2024 20:45;83;kWh;0;85445;0;0;85445;85445
26/06/2024 20:45;26/06/2024 21:00;84;kWh;0;92902;0;0;92902;92902
26/06/2024 21:00;26/06/2024 21:15;85;kWh;0;57294;0;0;57294;57294
26/06/2024 21:15;26/06/2024 21:30;86;kWh;0;24977;0;0;24977;24977
26/06/2024 21:30;26/06/2024 21:45;87;kWh;0;4522;0;0;4522;4522
26/06/2024 21:45;26/06/2024 22:00;88;kWh;0;2894;0;0;2894;2894
26/06/2024 22:00;26/06/2024 22:15;89;kWh;0;2295;0;0;2295;2295
26/06/2024 22:15;26/06/2024 22:30;90;kWh;0;9902;0;0;9902;9902
26/06/2024 22:30;26/06/2024 22:45;91;kWh;0;10648;0;0;10648;10648
26/06/2024 22:45;26/06/2024 23:00;92;kWh;0;8806;0;0;8806;8806
26/06/2024 23:00;26/06/2024 23:15;93;kWh;0;27762;0;0;27762;27762
26/06/2024 23:15;26/06/2024 23:30;94;kWh;0;7569;0;0;7569;7569
26/06/2024 23:30;26/06/2024 23:45;95;kWh;0;0;0;0;0;0
26/06/2024 23:45;27/06/2024 00:00;96;kWh;0;0;0;0;0;0
27/06/2024 00:00;27/06/2024 00:15;1;kWh;0;3971;0;0;3971;3971
27/06/2024 00:15;27/06/2024 00:30;2;kWh;0;2322;0;0;2322;2322
27/06/2024 00:30;27/06/2024 00:45;3;kWh;0;1399;0;0;1399;1399
27/06/2024 00:45;27/06/2024 01:00;4;kWh;0;2078;0;0;2078;2078
27/06/2024 01:00;27/06/2024 01:15;5;kWh;-266;651;0;0;917;385
27/06/2024 01:15;27/06/2024 01:30;6;kWh;0;30181;0;0;30181;30181
27/06/2024 01:30;27/06/2024 01:45;7;kWh;0;28736;0;0;28736;28736
27/06/2024 01:45;27/06/2024 02:00;8;kWh;0;26075;0;0;26075;26075
27/06/2024 02:00;27/06/2024 02:15;9;kWh;0;276;0;0;276;276
27/06/2024 02:15;27/06/2024 02:30;10;kWh;0;0;0;0;0;0
27/06/2024 02:30;27/06/2024 02:45;11;kWh;0;0;0;0;0;0
27/06/2024 02:45;27/06/2024 03:00;12;kWh;0;0;0;0;0;0
27/06/2024 03:00;27/06/2024 03:15;13;kWh;0;222;0;0;222;222
27/06/2024 03:15;27/06/2024 03:30;14;kWh;0;2001;0;0;2001;2001
27/06/2024 03:30;27/06/2024 03:45;15;kWh;0;12;0;0;12;12
27/06/2024 03:45;27/06/2024 04:00;16;kWh;0;230;0;0;230;230
27/06/2024 04:00;27/06/2024 04:15;17;kWh;0;394;0;0;394;394
27/06/2024 04:15;27/06/2024 04:30;18;kWh;0;0;0;0;0;0
27/06/2024 04:30;27/06/2024 04:45;19;kWh;-1922;0;0;0;1922;-1922
27/06/2024 04:45;27/06/2024 05:00;20;kWh;-3133;0;0;0;3133;-3133
27/06/2024 05:00;27/06/2024 05:15;21;kWh;-2800;0;0;0;2800;-2800
27/06/2024 05:15;27/06/2024 05:30;22;kWh;-10600;0;0;0;10600;-10600
27/06/2024 05:30;27/06/2024 05:45;23;kWh;-17353;0;0;0;17353;-17353
27/06/2024 05:45;27/06/2024 06:00;24;kWh;-25829;0;0;0;25829;-25829
27/06/2024 06:00;27/06/2024 06:15;25;kWh;-2128;976;0;0;3104;-1152
27/06/2024 06:15;27/06/2024 06:30;26;kWh;0;4384;0;0;4384;4384
27/06/2024 06:30;27/06/2024 06:45;27;kWh;-384;327;0;0;711;-57
27/06/2024 06:45;27/06/2024 07:00;28;kWh;-19138;0;0;0;19138;-19138
27/06/2024 07:00;27/06/2024 07:15;29;kWh;-10767;0;0;0;10767;-10767
27/06/2024 07:15;27/06/2024 07:30;30;kWh;0;1518;0;0;1518;1518
27/06/2024 07:30;27/06/2024 07:45;31;kWh;-211;2060;0;0;2271;1849
27/06/2024 07:45;27/06/2024 08:00;32;kWh;-700;6028;0;0;6728;5328
27/06/2024 08:00;27/06/2024 08:15;33;kWh;0;51832;0;0;51832;51832
27/06/2024 08:15;27/06/2024 08:30;34;kWh;0;22598;0;0;22598;22598
27/06/2024 08:30;27/06/2024 08:45;35;kWh;0;26799;0;0;26799;26799
27/06/2024 08:45;27/06/2024 09:00;36;kWh;0;1398;0;0;1398;1398
27/06/2024 09:00;27/06/2024 09:15;37;kWh;0;3896;0;0;3896;3896
27/06/2024 09:15;27/06/2024 09:30;38;kWh;0;4552;0;0;4552;4552
27/06/2024 09:30;27/06/2024 09:45;39;kWh;0;4077;0;0;4077;4077
27/06/2024 09:45;27/06/2024 10:00;40;kWh;0;25308;0;0;25308;25308
27/06/2024 10:00;27/06/2024 10:15;41;kWh;0;9888;0;0;9888;9888
27/06/2024 10:15;27/06/2024 10:30;42;kWh;0;204;0;0;204;204
27/06/2024 10:30;27/06/2024 10:45;43;kWh;-256;350;0;0;606;94
27/06/2024 10:45;27/06/2024 11:00;44;kWh;-18158;0;0;0;18158;-18158
27/06/2024 11:00;27/06/2024 11:15;45;kWh;-380;39543;0;0;39923;39163
27/06/2024 11:15;27/06/2024 11:30;46;kWh;0;47358;0;0;47358;47358
27/06/2024 11:30;27/06/2024 11:45;47;kWh;0;56899;0;0;56899;56899
27/06/2024 11:45;27/06/2024 12:00;48;kWh;0;13706;0;0;13706;13706
27/06/2024 12:00;27/06/2024 12:15;49;kWh;0;0;0;0;0;0
27/06/2024 12:15;27/06/2024 12:30;50;kWh;-1433;0;0;0;1433;-1433
27/06/2024 12:30;27/06/2024 12:45;51;kWh;-5769;4338;0;0;10107;-1431
27/06/2024 12:45;27/06/2024 13:00;52;kWh;-11392;0;0;0;11392;-11392
27/06/2024 13:00;27/06/2024 13:15;53;kWh;-15598;3777;0;0;19375;-11821
27/06/2024 13:15;27/06/2024 13:30;54;kWh;-19808;851;0;0;20659;-18957
27/06/2024 13:30;27/06/2024 13:45;55;kWh;-13760;0;0;0;13760;-13760
27/06/2024 13:45;27/06/2024 14:00;56;kWh;-4132;0;0;0;4132;-4132
27/06/2024 14:00;27/06/2024 14:15;57;kWh;-7;5841;0;0;5848;5834
27/06/2024 14:15;27/06/2024 14:30;58;kWh;0;28454;0;0;28454;28454
27/06/2024 14:30;27/06/2024 14:45;59;kWh;0;35595;0;0;35595;35595
27/06/2024 14:45;27/06/2024 15:00;60;kWh;0;7774;0;0;7774;7774
27/06/2024 15:00;27/06/2024 15:15;61;kWh;0;10413;0;0;10413;10413
27/06/2024 15:15;27/06/2024 15:30;62;kWh;-963;0;0;0;963;-963
27/06/2024 15:30;27/06/2024 15:45;63;kWh;-11283;423;0;0;11706;-10860
27/06/2024 15:45;27/06/2024 16:00;64;kWh;-5262;439;0;0;5701;-4823
27/06/2024 16:00;27/06/2024 16:15;65;kWh;-21984;988;0;0;22972;-20996
27/06/2024 16:15;27/06/2024 16:30;66;kWh;-12183;238;0;0;12421;-11945
27/06/2024 16:30;27/06/2024 16:45;67;kWh;-590;2001;0;0;2591;1411
27/06/2024 16:45;27/06/2024 17:00;68;kWh;0;14928;0;0;14928;14928
27/06/2024 17:00;27/06/2024 17:15;69;kWh;-2118;339;0;0;2457;-1779
27/06/2024 17:15;27/06/2024 17:30;70;kWh;0;61517;0;0;61517;61517
27/06/2024 17:30;27/06/2024 17:45;71;kWh;0;116713;0;0;116713;116713
27/06/2024 17:45;27/06/2024 18:00;72;kWh;0;53151;0;0;53151;53151
27/06/2024 18:00;27/06/2024 18:15;73;kWh;0;22336;0;0;22336;22336
27/06/2024 18:15;27/06/2024 18:30;74;kWh;-8014;83;0;0;8097;-7931
27/06/2024 18:30;27/06/2024 18:45;75;kWh;-3123;0;0;0;3123;-3123
27/06/2024 18:45;27/06/2024 19:00;76;kWh;-2122;0;0;0;2122;-2122
27/06/2024 19:00;27/06/2024 19:15;77;kWh;-30064;0;0;0;30064;-30064
27/06/2024 19:15;27/06/2024 19:30;78;kWh;-38329;0;0;0;38329;-38329
27/06/2024 19:30;27/06/2024 19:45;79;kWh;-43042;0;0;0;43042;-43042
27/06/2024 19:45;27/06/2024 20:00;80;kWh;-36345;0;0;0;36345;-36345
27/06/2024 20:00;27/06/2024 20:15;81;kWh;-48492;153;0;0;48645;-48339
27/06/2024 20:15;27/06/2024 20:30;82;kWh;-6528;3438;0;0;9966;-3090
27/06/2024 20:30;27/06/2024 20:45;83;kWh;-1477;10074;0;0;11551;8597
27/06/2024 20:45;27/06/2024 21:00;84;kWh;-4734;16223;0;0;20957;11489
27/06/2024 21:00;27/06/2024 21:15;85;kWh;-8613;0;0;0;8613;-8613
27/06/2024 21:15;27/06/2024 21:30;86;kWh;-12424;0;0;0;12424;-12424
27/06/2024 21:30;27/06/2024 21:45;87;kWh;-8507;0;0;0;8507;-8507
27/06/2024 21:45;27/06/2024 22:00;88;kWh;-1318;0;0;0;1318;-1318
27/06/2024 22:00;27/06/2024 22:15;89;kWh;-394;24390;0;0;24784;23996
27/06/2024 22:15;27/06/2024 22:30;90;kWh;0;44937;0;0;44937;44937
27/06/2024 22:30;27/06/2024 22:45;91;kWh;0;38722;0;0;38722;38722
27/06/2024 22:45;27/06/2024 23:00;92;kWh;0;45402;0;0;45402;45402
27/06/2024 23:00;27/06/2024 23:15;93;kWh;0;40996;0;0;40996;40996
27/06/2024 23:15;27/06/2024 23:30;94;kWh;0;66067;0;0;66067;66067
27/06/2024 23:30;27/06/2024 23:45;95;kWh;0;55384;0;0;55384;55384
27/06/2024 23:45;28/06/2024 00:00;96;kWh;0;48982;0;0;48982;48982
28/06/2024 00:00;28/06/2024 00:15;1;kWh;0;93223;0;0;93223;93223
28/06/2024 00:15;28/06/2024 00:30;2;kWh;0;96034;0;0;96034;96034
28/06/2024 00:30;28/06/2024 00:45;3;kWh;0;78394;0;0;78394;78394
28/06/2024 00:45;28/06/2024 01:00;4;kWh;0;44691;0;0;44691;44691
28/06/2024 01:00;28/06/2024 01:15;5;kWh;0;28915;0;0;28915;28915
28/06/2024 01:15;28/06/2024 01:30;6;kWh;0;84740;0;0;84740;84740
28/06/2024 01:30;28/06/2024 01:45;7;kWh;0;61258;0;0;61258;61258
28/06/2024 01:45;28/06/2024 02:00;8;kWh;0;57800;0;0;57800;57800
28/06/2024 02:00;28/06/2024 02:15;9;kWh;0;6343;0;0;6343;6343
28/06/2024 02:15;28/06/2024 02:30;10;kWh;0;2645;0;0;2645;2645
28/06/2024 02:30;28/06/2024 02:45;11;kWh;0;7;0;0;7;7
28/06/2024 02:45;28/06/2024 03:00;12;kWh;-580;0;0;0;580;-580
28/06/2024 03:00;28/06/2024 03:15;13;kWh;-511;0;0;0;511;-511
28/06/2024 03:15;28/06/2024 03:30;14;kWh;-26;0;0;0;26;-26
28/06/2024 03:30;28/06/2024 03:45;15;kWh;0;0;0;0;0;0
28/06/2024 03:45;28/06/2024 04:00;16;kWh;-116;0;0;0;116;-116
28/06/2024 04:00;28/06/2024 04:15;17;kWh;0;12875;0;0;12875;12875
28/06/2024 04:15;28/06/2024 04:30;18;kWh;0;34910;0;0;34910;34910
28/06/2024 04:30;28/06/2024 04:45;19;kWh;0;2053;0;0;2053;2053
28/06/2024 04:45;28/06/2024 05:00;20;kWh;0;6778;0;0;6778;6778
28/06/2024 05:00;28/06/2024 05:15;21;kWh;0;34848;0;0;34848;34848
28/06/2024 05:15;28/06/2024 05:30;22;kWh;0;36650;0;0;36650;36650
28/06/2024 05:30;28/06/2024 05:45;23;kWh;0;838;0;0;838;838
28/06/2024 05:45;28/06/2024 06:00;24;kWh;-58;750;0;0;808;692
28/06/2024 06:00;28/06/2024 06:15;25;kWh;-4338;3521;0;0;7859;-817
28/06/2024 06:15;28/06/2024 06:30;26;kWh;0;2693;0;0;2693;2693
28/06/2024 06:30;28/06/2024 06:45;27;kWh;0;12799;0;0;12799;12799
28/06/2024 06:45;28/06/2024 07:00;28;kWh;0;23169;0;0;23169;23169
28/06/2024 07:00;28/06/2024 07:15;29;kWh;0;27567;0;0;27567;27567
28/06/2024 07:15;28/06/2024 07:30;30;kWh;0;14426;0;0;14426;14426
28/06/2024 07:30;28/06/2024 07:45;31;kWh;-266;0;0;0;266;-266
28/06/2024 07:45;28/06/2024 08:00;32;kWh;-12957;0;0;0;12957;-12957
28/06/2024 08:00;28/06/2024 08:15;33;kWh;-13098;0;0;0;13098;-13098
28/06/2024 08:15;28/06/2024 08:30;34;kWh;-12557;0;0;0;12557;-12557
28/06/2024 08:30;28/06/2024 08:45;35;kWh;-7864;0;0;0;7864;-7864
28/06/2024 08:45;28/06/2024 09:00;36;kWh;0;3634;0;0;3634;3634
28/06/2024 09:00;28/06/2024 09:15;37;kWh;0;20642;0;0;20642;20642
28/06/2024 09:15;28/06/2024 09:30;38;kWh;0;19263;0;0;19263;19263
28/06/2024 09:30;28/06/2024 09:45;39;kWh;0;3417;0;0;3417;3417
28/06/2024 09:45;28/06/2024 10:00;40;kWh;-9710;0;0;0;9710;-9710
28/06/2024 10:00;28/06/2024 10:15;41;kWh;-8;32051;0;0;32059;32043
28/06/2024 10:15;28/06/2024 10:30;42;kWh;-10135;0;0;0;10135;-10135
28/06/2024 10:30;28/06/2024 10:45;43;kWh;-15290;0;0;0;15290;-15290
28/06/2024 10:45;28/06/2024 11:00;44;kWh;-22202;0;0;0;22202;-22202
28/06/2024 11:00;28/06/2024 11:15;45;kWh;-10572;0;0;0;10572;-10572
28/06/2024 11:15;28/06/2024 11:30;46;kWh;-6987;726;0;0;7713;-6261
28/06/2024 11:30;28/06/2024 11:45;47;kWh;-6344;33921;0;0;40265;27577
28/06/2024 11:45;28/06/2024 12:00;48;kWh;-10185;14897;0;0;25082;4712
28/06/2024 12:00;28/06/2024 12:15;49;kWh;-185;27427;0;0;27612;27242
28/06/2024 12:15;28/06/2024 12:30;50;kWh;-644;16696;0;0;17340;16052
28/06/2024 12:30;28/06/2024 12:45;51;kWh;-1206;13249;0;0;14455;12043
28/06/2024 12:45;28/06/2024 13:00;52;kWh;-5076;767;0;0;5843;-4309
28/06/2024 13:00;28/06/2024 13:15;53;kWh;-13138;0;0;0;13138;-13138
28/06/2024 13:15;28/06/2024 13:30;54;kWh;-18017;0;0;0;18017;-18017
28/06/2024 13:30;28/06/2024 13:45;55;kWh;-19771;6490;0;0;26261;-13281
28/06/2024 13:45;28/06/2024 14:00;56;kWh;-20522;1347;0;0;21869;-19175
28/06/2024 14:00;28/06/2024 14:15;57;kWh;-28393;0;0;0;28393;-28393
28/06/2024 14:15;28/06/2024 14:30;58;kWh;-27298;0;0;0;27298;-27298
28/06/2024 14:30;28/06/2024 14:45;59;kWh;-32200;0;0;0;32200;-32200
28/06/2024 14:45;28/06/2024 15:00;60;kWh;-24246;0;0;0;24246;-24246
28/06/2024 15:00;28/06/2024 15:15;61;kWh;-19665;299;0;0;19964;-19366
28/06/2024 15:15;28/06/2024 15:30;62;kWh;-12053;99;0;0;12152;-11954
28/06/2024 15:30;28/06/2024 15:45;63;kWh;-23372;618;0;0;23990;-22754
28/06/2024 15:45;28/06/2024 16:00;64;kWh;-7170;2530;0;0;9700;-4640
28/06/2024 16:00;28/06/2024 16:15;65;kWh;-16710;1425;0;0;18135;-15285
28/06/2024 16:15;28/06/2024 16:30;66;kWh;-10724;4198;0;0;14922;-6526
28/06/2024 16:30;28/06/2024 16:45;67;kWh;-207;14962;0;0;15169;14755
28/06/2024 16:45;28/06/2024 17:00;68;kWh;-61;17169;0;0;17230;17108
28/06/2024 17:00;28/06/2024 17:15;69;kWh;-45870;2532;0;0;48402;-43338
28/06/2024 17:15;28/06/2024 17:30;70;kWh;-34122;1337;0;0;35459;-32785
28/06/2024 17:30;28/06/2024 17:45;71;kWh;-17650;0;0;0;17650;-17650
28/06/2024 17:45;28/06/2024 18:00;72;kWh;-4730;0;0;0;4730;-4730
28/06/2024 18:00;28/06/2024 18:15;73;kWh;-45471;0;0;0;45471;-45471
28/06/2024 18:15;28/06/2024 18:30;74;kWh;-25847;4144;0;0;29991;-21703
28/06/2024 18:30;28/06/2024 18:45;75;kWh;-174;2940;0;0;3114;2766
28/06/2024 18:45;28/06/2024 19:00;76;kWh;0;26285;0;0;26285;26285
28/06/2024 19:00;28/06/2024 19:15;77;kWh;0;18197;0;0;18197;18197
28/06/2024 19:15;28/06/2024 19:30;78;kWh;0;18265;0;0;18265;18265
28/06/2024 19:30;28/06/2024 19:45;79;kWh;0;58618;0;0;58618;58618
28/06/2024 19:45;28/06/2024 20:00;80;kWh;0;16963;0;0;16963;16963
28/06/2024 20:00;28/06/2024 20:15;81;kWh;0;58497;0;0;58497;58497
28/06/2024 20:15;28/06/2024 20:30;82;kWh;0;45484;0;0;45484;45484
28/06/2024 20:30;28/06/2024 20:45;83;kWh;0;24196;0;0;24196;24196
28/06/2024 20:45;28/06/2024 21:00;84;kWh;0;44079;0;0;44079;44079
28/06/2024 21:00;28/06/2024 21:15;85;kWh;0;7091;0;0;7091;7091
28/06/2024 21:15;28/06/2024 21:30;86;kWh;0;5782;0;0;5782;5782
28/06/2024 21:30;28/06/2024 21:45;87;kWh;0;7656;0;0;7656;7656
28/06/2024 21:45;28/06/2024 22:00;88;kWh;0;8686;0;0;8686;8686
28/06/2024 22:00;28/06/2024 22:15;89;kWh;0;2612;0;0;2612;2612
28/06/2024 22:15;28/06/2024 22:30;90;kWh;0;22601;0;0;22601;22601
28/06/2024 22:30;28/06/2024 22:45;91;kWh;0;27818;0;0;27818;27818
28/06/2024 22:45;28/06/2024 23:00;92;kWh;0;12831;0;0;12831;12831
28/06/2024 23:00;28/06/2024 23:15;93;kWh;0;33133;0;0;33133;33133
28/06/2024 23:15;28/06/2024 23:30;94;kWh;0;15360;0;0;15360;15360
28/06/2024 23:30;28/06/2024 23:45;95;kWh;0;6173;0;0;6173;6173
28/06/2024 23:45;29/06/2024 00:00;96;kWh;-3;3920;0;0;3923;3917
29/06/2024 00:00;29/06/2024 00:15;1;kWh;-280;28050;0;0;28330;27770
29/06/2024 00:15;29/06/2024 00:30;2;kWh;0;45112;0;0;45112;45112
29/06/2024 00:30;29/06/2024 00:45;3;kWh;0;50414;0;0;50414;50414
29/06/2024 00:45;29/06/2024 01:00;4;kWh;0;23803;0;0;23803;23803
29/06/2024 01:00;29/06/2024 01:15;5;kWh;0;16786;0;0;16786;16786
29/06/2024 01:15;29/06/2024 01:30;6;kWh;0;23216;0;0;23216;23216
29/06/2024 01:30;29/06/2024 01:45;7;kWh;0;14945;0;0;14945;14945
29/06/2024 01:45;29/06/2024 02:00;8;kWh;0;11052;0;0;11052;11052
29/06/2024 02:00;29/06/2024 02:15;9;kWh;0;22566;0;0;22566;22566
29/06/2024 02:15;29/06/2024 02:30;10;kWh;0;21225;0;0;21225;21225
29/06/2024 02:30;29/06/2024 02:45;11;kWh;0;18520;0;0;18520;18520
29/06/2024 02:45;29/06/2024 03:00;12;kWh;0;30518;0;0;30518;30518
29/06/2024 03:00;29/06/2024 03:15;13;kWh;0;53517;0;0;53517;53517
29/06/2024 03:15;29/06/2024 03:30;14;kWh;0;28298;0;0;28298;28298
29/06/2024 03:30;29/06/2024 03:45;15;kWh;0;24321;0;0;24321;24321
29/06/2024 03:45;29/06/2024 04:00;16;kWh;0;16869;0;0;16869;16869
29/06/2024 04:00;29/06/2024 04:15;17;kWh;0;1451;0;0;1451;1451
29/06/2024 04:15;29/06/2024 04:30;18;kWh;0;160;0;0;160;160
29/06/2024 04:30;29/06/2024 04:45;19;kWh;0;5690;0;0;5690;5690
29/06/2024 04:45;29/06/2024 05:00;20;kWh;0;18664;0;0;18664;18664
29/06/2024 05:00;29/06/2024 05:15;21;kWh;0;17000;0;0;17000;17000
29/06/2024 05:15;29/06/2024 05:30;22;kWh;0;3680;0;0;3680;3680
29/06/2024 05:30;29/06/2024 05:45;23;kWh;0;10;0;0;10;10
29/06/2024 05:45;29/06/2024 06:00;24;kWh;-9072;0;0;0;9072;-9072
29/06/2024 06:00;29/06/2024 06:15;25;kWh;-25032;0;0;0;25032;-25032
29/06/2024 06:15;29/06/2024 06:30;26;kWh;0;27;0;0;27;27
29/06/2024 06:30;29/06/2024 06:45;27;kWh;-2477;0;0;0;2477;-2477
29/06/2024 06:45;29/06/2024 07:00;28;kWh;-4021;7143;0;0;11164;3122
29/06/2024 07:00;29/06/2024 07:15;29;kWh;0;22366;0;0;22366;22366
29/06/2024 07:15;29/06/2024 07:30;30;kWh;0;16728;0;0;16728;16728
29/06/2024 07:30;29/06/2024 07:45;31;kWh;0;4094;0;0;4094;4094
29/06/2024 07:45;29/06/2024 08:00;32;kWh;-1498;0;0;0;1498;-1498
29/06/2024 08:00;29/06/2024 08:15;33;kWh;-5121;0;0;0;5121;-5121
29/06/2024 08:15;29/06/2024 08:30;34;kWh;-5799;0;0;0;5799;-5799
29/06/2024 08:30;29/06/2024 08:45;35;kWh;-22354;0;0;0;22354;-22354
29/06/2024 08:45;29/06/2024 09:00;36;kWh;-21646;0;0;0;21646;-21646
29/06/2024 09:00;29/06/2024 09:15;37;kWh;-1335;0;0;0;1335;-1335
29/06/2024 09:15;29/06/2024 09:30;38;kWh;-1309;0;0;0;1309;-1309
29/06/2024 09:30;29/06/2024 09:45;39;kWh;-18695;0;0;0;18695;-18695
29/06/2024 09:45;29/06/2024 10:00;40;kWh;-34345;0;0;0;34345;-34345
29/06/2024 10:00;29/06/2024 10:15;41;kWh;-31827;0;0;0;31827;-31827
29/06/2024 10:15;29/06/2024 10:30;42;kWh;-28030;0;0;0;28030;-28030
29/06/2024 10:30;29/06/2024 10:45;43;kWh;-30914;0;0;0;30914;-30914
29/06/2024 10:45;29/06/2024 11:00;44;kWh;-62969;0;0;0;62969;-62969
29/06/2024 11:00;29/06/2024 11:15;45;kWh;-23965;0;0;0;23965;-23965
29/06/2024 11:15;29/06/2024 11:30;46;kWh;-8492;0;0;0;8492;-8492
29/06/2024 11:30;29/06/2024 11:45;47;kWh;-30137;0;0;0;30137;-30137
29/06/2024 11:45;29/06/2024 12:00;48;kWh;-24393;0;0;0;24393;-24393
29/06/2024 12:00;29/06/2024 12:15;49;kWh;-7299;0;0;0;7299;-7299
29/06/2024 12:15;29/06/2024 12:30;50;kWh;0;0;0;0;0;0
29/06/2024 12:30;29/06/2024 12:45;51;kWh;0;0;0;0;0;0
29/06/2024 12:45;29/06/2024 13:00;52;kWh;-1391;0;0;0;1391;-1391
29/06/2024 13:00;29/06/2024 13:15;53;kWh;-5276;0;0;0;5276;-5276
29/06/2024 13:15;29/06/2024 13:30;54;kWh;-4891;0;0;0;4891;-4891
29/06/2024 13:30;29/06/2024 13:45;55;kWh;-22472;0;0;0;22472;-22472
29/06/2024 13:45;29/06/2024 14:00;56;kWh;-30410;0;0;0;30410;-30410
29/06/2024 14:00;29/06/2024 14:15;57;kWh;-18885;0;0;0;18885;-18885
29/06/2024 14:15;29/06/2024 14:30;58;kWh;-2694;0;0;0;2694;-2694
29/06/2024 14:30;29/06/2024 14:45;59;kWh;0;0;0;0;0;0
29/06/2024 14:45;29/06/2024 15:00;60;kWh;-945;0;0;0;945;-945
29/06/2024 15:00;29/06/2024 15:15;61;kWh;-17717;0;0;0;17717;-17717
29/06/2024 15:15;29/06/2024 15:30;62;kWh;-21775;0;0;0;21775;-21775
29/06/2024 15:30;29/06/2024 15:45;63;kWh;-19883;0;0;0;19883;-19883
29/06/2024 15:45;29/06/2024 16:00;64;kWh;-11967;0;0;0;11967;-11967
29/06/2024 16:00;29/06/2024 16:15;65;kWh;-59209;0;0;0;59209;-59209
29/06/2024 16:15;29/06/2024 16:30;66;kWh;-28347;0;0;0;28347;-28347
29/06/2024 16:30;29/06/2024 16:45;67;kWh;-606;0;0;0;606;-606
29/06/2024 16:45;29/06/2024 17:00;68;kWh;0;0;0;0;0;0
29/06/2024 17:00;29/06/2024 17:15;69;kWh;-4778;0;0;0;4778;-4778
29/06/2024 17:15;29/06/2024 17:30;70;kWh;0;8;0;0;8;8
29/06/2024 17:30;29/06/2024 17:45;71;kWh;0;12997;0;0;12997;12997
29/06/2024 17:45;29/06/2024 18:00;72;kWh;0;77657;0;0;77657;77657
29/06/2024 18:00;29/06/2024 18:15;73;kWh;0;33167;0;0;33167;33167
29/06/2024 18:15;29/06/2024 18:30;74;kWh;0;47247;0;0;47247;47247
29/06/2024 18:30;29/06/2024 18:45;75;kWh;0;61529;0;0;61529;61529
29/06/2024 18:45;29/06/2024 19:00;76;kWh;0;95706;0;0;95706;95706
29/06/2024 19:00;29/06/2024 19:15;77;kWh;0;63346;0;0;63346;63346
29/06/2024 19:15;29/06/2024 19:30;78;kWh;0;25844;0;0;25844;25844
29/06/2024 19:30;29/06/2024 19:45;79;kWh;0;67943;0;0;67943;67943
29/06/2024 19:45;29/06/2024 20:00;80;kWh;0;81823;0;0;81823;81823
29/06/2024 20:00;29/06/2024 20:15;81;kWh;0;69334;0;0;69334;69334
29/06/2024 20:15;29/06/2024 20:30;82;kWh;-1092;8771;0;0;9863;7679
29/06/2024 20:30;29/06/2024 20:45;83;kWh;-6644;0;0;0;6644;-6644
29/06/2024 20:45;29/06/2024 21:00;84;kWh;-6942;531;0;0;7473;-6411
29/06/2024 21:00;29/06/2024 21:15;85;kWh;-104;11;0;0;115;-93
29/06/2024 21:15;29/06/2024 21:30;86;kWh;-14321;0;0;0;14321;-14321
29/06/2024 21:30;29/06/2024 21:45;87;kWh;-10107;0;0;0;10107;-10107
29/06/2024 21:45;29/06/2024 22:00;88;kWh;-99;22949;0;0;23048;22850
29/06/2024 22:00;29/06/2024 22:15;89;kWh;-15;16923;0;0;16938;16908
29/06/2024 22:15;29/06/2024 22:30;90;kWh;-291;2043;0;0;2334;1752
29/06/2024 22:30;29/06/2024 22:45;91;kWh;0;14065;0;0;14065;14065
29/06/2024 22:45;29/06/2024 23:00;92;kWh;-90;994;0;0;1084;904
29/06/2024 23:00;29/06/2024 23:15;93;kWh;-970;0;0;0;970;-970
29/06/2024 23:15;29/06/2024 23:30;94;kWh;0;12539;0;0;12539;12539
29/06/2024 23:30;29/06/2024 23:45;95;kWh;0;40427;0;0;40427;40427
29/06/2024 23:45;30/06/2024 00:00;96;kWh;0;70812;0;0;70812;70812
30/06/2024 00:00;30/06/2024 00:15;1;kWh;0;45001;0;0;45001;45001
30/06/2024 00:15;30/06/2024 00:30;2;kWh;0;93629;0;0;93629;93629
30/06/2024 00:30;30/06/2024 00:45;3;kWh;0;121648;0;0;121648;121648
30/06/2024 00:45;30/06/2024 01:00;4;kWh;0;95339;0;0;95339;95339
30/06/2024 01:00;30/06/2024 01:15;5;kWh;0;46950;0;0;46950;46950
30/06/2024 01:15;30/06/2024 01:30;6;kWh;0;45527;0;0;45527;45527
30/06/2024 01:30;30/06/2024 01:45;7;kWh;0;48001;0;0;48001;48001
30/06/2024 01:45;30/06/2024 02:00;8;kWh;0;59127;0;0;59127;59127
30/06/2024 02:00;30/06/2024 02:15;9;kWh;-857;2641;0;0;3498;1784
30/06/2024 02:15;30/06/2024 02:30;10;kWh;-5129;10;0;0;5139;-5119
30/06/2024 02:30;30/06/2024 02:45;11;kWh;0;12698;0;0;12698;12698
30/06/2024 02:45;30/06/2024 03:00;12;kWh;0;25901;0;0;25901;25901
30/06/2024 03:00;30/06/2024 03:15;13;kWh;0;26412;0;0;26412;26412
30/06/2024 03:15;30/06/2024 03:30;14;kWh;0;15039;0;0;15039;15039
30/06/2024 03:30;30/06/2024 03:45;15;kWh;0;200;0;0;200;200
30/06/2024 03:45;30/06/2024 04:00;16;kWh;0;16;0;0;16;16
30/06/2024 04:00;30/06/2024 04:15;17;kWh;0;1397;0;0;1397;1397
30/06/2024 04:15;30/06/2024 04:30;18;kWh;-28364;0;0;0;28364;-28364
30/06/2024 04:30;30/06/2024 04:45;19;kWh;-56559;0;0;0;56559;-56559
30/06/2024 04:45;30/06/2024 05:00;20;kWh;-47423;0;0;0;47423;-47423
30/06/2024 05:00;30/06/2024 05:15;21;kWh;-3756;0;0;0;3756;-3756
30/06/2024 05:15;30/06/2024 05:30;22;kWh;0;0;0;0;0;0
30/06/2024 05:30;30/06/2024 05:45;23;kWh;0;4207;0;0;4207;4207
30/06/2024 05:45;30/06/2024 06:00;24;kWh;0;1336;0;0;1336;1336
30/06/2024 06:00;30/06/2024 06:15;25;kWh;0;64002;0;0;64002;64002
30/06/2024 06:15;30/06/2024 06:30;26;kWh;0;69851;0;0;69851;69851
30/06/2024 06:30;30/06/2024 06:45;27;kWh;0;37746;0;0;37746;37746
30/06/2024 06:45;30/06/2024 07:00;28;kWh;0;16000;0;0;16000;16000
30/06/2024 07:00;30/06/2024 07:15;29;kWh;0;690;0;0;690;690
30/06/2024 07:15;30/06/2024 07:30;30;kWh;0;11902;0;0;11902;11902
30/06/2024 07:30;30/06/2024 07:45;31;kWh;0;9300;0;0;9300;9300
30/06/2024 07:45;30/06/2024 08:00;32;kWh;0;15298;0;0;15298;15298
30/06/2024 08:00;30/06/2024 08:15;33;kWh;0;37728;0;0;37728;37728
30/06/2024 08:15;30/06/2024 08:30;34;kWh;0;15433;0;0;15433;15433
30/06/2024 08:30;30/06/2024 08:45;35;kWh;0;28;0;0;28;28
30/06/2024 08:45;30/06/2024 09:00;36;kWh;-1216;0;0;0;1216;-1216
30/06/2024 09:00;30/06/2024 09:15;37;kWh;-248;0;0;0;248;-248
30/06/2024 09:15;30/06/2024 09:30;38;kWh;-7258;0;0;0;7258;-7258
30/06/2024 09:30;30/06/2024 09:45;39;kWh;-25130;0;0;0;25130;-25130
30/06/2024 09:45;30/06/2024 10:00;40;kWh;-56308;0;0;0;56308;-56308
30/06/2024 10:00;30/06/2024 10:15;41;kWh;-23811;0;0;0;23811;-23811
30/06/2024 10:15;30/06/2024 10:30;42;kWh;-35075;0;0;0;35075;-35075
30/06/2024 10:30;30/06/2024 10:45;43;kWh;-64894;0;0;0;64894;-64894
30/06/2024 10:45;30/06/2024 11:00;44;kWh;-63740;0;0;0;63740;-63740
30/06/2024 11:00;30/06/2024 11:15;45;kWh;-49342;0;0;0;49342;-49342
30/06/2024 11:15;30/06/2024 11:30;46;kWh;-50127;0;0;0;50127;-50127
30/06/2024 11:30;30/06/2024 11:45;47;kWh;-47589;0;0;0;47589;-47589
30/06/2024 11:45;30/06/2024 12:00;48;kWh;-43350;0;0;0;43350;-43350
30/06/2024 12:00;30/06/2024 12:15;49;kWh;-24865;0;0;0;24865;-24865
30/06/2024 12:15;30/06/2024 12:30;50;kWh;-7464;0;0;0;7464;-7464
30/06/2024 12:30;30/06/2024 12:45;51;kWh;-1674;0;0;0;1674;-1674
30/06/2024 12:45;30/06/2024 13:00;52;kWh;-10835;0;0;0;10835;-10835
30/06/2024 13:00;30/06/2024 13:15;53;kWh;-4912;0;0;0;4912;-4912
30/06/2024 13:15;30/06/2024 13:30;54;kWh;-939;0;0;0;939;-939
30/06/2024 13:30;30/06/2024 13:45;55;kWh;-37204;0;0;0;37204;-37204
30/06/2024 13:45;30/06/2024 14:00;56;kWh;-38089;0;0;0;38089;-38089
30/06/2024 14:00;30/06/2024 14:15;57;kWh;-38503;0;0;0;38503;-38503
30/06/2024 14:15;30/06/2024 14:30;58;kWh;-70534;0;0;0;70534;-70534
30/06/2024 14:30;30/06/2024 14:45;59;kWh;-61784;0;0;0;61784;-61784
30/06/2024 14:45;30/06/2024 15:00;60;kWh;-46739;0;0;0;46739;-46739
30/06/2024 15:00;30/06/2024 15:15;61;kWh;-24901;0;0;0;24901;-24901
30/06/2024 15:15;30/06/2024 15:30;62;kWh;-7844;0;0;0;7844;-7844
30/06/2024 15:30;30/06/2024 15:45;63;kWh;-950;2679;0;0;3629;1729
30/06/2024 15:45;30/06/2024 16:00;64;kWh;0;35546;0;0;35546;35546
30/06/2024 16:00;30/06/2024 16:15;65;kWh;0;23902;0;0;23902;23902
30/06/2024 16:15;30/06/2024 16:30;66;kWh;0;23523;0;0;23523;23523
30/06/2024 16:30;30/06/2024 16:45;67;kWh;0;26005;0;0;26005;26005
30/06/2024 16:45;30/06/2024 17:00;68;kWh;0;37580;0;0;37580;37580
30/06/2024 17:00;30/06/2024 17:15;69;kWh;-33883;2625;0;0;36508;-31258
30/06/2024 17:15;30/06/2024 17:30;70;kWh;-2713;0;0;0;2713;-2713
30/06/2024 17:30;30/06/2024 17:45;71;kWh;-15654;0;0;0;15654;-15654
30/06/2024 17:45;30/06/2024 18:00;72;kWh;-17407;0;0;0;17407;-17407
30/06/2024 18:00;30/06/2024 18:15;73;kWh;-229;1244;0;0;1473;1015
30/06/2024 18:15;30/06/2024 18:30;74;kWh;0;9799;0;0;9799;9799
30/06/2024 18:30;30/06/2024 18:45;75;kWh;0;23275;0;0;23275;23275
30/06/2024 18:45;30/06/2024 19:00;76;kWh;0;52972;0;0;52972;52972
30/06/2024 19:00;30/06/2024 19:15;77;kWh;0;32853;0;0;32853;32853
30/06/2024 19:15;30/06/2024 19:30;78;kWh;0;27676;0;0;27676;27676
30/06/2024 19:30;30/06/2024 19:45;79;kWh;0;11374;0;0;11374;11374
30/06/2024 19:45;30/06/2024 20:00;80;kWh;-8120;0;0;0;8120;-8120
30/06/2024 20:00;30/06/2024 20:15;81;kWh;-3570;0;0;0;3570;-3570
30/06/2024 20:15;30/06/2024 20:30;82;kWh;-2101;0;0;0;2101;-2101
30/06/2024 20:30;30/06/2024 20:45;83;kWh;-9543;0;0;0;9543;-9543
30/06/2024 20:45;30/06/2024 21:00;84;kWh;-4568;0;0;0;4568;-4568
30/06/2024 21:00;30/06/2024 21:15;85;kWh;-6541;0;0;0;6541;-6541
30/06/2024 21:15;30/06/2024 21:30;86;kWh;-752;0;0;0;752;-752
30/06/2024 21:30;30/06/2024 21:45;87;kWh;-465;0;0;0;465;-465
30/06/2024 21:45;30/06/2024 22:00;88;kWh;-6063;0;0;0;6063;-6063
30/06/2024 22:00;30/06/2024 22:15;89;kWh;-5865;0;0;0;5865;-5865
30/06/2024 22:15;30/06/2024 22:30;90;kWh;-32148;0;0;0;32148;-32148
30/06/2024 22:30;30/06/2024 22:45;91;kWh;-36333;0;0;0;36333;-36333
30/06/2024 22:45;30/06/2024 23:00;92;kWh;-69526;0;0;0;69526;-69526
30/06/2024 23:00;30/06/2024 23:15;93;kWh;-19552;0;0;0;19552;-19552
30/06/2024 23:15;30/06/2024 23:30;94;kWh;-34471;0;0;0;34471;-34471
30/06/2024 23:30;30/06/2024 23:45;95;kWh;-28743;0;0;0;28743;-28743
30/06/2024 23:45;01/07/2024 00:00;96;kWh;-44179;0;0;0;44179;-44179
01/07/2024 00:00;01/07/2024 00:15;1;kWh;-16504;5802;0;0;22306;-10702
01/07/2024 00:15;01/07/2024 00:30;2;kWh;0;1043;0;0;1043;1043
01/07/2024 00:30;01/07/2024 00:45;3;kWh;-65;76;0;0;141;11
01/07/2024 00:45;01/07/2024 01:00;4;kWh;-24013;0;0;0;24013;-24013
01/07/2024 01:00;01/07/2024 01:15;5;kWh;-8042;0;0;0;8042;-8042
01/07/2024 01:15;01/07/2024 01:30;6;kWh;-12193;0;0;0;12193;-12193
01/07/2024 01:30;01/07/2024 01:45;7;kWh;-7555;0;0;0;7555;-7555
01/07/2024 01:45;01/07/2024 02:00;8;kWh;-3822;0;0;0;3822;-3822
01/07/2024 02:00;01/07/2024 02:15;9;kWh;-433;1900;0;0;2333;1467
01/07/2024 02:15;01/07/2024 02:30;10;kWh;0;786;0;0;786;786
01/07/2024 02:30;01/07/2024 02:45;11;kWh;0;0;0;0;0;0
01/07/2024 02:45;01/07/2024 03:00;12;kWh;-26399;0;0;0;26399;-26399
01/07/2024 03:00;01/07/2024 03:15;13;kWh;-18881;0;0;0;18881;-18881
01/07/2024 03:15;01/07/2024 03:30;14;kWh;-21257;0;0;0;21257;-21257
01/07/2024 03:30;01/07/2024 03:45;15;kWh;-24247;0;0;0;24247;-24247
01/07/2024 03:45;01/07/2024 04:00;16;kWh;-36224;0;0;0;36224;-36224
01/07/2024 04:00;01/07/2024 04:15;17;kWh;-13197;0;0;0;13197;-13197
01/07/2024 04:15;01/07/2024 04:30;18;kWh;-140;0;0;0;140;-140
01/07/2024 04:30;01/07/2024 04:45;19;kWh;-13118;0;0;0;13118;-13118
01/07/2024 04:45;01/07/2024 05:00;20;kWh;-5921;0;0;0;5921;-5921
01/07/2024 05:00;01/07/2024 05:15;21;kWh;-1768;2731;0;0;4499;963
01/07/2024 05:15;01/07/2024 05:30;22;kWh;0;4084;0;0;4084;4084
01/07/2024 05:30;01/07/2024 05:45;23;kWh;0;22487;0;0;22487;22487
01/07/2024 05:45;01/07/2024 06:00;24;kWh;0;19232;0;0;19232;19232
01/07/2024 06:00;01/07/2024 06:15;25;kWh;-4680;1666;0;0;6346;-3014
01/07/2024 06:15;01/07/2024 06:30;26;kWh;0;18970;0;0;18970;18970
01/07/2024 06:30;01/07/2024 06:45;27;kWh;0;19102;0;0;19102;19102
01/07/2024 06:45;01/07/2024 07:00;28;kWh;0;2762;0;0;2762;2762
01/07/2024 07:00;01/07/2024 07:15;29;kWh;-9201;0;0;0;9201;-9201
01/07/2024 07:15;01/07/2024 07:30;30;kWh;-39316;0;0;0;39316;-39316
01/07/2024 07:30;01/07/2024 07:45;31;kWh;-68452;0;0;0;68452;-68452
01/07/2024 07:45;01/07/2024 08:00;32;kWh;-54215;0;0;0;54215;-54215
01/07/2024 08:00;01/07/2024 08:15;33;kWh;-5262;0;0;0;5262;-5262
01/07/2024 08:15;01/07/2024 08:30;34;kWh;-22797;0;0;0;22797;-22797
01/07/2024 08:30;01/07/2024 08:45;35;kWh;-6942;0;0;0;6942;-6942
01/07/2024 08:45;01/07/2024 09:00;36;kWh;-11752;0;0;0;11752;-11752
01/07/2024 09:00;01/07/2024 09:15;37;kWh;-20155;0;0;0;20155;-20155
01/07/2024 09:15;01/07/2024 09:30;38;kWh;-4877;0;0;0;4877;-4877
01/07/2024 09:30;01/07/2024 09:45;39;kWh;-1683;0;0;0;1683;-1683
01/07/2024 09:45;01/07/2024 10:00;40;kWh;-3072;0;0;0;3072;-3072
01/07/2024 10:00;01/07/2024 10:15;41;kWh;-252;0;0;0;252;-252
01/07/2024 10:15;01/07/2024 10:30;42;kWh;-386;0;0;0;386;-386
01/07/2024 10:30;01/07/2024 10:45;43;kWh;0;21151;0;0;21151;21151
01/07/2024 10:45;01/07/2024 11:00;44;kWh;0;30255;0;0;30255;30255
01/07/2024 11:00;01/07/2024 11:15;45;kWh;0;2582;0;0;2582;2582
01/07/2024 11:15;01/07/2024 11:30;46;kWh;0;0;0;0;0;0
01/07/2024 11:30;01/07/2024 11:45;47;kWh;-5823;0;0;0;5823;-5823
01/07/2024 11:45;01/07/2024 12:00;48;kWh;-27957;0;0;0;27957;-27957
01/07/2024 12:00;01/07/2024 12:15;49;kWh;-42982;0;0;0;42982;-42982
01/07/2024 12:15;01/07/2024 12:30;50;kWh;-28332;0;0;0;28332;-28332
01/07/2024 12:30;01/07/2024 12:45;51;kWh;-42536;59;0;0;42595;-42477
01/07/2024 12:45;01/07/2024 13:00;52;kWh;-26784;2995;0;0;29779;-23789
01/07/2024 13:00;01/07/2024 13:15;53;kWh;-14816;856;0;0;15672;-13960
01/07/2024 13:15;01/07/2024 13:30;54;kWh;-4815;0;0;0;4815;-4815
01/07/2024 13:30;01/07/2024 13:45;55;kWh;-15372;524;0;0;15896;-14848
01/07/2024 13:45;01/07/2024 14:00;56;kWh;-6311;653;0;0;6964;-5658
01/07/2024 14:00;01/07/2024 14:15;57;kWh;0;5880;0;0;5880;5880
01/07/2024 14:15;01/07/2024 14:30;58;kWh;0;8855;0;0;8855;8855
01/07/2024 14:30;01/07/2024 14:45;59;kWh;0;32012;0;0;32012;32012
01/07/2024 14:45;01/07/2024 15:00;60;kWh;0;69936;0;0;69936;69936
01/07/2024 15:00;01/07/2024 15:15;61;kWh;0;34458;0;0;34458;34458
01/07/2024 15:15;01/07/2024 15:30;62;kWh;0;36431;0;0;36431;36431
01/07/2024 15:30;01/07/2024 15:45;63;kWh;0;21481;0;0;21481;21481
01/07/2024 15:45;01/07/2024 16:00;64;kWh;0;7999;0;0;7999;7999
01/07/2024 16:00;01/07/2024 16:15;65;kWh;-768;506;0;0;1274;-262
01/07/2024 16:15;01/07/2024 16:30;66;kWh;-277;1297;0;0;1574;1020
01/07/2024 16:30;01/07/2024 16:45;67;kWh;-10224;3075;0;0;13299;-7149
01/07/2024 16:45;01/07/2024 17:00;68;kWh;-2740;157;0;0;2897;-2583
01/07/2024 17:00;01/07/2024 17:15;69;kWh;-12706;400;0;0;13106;-12306
01/07/2024 17:15;01/07/2024 17:30;70;kWh;-2024;2826;0;0;4850;802
01/07/2024 17:30;01/07/2024 17:45;71;kWh;-345;4405;0;0;4750;4060
01/07/2024 17:45;01/07/2024 18:00;72;kWh;-4520;0;0;0;4520;-4520
01/07/2024 18:00;01/07/2024 18:15;73;kWh;-23472;0;0;0;23472;-23472
01/07/2024 18:15;01/07/2024 18:30;74;kWh;-20180;0;0;0;20180;-20180
01/07/2024 18:30;01/07/2024 18:45;75;kWh;-12623;1155;0;0;13778;-11468
01/07/2024 18:45;01/07/2024 19:00;76;kWh;-8724;217;0;0;8941;-8507
01/07/2024 19:00;01/07/2024 19:15;77;kWh;-580;365;0;0;945;-215
01/07/2024 19:15;01/07/2024 19:30;78;kWh;-6411;0;0;0;6411;-6411
01/07/2024 19:30;01/07/2024 19:45;79;kWh;-13801;0;0;0;13801;-13801
01/07/2024 19:45;01/07/2024 20:00;80;kWh;-13341;0;0;0;13341;-13341
01/07/2024 20:00;01/07/2024 20:15;81;kWh;-33083;0;0;0;33083;-33083
01/07/2024 20:15;01/07/2024 20:30;82;kWh;-41619;0;0;0;41619;-41619
01/07/2024 20:30;01/07/2024 20:45;83;kWh;-20165;0;0;0;20165;-20165
01/07/2024 20:45;01/07/2024 21:00;84;kWh;-1642;0;0;0;1642;-1642
01/07/2024 21:00;01/07/2024 21:15;85;kWh;-82;0;0;0;82;-82
01/07/2024 21:15;01/07/2024 21:30;86;kWh;0;10523;0;0;10523;10523
01/07/2024 21:30;01/07/2024 21:45;87;kWh;0;30205;0;0;30205;30205
01/07/2024 21:45;01/07/2024 22:00;88;kWh;0;9849;0;0;9849;9849
01/07/2024 22:00;01/07/2024 22:15;89;kWh;0;1321;0;0;1321;1321
01/07/2024 22:15;01/07/2024 22:30;90;kWh;-1168;0;0;0;1168;-1168
01/07/2024 22:30;01/07/2024 22:45;91;kWh;-5962;0;0;0;5962;-5962
01/07/2024 22:45;01/07/2024 23:00;92;kWh;-1157;0;0;0;1157;-1157
01/07/2024 23:00;01/07/2024 23:15;93;kWh;-1880;0;0;0;1880;-1880
01/07/2024 23:15;01/07/2024 23:30;94;kWh;0;1534;0;0;1534;1534
01/07/2024 23:30;01/07/2024 23:45;95;kWh;0;18874;0;0;18874;18874
01/07/2024 23:45;02/07/2024 00:00;96;kWh;0;14981;0;0;14981;14981
02/07/2024 00:00;02/07/2024 00:15;1;kWh;0;19484;0;0;19484;19484
02/07/2024 00:15;02/07/2024 00:30;2;kWh;0;19918;0;0;19918;19918
02/07/2024 00:30;02/07/2024 00:45;3;kWh;-2396;0;0;0;2396;-2396
02/07/2024 00:45;02/07/2024 01:00;4;kWh;-43610;0;0;0;43610;-43610
02/07/2024 01:00;02/07/2024 01:15;5;kWh;-13358;0;0;0;13358;-13358
02/07/2024 01:15;02/07/2024 01:30;6;kWh;-8892;0;0;0;8892;-8892
02/07/2024 01:30;02/07/2024 01:45;7;kWh;-2156;548;0;0;2704;-1608
02/07/2024 01:45;02/07/2024 02:00;8;kWh;-70;0;0;0;70;-70
02/07/2024 02:00;02/07/2024 02:15;9;kWh;0;23796;0;0;23796;23796
02/07/2024 02:15;02/07/2024 02:30;10;kWh;0;1657;0;0;1657;1657
02/07/2024 02:30;02/07/2024 02:45;11;kWh;0;47;0;0;47;47
02/07/2024 02:45;02/07/2024 03:00;12;kWh;-28582;0;0;0;28582;-28582
02/07/2024 03:00;02/07/2024 03:15;13;kWh;-12958;0;0;0;12958;-12958
02/07/2024 03:15;02/07/2024 03:30;14;kWh;-353;0;0;0;353;-353
02/07/2024 03:30;02/07/2024 03:45;15;kWh;-103;0;0;0;103;-103
02/07/2024 03:45;02/07/2024 04:00;16;kWh;0;512;0;0;512;512
02/07/2024 04:00;02/07/2024 04:15;17;kWh;0;16116;0;0;16116;16116
02/07/2024 04:15;02/07/2024 04:30;18;kWh;0;20003;0;0;20003;20003
02/07/2024 04:30;02/07/2024 04:45;19;kWh;0;8724;0;0;8724;8724
02/07/2024 04:45;02/07/2024 05:00;20;kWh;0;40982;0;0;40982;40982
02/07/2024 05:00;02/07/2024 05:15;21;kWh;0;21533;0;0;21533;21533
02/07/2024 05:15;02/07/2024 05:30;22;kWh;0;4150;0;0;4150;4150
02/07/2024 05:30;02/07/2024 05:45;23;kWh;-705;0;0;0;705;-705
02/07/2024 05:45;02/07/2024 06:00;24;kWh;-4684;0;0;0;4684;-4684
02/07/2024 06:00;02/07/2024 06:15;25;kWh;-27054;563;0;0;27617;-26491
02/07/2024 06:15;02/07/2024 06:30;26;kWh;0;1913;0;0;1913;1913
02/07/2024 06:30;02/07/2024 06:45;27;kWh;0;131;0;0;131;131
02/07/2024 06:45;02/07/2024 07:00;28;kWh;-21;3957;0;0;3978;3936
02/07/2024 07:00;02/07/2024 07:15;29;kWh;-4277;32;0;0;4309;-4245
02/07/2024 07:15;02/07/2024 07:30;30;kWh;-840;0;0;0;840;-840
02/07/2024 07:30;02/07/2024 07:45;31;kWh;-496;0;0;0;496;-496
02/07/2024 07:45;02/07/2024 08:00;32;kWh;-102;0;0;0;102;-102
02/07/2024 08:00;02/07/2024 08:15;33;kWh;-14662;0;0;0;14662;-14662
02/07/2024 08:15;02/07/2024 08:30;34;kWh;-30500;0;0;0;30500;-30500
02/07/2024 08:30;02/07/2024 08:45;35;kWh;-35851;0;0;0;35851;-35851
02/07/2024 08:45;02/07/2024 09:00;36;kWh;-30176;0;0;0;30176;-30176
02/07/2024 09:00;02/07/2024 09:15;37;kWh;-17730;0;0;0;17730;-17730
02/07/2024 09:15;02/07/2024 09:30;38;kWh;-7112;0;0;0;7112;-7112
02/07/2024 09:30;02/07/2024 09:45;39;kWh;-4167;0;0;0;4167;-4167
02/07/2024 09:45;02/07/2024 10:00;40;kWh;-3781;0;0;0;3781;-3781
02/07/2024 10:00;02/07/2024 10:15;41;kWh;-6623;0;0;0;6623;-6623
02/07/2024 10:15;02/07/2024 10:30;42;kWh;-7469;0;0;0;7469;-7469
02/07/2024 10:30;02/07/2024 10:45;43;kWh;-25954;0;0;0;25954;-25954
02/07/2024 10:45;02/07/2024 11:00;44;kWh;-25233;0;0;0;25233;-25233
02/07/2024 11:00;02/07/2024 11:15;45;kWh;-5418;0;0;0;5418;-5418
02/07/2024 11:15;02/07/2024 11:30;46;kWh;-13615;0;0;0;13615;-13615
02/07/2024 11:30;02/07/2024 11:45;47;kWh;-16549;0;0;0;16549;-16549
02/07/2024 11:45;02/07/2024 12:00;48;kWh;-20275;0;0;0;20275;-20275
02/07/2024 12:00;02/07/2024 12:15;49;kWh;-19202;0;0;0;19202;-19202
02/07/2024 12:15;02/07/2024 12:30;50;kWh;-26794;0;0;0;26794;-26794
02/07/2024 12:30;02/07/2024 12:45;51;kWh;-19312;0;0;0;19312;-19312
02/07/2024 12:45;02/07/2024 13:00;52;kWh;-19567;1512;0;0;21079;-18055
02/07/2024 13:00;02/07/2024 13:15;53;kWh;-865;10535;0;0;11400;9670
02/07/2024 13:15;02/07/2024 13:30;54;kWh;-4134;0;0;0;4134;-4134
02/07/2024 13:30;02/07/2024 13:45;55;kWh;-11915;0;0;0;11915;-11915
02/07/2024 13:45;02/07/2024 14:00;56;kWh;-16113;0;0;0;16113;-16113
02/07/2024 14:00;02/07/2024 14:15;57;kWh;-94;27592;0;0;27686;27498
02/07/2024 14:15;02/07/2024 14:30;58;kWh;-12004;101;0;0;12105;-11903
02/07/2024 14:30;02/07/2024 14:45;59;kWh;-18636;272;0;0;18908;-18364
02/07/2024 14:45;02/07/2024 15:00;60;kWh;-25701;105;0;0;25806;-25596
02/07/2024 15:00;02/07/2024 15:15;61;kWh;-28099;254;0;0;28353;-27845
02/07/2024 15:15;02/07/2024 15:30;62;kWh;-43908;0;0;0;43908;-43908
02/07/2024 15:30;02/07/2024 15:45;63;kWh;-27314;0;0;0;27314;-27314
02/07/2024 15:45;02/07/2024 16:00;64;kWh;-40193;0;0;0;40193;-40193
02/07/2024 16:00;02/07/2024 16:15;65;kWh;-32476;0;0;0;32476;-32476
02/07/2024 16:15;02/07/2024 16:30;66;kWh;-29540;875;0;0;30415;-28665
02/07/2024 16:30;02/07/2024 16:45;67;kWh;-54477;738;0;0;55215;-53739
02/07/2024 16:45;02/07/2024 17:00;68;kWh;-25973;1551;0;0;27524;-24422
02/07/2024 17:00;02/07/2024 17:15;69;kWh;-17056;21577;0;0;38633;4521
02/07/2024 17:15;02/07/2024 17:30;70;kWh;-19481;1107;0;0;20588;-18374
02/07/2024 17:30;02/07/2024 17:45;71;kWh;-2109;0;0;0;2109;-2109
02/07/2024 17:45;02/07/2024 18:00;72;kWh;-379;0;0;0;379;-379
02/07/2024 18:00;02/07/2024 18:15;73;kWh;-41478;0;0;0;41478;-41478
02/07/2024 18:15;02/07/2024 18:30;74;kWh;-51244;0;0;0;51244;-51244
02/07/2024 18:30;02/07/2024 18:45;75;kWh;-25273;113;0;0;25386;-25160
02/07/2024 18:45;02/07/2024 19:00;76;kWh;-11306;86;0;0;11392;-11220
02/07/2024 19:00;02/07/2024 19:15;77;kWh;-15868;0;0;0;15868;-15868
02/07/2024 19:15;02/07/2024 19:30;78;kWh;-3391;0;0;0;3391;-3391
02/07/2024 19:30;02/07/2024 19:45;79;kWh;-27004;0;0;0;27004;-27004
02/07/2024 19:45;02/07/2024 20:00;80;kWh;-30237;0;0;0;30237;-30237
02/07/2024 20:00;02/07/2024 20:15;81;kWh;-58194;0;0;0;58194;-58194
02/07/2024 20:15;02/07/2024 20:30;82;kWh;-31748;0;0;0;31748;-31748
02/07/2024 20:30;02/07/2024 20:45;83;kWh;-362;0;0;0;362;-362
02/07/2024 20:45;02/07/2024 21:00;84;kWh;-26;0;0;0;26;-26
02/07/2024 21:00;02/07/2024 21:15;85;kWh;-3295;0;0;0;3295;-3295
02/07/2024 21:15;02/07/2024 21:30;86;kWh;-13;558;0;0;571;545
02/07/2024 21:30;02/07/2024 21:45;87;kWh;0;5393;0;0;5393;5393
02/07/2024 21:45;02/07/2024 22:00;88;kWh;0;13352;0;0;13352;13352
02/07/2024 22:00;02/07/2024 22:15;89;kWh;0;1927;0;0;1927;1927
02/07/2024 22:15;02/07/2024 22:30;90;kWh;0;3481;0;0;3481;3481
02/07/2024 22:30;02/07/2024 22:45;91;kWh;0;97;0;0;97;97
02/07/2024 22:45;02/07/2024 23:00;92;kWh;-20728;0;0;0;20728;-20728
02/07/2024 23:00;02/07/2024 23:15;93;kWh;-30025;0;0;0;30025;-30025
02/07/2024 23:15;02/07/2024 23:30;94;kWh;-5151;0;0;0;5151;-5151
02/07/2024 23:30;02/07/2024 23:45;95;kWh;-12895;0;0;0;12895;-12895
02/07/2024 23:45;03/07/2024 00:00;96;kWh;-22021;0;0;0;22021;-22021
03/07/2024 00:00;03/07/2024 00:15;1;kWh;-1140;22586;0;0;23726;21446
03/07/2024 00:15;03/07/2024 00:30;2;kWh;0;2981;0;0;2981;2981
03/07/2024 00:30;03/07/2024 00:45;3;kWh;-594;101;0;0;695;-493
03/07/2024 00:45;03/07/2024 01:00;4;kWh;-8;11730;0;0;11738;11722
03/07/2024 01:00;03/07/2024 01:15;5;kWh;0;13064;0;0;13064;13064
03/07/2024 01:15;03/07/2024 01:30;6;kWh;0;2346;0;0;2346;2346
03/07/2024 01:30;03/07/2024 01:45;7;kWh;0;1447;0;0;1447;1447
03/07/2024 01:45;03/07/2024 02:00;8;kWh;-84;3541;0;0;3625;3457
03/07/2024 02:00;03/07/2024 02:15;9;kWh;-316;0;0;0;316;-316
03/07/2024 02:15;03/07/2024 02:30;10;kWh;-4192;0;0;0;4192;-4192
03/07/2024 02:30;03/07/2024 02:45;11;kWh;-2227;0;0;0;2227;-2227
03/07/2024 02:45;03/07/2024 03:00;12;kWh;-9042;0;0;0;9042;-9042
03/07/2024 03:00;03/07/2024 03:15;13;kWh;-10957;0;0;0;10957;-10957
03/07/2024 03:15;03/07/2024 03:30;14;kWh;-9914;0;0;0;9914;-9914
03/07/2024 03:30;03/07/2024 03:45;15;kWh;-20617;0;0;0;20617;-20617
03/07/2024 03:45;03/07/2024 04:00;16;kWh;-49181;0;0;0;49181;-49181
03/07/2024 04:00;03/07/2024 04:15;17;kWh;-38130;0;0;0;38130;-38130
03/07/2024 04:15;03/07/2024 04:30;18;kWh;-45023;0;0;0;45023;-45023
03/07/2024 04:30;03/07/2024 04:45;19;kWh;-45220;0;0;0;45220;-45220
03/07/2024 04:45;03/07/2024 05:00;20;kWh;-35624;0;0;0;35624;-35624
03/07/2024 05:00;03/07/2024 05:15;21;kWh;-16172;0;0;0;16172;-16172
03/07/2024 05:15;03/07/2024 05:30;22;kWh;-16537;0;0;0;16537;-16537
03/07/2024 05:30;03/07/2024 05:45;23;kWh;-17426;0;0;0;17426;-17426
03/07/2024 05:45;03/07/2024 06:00;24;kWh;-55016;0;0;0;55016;-55016
03/07/2024 06:00;03/07/2024 06:15;25;kWh;-44799;0;0;0;44799;-44799
03/07/2024 06:15;03/07/2024 06:30;26;kWh;-57378;0;0;0;57378;-57378
03/07/2024 06:30;03/07/2024 06:45;27;kWh;-48638;934;0;0;49572;-47704
03/07/2024 06:45;03/07/2024 07:00;28;kWh;-41740;2892;0;0;44632;-38848
03/07/2024 07:00;03/07/2024 07:15;29;kWh;-47311;0;0;0;47311;-47311
03/07/2024 07:15;03/07/2024 07:30;30;kWh;-57520;0;0;0;57520;-57520
03/07/2024 07:30;03/07/2024 07:45;31;kWh;-57188;0;0;0;57188;-57188
03/07/2024 07:45;03/07/2024 08:00;32;kWh;-48604;0;0;0;48604;-48604
03/07/2024 08:00;03/07/2024 08:15;33;kWh;-12927;0;0;0;12927;-12927
03/07/2024 08:15;03/07/2024 08:30;34;kWh;-54325;0;0;0;54325;-54325
03/07/2024 08:30;03/07/2024 08:45;35;kWh;-43217;0;0;0;43217;-43217
03/07/2024 08:45;03/07/2024 09:00;36;kWh;-15932;0;0;0;15932;-15932
03/07/2024 09:00;03/07/2024 09:15;37;kWh;-34467;0;0;0;34467;-34467
03/07/2024 09:15;03/07/2024 09:30;38;kWh;-26770;0;0;0;26770;-26770
03/07/2024 09:30;03/07/2024 09:45;39;kWh;-47;2372;0;0;2419;2325
03/07/2024 09:45;03/07/2024 10:00;40;kWh;0;2948;0;0;2948;2948
03/07/2024 10:00;03/07/2024 10:15;41;kWh;-18068;0;0;0;18068;-18068
03/07/2024 10:15;03/07/2024 10:30;42;kWh;-25635;0;0;0;25635;-25635
03/07/2024 10:30;03/07/2024 10:45;43;kWh;-37669;0;0;0;37669;-37669
03/07/2024 10:45;03/07/2024 11:00;44;kWh;-30617;0;0;0;30617;-30617
03/07/2024 11:00;03/07/2024 11:15;45;kWh;-18083;0;0;0;18083;-18083
03/07/2024 11:15;03/07/2024 11:30;46;kWh;-9285;0;0;0;9285;-9285
03/07/2024 11:30;03/07/2024 11:45;47;kWh;-6282;205;0;0;6487;-6077
03/07/2024 11:45;03/07/2024 12:00;48;kWh;-6396;6886;0;0;13282;490
03/07/2024 12:00;03/07/2024 12:15;49;kWh;-13658;0;0;0;13658;-13658
03/07/2024 12:15;03/07/2024 12:30;50;kWh;-12881;0;0;0;12881;-12881
03/07/2024 12:30;03/07/2024 12:45;51;kWh;-52714;0;0;0;52714;-52714
03/07/2024 12:45;03/07/2024 13:00;52;kWh;-35392;0;0;0;35392;-35392
03/07/2024 13:00;03/07/2024 13:15;53;kWh;-25639;0;0;0;25639;-25639
03/07/2024 13:15;03/07/2024 13:30;54;kWh;-90785;0;0;0;90785;-90785
03/07/2024 13:30;03/07/2024 13:45;55;kWh;-94775;0;0;0;94775;-94775
03/07/2024 13:45;03/07/2024 14:00;56;kWh;-104177;0;0;0;104177;-104177
03/07/2024 14:00;03/07/2024 14:15;57;kWh;-67587;0;0;0;67587;-67587
03/07/2024 14:15;03/07/2024 14:30;58;kWh;-91479;0;0;0;91479;-91479
03/07/2024 14:30;03/07/2024 14:45;59;kWh;-161831;0;0;0;161831;-161831
03/07/2024 14:45;03/07/2024 15:00;60;kWh;-154010;0;0;0;154010;-154010
03/07/2024 15:00;03/07/2024 15:15;61;kWh;-33070;0;0;0;33070;-33070
03/07/2024 15:15;03/07/2024 15:30;62;kWh;-37265;0;0;0;37265;-37265
03/07/2024 15:30;03/07/2024 15:45;63;kWh;-8603;0;0;0;8603;-8603
03/07/2024 15:45;03/07/2024 16:00;64;kWh;-17489;0;0;0;17489;-17489
03/07/2024 16:00;03/07/2024 16:15;65;kWh;-1240;429;0;0;1669;-811
03/07/2024 16:15;03/07/2024 16:30;66;kWh;0;0;0;0;0;0
03/07/2024 16:30;03/07/2024 16:45;67;kWh;-8485;0;0;0;8485;-8485
03/07/2024 16:45;03/07/2024 17:00;68;kWh;-10749;0;0;0;10749;-10749
03/07/2024 17:00;03/07/2024 17:15;69;kWh;-46771;0;0;0;46771;-46771
03/07/2024 17:15;03/07/2024 17:30;70;kWh;-22242;0;0;0;22242;-22242
03/07/2024 17:30;03/07/2024 17:45;71;kWh;0;0;0;0;0;0
03/07/2024 17:45;03/07/2024 18:00;72;kWh;0;10394;0;0;10394;10394
03/07/2024 18:00;03/07/2024 18:15;73;kWh;0;5087;0;0;5087;5087
03/07/2024 18:15;03/07/2024 18:30;74;kWh;0;1246;0;0;1246;1246
03/07/2024 18:30;03/07/2024 18:45;75;kWh;0;0;0;0;0;0
03/07/2024 18:45;03/07/2024 19:00;76;kWh;0;21;0;0;21;21
03/07/2024 19:00;03/07/2024 19:15;77;kWh;0;1117;0;0;1117;1117
03/07/2024 19:15;03/07/2024 19:30;78;kWh;0;2349;0;0;2349;2349
03/07/2024 19:30;03/07/2024 19:45;79;kWh;0;8166;0;0;8166;8166
03/07/2024 19:45;03/07/2024 20:00;80;kWh;0;74385;0;0;74385;74385
03/07/2024 20:00;03/07/2024 20:15;81;kWh;0;14742;0;0;14742;14742
03/07/2024 20:15;03/07/2024 20:30;82;kWh;0;143;0;0;143;143
03/07/2024 20:30;03/07/2024 20:45;83;kWh;0;162;0;0;162;162
03/07/2024 20:45;03/07/2024 21:00;84;kWh;-460;0;0;0;460;-460
03/07/2024 21:00;03/07/2024 21:15;85;kWh;-14777;0;0;0;14777;-14777
03/07/2024 21:15;03/07/2024 21:30;86;kWh;-49884;0;0;0;49884;-49884
03/07/2024 21:30;03/07/2024 21:45;87;kWh;-17841;0;0;0;17841;-17841
03/07/2024 21:45;03/07/2024 22:00;88;kWh;-41154;0;0;0;41154;-41154
03/07/2024 22:00;03/07/2024 22:15;89;kWh;-24790;87;0;0;24877;-24703
03/07/2024 22:15;03/07/2024 22:30;90;kWh;-8359;2;0;0;8361;-8357
03/07/2024 22:30;03/07/2024 22:45;91;kWh;-6059;0;0;0;6059;-6059
03/07/2024 22:45;03/07/2024 23:00;92;kWh;-515;0;0;0;515;-515
03/07/2024 23:00;03/07/2024 23:15;93;kWh;-76;0;0;0;76;-76
03/07/2024 23:15;03/07/2024 23:30;94;kWh;-195;0;0;0;195;-195
03/07/2024 23:30;03/07/2024 23:45;95;kWh;-1342;0;0;0;1342;-1342
03/07/2024 23:45;04/07/2024 00:00;96;kWh;-39154;0;0;0;39154;-39154
04/07/2024 00:00;04/07/2024 00:15;1;kWh;-15413;23605;0;0;39018;8192
04/07/2024 00:15;04/07/2024 00:30;2;kWh;0;5708;0;0;5708;5708
04/07/2024 00:30;04/07/2024 00:45;3;kWh;0;52480;0;0;52480;52480
04/07/2024 00:45;04/07/2024 01:00;4;kWh;-80;28105;0;0;28185;28025
04/07/2024 01:00;04/07/2024 01:15;5;kWh;-1927;18856;0;0;20783;16929
04/07/2024 01:15;04/07/2024 01:30;6;kWh;0;24247;0;0;24247;24247
04/07/2024 01:30;04/07/2024 01:45;7;kWh;0;14475;0;0;14475;14475
04/07/2024 01:45;04/07/2024 02:00;8;kWh;-5290;966;0;0;6256;-4324
04/07/2024 02:00;04/07/2024 02:15;9;kWh;-10490;5548;0;0;16038;-4942
04/07/2024 02:15;04/07/2024 02:30;10;kWh;-12157;4495;0;0;16652;-7662
04/07/2024 02:30;04/07/2024 02:45;11;kWh;-8213;121;0;0;8334;-8092
04/07/2024 02:45;04/07/2024 03:00;12;kWh;-1536;1160;0;0;2696;-376
04/07/2024 03:00;04/07/2024 03:15;13;kWh;-726;1418;0;0;2144;692
04/07/2024 03:15;04/07/2024 03:30;14;kWh;-9432;1162;0;0;10594;-8270
04/07/2024 03:30;04/07/2024 03:45;15;kWh;-9253;675;0;0;9928;-8578
04/07/2024 03:45;04/07/2024 04:00;16;kWh;-9646;809;0;0;10455;-8837
04/07/2024 04:00;04/07/2024 04:15;17;kWh;-3202;3017;0;0;6219;-185
04/07/2024 04:15;04/07/2024 04:30;18;kWh;0;13316;0;0;13316;13316
04/07/2024 04:30;04/07/2024 04:45;19;kWh;0;45007;0;0;45007;45007
04/07/2024 04:45;04/07/2024 05:00;20;kWh;0;50179;0;0;50179;50179
04/07/2024 05:00;04/07/2024 05:15;21;kWh;-876;533;0;0;1409;-343
04/07/2024 05:15;04/07/2024 05:30;22;kWh;-7812;8349;0;0;16161;537
04/07/2024 05:30;04/07/2024 05:45;23;kWh;-18369;3824;0;0;22193;-14545
04/07/2024 05:45;04/07/2024 06:00;24;kWh;-57799;191;0;0;57990;-57608
04/07/2024 06:00;04/07/2024 06:15;25;kWh;-17991;12429;0;0;30420;-5562
04/07/2024 06:15;04/07/2024 06:30;26;kWh;-5463;17929;0;0;23392;12466
04/07/2024 06:30;04/07/2024 06:45;27;kWh;0;40931;0;0;40931;40931
04/07/2024 06:45;04/07/2024 07:00;28;kWh;0;22219;0;0;22219;22219
04/07/2024 07:00;04/07/2024 07:15;29;kWh;-15860;9683;0;0;25543;-6177
04/07/2024 07:15;04/07/2024 07:30;30;kWh;0;27448;0;0;27448;27448
04/07/2024 07:30;04/07/2024 07:45;31;kWh;-38367;2069;0;0;40436;-36298
04/07/2024 07:45;04/07/2024 08:00;32;kWh;-44467;265;0;0;44732;-44202
04/07/2024 08:00;04/07/2024 08:15;33;kWh;-35669;7870;0;0;43539;-27799
04/07/2024 08:15;04/07/2024 08:30;34;kWh;-31644;8985;0;0;40629;-22659
04/07/2024 08:30;04/07/2024 08:45;35;kWh;-26692;3480;0;0;30172;-23212
04/07/2024 08:45;04/07/2024 09:00;36;kWh;-48688;7370;0;0;56058;-41318
04/07/2024 09:00;04/07/2024 09:15;37;kWh;-23727;9319;0;0;33046;-14408
04/07/2024 09:15;04/07/2024 09:30;38;kWh;-16695;1086;0;0;17781;-15609
04/07/2024 09:30;04/07/2024 09:45;39;kWh;-26938;1127;0;0;28065;-25811
04/07/2024 09:45;04/07/2024 10:00;40;kWh;-35651;10674;0;0;46325;-24977
04/07/2024 10:00;04/07/2024 10:15;41;kWh;-1028;42330;0;0;43358;41302
04/07/2024 10:15;04/07/2024 10:30;42;kWh;-4555;4048;0;0;8603;-507
04/07/2024 10:30;04/07/2024 10:45;43;kWh;-29341;552;0;0;29893;-28789
04/07/2024 10:45;04/07/2024 11:00;44;kWh;-59535;3114;0;0;62649;-56421
04/07/2024 11:00;04/07/2024 11:15;45;kWh;-47691;3263;0;0;50954;-44428
04/07/2024 11:15;04/07/2024 11:30;46;kWh;-5781;4952;0;0;10733;-829
04/07/2024 11:30;04/07/2024 11:45;47;kWh;-1857;2125;0;0;3982;268
04/07/2024 11:45;04/07/2024 12:00;48;kWh;-5713;9389;0;0;15102;3676
04/07/2024 12:00;04/07/2024 12:15;49;kWh;-1746;23942;0;0;25688;22196
04/07/2024 12:15;04/07/2024 12:30;50;kWh;-11979;23041;0;0;35020;11062
04/07/2024 12:30;04/07/2024 12:45;51;kWh;-4226;2238;0;0;6464;-1988
04/07/2024 12:45;04/07/2024 13:00;52;kWh;-7904;0;0;0;7904;-7904
04/07/2024 13:00;04/07/2024 13:15;53;kWh;-9337;0;0;0;9337;-9337
04/07/2024 13:15;04/07/2024 13:30;54;kWh;-8563;0;0;0;8563;-8563
04/07/2024 13:30;04/07/2024 13:45;55;kWh;-28031;1063;0;0;29094;-26968
04/07/2024 13:45;04/07/2024 14:00;56;kWh;-58661;334;0;0;58995;-58327
04/07/2024 14:00;04/07/2024 14:15;57;kWh;-21883;0;0;0;21883;-21883
04/07/2024 14:15;04/07/2024 14:30;58;kWh;-35722;0;0;0;35722;-35722
04/07/2024 14:30;04/07/2024 14:45;59;kWh;-64719;0;0;0;64719;-64719
04/07/2024 14:45;04/07/2024 15:00;60;kWh;-29896;0;0;0;29896;-29896
04/07/2024 15:00;04/07/2024 15:15;61;kWh;-8893;0;0;0;8893;-8893
04/07/2024 15:15;04/07/2024 15:30;62;kWh;-11277;0;0;0;11277;-11277
04/07/2024 15:30;04/07/2024 15:45;63;kWh;-4409;0;0;0;4409;-4409
04/07/2024 15:45;04/07/2024 16:00;64;kWh;-17524;0;0;0;17524;-17524
04/07/2024 16:00;04/07/2024 16:15;65;kWh;-31067;0;0;0;31067;-31067
04/07/2024 16:15;04/07/2024 16:30;66;kWh;-19896;4466;0;0;24362;-15430
04/07/2024 16:30;04/07/2024 16:45;67;kWh;-24978;5869;0;0;30847;-19109
04/07/2024 16:45;04/07/2024 17:00;68;kWh;-24034;4663;0;0;28697;-19371
04/07/2024 17:00;04/07/2024 17:15;69;kWh;-19189;954;0;0;20143;-18235
04/07/2024 17:15;04/07/2024 17:30;70;kWh;-17446;8152;0;0;25598;-9294
04/07/2024 17:30;04/07/2024 17:45;71;kWh;-10882;1638;0;0;12520;-9244
04/07/2024 17:45;04/07/2024 18:00;72;kWh;-3610;278;0;0;3888;-3332
04/07/2024 18:00;04/07/2024 18:15;73;kWh;-30140;426;0;0;30566;-29714
04/07/2024 18:15;04/07/2024 18:30;74;kWh;-10471;3706;0;0;14177;-6765
04/07/2024 18:30;04/07/2024 18:45;75;kWh;-12009;921;0;0;12930;-11088
04/07/2024 18:45;04/07/2024 19:00;76;kWh;-826;5294;0;0;6120;4468
04/07/2024 19:00;04/07/2024 19:15;77;kWh;-78900;9;0;0;78909;-78891
04/07/2024 19:15;04/07/2024 19:30;78;kWh;-28431;5484;0;0;33915;-22947
04/07/2024 19:30;04/07/2024 19:45;79;kWh;-18104;2448;0;0;20552;-15656
04/07/2024 19:45;04/07/2024 20:00;80;kWh;-20504;217;0;0;20721;-20287
04/07/2024 20:00;04/07/2024 20:15;81;kWh;-7039;1029;0;0;8068;-6010
04/07/2024 20:15;04/07/2024 20:30;82;kWh;-11018;14511;0;0;25529;3493
04/07/2024 20:30;04/07/2024 20:45;83;kWh;-6302;10929;0;0;17231;4627
04/07/2024 20:45;04/07/2024 21:00;84;kWh;0;40454;0;0;40454;40454
04/07/2024 21:00;04/07/2024 21:15;85;kWh;0;14001;0;0;14001;14001
04/07/2024 21:15;04/07/2024 21:30;86;kWh;-1810;3253;0;0;5063;1443
04/07/2024 21:30;04/07/2024 21:45;87;kWh;-7207;7028;0;0;14235;-179
04/07/2024 21:45;04/07/2024 22:00;88;kWh;-7266;4599;0;0;11865;-2667
04/07/2024 22:00;04/07/2024 22:15;89;kWh;-12;12167;0;0;12179;12155
04/07/2024 22:15;04/07/2024 22:30;90;kWh;-6555;0;0;0;6555;-6555
04/07/2024 22:30;04/07/2024 22:45;91;kWh;-10492;2965;0;0;13457;-7527
04/07/2024 22:45;04/07/2024 23:00;92;kWh;-9855;1838;0;0;11693;-8017
04/07/2024 23:00;04/07/2024 23:15;93;kWh;-2595;1117;0;0;3712;-1478
04/07/2024 23:15;04/07/2024 23:30;94;kWh;-3408;1472;0;0;4880;-1936
04/07/2024 23:30;04/07/2024 23:45;95;kWh;-10496;4214;0;0;14710;-6282
04/07/2024 23:45;05/07/2024 00:00;96;kWh;-15585;11964;0;0;27549;-3621
05/07/2024 00:00;05/07/2024 00:15;1;kWh;-8366;21600;0;0;29966;13234
05/07/2024 00:15;05/07/2024 00:30;2;kWh;0;23516;0;0;23516;23516
05/07/2024 00:30;05/07/2024 00:45;3;kWh;0;5274;0;0;5274;5274
05/07/2024 00:45;05/07/2024 01:00;4;kWh;-1174;2873;0;0;4047;1699
05/07/2024 01:00;05/07/2024 01:15;5;kWh;-236;23444;0;0;23680;23208
05/07/2024 01:15;05/07/2024 01:30;6;kWh;0;4211;0;0;4211;4211
05/07/2024 01:30;05/07/2024 01:45;7;kWh;-3976;51;0;0;4027;-3925
05/07/2024 01:45;05/07/2024 02:00;8;kWh;-7178;1632;0;0;8810;-5546
05/07/2024 02:00;05/07/2024 02:15;9;kWh;-93;1210;0;0;1303;1117
05/07/2024 02:15;05/07/2024 02:30;10;kWh;-3150;2023;0;0;5173;-1127
05/07/2024 02:30;05/07/2024 02:45;11;kWh;-3204;0;0;0;3204;-3204
05/07/2024 02:45;05/07/2024 03:00;12;kWh;-13085;778;0;0;13863;-12307
05/07/2024 03:00;05/07/2024 03:15;13;kWh;-4911;382;0;0;5293;-4529
05/07/2024 03:15;05/07/2024 03:30;14;kWh;-2488;0;0;0;2488;-2488
05/07/2024 03:30;05/07/2024 03:45;15;kWh;-1421;0;0;0;1421;-1421
05/07/2024 03:45;05/07/2024 04:00;16;kWh;-28;0;0;0;28;-28
05/07/2024 04:00;05/07/2024 04:15;17;kWh;-1985;0;0;0;1985;-1985
05/07/2024 04:15;05/07/2024 04:30;18;kWh;-7718;0;0;0;7718;-7718
05/07/2024 04:30;05/07/2024 04:45;19;kWh;-10400;0;0;0;10400;-10400
05/07/2024 04:45;05/07/2024 05:00;20;kWh;-391;0;0;0;391;-391
05/07/2024 05:00;05/07/2024 05:15;21;kWh;-26109;0;0;0;26109;-26109
05/07/2024 05:15;05/07/2024 05:30;22;kWh;-24202;0;0;0;24202;-24202
05/07/2024 05:30;05/07/2024 05:45;23;kWh;-8802;0;0;0;8802;-8802
05/07/2024 05:45;05/07/2024 06:00;24;kWh;-6122;2952;0;0;9074;-3170
05/07/2024 06:00;05/07/2024 06:15;25;kWh;-707;7642;0;0;8349;6935
05/07/2024 06:15;05/07/2024 06:30;26;kWh;0;20134;0;0;20134;20134
05/07/2024 06:30;05/07/2024 06:45;27;kWh;0;40782;0;0;40782;40782
05/07/2024 06:45;05/07/2024 07:00;28;kWh;-47;21332;0;0;21379;21285
05/07/2024 07:00;05/07/2024 07:15;29;kWh;-5800;17936;0;0;23736;12136
05/07/2024 07:15;05/07/2024 07:30;30;kWh;-181;19614;0;0;19795;19433
05/07/2024 07:30;05/07/2024 07:45;31;kWh;-951;581;0;0;1532;-370
05/07/2024 07:45;05/07/2024 08:00;32;kWh;-795;3353;0;0;4148;2558
05/07/2024 08:00;05/07/2024 08:15;33;kWh;0;80096;0;0;80096;80096
05/07/2024 08:15;05/07/2024 08:30;34;kWh;0;61417;0;0;61417;61417
05/07/2024 08:30;05/07/2024 08:45;35;kWh;-7;27201;0;0;27208;27194
05/07/2024 08:45;05/07/2024 09:00;36;kWh;-5217;30209;0;0;35426;24992
05/07/2024 09:00;05/07/2024 09:15;37;kWh;0;40561;0;0;40561;40561
05/07/2024 09:15;05/07/2024 09:30;38;kWh;-7517;411;0;0;7928;-7106
05/07/2024 09:30;05/07/2024 09:45;39;kWh;-12653;0;0;0;12653;-12653
05/07/2024 09:45;05/07/2024 10:00;40;kWh;-23611;0;0;0;23611;-23611
05/07/2024 10:00;05/07/2024 10:15;41;kWh;-25133;2678;0;0;27811;-22455
05/07/2024 10:15;05/07/2024 10:30;42;kWh;-16724;1250;0;0;17974;-15474
05/07/2024 10:30;05/07/2024 10:45;43;kWh;-27261;1367;0;0;28628;-25894
05/07/2024 10:45;05/07/2024 11:00;44;kWh;-26198;0;0;0;26198;-26198
05/07/2024 11:00;05/07/2024 11:15;45;kWh;-23939;0;0;0;23939;-23939
05/07/2024 11:15;05/07/2024 11:30;46;kWh;-35977;0;0;0;35977;-35977
05/07/2024 11:30;05/07/2024 11:45;47;kWh;-37002;0;0;0;37002;-37002
05/07/2024 11:45;05/07/2024 12:00;48;kWh;-28777;0;0;0;28777;-28777
05/07/2024 12:00;05/07/2024 12:15;49;kWh;-37458;0;0;0;37458;-37458
05/07/2024 12:15;05/07/2024 12:30;50;kWh;-40827;0;0;0;40827;-40827
05/07/2024 12:30;05/07/2024 12:45;51;kWh;-13760;0;0;0;13760;-13760
05/07/2024 12:45;05/07/2024 13:00;52;kWh;-28150;0;0;0;28150;-28150
05/07/2024 13:00;05/07/2024 13:15;53;kWh;-14502;0;0;0;14502;-14502
05/07/2024 13:15;05/07/2024 13:30;54;kWh;-9683;0;0;0;9683;-9683
05/07/2024 13:30;05/07/2024 13:45;55;kWh;-2086;0;0;0;2086;-2086
05/07/2024 13:45;05/07/2024 14:00;56;kWh;-14189;0;0;0;14189;-14189
05/07/2024 14:00;05/07/2024 14:15;57;kWh;-40934;0;0;0;40934;-40934
05/07/2024 14:15;05/07/2024 14:30;58;kWh;-30578;0;0;0;30578;-30578
05/07/2024 14:30;05/07/2024 14:45;59;kWh;-18349;2974;0;0;21323;-15375
05/07/2024 14:45;05/07/2024 15:00;60;kWh;-14026;17;0;0;14043;-14009
05/07/2024 15:00;05/07/2024 15:15;61;kWh;-10606;2043;0;0;12649;-8563
05/07/2024 15:15;05/07/2024 15:30;62;kWh;-7563;4756;0;0;12319;-2807
05/07/2024 15:30;05/07/2024 15:45;63;kWh;-34675;5300;0;0;39975;-29375
05/07/2024 15:45;05/07/2024 16:00;64;kWh;-20034;7;0;0;20041;-20027
05/07/2024 16:00;05/07/2024 16:15;65;kWh;-35437;0;0;0;35437;-35437
05/07/2024 16:15;05/07/2024 16:30;66;kWh;-31954;392;0;0;32346;-31562
05/07/2024 16:30;05/07/2024 16:45;67;kWh;-1388;5022;0;0;6410;3634
05/07/2024 16:45;05/07/2024 17:00;68;kWh;0;33103;0;0;33103;33103
05/07/2024 17:00;05/07/2024 17:15;69;kWh;-12531;6053;0;0;18584;-6478
05/07/2024 17:15;05/07/2024 17:30;70;kWh;-70;6048;0;0;6118;5978
05/07/2024 17:30;05/07/2024 17:45;71;kWh;0;12529;0;0;12529;12529
05/07/2024 17:45;05/07/2024 18:00;72;kWh;0;1047;0;0;1047;1047
05/07/2024 18:00;05/07/2024 18:15;73;kWh;0;38692;0;0;38692;38692
05/07/2024 18:15;05/07/2024 18:30;74;kWh;-1336;652;0;0;1988;-684
05/07/2024 18:30;05/07/2024 18:45;75;kWh;-254;8876;0;0;9130;8622
05/07/2024 18:45;05/07/2024 19:00;76;kWh;-1146;116;0;0;1262;-1030
05/07/2024 19:00;05/07/2024 19:15;77;kWh;-18276;0;0;0;18276;-18276
05/07/2024 19:15;05/07/2024 19:30;78;kWh;-23052;0;0;0;23052;-23052
05/07/2024 19:30;05/07/2024 19:45;79;kWh;-17106;254;0;0;17360;-16852
05/07/2024 19:45;05/07/2024 20:00;80;kWh;-12884;0;0;0;12884;-12884
05/07/2024 20:00;05/07/2024 20:15;81;kWh;-781;0;0;0;781;-781
05/07/2024 20:15;05/07/2024 20:30;82;kWh;-5;221;0;0;226;216
05/07/2024 20:30;05/07/2024 20:45;83;kWh;-678;751;0;0;1429;73
05/07/2024 20:45;05/07/2024 21:00;84;kWh;0;2770;0;0;2770;2770
05/07/2024 21:00;05/07/2024 21:15;85;kWh;0;26277;0;0;26277;26277
05/07/2024 21:15;05/07/2024 21:30;86;kWh;0;51330;0;0;51330;51330
05/07/2024 21:30;05/07/2024 21:45;87;kWh;0;45442;0;0;45442;45442
05/07/2024 21:45;05/07/2024 22:00;88;kWh;0;66526;0;0;66526;66526
05/07/2024 22:00;05/07/2024 22:15;89;kWh;0;69866;0;0;69866;69866
05/07/2024 22:15;05/07/2024 22:30;90;kWh;0;66191;0;0;66191;66191
05/07/2024 22:30;05/07/2024 22:45;91;kWh;0;13403;0;0;13403;13403
05/07/2024 22:45;05/07/2024 23:00;92;kWh;-16809;0;0;0;16809;-16809
05/07/2024 23:00;05/07/2024 23:15;93;kWh;-10168;0;0;0;10168;-10168
05/07/2024 23:15;05/07/2024 23:30;94;kWh;-3305;0;0;0;3305;-3305
05/07/2024 23:30;05/07/2024 23:45;95;kWh;-11006;0;0;0;11006;-11006
05/07/2024 23:45;06/07/2024 00:00;96;kWh;-11664;0;0;0;11664;-11664
06/07/2024 00:00;06/07/2024 00:15;1;kWh;-7317;6444;0;0;13761;-873
06/07/2024 00:15;06/07/2024 00:30;2;kWh;-1909;15999;0;0;17908;14090
06/07/2024 00:30;06/07/2024 00:45;3;kWh;-526;16320;0;0;16846;15794
06/07/2024 00:45;06/07/2024 01:00;4;kWh;0;337;0;0;337;337
06/07/2024 01:00;06/07/2024 01:15;5;kWh;0;19295;0;0;19295;19295
06/07/2024 01:15;06/07/2024 01:30;6;kWh;0;49966;0;0;49966;49966
06/07/2024 01:30;06/07/2024 01:45;7;kWh;0;16776;0;0;16776;16776
06/07/2024 01:45;06/07/2024 02:00;8;kWh;0;261;0;0;261;261
06/07/2024 02:00;06/07/2024 02:15;9;kWh;0;16673;0;0;16673;16673
06/07/2024 02:15;06/07/2024 02:30;10;kWh;0;17765;0;0;17765;17765
06/07/2024 02:30;06/07/2024 02:45;11;kWh;0;26;0;0;26;26
06/07/2024 02:45;06/07/2024 03:00;12;kWh;0;2374;0;0;2374;2374
06/07/2024 03:00;06/07/2024 03:15;13;kWh;0;1501;0;0;1501;1501
06/07/2024 03:15;06/07/2024 03:30;14;kWh;-643;0;0;0;643;-643
06/07/2024 03:30;06/07/2024 03:45;15;kWh;-2625;136;0;0;2761;-2489
06/07/2024 03:45;06/07/2024 04:00;16;kWh;0;0;0;0;0;0
06/07/2024 04:00;06/07/2024 04:15;17;kWh;0;7991;0;0;7991;7991
06/07/2024 04:15;06/07/2024 04:30;18;kWh;0;7474;0;0;7474;7474
06/07/2024 04:30;06/07/2024 04:45;19;kWh;0;1456;0;0;1456;1456
06/07/2024 04:45;06/07/2024 05:00;20;kWh;0;1811;0;0;1811;1811
06/07/2024 05:00;06/07/2024 05:15;21;kWh;0;8230;0;0;8230;8230
06/07/2024 05:15;06/07/2024 05:30;22;kWh;0;40487;0;0;40487;40487
06/07/2024 05:30;06/07/2024 05:45;23;kWh;0;39727;0;0;39727;39727
06/07/2024 05:45;06/07/2024 06:00;24;kWh;0;13743;0;0;13743;13743
06/07/2024 06:00;06/07/2024 06:15;25;kWh;0;53247;0;0;53247;53247
06/07/2024 06:15;06/07/2024 06:30;26;kWh;0;4423;0;0;4423;4423
06/07/2024 06:30;06/07/2024 06:45;27;kWh;-1902;0;0;0;1902;-1902
06/07/2024 06:45;06/07/2024 07:00;28;kWh;-7324;0;0;0;7324;-7324
06/07/2024 07:00;06/07/2024 07:15;29;kWh;-2793;0;0;0;2793;-2793
06/07/2024 07:15;06/07/2024 07:30;30;kWh;-11829;0;0;0;11829;-11829
06/07/2024 07:30;06/07/2024 07:45;31;kWh;-5089;0;0;0;5089;-5089
06/07/2024 07:45;06/07/2024 08:00;32;kWh;-13132;0;0;0;13132;-13132
06/07/2024 08:00;06/07/2024 08:15;33;kWh;-3048;1828;0;0;4876;-1220
06/07/2024 08:15;06/07/2024 08:30;34;kWh;-1097;0;0;0;1097;-1097
06/07/2024 08:30;06/07/2024 08:45;35;kWh;-2151;0;0;0;2151;-2151
06/07/2024 08:45;06/07/2024 09:00;36;kWh;-1200;1683;0;0;2883;483
06/07/2024 09:00;06/07/2024 09:15;37;kWh;-2068;45624;0;0;47692;43556
06/07/2024 09:15;06/07/2024 09:30;38;kWh;0;51502;0;0;51502;51502
06/07/2024 09:30;06/07/2024 09:45;39;kWh;0;42555;0;0;42555;42555
06/07/2024 09:45;06/07/2024 10:00;40;kWh;0;10133;0;0;10133;10133
06/07/2024 10:00;06/07/2024 10:15;41;kWh;0;7586;0;0;7586;7586
06/07/2024 10:15;06/07/2024 10:30;42;kWh;0;826;0;0;826;826
06/07/2024 10:30;06/07/2024 10:45;43;kWh;-440;0;0;0;440;-440
06/07/2024 10:45;06/07/2024 11:00;44;kWh;-1373;0;0;0;1373;-1373
06/07/2024 11:00;06/07/2024 11:15;45;kWh;-1445;0;0;0;1445;-1445
06/07/2024 11:15;06/07/2024 11:30;46;kWh;-2246;0;0;0;2246;-2246
06/07/2024 11:30;06/07/2024 11:45;47;kWh;-1076;0;0;0;1076;-1076
06/07/2024 11:45;06/07/2024 12:00;48;kWh;-3724;0;0;0;3724;-3724
06/07/2024 12:00;06/07/2024 12:15;49;kWh;-3061;48577;0;0;51638;45516
06/07/2024 12:15;06/07/2024 12:30;50;kWh;-4934;28745;0;0;33679;23811
06/07/2024 12:30;06/07/2024 12:45;51;kWh;-33277;67176;0;0;100453;33899
06/07/2024 12:45;06/07/2024 13:00;52;kWh;-2597;17282;0;0;19879;14685
06/07/2024 13:00;06/07/2024 13:15;53;kWh;-1206;7606;0;0;8812;6400
06/07/2024 13:15;06/07/2024 13:30;54;kWh;-8309;997;0;0;9306;-7312
06/07/2024 13:30;06/07/2024 13:45;55;kWh;-14447;0;0;0;14447;-14447
06/07/2024 13:45;06/07/2024 14:00;56;kWh;-22843;0;0;0;22843;-22843
06/07/2024 14:00;06/07/2024 14:15;57;kWh;-532;0;0;0;532;-532
06/07/2024 14:15;06/07/2024 14:30;58;kWh;-389;0;0;0;389;-389
06/07/2024 14:30;06/07/2024 14:45;59;kWh;-961;0;0;0;961;-961
06/07/2024 14:45;06/07/2024 15:00;60;kWh;-1763;0;0;0;1763;-1763
06/07/2024 15:00;06/07/2024 15:15;61;kWh;-9733;0;0;0;9733;-9733
06/07/2024 15:15;06/07/2024 15:30;62;kWh;-34585;0;0;0;34585;-34585
06/07/2024 15:30;06/07/2024 15:45;63;kWh;-35129;0;0;0;35129;-35129
06/07/2024 15:45;06/07/2024 16:00;64;kWh;-37171;0;0;0;37171;-37171
06/07/2024 16:00;06/07/2024 16:15;65;kWh;-35330;0;0;0;35330;-35330
06/07/2024 16:15;06/07/2024 16:30;66;kWh;-5241;212;0;0;5453;-5029
06/07/2024 16:30;06/07/2024 16:45;67;kWh;-6215;7501;0;0;13716;1286
06/07/2024 16:45;06/07/2024 17:00;68;kWh;-9590;11705;0;0;21295;2115
06/07/2024 17:00;06/07/2024 17:15;69;kWh;-18080;6004;0;0;24084;-12076
06/07/2024 17:15;06/07/2024 17:30;70;kWh;-4293;12309;0;0;16602;8016
06/07/2024 17:30;06/07/2024 17:45;71;kWh;-2231;29660;0;0;31891;27429
06/07/2024 17:45;06/07/2024 18:00;72;kWh;-4273;24740;0;0;29013;20467
06/07/2024 18:00;06/07/2024 18:15;73;kWh;-19111;330;0;0;19441;-18781
06/07/2024 18:15;06/07/2024 18:30;74;kWh;-5588;5790;0;0;11378;202
06/07/2024 18:30;06/07/2024 18:45;75;kWh;-3817;12688;0;0;16505;8871
06/07/2024 18:45;06/07/2024 19:00;76;kWh;-1250;11717;0;0;12967;10467
06/07/2024 19:00;06/07/2024 19:15;77;kWh;-15772;0;0;0;15772;-15772
06/07/2024 19:15;06/07/2024 19:30;78;kWh;-20391;1020;0;0;21411;-19371
06/07/2024 19:30;06/07/2024 19:45;79;kWh;-19551;4643;0;0;24194;-14908
06/07/2024 19:45;06/07/2024 20:00;80;kWh;-1210;3764;0;0;4974;2554
06/07/2024 20:00;06/07/2024 20:15;81;kWh;-19903;6059;0;0;25962;-13844
06/07/2024 20:15;06/07/2024 20:30;82;kWh;-11571;9254;0;0;20825;-2317
06/07/2024 20:30;06/07/2024 20:45;83;kWh;0;14346;0;0;14346;14346
06/07/2024 20:45;06/07/2024 21:00;84;kWh;0;68915;0;0;68915;68915
06/07/2024 21:00;06/07/2024 21:15;85;kWh;-29650;1829;0;0;31479;-27821
06/07/2024 21:15;06/07/2024 21:30;86;kWh;-7654;11941;0;0;19595;4287
06/07/2024 21:30;06/07/2024 21:45;87;kWh;0;23556;0;0;23556;23556
06/07/2024 21:45;06/07/2024 22:00;88;kWh;0;32594;0;0;32594;32594
06/07/2024 22:00;06/07/2024 22:15;89;kWh;-8998;5029;0;0;14027;-3969
06/07/2024 22:15;06/07/2024 22:30;90;kWh;-8;9816;0;0;9824;9808
06/07/2024 22:30;06/07/2024 22:45;91;kWh;0;5531;0;0;5531;5531
06/07/2024 22:45;06/07/2024 23:00;92;kWh;0;27714;0;0;27714;27714
06/07/2024 23:00;06/07/2024 23:15;93;kWh;0;34834;0;0;34834;34834
06/07/2024 23:15;06/07/2024 23:30;94;kWh;-8862;13241;0;0;22103;4379
06/07/2024 23:30;06/07/2024 23:45;95;kWh;-10501;1399;0;0;11900;-9102
06/07/2024 23:45;07/07/2024 00:00;96;kWh;-6806;1681;0;0;8487;-5125
07/07/2024 00:00;07/07/2024 00:15;1;kWh;-12319;814;0;0;13133;-11505
07/07/2024 00:15;07/07/2024 00:30;2;kWh;-8882;712;0;0;9594;-8170
07/07/2024 00:30;07/07/2024 00:45;3;kWh;-3682;1180;0;0;4862;-2502
07/07/2024 00:45;07/07/2024 01:00;4;kWh;-9415;467;0;0;9882;-8948
07/07/2024 01:00;07/07/2024 01:15;5;kWh;-2378;3220;0;0;5598;842
07/07/2024 01:15;07/07/2024 01:30;6;kWh;-3632;1355;0;0;4987;-2277
07/07/2024 01:30;07/07/2024 01:45;7;kWh;-8765;682;0;0;9447;-8083
07/07/2024 01:45;07/07/2024 02:00;8;kWh;-13685;0;0;0;13685;-13685
07/07/2024 02:00;07/07/2024 02:15;9;kWh;-6456;0;0;0;6456;-6456
07/07/2024 02:15;07/07/2024 02:30;10;kWh;-5899;0;0;0;5899;-5899
07/07/2024 02:30;07/07/2024 02:45;11;kWh;-23212;0;0;0;23212;-23212
07/07/2024 02:45;07/07/2024 03:00;12;kWh;-22752;0;0;0;22752;-22752
07/07/2024 03:00;07/07/2024 03:15;13;kWh;-6499;0;0;0;6499;-6499
07/07/2024 03:15;07/07/2024 03:30;14;kWh;-2921;0;0;0;2921;-2921
07/07/2024 03:30;07/07/2024 03:45;15;kWh;-2363;0;0;0;2363;-2363
07/07/2024 03:45;07/07/2024 04:00;16;kWh;-3385;0;0;0;3385;-3385
07/07/2024 04:00;07/07/2024 04:15;17;kWh;-2889;0;0;0;2889;-2889
07/07/2024 04:15;07/07/2024 04:30;18;kWh;-2;0;0;0;2;-2
07/07/2024 04:30;07/07/2024 04:45;19;kWh;-418;0;0;0;418;-418
07/07/2024 04:45;07/07/2024 05:00;20;kWh;-21;1464;0;0;1485;1443
07/07/2024 05:00;07/07/2024 05:15;21;kWh;0;6328;0;0;6328;6328
07/07/2024 05:15;07/07/2024 05:30;22;kWh;0;362;0;0;362;362
07/07/2024 05:30;07/07/2024 05:45;23;kWh;-795;0;0;0;795;-795
07/07/2024 05:45;07/07/2024 06:00;24;kWh;-2886;0;0;0;2886;-2886
07/07/2024 06:00;07/07/2024 06:15;25;kWh;-972;0;0;0;972;-972
07/07/2024 06:15;07/07/2024 06:30;26;kWh;-1509;0;0;0;1509;-1509
07/07/2024 06:30;07/07/2024 06:45;27;kWh;-9073;0;0;0;9073;-9073
07/07/2024 06:45;07/07/2024 07:00;28;kWh;-19729;0;0;0;19729;-19729
07/07/2024 07:00;07/07/2024 07:15;29;kWh;-11374;0;0;0;11374;-11374
07/07/2024 07:15;07/07/2024 07:30;30;kWh;-9834;0;0;0;9834;-9834
07/07/2024 07:30;07/07/2024 07:45;31;kWh;-20091;0;0;0;20091;-20091
07/07/2024 07:45;07/07/2024 08:00;32;kWh;-27425;0;0;0;27425;-27425
07/07/2024 08:00;07/07/2024 08:15;33;kWh;-18603;29;0;0;18632;-18574
07/07/2024 08:15;07/07/2024 08:30;34;kWh;-31383;2832;0;0;34215;-28551
07/07/2024 08:30;07/07/2024 08:45;35;kWh;-18846;0;0;0;18846;-18846
07/07/2024 08:45;07/07/2024 09:00;36;kWh;-14712;0;0;0;14712;-14712
07/07/2024 09:00;07/07/2024 09:15;37;kWh;-17104;0;0;0;17104;-17104
07/07/2024 09:15;07/07/2024 09:30;38;kWh;-24709;0;0;0;24709;-24709
07/07/2024 09:30;07/07/2024 09:45;39;kWh;-28931;0;0;0;28931;-28931
07/07/2024 09:45;07/07/2024 10:00;40;kWh;-27821;0;0;0;27821;-27821
07/07/2024 10:00;07/07/2024 10:15;41;kWh;-2744;0;0;0;2744;-2744
07/07/2024 10:15;07/07/2024 10:30;42;kWh;-2948;0;0;0;2948;-2948
07/07/2024 10:30;07/07/2024 10:45;43;kWh;-6887;0;0;0;6887;-6887
07/07/2024 10:45;07/07/2024 11:00;44;kWh;-15854;0;0;0;15854;-15854
07/07/2024 11:00;07/07/2024 11:15;45;kWh;-31610;0;0;0;31610;-31610
07/07/2024 11:15;07/07/2024 11:30;46;kWh;-15315;0;0;0;15315;-15315
07/07/2024 11:30;07/07/2024 11:45;47;kWh;-9472;0;0;0;9472;-9472
07/07/2024 11:45;07/07/2024 12:00;48;kWh;-2204;0;0;0;2204;-2204
07/07/2024 12:00;07/07/2024 12:15;49;kWh;-9262;0;0;0;9262;-9262
07/07/2024 12:15;07/07/2024 12:30;50;kWh;-6037;0;0;0;6037;-6037
07/07/2024 12:30;07/07/2024 12:45;51;kWh;-3052;1349;0;0;4401;-1703
07/07/2024 12:45;07/07/2024 13:00;52;kWh;0;491;0;0;491;491
07/07/2024 13:00;07/07/2024 13:15;53;kWh;-637;0;0;0;637;-637
07/07/2024 13:15;07/07/2024 13:30;54;kWh;-154;0;0;0;154;-154
07/07/2024 13:30;07/07/2024 13:45;55;kWh;-1372;0;0;0;1372;-1372
07/07/2024 13:45;07/07/2024 14:00;56;kWh;-1651;735;0;0;2386;-916
07/07/2024 14:00;07/07/2024 14:15;57;kWh;0;7055;0;0;7055;7055
07/07/2024 14:15;07/07/2024 14:30;58;kWh;0;1035;0;0;1035;1035
07/07/2024 14:30;07/07/2024 14:45;59;kWh;-1499;0;0;0;1499;-1499
07/07/2024 14:45;07/07/2024 15:00;60;kWh;-1339;0;0;0;1339;-1339
07/07/2024 15:00;07/07/2024 15:15;61;kWh;-5667;0;0;0;5667;-5667
07/07/2024 15:15;07/07/2024 15:30;62;kWh;-27;0;0;0;27;-27
07/07/2024 15:30;07/07/2024 15:45;63;kWh;0;36898;0;0;36898;36898
07/07/2024 15:45;07/07/2024 16:00;64;kWh;0;54422;0;0;54422;54422
07/07/2024 16:00;07/07/2024 16:15;65;kWh;-128;396;0;0;524;268
07/07/2024 16:15;07/07/2024 16:30;66;kWh;-62;15634;0;0;15696;15572
07/07/2024 16:30;07/07/2024 16:45;67;kWh;0;88432;0;0;88432;88432
07/07/2024 16:45;07/07/2024 17:00;68;kWh;0;56911;0;0;56911;56911
07/07/2024 17:00;07/07/2024 17:15;69;kWh;-23589;1213;0;0;24802;-22376
07/07/2024 17:15;07/07/2024 17:30;70;kWh;-26525;249;0;0;26774;-26276
07/07/2024 17:30;07/07/2024 17:45;71;kWh;-13695;249;0;0;13944;-13446
07/07/2024 17:45;07/07/2024 18:00;72;kWh;-2634;249;0;0;2883;-2385
07/07/2024 18:00;07/07/2024 18:15;73;kWh;-21509;1770;0;0;23279;-19739
07/07/2024 18:15;07/07/2024 18:30;74;kWh;-16182;824;0;0;17006;-15358
07/07/2024 18:30;07/07/2024 18:45;75;kWh;0;1955;0;0;1955;1955
07/07/2024 18:45;07/07/2024 19:00;76;kWh;0;249;0;0;249;249
07/07/2024 19:00;07/07/2024 19:15;77;kWh;0;5119;0;0;5119;5119
07/07/2024 19:15;07/07/2024 19:30;78;kWh;0;10977;0;0;10977;10977
07/07/2024 19:30;07/07/2024 19:45;79;kWh;0;3870;0;0;3870;3870
07/07/2024 19:45;07/07/2024 20:00;80;kWh;0;12670;0;0;12670;12670
07/07/2024 20:00;07/07/2024 20:15;81;kWh;0;12645;0;0;12645;12645
07/07/2024 20:15;07/07/2024 20:30;82;kWh;0;11126;0;0;11126;11126
07/07/2024 20:30;07/07/2024 20:45;83;kWh;0;21961;0;0;21961;21961
07/07/2024 20:45;07/07/2024 21:00;84;kWh;0;41628;0;0;41628;41628
07/07/2024 21:00;07/07/2024 21:15;85;kWh;0;7496;0;0;7496;7496
07/07/2024 21:15;07/07/2024 21:30;86;kWh;0;10076;0;0;10076;10076
07/07/2024 21:30;07/07/2024 21:45;87;kWh;0;11569;0;0;11569;11569
07/07/2024 21:45;07/07/2024 22:00;88;kWh;0;44210;0;0;44210;44210
07/07/2024 22:00;07/07/2024 22:15;89;kWh;0;34098;0;0;34098;34098
07/07/2024 22:15;07/07/2024 22:30;90;kWh;-5162;317;0;0;5479;-4845
07/07/2024 22:30;07/07/2024 22:45;91;kWh;-16626;249;0;0;16875;-16377
07/07/2024 22:45;07/07/2024 23:00;92;kWh;-32387;249;0;0;32636;-32138
07/07/2024 23:00;07/07/2024 23:15;93;kWh;-6707;249;0;0;6956;-6458
07/07/2024 23:15;07/07/2024 23:30;94;kWh;-12472;249;0;0;12721;-12223
07/07/2024 23:30;07/07/2024 23:45;95;kWh;-8175;249;0;0;8424;-7926
07/07/2024 23:45;08/07/2024 00:00;96;kWh;-5471;249;0;0;5720;-5222
08/07/2024 00:00;08/07/2024 00:15;1;kWh;-4532;19052;0;0;23584;14520
08/07/2024 00:15;08/07/2024 00:30;2;kWh;-55;21810;0;0;21865;21755
08/07/2024 00:30;08/07/2024 00:45;3;kWh;-630;0;0;0;630;-630
08/07/2024 00:45;08/07/2024 01:00;4;kWh;-2582;0;0;0;2582;-2582
08/07/2024 01:00;08/07/2024 01:15;5;kWh;-2420;2943;0;0;5363;523
08/07/2024 01:15;08/07/2024 01:30;6;kWh;0;5291;0;0;5291;5291
08/07/2024 01:30;08/07/2024 01:45;7;kWh;0;2150;0;0;2150;2150
08/07/2024 01:45;08/07/2024 02:00;8;kWh;0;133;0;0;133;133
08/07/2024 02:00;08/07/2024 02:15;9;kWh;0;422;0;0;422;422
08/07/2024 02:15;08/07/2024 02:30;10;kWh;0;6968;0;0;6968;6968
08/07/2024 02:30;08/07/2024 02:45;11;kWh;0;7832;0;0;7832;7832
08/07/2024 02:45;08/07/2024 03:00;12;kWh;0;6839;0;0;6839;6839
08/07/2024 03:00;08/07/2024 03:15;13;kWh;0;59;0;0;59;59
08/07/2024 03:15;08/07/2024 03:30;14;kWh;0;9;0;0;9;9
08/07/2024 03:30;08/07/2024 03:45;15;kWh;0;0;0;0;0;0
08/07/2024 03:45;08/07/2024 04:00;16;kWh;0;1682;0;0;1682;1682
08/07/2024 04:00;08/07/2024 04:15;17;kWh;0;717;0;0;717;717
08/07/2024 04:15;08/07/2024 04:30;18;kWh;0;43;0;0;43;43
08/07/2024 04:30;08/07/2024 04:45;19;kWh;0;50;0;0;50;50
08/07/2024 04:45;08/07/2024 05:00;20;kWh;0;14227;0;0;14227;14227
08/07/2024 05:00;08/07/2024 05:15;21;kWh;-1259;445;0;0;1704;-814
08/07/2024 05:15;08/07/2024 05:30;22;kWh;-7947;0;0;0;7947;-7947
08/07/2024 05:30;08/07/2024 05:45;23;kWh;0;1316;0;0;1316;1316
08/07/2024 05:45;08/07/2024 06:00;24;kWh;0;1088;0;0;1088;1088
08/07/2024 06:00;08/07/2024 06:15;25;kWh;0;373;0;0;373;373
08/07/2024 06:15;08/07/2024 06:30;26;kWh;0;7864;0;0;7864;7864
08/07/2024 06:30;08/07/2024 06:45;27;kWh;0;5475;0;0;5475;5475
08/07/2024 06:45;08/07/2024 07:00;28;kWh;0;1682;0;0;1682;1682
08/07/2024 07:00;08/07/2024 07:15;29;kWh;0;21711;0;0;21711;21711
08/07/2024 07:15;08/07/2024 07:30;30;kWh;0;21254;0;0;21254;21254
08/07/2024 07:30;08/07/2024 07:45;31;kWh;0;27424;0;0;27424;27424
08/07/2024 07:45;08/07/2024 08:00;32;kWh;0;12197;0;0;12197;12197
08/07/2024 08:00;08/07/2024 08:15;33;kWh;0;17327;0;0;17327;17327
08/07/2024 08:15;08/07/2024 08:30;34;kWh;-3914;11648;0;0;15562;7734
08/07/2024 08:30;08/07/2024 08:45;35;kWh;-14753;0;0;0;14753;-14753
08/07/2024 08:45;08/07/2024 09:00;36;kWh;-7427;0;0;0;7427;-7427
08/07/2024 09:00;08/07/2024 09:15;37;kWh;-3383;0;0;0;3383;-3383
08/07/2024 09:15;08/07/2024 09:30;38;kWh;-8105;0;0;0;8105;-8105
08/07/2024 09:30;08/07/2024 09:45;39;kWh;-2997;0;0;0;2997;-2997
08/07/2024 09:45;08/07/2024 10:00;40;kWh;-8664;0;0;0;8664;-8664
08/07/2024 10:00;08/07/2024 10:15;41;kWh;-5611;0;0;0;5611;-5611
08/07/2024 10:15;08/07/2024 10:30;42;kWh;-6791;0;0;0;6791;-6791
08/07/2024 10:30;08/07/2024 10:45;43;kWh;-9197;552;0;0;9749;-8645
08/07/2024 10:45;08/07/2024 11:00;44;kWh;-19915;0;0;0;19915;-19915
08/07/2024 11:00;08/07/2024 11:15;45;kWh;-12113;0;0;0;12113;-12113
08/07/2024 11:15;08/07/2024 11:30;46;kWh;-20945;400;0;0;21345;-20545
08/07/2024 11:30;08/07/2024 11:45;47;kWh;-15068;90;0;0;15158;-14978
08/07/2024 11:45;08/07/2024 12:00;48;kWh;-16374;328;0;0;16702;-16046
08/07/2024 12:00;08/07/2024 12:15;49;kWh;-27051;1064;0;0;28115;-25987
08/07/2024 12:15;08/07/2024 12:30;50;kWh;-4208;0;0;0;4208;-4208
08/07/2024 12:30;08/07/2024 12:45;51;kWh;-6725;99;0;0;6824;-6626
08/07/2024 12:45;08/07/2024 13:00;52;kWh;-7657;3118;0;0;10775;-4539
08/07/2024 13:00;08/07/2024 13:15;53;kWh;-6048;2120;0;0;8168;-3928
08/07/2024 13:15;08/07/2024 13:30;54;kWh;0;1854;0;0;1854;1854
08/07/2024 13:30;08/07/2024 13:45;55;kWh;0;61;0;0;61;61
08/07/2024 13:45;08/07/2024 14:00;56;kWh;-4384;0;0;0;4384;-4384
08/07/2024 14:00;08/07/2024 14:15;57;kWh;-18116;4;0;0;18120;-18112
08/07/2024 14:15;08/07/2024 14:30;58;kWh;-12818;17;0;0;12835;-12801
08/07/2024 14:30;08/07/2024 14:45;59;kWh;-985;801;0;0;1786;-184
08/07/2024 14:45;08/07/2024 15:00;60;kWh;0;45108;0;0;45108;45108
08/07/2024 15:00;08/07/2024 15:15;61;kWh;-65864;1420;0;0;67284;-64444
08/07/2024 15:15;08/07/2024 15:30;62;kWh;-11779;493;0;0;12272;-11286
08/07/2024 15:30;08/07/2024 15:45;63;kWh;-15827;1122;0;0;16949;-14705
08/07/2024 15:45;08/07/2024 16:00;64;kWh;0;685;0;0;685;685
08/07/2024 16:00;08/07/2024 16:15;65;kWh;-30527;4481;0;0;35008;-26046
08/07/2024 16:15;08/07/2024 16:30;66;kWh;-18437;2824;0;0;21261;-15613
08/07/2024 16:30;08/07/2024 16:45;67;kWh;-8988;10818;0;0;19806;1830
08/07/2024 16:45;08/07/2024 17:00;68;kWh;-11726;3785;0;0;15511;-7941
08/07/2024 17:00;08/07/2024 17:15;69;kWh;0;30681;0;0;30681;30681
08/07/2024 17:15;08/07/2024 17:30;70;kWh;-606;4459;0;0;5065;3853
08/07/2024 17:30;08/07/2024 17:45;71;kWh;0;30071;0;0;30071;30071
08/07/2024 17:45;08/07/2024 18:00;72;kWh;-687;5729;0;0;6416;5042
08/07/2024 18:00;08/07/2024 18:15;73;kWh;0;8266;0;0;8266;8266
08/07/2024 18:15;08/07/2024 18:30;74;kWh;0;26331;0;0;26331;26331
08/07/2024 18:30;08/07/2024 18:45;75;kWh;0;31432;0;0;31432;31432
08/07/2024 18:45;08/07/2024 19:00;76;kWh;0;71766;0;0;71766;71766
08/07/2024 19:00;08/07/2024 19:15;77;kWh;0;26268;0;0;26268;26268
08/07/2024 19:15;08/07/2024 19:30;78;kWh;0;6719;0;0;6719;6719
08/07/2024 19:30;08/07/2024 19:45;79;kWh;0;5650;0;0;5650;5650
08/07/2024 19:45;08/07/2024 20:00;80;kWh;0;43918;0;0;43918;43918
08/07/2024 20:00;08/07/2024 20:15;81;kWh;0;12480;0;0;12480;12480
08/07/2024 20:15;08/07/2024 20:30;82;kWh;0;18342;0;0;18342;18342
08/07/2024 20:30;08/07/2024 20:45;83;kWh;0;41389;0;0;41389;41389
08/07/2024 20:45;08/07/2024 21:00;84;kWh;0;49717;0;0;49717;49717
08/07/2024 21:00;08/07/2024 21:15;85;kWh;0;48903;0;0;48903;48903
08/07/2024 21:15;08/07/2024 21:30;86;kWh;0;47009;0;0;47009;47009
08/07/2024 21:30;08/07/2024 21:45;87;kWh;0;18795;0;0;18795;18795
08/07/2024 21:45;08/07/2024 22:00;88;kWh;-371;143;0;0;514;-228
08/07/2024 22:00;08/07/2024 22:15;89;kWh;-855;7630;0;0;8485;6775
08/07/2024 22:15;08/07/2024 22:30;90;kWh;0;20817;0;0;20817;20817
08/07/2024 22:30;08/07/2024 22:45;91;kWh;-683;8379;0;0;9062;7696
08/07/2024 22:45;08/07/2024 23:00;92;kWh;-10095;0;0;0;10095;-10095
08/07/2024 23:00;08/07/2024 23:15;93;kWh;-1796;5604;0;0;7400;3808
08/07/2024 23:15;08/07/2024 23:30;94;kWh;-237;2871;0;0;3108;2634
08/07/2024 23:30;08/07/2024 23:45;95;kWh;-9163;0;0;0;9163;-9163
08/07/2024 23:45;09/07/2024 00:00;96;kWh;-24492;0;0;0;24492;-24492
09/07/2024 00:00;09/07/2024 00:15;1;kWh;-18301;0;0;0;18301;-18301
09/07/2024 00:15;09/07/2024 00:30;2;kWh;-1134;24;0;0;1158;-1110
09/07/2024 00:30;09/07/2024 00:45;3;kWh;-1537;1563;0;0;3100;26
09/07/2024 00:45;09/07/2024 01:00;4;kWh;-282;0;0;0;282;-282
09/07/2024 01:00;09/07/2024 01:15;5;kWh;-717;1165;0;0;1882;448
09/07/2024 01:15;09/07/2024 01:30;6;kWh;0;1830;0;0;1830;1830
09/07/2024 01:30;09/07/2024 01:45;7;kWh;0;19421;0;0;19421;19421
09/07/2024 01:45;09/07/2024 02:00;8;kWh;0;6556;0;0;6556;6556
09/07/2024 02:00;09/07/2024 02:15;9;kWh;0;903;0;0;903;903
09/07/2024 02:15;09/07/2024 02:30;10;kWh;0;43679;0;0;43679;43679
09/07/2024 02:30;09/07/2024 02:45;11;kWh;0;38880;0;0;38880;38880
09/07/2024 02:45;09/07/2024 03:00;12;kWh;0;43220;0;0;43220;43220
09/07/2024 03:00;09/07/2024 03:15;13;kWh;0;14279;0;0;14279;14279
09/07/2024 03:15;09/07/2024 03:30;14;kWh;0;7075;0;0;7075;7075
09/07/2024 03:30;09/07/2024 03:45;15;kWh;-2018;192;0;0;2210;-1826
09/07/2024 03:45;09/07/2024 04:00;16;kWh;-11547;0;0;0;11547;-11547
09/07/2024 04:00;09/07/2024 04:15;17;kWh;-12630;0;0;0;12630;-12630
09/07/2024 04:15;09/07/2024 04:30;18;kWh;-152;9629;0;0;9781;9477
09/07/2024 04:30;09/07/2024 04:45;19;kWh;0;30793;0;0;30793;30793
09/07/2024 04:45;09/07/2024 05:00;20;kWh;0;27758;0;0;27758;27758
09/07/2024 05:00;09/07/2024 05:15;21;kWh;0;1329;0;0;1329;1329
09/07/2024 05:15;09/07/2024 05:30;22;kWh;-3465;0;0;0;3465;-3465
09/07/2024 05:30;09/07/2024 05:45;23;kWh;-4842;0;0;0;4842;-4842
09/07/2024 05:45;09/07/2024 06:00;24;kWh;-20111;0;0;0;20111;-20111
09/07/2024 06:00;09/07/2024 06:15;25;kWh;-20795;0;0;0;20795;-20795
09/07/2024 06:15;09/07/2024 06:30;26;kWh;-1319;0;0;0;1319;-1319
09/07/2024 06:30;09/07/2024 06:45;27;kWh;-8124;0;0;0;8124;-8124
09/07/2024 06:45;09/07/2024 07:00;28;kWh;-10112;0;0;0;10112;-10112
09/07/2024 07:00;09/07/2024 07:15;29;kWh;-12775;0;0;0;12775;-12775
09/07/2024 07:15;09/07/2024 07:30;30;kWh;-19746;0;0;0;19746;-19746
09/07/2024 07:30;09/07/2024 07:45;31;kWh;-20059;0;0;0;20059;-20059
09/07/2024 07:45;09/07/2024 08:00;32;kWh;-38486;0;0;0;38486;-38486
09/07/2024 08:00;09/07/2024 08:15;33;kWh;-11009;0;0;0;11009;-11009
09/07/2024 08:15;09/07/2024 08:30;34;kWh;-8707;0;0;0;8707;-8707
09/07/2024 08:30;09/07/2024 08:45;35;kWh;-10210;0;0;0;10210;-10210
09/07/2024 08:45;09/07/2024 09:00;36;kWh;-15763;0;0;0;15763;-15763
09/07/2024 09:00;09/07/2024 09:15;37;kWh;-174;0;0;0;174;-174
09/07/2024 09:15;09/07/2024 09:30;38;kWh;-686;0;0;0;686;-686
09/07/2024 09:30;09/07/2024 09:45;39;kWh;-6234;0;0;0;6234;-6234
09/07/2024 09:45;09/07/2024 10:00;40;kWh;-1994;152;0;0;2146;-1842
09/07/2024 10:00;09/07/2024 10:15;41;kWh;-4942;0;0;0;4942;-4942
09/07/2024 10:15;09/07/2024 10:30;42;kWh;-748;0;0;0;748;-748
09/07/2024 10:30;09/07/2024 10:45;43;kWh;-5831;0;0;0;5831;-5831
09/07/2024 10:45;09/07/2024 11:00;44;kWh;-6663;0;0;0;6663;-6663
09/07/2024 11:00;09/07/2024 11:15;45;kWh;-2847;0;0;0;2847;-2847
09/07/2024 11:15;09/07/2024 11:30;46;kWh;-13255;0;0;0;13255;-13255
09/07/2024 11:30;09/07/2024 11:45;47;kWh;-25979;0;0;0;25979;-25979
09/07/2024 11:45;09/07/2024 12:00;48;kWh;-23863;0;0;0;23863;-23863
09/07/2024 12:00;09/07/2024 12:15;49;kWh;-10925;721;0;0;11646;-10204
09/07/2024 12:15;09/07/2024 12:30;50;kWh;-13245;436;0;0;13681;-12809
09/07/2024 12:30;09/07/2024 12:45;51;kWh;-2922;0;0;0;2922;-2922
09/07/2024 12:45;09/07/2024 13:00;52;kWh;-13312;0;0;0;13312;-13312
09/07/2024 13:00;09/07/2024 13:15;53;kWh;-6375;0;0;0;6375;-6375
09/07/2024 13:15;09/07/2024 13:30;54;kWh;-6724;204;0;0;6928;-6520
09/07/2024 13:30;09/07/2024 13:45;55;kWh;-10653;0;0;0;10653;-10653
09/07/2024 13:45;09/07/2024 14:00;56;kWh;-5868;0;0;0;5868;-5868
09/07/2024 14:00;09/07/2024 14:15;57;kWh;-31860;0;0;0;31860;-31860
09/07/2024 14:15;09/07/2024 14:30;58;kWh;-16463;0;0;0;16463;-16463
09/07/2024 14:30;09/07/2024 14:45;59;kWh;-9876;4;0;0;9880;-9872
09/07/2024 14:45;09/07/2024 15:00;60;kWh;-4240;34;0;0;4274;-4206
09/07/2024 15:00;09/07/2024 15:15;61;kWh;-9275;0;0;0;9275;-9275
09/07/2024 15:15;09/07/2024 15:30;62;kWh;-412;0;0;0;412;-412
09/07/2024 15:30;09/07/2024 15:45;63;kWh;0;5892;0;0;5892;5892
09/07/2024 15:45;09/07/2024 16:00;64;kWh;-392;4166;0;0;4558;3774
09/07/2024 16:00;09/07/2024 16:15;65;kWh;-3492;0;0;0;3492;-3492
09/07/2024 16:15;09/07/2024 16:30;66;kWh;-33175;0;0;0;33175;-33175
09/07/2024 16:30;09/07/2024 16:45;67;kWh;-20854;0;0;0;20854;-20854
09/07/2024 16:45;09/07/2024 17:00;68;kWh;-22536;3199;0;0;25735;-19337
09/07/2024 17:00;09/07/2024 17:15;69;kWh;-37368;11;0;0;37379;-37357
09/07/2024 17:15;09/07/2024 17:30;70;kWh;-8761;257;0;0;9018;-8504
09/07/2024 17:30;09/07/2024 17:45;71;kWh;0;8651;0;0;8651;8651
09/07/2024 17:45;09/07/2024 18:00;72;kWh;0;33710;0;0;33710;33710
09/07/2024 18:00;09/07/2024 18:15;73;kWh;0;66357;0;0;66357;66357
09/07/2024 18:15;09/07/2024 18:30;74;kWh;0;20476;0;0;20476;20476
09/07/2024 18:30;09/07/2024 18:45;75;kWh;0;7235;0;0;7235;7235
09/07/2024 18:45;09/07/2024 19:00;76;kWh;0;41412;0;0;41412;41412
09/07/2024 19:00;09/07/2024 19:15;77;kWh;0;107192;0;0;107192;107192
09/07/2024 19:15;09/07/2024 19:30;78;kWh;0;102598;0;0;102598;102598
09/07/2024 19:30;09/07/2024 19:45;79;kWh;0;101911;0;0;101911;101911
09/07/2024 19:45;09/07/2024 20:00;80;kWh;0;103157;0;0;103157;103157
09/07/2024 20:00;09/07/2024 20:15;81;kWh;0;80975;0;0;80975;80975
09/07/2024 20:15;09/07/2024 20:30;82;kWh;0;3407;0;0;3407;3407
09/07/2024 20:30;09/07/2024 20:45;83;kWh;0;849;0;0;849;849
09/07/2024 20:45;09/07/2024 21:00;84;kWh;-603;0;0;0;603;-603
09/07/2024 21:00;09/07/2024 21:15;85;kWh;-29062;14;0;0;29076;-29048
09/07/2024 21:15;09/07/2024 21:30;86;kWh;0;7797;0;0;7797;7797
09/07/2024 21:30;09/07/2024 21:45;87;kWh;0;45392;0;0;45392;45392
09/07/2024 21:45;09/07/2024 22:00;88;kWh;0;91190;0;0;91190;91190
09/07/2024 22:00;09/07/2024 22:15;89;kWh;0;109538;0;0;109538;109538
09/07/2024 22:15;09/07/2024 22:30;90;kWh;0;106513;0;0;106513;106513
09/07/2024 22:30;09/07/2024 22:45;91;kWh;0;59634;0;0;59634;59634
09/07/2024 22:45;09/07/2024 23:00;92;kWh;0;5028;0;0;5028;5028
09/07/2024 23:00;09/07/2024 23:15;93;kWh;0;40974;0;0;40974;40974
09/07/2024 23:15;09/07/2024 23:30;94;kWh;0;2538;0;0;2538;2538
09/07/2024 23:30;09/07/2024 23:45;95;kWh;0;33894;0;0;33894;33894
09/07/2024 23:45;10/07/2024 00:00;96;kWh;0;101830;0;0;101830;101830
10/07/2024 00:00;10/07/2024 00:15;1;kWh;0;31608;0;0;31608;31608
10/07/2024 00:15;10/07/2024 00:30;2;kWh;-83;20068;0;0;20151;19985
10/07/2024 00:30;10/07/2024 00:45;3;kWh;-447;18635;0;0;19082;18188
10/07/2024 00:45;10/07/2024 01:00;4;kWh;-156;9111;0;0;9267;8955
10/07/2024 01:00;10/07/2024 01:15;5;kWh;-5255;0;0;0;5255;-5255
10/07/2024 01:15;10/07/2024 01:30;6;kWh;-12678;0;0;0;12678;-12678
10/07/2024 01:30;10/07/2024 01:45;7;kWh;-16021;0;0;0;16021;-16021
10/07/2024 01:45;10/07/2024 02:00;8;kWh;-5527;0;0;0;5527;-5527
10/07/2024 02:00;10/07/2024 02:15;9;kWh;-3055;989;0;0;4044;-2066
10/07/2024 02:15;10/07/2024 02:30;10;kWh;0;5067;0;0;5067;5067
10/07/2024 02:30;10/07/2024 02:45;11;kWh;0;4953;0;0;4953;4953
10/07/2024 02:45;10/07/2024 03:00;12;kWh;-1707;85;0;0;1792;-1622
10/07/2024 03:00;10/07/2024 03:15;13;kWh;-446;1095;0;0;1541;649
10/07/2024 03:15;10/07/2024 03:30;14;kWh;0;12295;0;0;12295;12295
10/07/2024 03:30;10/07/2024 03:45;15;kWh;0;12462;0;0;12462;12462
10/07/2024 03:45;10/07/2024 04:00;16;kWh;0;1780;0;0;1780;1780
10/07/2024 04:00;10/07/2024 04:15;17;kWh;0;1142;0;0;1142;1142
10/07/2024 04:15;10/07/2024 04:30;18;kWh;0;14400;0;0;14400;14400
10/07/2024 04:30;10/07/2024 04:45;19;kWh;0;47307;0;0;47307;47307
10/07/2024 04:45;10/07/2024 05:00;20;kWh;0;12455;0;0;12455;12455
10/07/2024 05:00;10/07/2024 05:15;21;kWh;0;572;0;0;572;572
10/07/2024 05:15;10/07/2024 05:30;22;kWh;0;214;0;0;214;214
10/07/2024 05:30;10/07/2024 05:45;23;kWh;-3052;0;0;0;3052;-3052
10/07/2024 05:45;10/07/2024 06:00;24;kWh;-7347;0;0;0;7347;-7347
10/07/2024 06:00;10/07/2024 06:15;25;kWh;-18752;1595;0;0;20347;-17157
10/07/2024 06:15;10/07/2024 06:30;26;kWh;0;5677;0;0;5677;5677
10/07/2024 06:30;10/07/2024 06:45;27;kWh;0;1551;0;0;1551;1551
10/07/2024 06:45;10/07/2024 07:00;28;kWh;0;6606;0;0;6606;6606
10/07/2024 07:00;10/07/2024 07:15;29;kWh;0;34536;0;0;34536;34536
10/07/2024 07:15;10/07/2024 07:30;30;kWh;0;48723;0;0;48723;48723
10/07/2024 07:30;10/07/2024 07:45;31;kWh;0;55493;0;0;55493;55493
10/07/2024 07:45;10/07/2024 08:00;32;kWh;0;38360;0;0;38360;38360
10/07/2024 08:00;10/07/2024 08:15;33;kWh;0;3998;0;0;3998;3998
10/07/2024 08:15;10/07/2024 08:30;34;kWh;0;989;0;0;989;989
10/07/2024 08:30;10/07/2024 08:45;35;kWh;-19672;0;0;0;19672;-19672
10/07/2024 08:45;10/07/2024 09:00;36;kWh;-27554;2944;0;0;30498;-24610
10/07/2024 09:00;10/07/2024 09:15;37;kWh;-6330;393;0;0;6723;-5937
10/07/2024 09:15;10/07/2024 09:30;38;kWh;0;0;0;0;0;0
10/07/2024 09:30;10/07/2024 09:45;39;kWh;-920;0;0;0;920;-920
10/07/2024 09:45;10/07/2024 10:00;40;kWh;-780;0;0;0;780;-780
10/07/2024 10:00;10/07/2024 10:15;41;kWh;0;32893;0;0;32893;32893
10/07/2024 10:15;10/07/2024 10:30;42;kWh;0;48453;0;0;48453;48453
10/07/2024 10:30;10/07/2024 10:45;43;kWh;0;13806;0;0;13806;13806
10/07/2024 10:45;10/07/2024 11:00;44;kWh;-269;23;0;0;292;-246
10/07/2024 11:00;10/07/2024 11:15;45;kWh;-1584;0;0;0;1584;-1584
10/07/2024 11:15;10/07/2024 11:30;46;kWh;-16342;0;0;0;16342;-16342
10/07/2024 11:30;10/07/2024 11:45;47;kWh;-19010;707;0;0;19717;-18303
10/07/2024 11:45;10/07/2024 12:00;48;kWh;-2452;14555;0;0;17007;12103
10/07/2024 12:00;10/07/2024 12:15;49;kWh;0;38773;0;0;38773;38773
10/07/2024 12:15;10/07/2024 12:30;50;kWh;-8027;1370;0;0;9397;-6657
10/07/2024 12:30;10/07/2024 12:45;51;kWh;-5289;0;0;0;5289;-5289
10/07/2024 12:45;10/07/2024 13:00;52;kWh;-2086;0;0;0;2086;-2086
10/07/2024 13:00;10/07/2024 13:15;53;kWh;0;19459;0;0;19459;19459
10/07/2024 13:15;10/07/2024 13:30;54;kWh;-1021;1118;0;0;2139;97
10/07/2024 13:30;10/07/2024 13:45;55;kWh;-18762;40;0;0;18802;-18722
10/07/2024 13:45;10/07/2024 14:00;56;kWh;-23114;239;0;0;23353;-22875
10/07/2024 14:00;10/07/2024 14:15;57;kWh;-8246;1571;0;0;9817;-6675
10/07/2024 14:15;10/07/2024 14:30;58;kWh;-392;0;0;0;392;-392
10/07/2024 14:30;10/07/2024 14:45;59;kWh;-465;0;0;0;465;-465
10/07/2024 14:45;10/07/2024 15:00;60;kWh;-2290;0;0;0;2290;-2290
10/07/2024 15:00;10/07/2024 15:15;61;kWh;-6588;0;0;0;6588;-6588
10/07/2024 15:15;10/07/2024 15:30;62;kWh;-13740;0;0;0;13740;-13740
10/07/2024 15:30;10/07/2024 15:45;63;kWh;-7342;0;0;0;7342;-7342
10/07/2024 15:45;10/07/2024 16:00;64;kWh;-4017;0;0;0;4017;-4017
10/07/2024 16:00;10/07/2024 16:15;65;kWh;-2249;0;0;0;2249;-2249
10/07/2024 16:15;10/07/2024 16:30;66;kWh;-7448;0;0;0;7448;-7448
10/07/2024 16:30;10/07/2024 16:45;67;kWh;-7213;0;0;0;7213;-7213
10/07/2024 16:45;10/07/2024 17:00;68;kWh;-502;124;0;0;626;-378
10/07/2024 17:00;10/07/2024 17:15;69;kWh;0;2849;0;0;2849;2849
10/07/2024 17:15;10/07/2024 17:30;70;kWh;0;8854;0;0;8854;8854
10/07/2024 17:30;10/07/2024 17:45;71;kWh;0;4628;0;0;4628;4628
10/07/2024 17:45;10/07/2024 18:00;72;kWh;0;0;0;0;0;0
10/07/2024 18:00;10/07/2024 18:15;73;kWh;-13927;8474;0;0;22401;-5453
10/07/2024 18:15;10/07/2024 18:30;74;kWh;-7324;8787;0;0;16111;1463
10/07/2024 18:30;10/07/2024 18:45;75;kWh;-8785;1131;0;0;9916;-7654
10/07/2024 18:45;10/07/2024 19:00;76;kWh;-5815;3015;0;0;8830;-2800
10/07/2024 19:00;10/07/2024 19:15;77;kWh;-901;933;0;0;1834;32
10/07/2024 19:15;10/07/2024 19:30;78;kWh;-2685;0;0;0;2685;-2685
10/07/2024 19:30;10/07/2024 19:45;79;kWh;-13435;0;0;0;13435;-13435
10/07/2024 19:45;10/07/2024 20:00;80;kWh;0;8218;0;0;8218;8218
10/07/2024 20:00;10/07/2024 20:15;81;kWh;-27519;2771;0;0;30290;-24748
10/07/2024 20:15;10/07/2024 20:30;82;kWh;0;9042;0;0;9042;9042
10/07/2024 20:30;10/07/2024 20:45;83;kWh;0;14272;0;0;14272;14272
10/07/2024 20:45;10/07/2024 21:00;84;kWh;0;51284;0;0;51284;51284
10/07/2024 21:00;10/07/2024 21:15;85;kWh;0;30012;0;0;30012;30012
10/07/2024 21:15;10/07/2024 21:30;86;kWh;0;27397;0;0;27397;27397
10/07/2024 21:30;10/07/2024 21:45;87;kWh;0;20421;0;0;20421;20421
10/07/2024 21:45;10/07/2024 22:00;88;kWh;-791;13960;0;0;14751;13169
10/07/2024 22:00;10/07/2024 22:15;89;kWh;0;6850;0;0;6850;6850
10/07/2024 22:15;10/07/2024 22:30;90;kWh;-1948;0;0;0;1948;-1948
10/07/2024 22:30;10/07/2024 22:45;91;kWh;-2255;0;0;0;2255;-2255
10/07/2024 22:45;10/07/2024 23:00;92;kWh;-1427;0;0;0;1427;-1427
10/07/2024 23:00;10/07/2024 23:15;93;kWh;-9;36829;0;0;36838;36820
10/07/2024 23:15;10/07/2024 23:30;94;kWh;0;17227;0;0;17227;17227
10/07/2024 23:30;10/07/2024 23:45;95;kWh;0;11177;0;0;11177;11177
10/07/2024 23:45;11/07/2024 00:00;96;kWh;0;1320;0;0;1320;1320
11/07/2024 00:00;11/07/2024 00:15;1;kWh;0;36426;0;0;36426;36426
11/07/2024 00:15;11/07/2024 00:30;2;kWh;0;29448;0;0;29448;29448
11/07/2024 00:30;11/07/2024 00:45;3;kWh;0;33421;0;0;33421;33421
11/07/2024 00:45;11/07/2024 01:00;4;kWh;0;31610;0;0;31610;31610
11/07/2024 01:00;11/07/2024 01:15;5;kWh;0;17227;0;0;17227;17227
11/07/2024 01:15;11/07/2024 01:30;6;kWh;0;4007;0;0;4007;4007
11/07/2024 01:30;11/07/2024 01:45;7;kWh;0;1403;0;0;1403;1403
11/07/2024 01:45;11/07/2024 02:00;8;kWh;0;922;0;0;922;922
11/07/2024 02:00;11/07/2024 02:15;9;kWh;0;1264;0;0;1264;1264
11/07/2024 02:15;11/07/2024 02:30;10;kWh;-3067;53;0;0;3120;-3014
11/07/2024 02:30;11/07/2024 02:45;11;kWh;-786;0;0;0;786;-786
11/07/2024 02:45;11/07/2024 03:00;12;kWh;-234;0;0;0;234;-234
11/07/2024 03:00;11/07/2024 03:15;13;kWh;0;8262;0;0;8262;8262
11/07/2024 03:15;11/07/2024 03:30;14;kWh;0;872;0;0;872;872
11/07/2024 03:30;11/07/2024 03:45;15;kWh;-3095;0;0;0;3095;-3095
11/07/2024 03:45;11/07/2024 04:00;16;kWh;-2744;0;0;0;2744;-2744
11/07/2024 04:00;11/07/2024 04:15;17;kWh;-183;857;0;0;1040;674
11/07/2024 04:15;11/07/2024 04:30;18;kWh;0;14312;0;0;14312;14312
11/07/2024 04:30;11/07/2024 04:45;19;kWh;0;23957;0;0;23957;23957
11/07/2024 04:45;11/07/2024 05:00;20;kWh;0;15386;0;0;15386;15386
11/07/2024 05:00;11/07/2024 05:15;21;kWh;0;63218;0;0;63218;63218
11/07/2024 05:15;11/07/2024 05:30;22;kWh;0;14288;0;0;14288;14288
11/07/2024 05:30;11/07/2024 05:45;23;kWh;-238;0;0;0;238;-238
11/07/2024 05:45;11/07/2024 06:00;24;kWh;-1720;0;0;0;1720;-1720
11/07/2024 06:00;11/07/2024 06:15;25;kWh;-644;9512;0;0;10156;8868
11/07/2024 06:15;11/07/2024 06:30;26;kWh;0;43541;0;0;43541;43541
11/07/2024 06:30;11/07/2024 06:45;27;kWh;0;47034;0;0;47034;47034
11/07/2024 06:45;11/07/2024 07:00;28;kWh;0;30367;0;0;30367;30367
11/07/2024 07:00;11/07/2024 07:15;29;kWh;0;5473;0;0;5473;5473
11/07/2024 07:15;11/07/2024 07:30;30;kWh;0;5185;0;0;5185;5185
11/07/2024 07:30;11/07/2024 07:45;31;kWh;0;5052;0;0;5052;5052
11/07/2024 07:45;11/07/2024 08:00;32;kWh;0;8431;0;0;8431;8431
11/07/2024 08:00;11/07/2024 08:15;33;kWh;0;19;0;0;19;19
11/07/2024 08:15;11/07/2024 08:30;34;kWh;-23;0;0;0;23;-23
11/07/2024 08:30;11/07/2024 08:45;35;kWh;-301;0;0;0;301;-301
11/07/2024 08:45;11/07/2024 09:00;36;kWh;-403;590;0;0;993;187
11/07/2024 09:00;11/07/2024 09:15;37;kWh;-13702;0;0;0;13702;-13702
11/07/2024 09:15;11/07/2024 09:30;38;kWh;0;2648;0;0;2648;2648
11/07/2024 09:30;11/07/2024 09:45;39;kWh;0;1447;0;0;1447;1447
11/07/2024 09:45;11/07/2024 10:00;40;kWh;0;9324;0;0;9324;9324
11/07/2024 10:00;11/07/2024 10:15;41;kWh;0;42371;0;0;42371;42371
11/07/2024 10:15;11/07/2024 10:30;42;kWh;0;36445;0;0;36445;36445
11/07/2024 10:30;11/07/2024 10:45;43;kWh;0;26756;0;0;26756;26756
11/07/2024 10:45;11/07/2024 11:00;44;kWh;0;9024;0;0;9024;9024
11/07/2024 11:00;11/07/2024 11:15;45;kWh;0;1161;0;0;1161;1161
11/07/2024 11:15;11/07/2024 11:30;46;kWh;0;3186;0;0;3186;3186
11/07/2024 11:30;11/07/2024 11:45;47;kWh;0;28065;0;0;28065;28065
11/07/2024 11:45;11/07/2024 12:00;48;kWh;0;25401;0;0;25401;25401
11/07/2024 12:00;11/07/2024 12:15;49;kWh;0;61888;0;0;61888;61888
11/07/2024 12:15;11/07/2024 12:30;50;kWh;0;60577;0;0;60577;60577
11/07/2024 12:30;11/07/2024 12:45;51;kWh;0;13458;0;0;13458;13458
11/07/2024 12:45;11/07/2024 13:00;52;kWh;-2667;0;0;0;2667;-2667
11/07/2024 13:00;11/07/2024 13:15;53;kWh;-6770;0;0;0;6770;-6770
11/07/2024 13:15;11/07/2024 13:30;54;kWh;-2409;0;0;0;2409;-2409
11/07/2024 13:30;11/07/2024 13:45;55;kWh;-231;580;0;0;811;349
11/07/2024 13:45;11/07/2024 14:00;56;kWh;0;2208;0;0;2208;2208
11/07/2024 14:00;11/07/2024 14:15;57;kWh;0;9377;0;0;9377;9377
11/07/2024 14:15;11/07/2024 14:30;58;kWh;0;7332;0;0;7332;7332
11/07/2024 14:30;11/07/2024 14:45;59;kWh;-1474;0;0;0;1474;-1474
11/07/2024 14:45;11/07/2024 15:00;60;kWh;-4950;0;0;0;4950;-4950
11/07/2024 15:00;11/07/2024 15:15;61;kWh;-13084;0;0;0;13084;-13084
11/07/2024 15:15;11/07/2024 15:30;62;kWh;-8722;68;0;0;8790;-8654
11/07/2024 15:30;11/07/2024 15:45;63;kWh;-5564;0;0;0;5564;-5564
11/07/2024 15:45;11/07/2024 16:00;64;kWh;-3843;0;0;0;3843;-3843
11/07/2024 16:00;11/07/2024 16:15;65;kWh;-4529;1155;0;0;5684;-3374
11/07/2024 16:15;11/07/2024 16:30;66;kWh;-2764;63;0;0;2827;-2701
11/07/2024 16:30;11/07/2024 16:45;67;kWh;-252;1881;0;0;2133;1629
11/07/2024 16:45;11/07/2024 17:00;68;kWh;-249;12148;0;0;12397;11899
11/07/2024 17:00;11/07/2024 17:15;69;kWh;-249;3449;0;0;3698;3200
11/07/2024 17:15;11/07/2024 17:30;70;kWh;-249;16731;0;0;16980;16482
11/07/2024 17:30;11/07/2024 17:45;71;kWh;-249;15833;0;0;16082;15584
11/07/2024 17:45;11/07/2024 18:00;72;kWh;-249;361;0;0;610;112
11/07/2024 18:00;11/07/2024 18:15;73;kWh;-249;7854;0;0;8103;7605
11/07/2024 18:15;11/07/2024 18:30;74;kWh;-249;872;0;0;1121;623
11/07/2024 18:30;11/07/2024 18:45;75;kWh;-249;4201;0;0;4450;3952
11/07/2024 18:45;11/07/2024 19:00;76;kWh;-249;31055;0;0;31304;30806
11/07/2024 19:00;11/07/2024 19:15;77;kWh;-249;15106;0;0;15355;14857
11/07/2024 19:15;11/07/2024 19:30;78;kWh;-249;32723;0;0;32972;32474
11/07/2024 19:30;11/07/2024 19:45;79;kWh;-249;45257;0;0;45506;45008
11/07/2024 19:45;11/07/2024 20:00;80;kWh;-249;60340;0;0;60589;60091
11/07/2024 20:00;11/07/2024 20:15;81;kWh;-249;29975;0;0;30224;29726
11/07/2024 20:15;11/07/2024 20:30;82;kWh;-249;34438;0;0;34687;34189
11/07/2024 20:30;11/07/2024 20:45;83;kWh;-249;53949;0;0;54198;53700
11/07/2024 20:45;11/07/2024 21:00;84;kWh;-249;40305;0;0;40554;40056
11/07/2024 21:00;11/07/2024 21:15;85;kWh;-249;6508;0;0;6757;6259
11/07/2024 21:15;11/07/2024 21:30;86;kWh;-249;3168;0;0;3417;2919
11/07/2024 21:30;11/07/2024 21:45;87;kWh;-249;12059;0;0;12308;11810
11/07/2024 21:45;11/07/2024 22:00;88;kWh;-249;28551;0;0;28800;28302
11/07/2024 22:00;11/07/2024 22:15;89;kWh;-249;13429;0;0;13678;13180
11/07/2024 22:15;11/07/2024 22:30;90;kWh;-249;19965;0;0;20214;19716
11/07/2024 22:30;11/07/2024 22:45;91;kWh;-249;24009;0;0;24258;23760
11/07/2024 22:45;11/07/2024 23:00;92;kWh;-249;12699;0;0;12948;12450
11/07/2024 23:00;11/07/2024 23:15;93;kWh;-249;3962;0;0;4211;3713
11/07/2024 23:15;11/07/2024 23:30;94;kWh;-249;2827;0;0;3076;2578
11/07/2024 23:30;11/07/2024 23:45;95;kWh;-600;465;0;0;1065;-135
11/07/2024 23:45;12/07/2024 00:00;96;kWh;-1411;0;0;0;1411;-1411
12/07/2024 00:00;12/07/2024 00:15;1;kWh;-1462;0;0;0;1462;-1462
12/07/2024 00:15;12/07/2024 00:30;2;kWh;-416;0;0;0;416;-416
12/07/2024 00:30;12/07/2024 00:45;3;kWh;-19003;0;0;0;19003;-19003
12/07/2024 00:45;12/07/2024 01:00;4;kWh;-57035;0;0;0;57035;-57035
12/07/2024 01:00;12/07/2024 01:15;5;kWh;-32904;0;0;0;32904;-32904
12/07/2024 01:15;12/07/2024 01:30;6;kWh;-9117;0;0;0;9117;-9117
12/07/2024 01:30;12/07/2024 01:45;7;kWh;-14067;0;0;0;14067;-14067
12/07/2024 01:45;12/07/2024 02:00;8;kWh;-26444;0;0;0;26444;-26444
12/07/2024 02:00;12/07/2024 02:15;9;kWh;-6606;0;0;0;6606;-6606
12/07/2024 02:15;12/07/2024 02:30;10;kWh;-587;10;0;0;597;-577
12/07/2024 02:30;12/07/2024 02:45;11;kWh;-21859;0;0;0;21859;-21859
12/07/2024 02:45;12/07/2024 03:00;12;kWh;-41757;0;0;0;41757;-41757
12/07/2024 03:00;12/07/2024 03:15;13;kWh;-9612;9;0;0;9621;-9603
12/07/2024 03:15;12/07/2024 03:30;14;kWh;-653;0;0;0;653;-653
12/07/2024 03:30;12/07/2024 03:45;15;kWh;-11667;0;0;0;11667;-11667
12/07/2024 03:45;12/07/2024 04:00;16;kWh;-5420;0;0;0;5420;-5420
12/07/2024 04:00;12/07/2024 04:15;17;kWh;0;0;0;0;0;0
12/07/2024 04:15;12/07/2024 04:30;18;kWh;-14194;0;0;0;14194;-14194
12/07/2024 04:30;12/07/2024 04:45;19;kWh;-25840;0;0;0;25840;-25840
12/07/2024 04:45;12/07/2024 05:00;20;kWh;-15423;0;0;0;15423;-15423
12/07/2024 05:00;12/07/2024 05:15;21;kWh;-17519;0;0;0;17519;-17519
12/07/2024 05:15;12/07/2024 05:30;22;kWh;-15220;0;0;0;15220;-15220
12/07/2024 05:30;12/07/2024 05:45;23;kWh;-47723;0;0;0;47723;-47723
12/07/2024 05:45;12/07/2024 06:00;24;kWh;-40475;0;0;0;40475;-40475
12/07/2024 06:00;12/07/2024 06:15;25;kWh;-47326;0;0;0;47326;-47326
12/07/2024 06:15;12/07/2024 06:30;26;kWh;-24831;0;0;0;24831;-24831
12/07/2024 06:30;12/07/2024 06:45;27;kWh;-4340;0;0;0;4340;-4340
12/07/2024 06:45;12/07/2024 07:00;28;kWh;-1590;0;0;0;1590;-1590
12/07/2024 07:00;12/07/2024 07:15;29;kWh;-20679;0;0;0;20679;-20679
12/07/2024 07:15;12/07/2024 07:30;30;kWh;-592;0;0;0;592;-592
12/07/2024 07:30;12/07/2024 07:45;31;kWh;0;3234;0;0;3234;3234
12/07/2024 07:45;12/07/2024 08:00;32;kWh;0;25093;0;0;25093;25093
12/07/2024 08:00;12/07/2024 08:15;33;kWh;0;10508;0;0;10508;10508
12/07/2024 08:15;12/07/2024 08:30;34;kWh;0;27979;0;0;27979;27979
12/07/2024 08:30;12/07/2024 08:45;35;kWh;0;43877;0;0;43877;43877
12/07/2024 08:45;12/07/2024 09:00;36;kWh;0;18294;0;0;18294;18294
12/07/2024 09:00;12/07/2024 09:15;37;kWh;0;1898;0;0;1898;1898
12/07/2024 09:15;12/07/2024 09:30;38;kWh;0;0;0;0;0;0
12/07/2024 09:30;12/07/2024 09:45;39;kWh;0;0;0;0;0;0
12/07/2024 09:45;12/07/2024 10:00;40;kWh;0;34029;0;0;34029;34029
12/07/2024 10:00;12/07/2024 10:15;41;kWh;-7231;1501;0;0;8732;-5730
12/07/2024 10:15;12/07/2024 10:30;42;kWh;0;48669;0;0;48669;48669
12/07/2024 10:30;12/07/2024 10:45;43;kWh;0;48040;0;0;48040;48040
12/07/2024 10:45;12/07/2024 11:00;44;kWh;0;86295;0;0;86295;86295
12/07/2024 11:00;12/07/2024 11:15;45;kWh;0;51558;0;0;51558;51558
12/07/2024 11:15;12/07/2024 11:30;46;kWh;0;99599;0;0;99599;99599
12/07/2024 11:30;12/07/2024 11:45;47;kWh;0;53554;0;0;53554;53554
12/07/2024 11:45;12/07/2024 12:00;48;kWh;0;51246;0;0;51246;51246
12/07/2024 12:00;12/07/2024 12:15;49;kWh;-5621;7346;0;0;12967;1725
12/07/2024 12:15;12/07/2024 12:30;50;kWh;-1026;627;0;0;1653;-399
12/07/2024 12:30;12/07/2024 12:45;51;kWh;-10873;0;0;0;10873;-10873
12/07/2024 12:45;12/07/2024 13:00;52;kWh;-69869;0;0;0;69869;-69869
12/07/2024 13:00;12/07/2024 13:15;53;kWh;-37583;0;0;0;37583;-37583
12/07/2024 13:15;12/07/2024 13:30;54;kWh;-30662;0;0;0;30662;-30662
12/07/2024 13:30;12/07/2024 13:45;55;kWh;-53855;0;0;0;53855;-53855
12/07/2024 13:45;12/07/2024 14:00;56;kWh;-40659;208;0;0;40867;-40451
12/07/2024 14:00;12/07/2024 14:15;57;kWh;0;903;0;0;903;903
12/07/2024 14:15;12/07/2024 14:30;58;kWh;-3223;0;0;0;3223;-3223
12/07/2024 14:30;12/07/2024 14:45;59;kWh;-43292;0;0;0;43292;-43292
12/07/2024 14:45;12/07/2024 15:00;60;kWh;-86102;0;0;0;86102;-86102
12/07/2024 15:00;12/07/2024 15:15;61;kWh;-29992;0;0;0;29992;-29992
12/07/2024 15:15;12/07/2024 15:30;62;kWh;-10137;0;0;0;10137;-10137
12/07/2024 15:30;12/07/2024 15:45;63;kWh;-47288;0;0;0;47288;-47288
12/07/2024 15:45;12/07/2024 16:00;64;kWh;-61686;0;0;0;61686;-61686
12/07/2024 16:00;12/07/2024 16:15;65;kWh;-21858;0;0;0;21858;-21858
12/07/2024 16:15;12/07/2024 16:30;66;kWh;-37312;0;0;0;37312;-37312
12/07/2024 16:30;12/07/2024 16:45;67;kWh;-25725;1697;0;0;27422;-24028
12/07/2024 16:45;12/07/2024 17:00;68;kWh;-21964;444;0;0;22408;-21520
12/07/2024 17:00;12/07/2024 17:15;69;kWh;-40741;0;0;0;40741;-40741
12/07/2024 17:15;12/07/2024 17:30;70;kWh;-30116;0;0;0;30116;-30116
12/07/2024 17:30;12/07/2024 17:45;71;kWh;-17030;0;0;0;17030;-17030
12/07/2024 17:45;12/07/2024 18:00;72;kWh;-27618;0;0;0;27618;-27618
12/07/2024 18:00;12/07/2024 18:15;73;kWh;-53895;0;0;0;53895;-53895
12/07/2024 18:15;12/07/2024 18:30;74;kWh;-57796;0;0;0;57796;-57796
12/07/2024 18:30;12/07/2024 18:45;75;kWh;-55683;0;0;0;55683;-55683
12/07/2024 18:45;12/07/2024 19:00;76;kWh;-27753;0;0;0;27753;-27753
12/07/2024 19:00;12/07/2024 19:15;77;kWh;-34476;7121;0;0;41597;-27355
12/07/2024 19:15;12/07/2024 19:30;78;kWh;-31584;1751;0;0;33335;-29833
12/07/2024 19:30;12/07/2024 19:45;79;kWh;-38834;0;0;0;38834;-38834
12/07/2024 19:45;12/07/2024 20:00;80;kWh;-65616;0;0;0;65616;-65616
12/07/2024 20:00;12/07/2024 20:15;81;kWh;-63174;0;0;0;63174;-63174
12/07/2024 20:15;12/07/2024 20:30;82;kWh;-44515;0;0;0;44515;-44515
12/07/2024 20:30;12/07/2024 20:45;83;kWh;-41941;2;0;0;41943;-41939
12/07/2024 20:45;12/07/2024 21:00;84;kWh;-72949;0;0;0;72949;-72949
12/07/2024 21:00;12/07/2024 21:15;85;kWh;-50649;0;0;0;50649;-50649
12/07/2024 21:15;12/07/2024 21:30;86;kWh;-69096;0;0;0;69096;-69096
12/07/2024 21:30;12/07/2024 21:45;87;kWh;-53342;0;0;0;53342;-53342
12/07/2024 21:45;12/07/2024 22:00;88;kWh;-78708;0;0;0;78708;-78708
12/07/2024 22:00;12/07/2024 22:15;89;kWh;-31768;0;0;0;31768;-31768
12/07/2024 22:15;12/07/2024 22:30;90;kWh;-15550;0;0;0;15550;-15550
12/07/2024 22:30;12/07/2024 22:45;91;kWh;-8738;0;0;0;8738;-8738
12/07/2024 22:45;12/07/2024 23:00;92;kWh;-23011;0;0;0;23011;-23011
12/07/2024 23:00;12/07/2024 23:15;93;kWh;-11990;0;0;0;11990;-11990
12/07/2024 23:15;12/07/2024 23:30;94;kWh;-9003;0;0;0;9003;-9003
12/07/2024 23:30;12/07/2024 23:45;95;kWh;-30042;0;0;0;30042;-30042
12/07/2024 23:45;13/07/2024 00:00;96;kWh;-59644;0;0;0;59644;-59644
13/07/2024 00:00;13/07/2024 00:15;1;kWh;-10065;2791;0;0;12856;-7274
13/07/2024 00:15;13/07/2024 00:30;2;kWh;-40;31;0;0;71;-9
13/07/2024 00:30;13/07/2024 00:45;3;kWh;-2029;0;0;0;2029;-2029
13/07/2024 00:45;13/07/2024 01:00;4;kWh;-1212;21242;0;0;22454;20030
13/07/2024 01:00;13/07/2024 01:15;5;kWh;0;75074;0;0;75074;75074
13/07/2024 01:15;13/07/2024 01:30;6;kWh;0;76509;0;0;76509;76509
13/07/2024 01:30;13/07/2024 01:45;7;kWh;0;43491;0;0;43491;43491
13/07/2024 01:45;13/07/2024 02:00;8;kWh;0;39705;0;0;39705;39705
13/07/2024 02:00;13/07/2024 02:15;9;kWh;0;15725;0;0;15725;15725
13/07/2024 02:15;13/07/2024 02:30;10;kWh;0;30154;0;0;30154;30154
13/07/2024 02:30;13/07/2024 02:45;11;kWh;0;40237;0;0;40237;40237
13/07/2024 02:45;13/07/2024 03:00;12;kWh;0;44600;0;0;44600;44600
13/07/2024 03:00;13/07/2024 03:15;13;kWh;0;7792;0;0;7792;7792
13/07/2024 03:15;13/07/2024 03:30;14;kWh;0;13830;0;0;13830;13830
13/07/2024 03:30;13/07/2024 03:45;15;kWh;0;20660;0;0;20660;20660
13/07/2024 03:45;13/07/2024 04:00;16;kWh;0;11882;0;0;11882;11882
13/07/2024 04:00;13/07/2024 04:15;17;kWh;-908;29;0;0;937;-879
13/07/2024 04:15;13/07/2024 04:30;18;kWh;-6369;0;0;0;6369;-6369
13/07/2024 04:30;13/07/2024 04:45;19;kWh;-4743;0;0;0;4743;-4743
13/07/2024 04:45;13/07/2024 05:00;20;kWh;-4823;0;0;0;4823;-4823
13/07/2024 05:00;13/07/2024 05:15;21;kWh;-6936;0;0;0;6936;-6936
13/07/2024 05:15;13/07/2024 05:30;22;kWh;-2515;0;0;0;2515;-2515
13/07/2024 05:30;13/07/2024 05:45;23;kWh;-1622;0;0;0;1622;-1622
13/07/2024 05:45;13/07/2024 06:00;24;kWh;-2477;0;0;0;2477;-2477
13/07/2024 06:00;13/07/2024 06:15;25;kWh;-3454;0;0;0;3454;-3454
13/07/2024 06:15;13/07/2024 06:30;26;kWh;-2389;0;0;0;2389;-2389
13/07/2024 06:30;13/07/2024 06:45;27;kWh;-1862;0;0;0;1862;-1862
13/07/2024 06:45;13/07/2024 07:00;28;kWh;-6591;0;0;0;6591;-6591
13/07/2024 07:00;13/07/2024 07:15;29;kWh;-26353;0;0;0;26353;-26353
13/07/2024 07:15;13/07/2024 07:30;30;kWh;-15002;0;0;0;15002;-15002
13/07/2024 07:30;13/07/2024 07:45;31;kWh;-2453;0;0;0;2453;-2453
13/07/2024 07:45;13/07/2024 08:00;32;kWh;-13120;0;0;0;13120;-13120
13/07/2024 08:00;13/07/2024 08:15;33;kWh;-28181;0;0;0;28181;-28181
13/07/2024 08:15;13/07/2024 08:30;34;kWh;-19445;0;0;0;19445;-19445
13/07/2024 08:30;13/07/2024 08:45;35;kWh;-23083;0;0;0;23083;-23083
13/07/2024 08:45;13/07/2024 09:00;36;kWh;-38303;0;0;0;38303;-38303
13/07/2024 09:00;13/07/2024 09:15;37;kWh;-29449;0;0;0;29449;-29449
13/07/2024 09:15;13/07/2024 09:30;38;kWh;-12636;0;0;0;12636;-12636
13/07/2024 09:30;13/07/2024 09:45;39;kWh;-15237;0;0;0;15237;-15237
13/07/2024 09:45;13/07/2024 10:00;40;kWh;-31108;0;0;0;31108;-31108
13/07/2024 10:00;13/07/2024 10:15;41;kWh;-12590;0;0;0;12590;-12590
13/07/2024 10:15;13/07/2024 10:30;42;kWh;-20969;0;0;0;20969;-20969
13/07/2024 10:30;13/07/2024 10:45;43;kWh;-55782;0;0;0;55782;-55782
13/07/2024 10:45;13/07/2024 11:00;44;kWh;-48759;0;0;0;48759;-48759
13/07/2024 11:00;13/07/2024 11:15;45;kWh;-15939;0;0;0;15939;-15939
13/07/2024 11:15;13/07/2024 11:30;46;kWh;-25407;0;0;0;25407;-25407
13/07/2024 11:30;13/07/2024 11:45;47;kWh;-40349;0;0;0;40349;-40349
13/07/2024 11:45;13/07/2024 12:00;48;kWh;-52175;0;0;0;52175;-52175
13/07/2024 12:00;13/07/2024 12:15;49;kWh;-21097;378;0;0;21475;-20719
13/07/2024 12:15;13/07/2024 12:30;50;kWh;-41824;608;0;0;42432;-41216
13/07/2024 12:30;13/07/2024 12:45;51;kWh;-44958;1719;0;0;46677;-43239
13/07/2024 12:45;13/07/2024 13:00;52;kWh;-44548;4029;0;0;48577;-40519
13/07/2024 13:00;13/07/2024 13:15;53;kWh;-20880;2754;0;0;23634;-18126
13/07/2024 13:15;13/07/2024 13:30;54;kWh;-2460;921;0;0;3381;-1539
13/07/2024 13:30;13/07/2024 13:45;55;kWh;-30984;0;0;0;30984;-30984
13/07/2024 13:45;13/07/2024 14:00;56;kWh;-7031;0;0;0;7031;-7031
13/07/2024 14:00;13/07/2024 14:15;57;kWh;-134;1296;0;0;1430;1162
13/07/2024 14:15;13/07/2024 14:30;58;kWh;-8682;96;0;0;8778;-8586
13/07/2024 14:30;13/07/2024 14:45;59;kWh;-3787;2702;0;0;6489;-1085
13/07/2024 14:45;13/07/2024 15:00;60;kWh;-7379;0;0;0;7379;-7379
13/07/2024 15:00;13/07/2024 15:15;61;kWh;-10392;0;0;0;10392;-10392
13/07/2024 15:15;13/07/2024 15:30;62;kWh;-23620;0;0;0;23620;-23620
13/07/2024 15:30;13/07/2024 15:45;63;kWh;-13754;0;0;0;13754;-13754
13/07/2024 15:45;13/07/2024 16:00;64;kWh;-9511;0;0;0;9511;-9511
13/07/2024 16:00;13/07/2024 16:15;65;kWh;-11356;0;0;0;11356;-11356
13/07/2024 16:15;13/07/2024 16:30;66;kWh;-640;0;0;0;640;-640
13/07/2024 16:30;13/07/2024 16:45;67;kWh;-623;10340;0;0;10963;9717
13/07/2024 16:45;13/07/2024 17:00;68;kWh;0;16804;0;0;16804;16804
13/07/2024 17:00;13/07/2024 17:15;69;kWh;0;1398;0;0;1398;1398
13/07/2024 17:15;13/07/2024 17:30;70;kWh;0;4255;0;0;4255;4255
13/07/2024 17:30;13/07/2024 17:45;71;kWh;0;33214;0;0;33214;33214
13/07/2024 17:45;13/07/2024 18:00;72;kWh;-97;25724;0;0;25821;25627
13/07/2024 18:00;13/07/2024 18:15;73;kWh;-39003;154;0;0;39157;-38849
13/07/2024 18:15;13/07/2024 18:30;74;kWh;-27209;0;0;0;27209;-27209
13/07/2024 18:30;13/07/2024 18:45;75;kWh;-14118;0;0;0;14118;-14118
13/07/2024 18:45;13/07/2024 19:00;76;kWh;-51;99;0;0;150;48
13/07/2024 19:00;13/07/2024 19:15;77;kWh;-12667;820;0;0;13487;-11847
13/07/2024 19:15;13/07/2024 19:30;78;kWh;-11040;139;0;0;11179;-10901
13/07/2024 19:30;13/07/2024 19:45;79;kWh;-483;490;0;0;973;7
13/07/2024 19:45;13/07/2024 20:00;80;kWh;-6026;0;0;0;6026;-6026
13/07/2024 20:00;13/07/2024 20:15;81;kWh;-17128;54;0;0;17182;-17074
13/07/2024 20:15;13/07/2024 20:30;82;kWh;-7758;114;0;0;7872;-7644
13/07/2024 20:30;13/07/2024 20:45;83;kWh;-3468;0;0;0;3468;-3468
13/07/2024 20:45;13/07/2024 21:00;84;kWh;-1391;0;0;0;1391;-1391
13/07/2024 21:00;13/07/2024 21:15;85;kWh;-9848;0;0;0;9848;-9848
13/07/2024 21:15;13/07/2024 21:30;86;kWh;-968;0;0;0;968;-968
13/07/2024 21:30;13/07/2024 21:45;87;kWh;-371;0;0;0;371;-371
13/07/2024 21:45;13/07/2024 22:00;88;kWh;0;2227;0;0;2227;2227
13/07/2024 22:00;13/07/2024 22:15;89;kWh;0;5206;0;0;5206;5206
13/07/2024 22:15;13/07/2024 22:30;90;kWh;0;4603;0;0;4603;4603
13/07/2024 22:30;13/07/2024 22:45;91;kWh;0;9103;0;0;9103;9103
13/07/2024 22:45;13/07/2024 23:00;92;kWh;0;891;0;0;891;891
13/07/2024 23:00;13/07/2024 23:15;93;kWh;0;522;0;0;522;522
13/07/2024 23:15;13/07/2024 23:30;94;kWh;0;778;0;0;778;778
13/07/2024 23:30;13/07/2024 23:45;95;kWh;0;8349;0;0;8349;8349
13/07/2024 23:45;14/07/2024 00:00;96;kWh;0;2;0;0;2;2
14/07/2024 00:00;14/07/2024 00:15;1;kWh;0;1257;0;0;1257;1257
14/07/2024 00:15;14/07/2024 00:30;2;kWh;0;2347;0;0;2347;2347
14/07/2024 00:30;14/07/2024 00:45;3;kWh;0;2941;0;0;2941;2941
14/07/2024 00:45;14/07/2024 01:00;4;kWh;0;5056;0;0;5056;5056
14/07/2024 01:00;14/07/2024 01:15;5;kWh;0;593;0;0;593;593
14/07/2024 01:15;14/07/2024 01:30;6;kWh;0;635;0;0;635;635
14/07/2024 01:30;14/07/2024 01:45;7;kWh;-2570;70;0;0;2640;-2500
14/07/2024 01:45;14/07/2024 02:00;8;kWh;-4176;0;0;0;4176;-4176
14/07/2024 02:00;14/07/2024 02:15;9;kWh;0;183;0;0;183;183
14/07/2024 02:15;14/07/2024 02:30;10;kWh;0;181;0;0;181;181
14/07/2024 02:30;14/07/2024 02:45;11;kWh;0;3;0;0;3;3
14/07/2024 02:45;14/07/2024 03:00;12;kWh;-1603;0;0;0;1603;-1603
14/07/2024 03:00;14/07/2024 03:15;13;kWh;-642;0;0;0;642;-642
14/07/2024 03:15;14/07/2024 03:30;14;kWh;-1460;0;0;0;1460;-1460
14/07/2024 03:30;14/07/2024 03:45;15;kWh;-3117;3720;0;0;6837;603
14/07/2024 03:45;14/07/2024 04:00;16;kWh;0;1209;0;0;1209;1209
14/07/2024 04:00;14/07/2024 04:15;17;kWh;0;6413;0;0;6413;6413
14/07/2024 04:15;14/07/2024 04:30;18;kWh;0;23105;0;0;23105;23105
14/07/2024 04:30;14/07/2024 04:45;19;kWh;0;35780;0;0;35780;35780
14/07/2024 04:45;14/07/2024 05:00;20;kWh;0;32624;0;0;32624;32624
14/07/2024 05:00;14/07/2024 05:15;21;kWh;0;32776;0;0;32776;32776
14/07/2024 05:15;14/07/2024 05:30;22;kWh;0;28145;0;0;28145;28145
14/07/2024 05:30;14/07/2024 05:45;23;kWh;0;274;0;0;274;274
14/07/2024 05:45;14/07/2024 06:00;24;kWh;-191;0;0;0;191;-191
14/07/2024 06:00;14/07/2024 06:15;25;kWh;-23;25385;0;0;25408;25362
14/07/2024 06:15;14/07/2024 06:30;26;kWh;-625;8114;0;0;8739;7489
14/07/2024 06:30;14/07/2024 06:45;27;kWh;-4257;0;0;0;4257;-4257
14/07/2024 06:45;14/07/2024 07:00;28;kWh;-13773;0;0;0;13773;-13773
14/07/2024 07:00;14/07/2024 07:15;29;kWh;-1118;0;0;0;1118;-1118
14/07/2024 07:15;14/07/2024 07:30;30;kWh;0;10035;0;0;10035;10035
14/07/2024 07:30;14/07/2024 07:45;31;kWh;0;0;0;0;0;0
14/07/2024 07:45;14/07/2024 08:00;32;kWh;-4860;2;0;0;4862;-4858
14/07/2024 08:00;14/07/2024 08:15;33;kWh;-62;476;0;0;538;414
14/07/2024 08:15;14/07/2024 08:30;34;kWh;-2511;47;0;0;2558;-2464
14/07/2024 08:30;14/07/2024 08:45;35;kWh;-16446;0;0;0;16446;-16446
14/07/2024 08:45;14/07/2024 09:00;36;kWh;-13855;0;0;0;13855;-13855
14/07/2024 09:00;14/07/2024 09:15;37;kWh;-11037;973;0;0;12010;-10064
14/07/2024 09:15;14/07/2024 09:30;38;kWh;-30790;0;0;0;30790;-30790
14/07/2024 09:30;14/07/2024 09:45;39;kWh;-33192;0;0;0;33192;-33192
14/07/2024 09:45;14/07/2024 10:00;40;kWh;-51219;0;0;0;51219;-51219
14/07/2024 10:00;14/07/2024 10:15;41;kWh;-41817;0;0;0;41817;-41817
14/07/2024 10:15;14/07/2024 10:30;42;kWh;-33589;0;0;0;33589;-33589
14/07/2024 10:30;14/07/2024 10:45;43;kWh;-51179;0;0;0;51179;-51179
14/07/2024 10:45;14/07/2024 11:00;44;kWh;-59767;0;0;0;59767;-59767
14/07/2024 11:00;14/07/2024 11:15;45;kWh;-38568;0;0;0;38568;-38568
14/07/2024 11:15;14/07/2024 11:30;46;kWh;-37447;0;0;0;37447;-37447
14/07/2024 11:30;14/07/2024 11:45;47;kWh;-26642;0;0;0;26642;-26642
14/07/2024 11:45;14/07/2024 12:00;48;kWh;-44838;0;0;0;44838;-44838
14/07/2024 12:00;14/07/2024 12:15;49;kWh;-10117;0;0;0;10117;-10117
14/07/2024 12:15;14/07/2024 12:30;50;kWh;-1717;0;0;0;1717;-1717
14/07/2024 12:30;14/07/2024 12:45;51;kWh;-8248;0;0;0;8248;-8248
14/07/2024 12:45;14/07/2024 13:00;52;kWh;-18825;0;0;0;18825;-18825
14/07/2024 13:00;14/07/2024 13:15;53;kWh;-13221;0;0;0;13221;-13221
14/07/2024 13:15;14/07/2024 13:30;54;kWh;-29084;0;0;0;29084;-29084
14/07/2024 13:30;14/07/2024 13:45;55;kWh;-11793;0;0;0;11793;-11793
14/07/2024 13:45;14/07/2024 14:00;56;kWh;-11138;0;0;0;11138;-11138
14/07/2024 14:00;14/07/2024 14:15;57;kWh;-32016;0;0;0;32016;-32016
14/07/2024 14:15;14/07/2024 14:30;58;kWh;-18467;0;0;0;18467;-18467
14/07/2024 14:30;14/07/2024 14:45;59;kWh;-53812;0;0;0;53812;-53812
14/07/2024 14:45;14/07/2024 15:00;60;kWh;-38345;0;0;0;38345;-38345
14/07/2024 15:00;14/07/2024 15:15;61;kWh;-23330;0;0;0;23330;-23330
14/07/2024 15:15;14/07/2024 15:30;62;kWh;-16705;0;0;0;16705;-16705
14/07/2024 15:30;14/07/2024 15:45;63;kWh;-33584;0;0;0;33584;-33584
14/07/2024 15:45;14/07/2024 16:00;64;kWh;-6455;0;0;0;6455;-6455
14/07/2024 16:00;14/07/2024 16:15;65;kWh;-9355;25;0;0;9380;-9330
14/07/2024 16:15;14/07/2024 16:30;66;kWh;-1556;4775;0;0;6331;3219
14/07/2024 16:30;14/07/2024 16:45;67;kWh;-805;2500;0;0;3305;1695
14/07/2024 16:45;14/07/2024 17:00;68;kWh;-5513;18;0;0;5531;-5495
14/07/2024 17:00;14/07/2024 17:15;69;kWh;-27240;0;0;0;27240;-27240
14/07/2024 17:15;14/07/2024 17:30;70;kWh;-5622;4093;0;0;9715;-1529
14/07/2024 17:30;14/07/2024 17:45;71;kWh;-77;1909;0;0;1986;1832
14/07/2024 17:45;14/07/2024 18:00;72;kWh;0;143;0;0;143;143
14/07/2024 18:00;14/07/2024 18:15;73;kWh;-30948;2613;0;0;33561;-28335
14/07/2024 18:15;14/07/2024 18:30;74;kWh;-19544;1867;0;0;21411;-17677
14/07/2024 18:30;14/07/2024 18:45;75;kWh;-454;58;0;0;512;-396
14/07/2024 18:45;14/07/2024 19:00;76;kWh;-1181;0;0;0;1181;-1181
14/07/2024 19:00;14/07/2024 19:15;77;kWh;-14200;366;0;0;14566;-13834
14/07/2024 19:15;14/07/2024 19:30;78;kWh;-12995;4102;0;0;17097;-8893
14/07/2024 19:30;14/07/2024 19:45;79;kWh;-18640;887;0;0;19527;-17753
14/07/2024 19:45;14/07/2024 20:00;80;kWh;-557;0;0;0;557;-557
14/07/2024 20:00;14/07/2024 20:15;81;kWh;-16843;0;0;0;16843;-16843
14/07/2024 20:15;14/07/2024 20:30;82;kWh;-191;10874;0;0;11065;10683
14/07/2024 20:30;14/07/2024 20:45;83;kWh;0;27397;0;0;27397;27397
14/07/2024 20:45;14/07/2024 21:00;84;kWh;0;59080;0;0;59080;59080
14/07/2024 21:00;14/07/2024 21:15;85;kWh;0;36231;0;0;36231;36231
14/07/2024 21:15;14/07/2024 21:30;86;kWh;0;22173;0;0;22173;22173
14/07/2024 21:30;14/07/2024 21:45;87;kWh;0;30308;0;0;30308;30308
14/07/2024 21:45;14/07/2024 22:00;88;kWh;0;24158;0;0;24158;24158
14/07/2024 22:00;14/07/2024 22:15;89;kWh;0;5097;0;0;5097;5097
14/07/2024 22:15;14/07/2024 22:30;90;kWh;0;0;0;0;0;0
14/07/2024 22:30;14/07/2024 22:45;91;kWh;0;0;0;0;0;0
14/07/2024 22:45;14/07/2024 23:00;92;kWh;-7;0;0;0;7;-7
14/07/2024 23:00;14/07/2024 23:15;93;kWh;-141;0;0;0;141;-141
14/07/2024 23:15;14/07/2024 23:30;94;kWh;-2246;0;0;0;2246;-2246
14/07/2024 23:30;14/07/2024 23:45;95;kWh;-1507;0;0;0;1507;-1507
14/07/2024 23:45;15/07/2024 00:00;96;kWh;-4038;0;0;0;4038;-4038
15/07/2024 00:00;15/07/2024 00:15;1;kWh;-626;3826;0;0;4452;3200
15/07/2024 00:15;15/07/2024 00:30;2;kWh;0;15708;0;0;15708;15708
15/07/2024 00:30;15/07/2024 00:45;3;kWh;-1694;6099;0;0;7793;4405
15/07/2024 00:45;15/07/2024 01:00;4;kWh;-4418;302;0;0;4720;-4116
15/07/2024 01:00;15/07/2024 01:15;5;kWh;-134;12;0;0;146;-122
15/07/2024 01:15;15/07/2024 01:30;6;kWh;-4915;0;0;0;4915;-4915
15/07/2024 01:30;15/07/2024 01:45;7;kWh;-5843;0;0;0;5843;-5843
15/07/2024 01:45;15/07/2024 02:00;8;kWh;-102;409;0;0;511;307
15/07/2024 02:00;15/07/2024 02:15;9;kWh;0;44;0;0;44;44
15/07/2024 02:15;15/07/2024 02:30;10;kWh;-3217;0;0;0;3217;-3217
15/07/2024 02:30;15/07/2024 02:45;11;kWh;-2799;0;0;0;2799;-2799
15/07/2024 02:45;15/07/2024 03:00;12;kWh;-470;11458;0;0;11928;10988
15/07/2024 03:00;15/07/2024 03:15;13;kWh;0;38050;0;0;38050;38050
15/07/2024 03:15;15/07/2024 03:30;14;kWh;0;25005;0;0;25005;25005
15/07/2024 03:30;15/07/2024 03:45;15;kWh;0;2644;0;0;2644;2644
15/07/2024 03:45;15/07/2024 04:00;16;kWh;0;1192;0;0;1192;1192
15/07/2024 04:00;15/07/2024 04:15;17;kWh;0;23118;0;0;23118;23118
15/07/2024 04:15;15/07/2024 04:30;18;kWh;-171;2550;0;0;2721;2379
15/07/2024 04:30;15/07/2024 04:45;19;kWh;0;1238;0;0;1238;1238
15/07/2024 04:45;15/07/2024 05:00;20;kWh;-11517;0;0;0;11517;-11517
15/07/2024 05:00;15/07/2024 05:15;21;kWh;-24911;0;0;0;24911;-24911
15/07/2024 05:15;15/07/2024 05:30;22;kWh;-32752;0;0;0;32752;-32752
15/07/2024 05:30;15/07/2024 05:45;23;kWh;-16009;0;0;0;16009;-16009
15/07/2024 05:45;15/07/2024 06:00;24;kWh;-26171;0;0;0;26171;-26171
15/07/2024 06:00;15/07/2024 06:15;25;kWh;-2099;21140;0;0;23239;19041
15/07/2024 06:15;15/07/2024 06:30;26;kWh;0;40063;0;0;40063;40063
15/07/2024 06:30;15/07/2024 06:45;27;kWh;0;9920;0;0;9920;9920
15/07/2024 06:45;15/07/2024 07:00;28;kWh;0;2084;0;0;2084;2084
15/07/2024 07:00;15/07/2024 07:15;29;kWh;0;17040;0;0;17040;17040
15/07/2024 07:15;15/07/2024 07:30;30;kWh;0;4950;0;0;4950;4950
15/07/2024 07:30;15/07/2024 07:45;31;kWh;-467;0;0;0;467;-467
15/07/2024 07:45;15/07/2024 08:00;32;kWh;-399;0;0;0;399;-399
15/07/2024 08:00;15/07/2024 08:15;33;kWh;0;0;0;0;0;0
15/07/2024 08:15;15/07/2024 08:30;34;kWh;-4;0;0;0;4;-4
15/07/2024 08:30;15/07/2024 08:45;35;kWh;-4;0;0;0;4;-4
15/07/2024 08:45;15/07/2024 09:00;36;kWh;0;0;0;0;0;0
15/07/2024 09:00;15/07/2024 09:15;37;kWh;0;0;0;0;0;0
15/07/2024 09:15;15/07/2024 09:30;38;kWh;0;6348;0;0;6348;6348
15/07/2024 09:30;15/07/2024 09:45;39;kWh;-11003;0;0;0;11003;-11003
15/07/2024 09:45;15/07/2024 10:00;40;kWh;-8457;0;0;0;8457;-8457
15/07/2024 10:00;15/07/2024 10:15;41;kWh;-6465;0;0;0;6465;-6465
15/07/2024 10:15;15/07/2024 10:30;42;kWh;-8654;0;0;0;8654;-8654
15/07/2024 10:30;15/07/2024 10:45;43;kWh;-10863;0;0;0;10863;-10863
15/07/2024 10:45;15/07/2024 11:00;44;kWh;-9972;0;0;0;9972;-9972
15/07/2024 11:00;15/07/2024 11:15;45;kWh;-1006;0;0;0;1006;-1006
15/07/2024 11:15;15/07/2024 11:30;46;kWh;0;32;0;0;32;32
15/07/2024 11:30;15/07/2024 11:45;47;kWh;0;19320;0;0;19320;19320
15/07/2024 11:45;15/07/2024 12:00;48;kWh;0;50465;0;0;50465;50465
15/07/2024 12:00;15/07/2024 12:15;49;kWh;0;3832;0;0;3832;3832
15/07/2024 12:15;15/07/2024 12:30;50;kWh;-1083;636;0;0;1719;-447
15/07/2024 12:30;15/07/2024 12:45;51;kWh;0;56;0;0;56;56
15/07/2024 12:45;15/07/2024 13:00;52;kWh;-5518;503;0;0;6021;-5015
15/07/2024 13:00;15/07/2024 13:15;53;kWh;-8749;0;0;0;8749;-8749
15/07/2024 13:15;15/07/2024 13:30;54;kWh;-7733;0;0;0;7733;-7733
15/07/2024 13:30;15/07/2024 13:45;55;kWh;-14699;0;0;0;14699;-14699
15/07/2024 13:45;15/07/2024 14:00;56;kWh;-10698;0;0;0;10698;-10698
15/07/2024 14:00;15/07/2024 14:15;57;kWh;-5698;0;0;0;5698;-5698
15/07/2024 14:15;15/07/2024 14:30;58;kWh;-10631;0;0;0;10631;-10631
15/07/2024 14:30;15/07/2024 14:45;59;kWh;-4061;0;0;0;4061;-4061
15/07/2024 14:45;15/07/2024 15:00;60;kWh;-1529;0;0;0;1529;-1529
15/07/2024 15:00;15/07/2024 15:15;61;kWh;-6771;0;0;0;6771;-6771
15/07/2024 15:15;15/07/2024 15:30;62;kWh;-794;3803;0;0;4597;3009
15/07/2024 15:30;15/07/2024 15:45;63;kWh;0;11945;0;0;11945;11945
15/07/2024 15:45;15/07/2024 16:00;64;kWh;0;72286;0;0;72286;72286
15/07/2024 16:00;15/07/2024 16:15;65;kWh;-24614;25;0;0;24639;-24589
15/07/2024 16:15;15/07/2024 16:30;66;kWh;-9117;0;0;0;9117;-9117
15/07/2024 16:30;15/07/2024 16:45;67;kWh;0;0;0;0;0;0
15/07/2024 16:45;15/07/2024 17:00;68;kWh;0;0;0;0;0;0
15/07/2024 17:00;15/07/2024 17:15;69;kWh;-18166;206;0;0;18372;-17960
15/07/2024 17:15;15/07/2024 17:30;70;kWh;-9163;1199;0;0;10362;-7964
15/07/2024 17:30;15/07/2024 17:45;71;kWh;-34;1297;0;0;1331;1263
15/07/2024 17:45;15/07/2024 18:00;72;kWh;0;35455;0;0;35455;35455
15/07/2024 18:00;15/07/2024 18:15;73;kWh;0;96080;0;0;96080;96080
15/07/2024 18:15;15/07/2024 18:30;74;kWh;0;45740;0;0;45740;45740
15/07/2024 18:30;15/07/2024 18:45;75;kWh;0;91843;0;0;91843;91843
15/07/2024 18:45;15/07/2024 19:00;76;kWh;0;94017;0;0;94017;94017
15/07/2024 19:00;15/07/2024 19:15;77;kWh;0;93810;0;0;93810;93810
15/07/2024 19:15;15/07/2024 19:30;78;kWh;0;93974;0;0;93974;93974
15/07/2024 19:30;15/07/2024 19:45;79;kWh;0;94016;0;0;94016;94016
15/07/2024 19:45;15/07/2024 20:00;80;kWh;0;94017;0;0;94017;94017
15/07/2024 20:00;15/07/2024 20:15;81;kWh;0;93598;0;0;93598;93598
15/07/2024 20:15;15/07/2024 20:30;82;kWh;0;93516;0;0;93516;93516
15/07/2024 20:30;15/07/2024 20:45;83;kWh;0;43973;0;0;43973;43973
15/07/2024 20:45;15/07/2024 21:00;84;kWh;0;4871;0;0;4871;4871
15/07/2024 21:00;15/07/2024 21:15;85;kWh;0;2996;0;0;2996;2996
15/07/2024 21:15;15/07/2024 21:30;86;kWh;0;242;0;0;242;242
15/07/2024 21:30;15/07/2024 21:45;87;kWh;0;1460;0;0;1460;1460
15/07/2024 21:45;15/07/2024 22:00;88;kWh;0;30280;0;0;30280;30280
15/07/2024 22:00;15/07/2024 22:15;89;kWh;0;4329;0;0;4329;4329
15/07/2024 22:15;15/07/2024 22:30;90;kWh;0;5921;0;0;5921;5921
15/07/2024 22:30;15/07/2024 22:45;91;kWh;-21;4482;0;0;4503;4461
15/07/2024 22:45;15/07/2024 23:00;92;kWh;-19890;0;0;0;19890;-19890
15/07/2024 23:00;15/07/2024 23:15;93;kWh;-36331;0;0;0;36331;-36331
15/07/2024 23:15;15/07/2024 23:30;94;kWh;-29368;0;0;0;29368;-29368
15/07/2024 23:30;15/07/2024 23:45;95;kWh;-1087;21706;0;0;22793;20619
15/07/2024 23:45;16/07/2024 00:00;96;kWh;-344;7827;0;0;8171;7483
16/07/2024 00:00;16/07/2024 00:15;1;kWh;-17616;61;0;0;17677;-17555
16/07/2024 00:15;16/07/2024 00:30;2;kWh;-1116;0;0;0;1116;-1116
16/07/2024 00:30;16/07/2024 00:45;3;kWh;-96;0;0;0;96;-96
16/07/2024 00:45;16/07/2024 01:00;4;kWh;-15205;0;0;0;15205;-15205
16/07/2024 01:00;16/07/2024 01:15;5;kWh;-9746;383;0;0;10129;-9363
16/07/2024 01:15;16/07/2024 01:30;6;kWh;0;22783;0;0;22783;22783
16/07/2024 01:30;16/07/2024 01:45;7;kWh;-4645;2731;0;0;7376;-1914
16/07/2024 01:45;16/07/2024 02:00;8;kWh;-50488;0;0;0;50488;-50488
16/07/2024 02:00;16/07/2024 02:15;9;kWh;-6091;1548;0;0;7639;-4543
16/07/2024 02:15;16/07/2024 02:30;10;kWh;0;12572;0;0;12572;12572
16/07/2024 02:30;16/07/2024 02:45;11;kWh;0;37777;0;0;37777;37777
16/07/2024 02:45;16/07/2024 03:00;12;kWh;0;19784;0;0;19784;19784
16/07/2024 03:00;16/07/2024 03:15;13;kWh;0;68164;0;0;68164;68164
16/07/2024 03:15;16/07/2024 03:30;14;kWh;0;30488;0;0;30488;30488
16/07/2024 03:30;16/07/2024 03:45;15;kWh;-264;697;0;0;961;433
16/07/2024 03:45;16/07/2024 04:00;16;kWh;-3280;1828;0;0;5108;-1452
16/07/2024 04:00;16/07/2024 04:15;17;kWh;-8623;107;0;0;8730;-8516
16/07/2024 04:15;16/07/2024 04:30;18;kWh;-12611;0;0;0;12611;-12611
16/07/2024 04:30;16/07/2024 04:45;19;kWh;-1586;0;0;0;1586;-1586
16/07/2024 04:45;16/07/2024 05:00;20;kWh;-16239;0;0;0;16239;-16239
16/07/2024 05:00;16/07/2024 05:15;21;kWh;-5877;0;0;0;5877;-5877
16/07/2024 05:15;16/07/2024 05:30;22;kWh;-7328;167;0;0;7495;-7161
16/07/2024 05:30;16/07/2024 05:45;23;kWh;-5657;43;0;0;5700;-5614
16/07/2024 05:45;16/07/2024 06:00;24;kWh;-2751;0;0;0;2751;-2751
16/07/2024 06:00;16/07/2024 06:15;25;kWh;-1083;11121;0;0;12204;10038
16/07/2024 06:15;16/07/2024 06:30;26;kWh;0;38312;0;0;38312;38312
16/07/2024 06:30;16/07/2024 06:45;27;kWh;0;19671;0;0;19671;19671
16/07/2024 06:45;16/07/2024 07:00;28;kWh;0;14984;0;0;14984;14984
16/07/2024 07:00;16/07/2024 07:15;29;kWh;0;24230;0;0;24230;24230
16/07/2024 07:15;16/07/2024 07:30;30;kWh;0;42284;0;0;42284;42284
16/07/2024 07:30;16/07/2024 07:45;31;kWh;0;14372;0;0;14372;14372
16/07/2024 07:45;16/07/2024 08:00;32;kWh;0;13369;0;0;13369;13369
16/07/2024 08:00;16/07/2024 08:15;33;kWh;-885;1;0;0;886;-884
16/07/2024 08:15;16/07/2024 08:30;34;kWh;-7230;0;0;0;7230;-7230
16/07/2024 08:30;16/07/2024 08:45;35;kWh;-15022;0;0;0;15022;-15022
16/07/2024 08:45;16/07/2024 09:00;36;kWh;-13970;0;0;0;13970;-13970
16/07/2024 09:00;16/07/2024 09:15;37;kWh;-1957;18614;0;0;20571;16657
16/07/2024 09:15;16/07/2024 09:30;38;kWh;0;2336;0;0;2336;2336
16/07/2024 09:30;16/07/2024 09:45;39;kWh;-3680;17108;0;0;20788;13428
16/07/2024 09:45;16/07/2024 10:00;40;kWh;-3156;15314;0;0;18470;12158
16/07/2024 10:00;16/07/2024 10:15;41;kWh;-1095;9035;0;0;10130;7940
16/07/2024 10:15;16/07/2024 10:30;42;kWh;0;5547;0;0;5547;5547
16/07/2024 10:30;16/07/2024 10:45;43;kWh;-16718;321;0;0;17039;-16397
16/07/2024 10:45;16/07/2024 11:00;44;kWh;-15628;7828;0;0;23456;-7800
16/07/2024 11:00;16/07/2024 11:15;45;kWh;-18369;665;0;0;19034;-17704
16/07/2024 11:15;16/07/2024 11:30;46;kWh;-20228;0;0;0;20228;-20228
16/07/2024 11:30;16/07/2024 11:45;47;kWh;-21006;0;0;0;21006;-21006
16/07/2024 11:45;16/07/2024 12:00;48;kWh;-21835;260;0;0;22095;-21575
16/07/2024 12:00;16/07/2024 12:15;49;kWh;-1931;2321;0;0;4252;390
16/07/2024 12:15;16/07/2024 12:30;50;kWh;0;18593;0;0;18593;18593
16/07/2024 12:30;16/07/2024 12:45;51;kWh;-4456;16297;0;0;20753;11841
16/07/2024 12:45;16/07/2024 13:00;52;kWh;-4005;26175;0;0;30180;22170
16/07/2024 13:00;16/07/2024 13:15;53;kWh;-11254;0;0;0;11254;-11254
16/07/2024 13:15;16/07/2024 13:30;54;kWh;-11698;0;0;0;11698;-11698
16/07/2024 13:30;16/07/2024 13:45;55;kWh;-16792;0;0;0;16792;-16792
16/07/2024 13:45;16/07/2024 14:00;56;kWh;-10976;0;0;0;10976;-10976
16/07/2024 14:00;16/07/2024 14:15;57;kWh;-1006;610;0;0;1616;-396
16/07/2024 14:15;16/07/2024 14:30;58;kWh;-1181;12716;0;0;13897;11535
16/07/2024 14:30;16/07/2024 14:45;59;kWh;-7675;0;0;0;7675;-7675
16/07/2024 14:45;16/07/2024 15:00;60;kWh;-7159;0;0;0;7159;-7159
16/07/2024 15:00;16/07/2024 15:15;61;kWh;-5372;0;0;0;5372;-5372
16/07/2024 15:15;16/07/2024 15:30;62;kWh;-24605;0;0;0;24605;-24605
16/07/2024 15:30;16/07/2024 15:45;63;kWh;-62427;0;0;0;62427;-62427
16/07/2024 15:45;16/07/2024 16:00;64;kWh;-70202;0;0;0;70202;-70202
16/07/2024 16:00;16/07/2024 16:15;65;kWh;-50452;0;0;0;50452;-50452
16/07/2024 16:15;16/07/2024 16:30;66;kWh;-23937;0;0;0;23937;-23937
16/07/2024 16:30;16/07/2024 16:45;67;kWh;-10043;0;0;0;10043;-10043
16/07/2024 16:45;16/07/2024 17:00;68;kWh;-158;0;0;0;158;-158
16/07/2024 17:00;16/07/2024 17:15;69;kWh;-8780;6800;0;0;15580;-1980
16/07/2024 17:15;16/07/2024 17:30;70;kWh;0;6756;0;0;6756;6756
16/07/2024 17:30;16/07/2024 17:45;71;kWh;0;8246;0;0;8246;8246
16/07/2024 17:45;16/07/2024 18:00;72;kWh;-13786;22612;0;0;36398;8826
16/07/2024 18:00;16/07/2024 18:15;73;kWh;-44912;574;0;0;45486;-44338
16/07/2024 18:15;16/07/2024 18:30;74;kWh;-6317;1446;0;0;7763;-4871
16/07/2024 18:30;16/07/2024 18:45;75;kWh;-15001;1726;0;0;16727;-13275
16/07/2024 18:45;16/07/2024 19:00;76;kWh;0;8549;0;0;8549;8549
16/07/2024 19:00;16/07/2024 19:15;77;kWh;-18540;114;0;0;18654;-18426
16/07/2024 19:15;16/07/2024 19:30;78;kWh;-10677;0;0;0;10677;-10677
16/07/2024 19:30;16/07/2024 19:45;79;kWh;0;0;0;0;0;0
16/07/2024 19:45;16/07/2024 20:00;80;kWh;0;0;0;0;0;0
16/07/2024 20:00;16/07/2024 20:15;81;kWh;-28962;0;0;0;28962;-28962
16/07/2024 20:15;16/07/2024 20:30;82;kWh;-4590;0;0;0;4590;-4590
16/07/2024 20:30;16/07/2024 20:45;83;kWh;-4354;0;0;0;4354;-4354
16/07/2024 20:45;16/07/2024 21:00;84;kWh;-50;0;0;0;50;-50
16/07/2024 21:00;16/07/2024 21:15;85;kWh;-16982;0;0;0;16982;-16982
16/07/2024 21:15;16/07/2024 21:30;86;kWh;-46489;0;0;0;46489;-46489
16/07/2024 21:30;16/07/2024 21:45;87;kWh;-54352;0;0;0;54352;-54352
16/07/2024 21:45;16/07/2024 22:00;88;kWh;-76481;0;0;0;76481;-76481
16/07/2024 22:00;16/07/2024 22:15;89;kWh;-45154;0;0;0;45154;-45154
16/07/2024 22:15;16/07/2024 22:30;90;kWh;-45285;0;0;0;45285;-45285
16/07/2024 22:30;16/07/2024 22:45;91;kWh;-53437;0;0;0;53437;-53437
16/07/2024 22:45;16/07/2024 23:00;92;kWh;-70646;0;0;0;70646;-70646
16/07/2024 23:00;16/07/2024 23:15;93;kWh;-30126;0;0;0;30126;-30126
16/07/2024 23:15;16/07/2024 23:30;94;kWh;-17437;0;0;0;17437;-17437
16/07/2024 23:30;16/07/2024 23:45;95;kWh;-15784;0;0;0;15784;-15784
16/07/2024 23:45;17/07/2024 00:00;96;kWh;-23996;0;0;0;23996;-23996
17/07/2024 00:00;17/07/2024 00:15;1;kWh;-50974;0;0;0;50974;-50974
17/07/2024 00:15;17/07/2024 00:30;2;kWh;-20897;0;0;0;20897;-20897
17/07/2024 00:30;17/07/2024 00:45;3;kWh;-2607;0;0;0;2607;-2607
17/07/2024 00:45;17/07/2024 01:00;4;kWh;-22227;0;0;0;22227;-22227
17/07/2024 01:00;17/07/2024 01:15;5;kWh;-37224;0;0;0;37224;-37224
17/07/2024 01:15;17/07/2024 01:30;6;kWh;-9342;0;0;0;9342;-9342
17/07/2024 01:30;17/07/2024 01:45;7;kWh;-5541;0;0;0;5541;-5541
17/07/2024 01:45;17/07/2024 02:00;8;kWh;-1254;780;0;0;2034;-474
17/07/2024 02:00;17/07/2024 02:15;9;kWh;0;11047;0;0;11047;11047
17/07/2024 02:15;17/07/2024 02:30;10;kWh;0;28379;0;0;28379;28379
17/07/2024 02:30;17/07/2024 02:45;11;kWh;0;35882;0;0;35882;35882
17/07/2024 02:45;17/07/2024 03:00;12;kWh;0;32140;0;0;32140;32140
17/07/2024 03:00;17/07/2024 03:15;13;kWh;0;11464;0;0;11464;11464
17/07/2024 03:15;17/07/2024 03:30;14;kWh;-2515;0;0;0;2515;-2515
17/07/2024 03:30;17/07/2024 03:45;15;kWh;-2273;406;0;0;2679;-1867
17/07/2024 03:45;17/07/2024 04:00;16;kWh;-23569;0;0;0;23569;-23569
17/07/2024 04:00;17/07/2024 04:15;17;kWh;-9826;1108;0;0;10934;-8718
17/07/2024 04:15;17/07/2024 04:30;18;kWh;0;34694;0;0;34694;34694
17/07/2024 04:30;17/07/2024 04:45;19;kWh;0;44093;0;0;44093;44093
17/07/2024 04:45;17/07/2024 05:00;20;kWh;0;49528;0;0;49528;49528
17/07/2024 05:00;17/07/2024 05:15;21;kWh;-475;4631;0;0;5106;4156
17/07/2024 05:15;17/07/2024 05:30;22;kWh;-15996;0;0;0;15996;-15996
17/07/2024 05:30;17/07/2024 05:45;23;kWh;-12089;0;0;0;12089;-12089
17/07/2024 05:45;17/07/2024 06:00;24;kWh;-836;0;0;0;836;-836
17/07/2024 06:00;17/07/2024 06:15;25;kWh;-38822;0;0;0;38822;-38822
17/07/2024 06:15;17/07/2024 06:30;26;kWh;-8530;52;0;0;8582;-8478
17/07/2024 06:30;17/07/2024 06:45;27;kWh;0;0;0;0;0;0
17/07/2024 06:45;17/07/2024 07:00;28;kWh;-79;11012;0;0;11091;10933
17/07/2024 07:00;17/07/2024 07:15;29;kWh;0;10366;0;0;10366;10366
17/07/2024 07:15;17/07/2024 07:30;30;kWh;0;6096;0;0;6096;6096
17/07/2024 07:30;17/07/2024 07:45;31;kWh;0;8152;0;0;8152;8152
17/07/2024 07:45;17/07/2024 08:00;32;kWh;0;23647;0;0;23647;23647
17/07/2024 08:00;17/07/2024 08:15;33;kWh;0;26200;0;0;26200;26200
17/07/2024 08:15;17/07/2024 08:30;34;kWh;-478;4028;0;0;4506;3550
17/07/2024 08:30;17/07/2024 08:45;35;kWh;-2110;294;0;0;2404;-1816
17/07/2024 08:45;17/07/2024 09:00;36;kWh;-8050;0;0;0;8050;-8050
17/07/2024 09:00;17/07/2024 09:15;37;kWh;-1261;41239;0;0;42500;39978
17/07/2024 09:15;17/07/2024 09:30;38;kWh;-64;30658;0;0;30722;30594
17/07/2024 09:30;17/07/2024 09:45;39;kWh;-4380;327;0;0;4707;-4053
17/07/2024 09:45;17/07/2024 10:00;40;kWh;-39081;0;0;0;39081;-39081
17/07/2024 10:00;17/07/2024 10:15;41;kWh;-3297;5633;0;0;8930;2336
17/07/2024 10:15;17/07/2024 10:30;42;kWh;-362;19;0;0;381;-343
17/07/2024 10:30;17/07/2024 10:45;43;kWh;0;68;0;0;68;68
17/07/2024 10:45;17/07/2024 11:00;44;kWh;-35561;0;0;0;35561;-35561
17/07/2024 11:00;17/07/2024 11:15;45;kWh;-981;58764;0;0;59745;57783
17/07/2024 11:15;17/07/2024 11:30;46;kWh;-2848;3902;0;0;6750;1054
17/07/2024 11:30;17/07/2024 11:45;47;kWh;-46552;0;0;0;46552;-46552
17/07/2024 11:45;17/07/2024 12:00;48;kWh;-42867;4653;0;0;47520;-38214
17/07/2024 12:00;17/07/2024 12:15;49;kWh;-50;3844;0;0;3894;3794
17/07/2024 12:15;17/07/2024 12:30;50;kWh;-8286;66;0;0;8352;-8220
17/07/2024 12:30;17/07/2024 12:45;51;kWh;-58009;0;0;0;58009;-58009
17/07/2024 12:45;17/07/2024 13:00;52;kWh;-51193;34;0;0;51227;-51159
17/07/2024 13:00;17/07/2024 13:15;53;kWh;-46224;513;0;0;46737;-45711
17/07/2024 13:15;17/07/2024 13:30;54;kWh;-70836;0;0;0;70836;-70836
17/07/2024 13:30;17/07/2024 13:45;55;kWh;-66854;0;0;0;66854;-66854
17/07/2024 13:45;17/07/2024 14:00;56;kWh;-40980;322;0;0;41302;-40658
17/07/2024 14:00;17/07/2024 14:15;57;kWh;-11209;748;0;0;11957;-10461
17/07/2024 14:15;17/07/2024 14:30;58;kWh;-33552;27;0;0;33579;-33525
17/07/2024 14:30;17/07/2024 14:45;59;kWh;-24331;0;0;0;24331;-24331
17/07/2024 14:45;17/07/2024 15:00;60;kWh;-19531;0;0;0;19531;-19531
17/07/2024 15:00;17/07/2024 15:15;61;kWh;-28227;0;0;0;28227;-28227
17/07/2024 15:15;17/07/2024 15:30;62;kWh;-20930;0;0;0;20930;-20930
17/07/2024 15:30;17/07/2024 15:45;63;kWh;-30579;0;0;0;30579;-30579
17/07/2024 15:45;17/07/2024 16:00;64;kWh;-35125;0;0;0;35125;-35125
17/07/2024 16:00;17/07/2024 16:15;65;kWh;-67869;0;0;0;67869;-67869
17/07/2024 16:15;17/07/2024 16:30;66;kWh;-10323;0;0;0;10323;-10323
17/07/2024 16:30;17/07/2024 16:45;67;kWh;-5482;5;0;0;5487;-5477
17/07/2024 16:45;17/07/2024 17:00;68;kWh;-1662;1049;0;0;2711;-613
17/07/2024 17:00;17/07/2024 17:15;69;kWh;-50823;205;0;0;51028;-50618
17/07/2024 17:15;17/07/2024 17:30;70;kWh;-18135;1382;0;0;19517;-16753
17/07/2024 17:30;17/07/2024 17:45;71;kWh;-13573;6;0;0;13579;-13567
17/07/2024 17:45;17/07/2024 18:00;72;kWh;-17;39403;0;0;39420;39386
17/07/2024 18:00;17/07/2024 18:15;73;kWh;-24606;2937;0;0;27543;-21669
17/07/2024 18:15;17/07/2024 18:30;74;kWh;-25161;0;0;0;25161;-25161
17/07/2024 18:30;17/07/2024 18:45;75;kWh;-41067;0;0;0;41067;-41067
17/07/2024 18:45;17/07/2024 19:00;76;kWh;-71057;0;0;0;71057;-71057
17/07/2024 19:00;17/07/2024 19:15;77;kWh;-34116;0;0;0;34116;-34116
17/07/2024 19:15;17/07/2024 19:30;78;kWh;-18102;0;0;0;18102;-18102
17/07/2024 19:30;17/07/2024 19:45;79;kWh;-6096;324;0;0;6420;-5772
17/07/2024 19:45;17/07/2024 20:00;80;kWh;0;28642;0;0;28642;28642
17/07/2024 20:00;17/07/2024 20:15;81;kWh;0;6914;0;0;6914;6914
17/07/2024 20:15;17/07/2024 20:30;82;kWh;-719;311;0;0;1030;-408
17/07/2024 20:30;17/07/2024 20:45;83;kWh;0;21386;0;0;21386;21386
17/07/2024 20:45;17/07/2024 21:00;84;kWh;0;43373;0;0;43373;43373
17/07/2024 21:00;17/07/2024 21:15;85;kWh;0;32664;0;0;32664;32664
17/07/2024 21:15;17/07/2024 21:30;86;kWh;0;47631;0;0;47631;47631
17/07/2024 21:30;17/07/2024 21:45;87;kWh;0;36311;0;0;36311;36311
17/07/2024 21:45;17/07/2024 22:00;88;kWh;0;1652;0;0;1652;1652
17/07/2024 22:00;17/07/2024 22:15;89;kWh;0;0;0;0;0;0
17/07/2024 22:15;17/07/2024 22:30;90;kWh;0;345;0;0;345;345
17/07/2024 22:30;17/07/2024 22:45;91;kWh;0;3220;0;0;3220;3220
17/07/2024 22:45;17/07/2024 23:00;92;kWh;-14;247;0;0;261;233
17/07/2024 23:00;17/07/2024 23:15;93;kWh;-164;0;0;0;164;-164
17/07/2024 23:15;17/07/2024 23:30;94;kWh;-1151;0;0;0;1151;-1151
17/07/2024 23:30;17/07/2024 23:45;95;kWh;-941;0;0;0;941;-941
17/07/2024 23:45;18/07/2024 00:00;96;kWh;-441;0;0;0;441;-441
18/07/2024 00:00;18/07/2024 00:15;1;kWh;-150;1170;0;0;1320;1020
18/07/2024 00:15;18/07/2024 00:30;2;kWh;0;25754;0;0;25754;25754
18/07/2024 00:30;18/07/2024 00:45;3;kWh;0;19128;0;0;19128;19128
18/07/2024 00:45;18/07/2024 01:00;4;kWh;0;28247;0;0;28247;28247
18/07/2024 01:00;18/07/2024 01:15;5;kWh;0;3140;0;0;3140;3140
18/07/2024 01:15;18/07/2024 01:30;6;kWh;0;4740;0;0;4740;4740
18/07/2024 01:30;18/07/2024 01:45;7;kWh;-23;386;0;0;409;363
18/07/2024 01:45;18/07/2024 02:00;8;kWh;-1434;0;0;0;1434;-1434
18/07/2024 02:00;18/07/2024 02:15;9;kWh;-4323;0;0;0;4323;-4323
18/07/2024 02:15;18/07/2024 02:30;10;kWh;-3055;0;0;0;3055;-3055
18/07/2024 02:30;18/07/2024 02:45;11;kWh;-4952;0;0;0;4952;-4952
18/07/2024 02:45;18/07/2024 03:00;12;kWh;-3324;0;0;0;3324;-3324
18/07/2024 03:00;18/07/2024 03:15;13;kWh;-3123;0;0;0;3123;-3123
18/07/2024 03:15;18/07/2024 03:30;14;kWh;0;4444;0;0;4444;4444
18/07/2024 03:30;18/07/2024 03:45;15;kWh;0;1209;0;0;1209;1209
18/07/2024 03:45;18/07/2024 04:00;16;kWh;0;253;0;0;253;253
18/07/2024 04:00;18/07/2024 04:15;17;kWh;0;0;0;0;0;0
18/07/2024 04:15;18/07/2024 04:30;18;kWh;-1;0;0;0;1;-1
18/07/2024 04:30;18/07/2024 04:45;19;kWh;-1508;0;0;0;1508;-1508
18/07/2024 04:45;18/07/2024 05:00;20;kWh;-4333;0;0;0;4333;-4333
18/07/2024 05:00;18/07/2024 05:15;21;kWh;-28031;0;0;0;28031;-28031
18/07/2024 05:15;18/07/2024 05:30;22;kWh;-13939;0;0;0;13939;-13939
18/07/2024 05:30;18/07/2024 05:45;23;kWh;-6164;0;0;0;6164;-6164
18/07/2024 05:45;18/07/2024 06:00;24;kWh;-754;0;0;0;754;-754
18/07/2024 06:00;18/07/2024 06:15;25;kWh;-824;14994;0;0;15818;14170
18/07/2024 06:15;18/07/2024 06:30;26;kWh;0;5058;0;0;5058;5058
18/07/2024 06:30;18/07/2024 06:45;27;kWh;-3634;0;0;0;3634;-3634
18/07/2024 06:45;18/07/2024 07:00;28;kWh;-17075;0;0;0;17075;-17075
18/07/2024 07:00;18/07/2024 07:15;29;kWh;-6701;1329;0;0;8030;-5372
18/07/2024 07:15;18/07/2024 07:30;30;kWh;-18010;0;0;0;18010;-18010
18/07/2024 07:30;18/07/2024 07:45;31;kWh;-43577;0;0;0;43577;-43577
18/07/2024 07:45;18/07/2024 08:00;32;kWh;-69566;0;0;0;69566;-69566
18/07/2024 08:00;18/07/2024 08:15;33;kWh;-14572;0;0;0;14572;-14572
18/07/2024 08:15;18/07/2024 08:30;34;kWh;-1307;0;0;0;1307;-1307
18/07/2024 08:30;18/07/2024 08:45;35;kWh;-1500;0;0;0;1500;-1500
18/07/2024 08:45;18/07/2024 09:00;36;kWh;-1366;0;0;0;1366;-1366
18/07/2024 09:00;18/07/2024 09:15;37;kWh;-846;0;0;0;846;-846
18/07/2024 09:15;18/07/2024 09:30;38;kWh;-982;77;0;0;1059;-905
18/07/2024 09:30;18/07/2024 09:45;39;kWh;-6651;0;0;0;6651;-6651
18/07/2024 09:45;18/07/2024 10:00;40;kWh;-6755;0;0;0;6755;-6755
18/07/2024 10:00;18/07/2024 10:15;41;kWh;-3408;0;0;0;3408;-3408
18/07/2024 10:15;18/07/2024 10:30;42;kWh;-17933;0;0;0;17933;-17933
18/07/2024 10:30;18/07/2024 10:45;43;kWh;-32377;0;0;0;32377;-32377
18/07/2024 10:45;18/07/2024 11:00;44;kWh;-19468;0;0;0;19468;-19468
18/07/2024 11:00;18/07/2024 11:15;45;kWh;-24389;0;0;0;24389;-24389
18/07/2024 11:15;18/07/2024 11:30;46;kWh;-22002;0;0;0;22002;-22002
18/07/2024 11:30;18/07/2024 11:45;47;kWh;-22767;0;0;0;22767;-22767
18/07/2024 11:45;18/07/2024 12:00;48;kWh;-27500;0;0;0;27500;-27500
18/07/2024 12:00;18/07/2024 12:15;49;kWh;-25280;0;0;0;25280;-25280
18/07/2024 12:15;18/07/2024 12:30;50;kWh;-19432;0;0;0;19432;-19432
18/07/2024 12:30;18/07/2024 12:45;51;kWh;-22371;0;0;0;22371;-22371
18/07/2024 12:45;18/07/2024 13:00;52;kWh;-17905;0;0;0;17905;-17905
18/07/2024 13:00;18/07/2024 13:15;53;kWh;-9454;0;0;0;9454;-9454
18/07/2024 13:15;18/07/2024 13:30;54;kWh;-6165;0;0;0;6165;-6165
18/07/2024 13:30;18/07/2024 13:45;55;kWh;-1502;0;0;0;1502;-1502
18/07/2024 13:45;18/07/2024 14:00;56;kWh;-17676;0;0;0;17676;-17676
18/07/2024 14:00;18/07/2024 14:15;57;kWh;-7513;0;0;0;7513;-7513
18/07/2024 14:15;18/07/2024 14:30;58;kWh;-1954;0;0;0;1954;-1954
18/07/2024 14:30;18/07/2024 14:45;59;kWh;-5945;0;0;0;5945;-5945
18/07/2024 14:45;18/07/2024 15:00;60;kWh;-1064;0;0;0;1064;-1064
18/07/2024 15:00;18/07/2024 15:15;61;kWh;-30049;0;0;0;30049;-30049
18/07/2024 15:15;18/07/2024 15:30;62;kWh;-19464;0;0;0;19464;-19464
18/07/2024 15:30;18/07/2024 15:45;63;kWh;-22941;12;0;0;22953;-22929
18/07/2024 15:45;18/07/2024 16:00;64;kWh;-7232;8;0;0;7240;-7224
18/07/2024 16:00;18/07/2024 16:15;65;kWh;-25265;0;0;0;25265;-25265
18/07/2024 16:15;18/07/2024 16:30;66;kWh;-22817;0;0;0;22817;-22817
18/07/2024 16:30;18/07/2024 16:45;67;kWh;-20876;1037;0;0;21913;-19839
18/07/2024 16:45;18/07/2024 17:00;68;kWh;-35172;402;0;0;35574;-34770
18/07/2024 17:00;18/07/2024 17:15;69;kWh;-32197;0;0;0;32197;-32197
18/07/2024 17:15;18/07/2024 17:30;70;kWh;-40364;0;0;0;40364;-40364
18/07/2024 17:30;18/07/2024 17:45;71;kWh;-38975;1199;0;0;40174;-37776
18/07/2024 17:45;18/07/2024 18:00;72;kWh;-18138;1001;0;0;19139;-17137
18/07/2024 18:00;18/07/2024 18:15;73;kWh;-53967;0;0;0;53967;-53967
18/07/2024 18:15;18/07/2024 18:30;74;kWh;-46020;0;0;0;46020;-46020
18/07/2024 18:30;18/07/2024 18:45;75;kWh;-49713;0;0;0;49713;-49713
18/07/2024 18:45;18/07/2024 19:00;76;kWh;-5013;1034;0;0;6047;-3979
18/07/2024 19:00;18/07/2024 19:15;77;kWh;-61713;0;0;0;61713;-61713
18/07/2024 19:15;18/07/2024 19:30;78;kWh;-42506;0;0;0;42506;-42506
18/07/2024 19:30;18/07/2024 19:45;79;kWh;-2712;0;0;0;2712;-2712
18/07/2024 19:45;18/07/2024 20:00;80;kWh;-8;32956;0;0;32964;32948
18/07/2024 20:00;18/07/2024 20:15;81;kWh;0;9241;0;0;9241;9241
18/07/2024 20:15;18/07/2024 20:30;82;kWh;0;22163;0;0;22163;22163
18/07/2024 20:30;18/07/2024 20:45;83;kWh;0;44960;0;0;44960;44960
18/07/2024 20:45;18/07/2024 21:00;84;kWh;0;30410;0;0;30410;30410
18/07/2024 21:00;18/07/2024 21:15;85;kWh;0;38724;0;0;38724;38724
18/07/2024 21:15;18/07/2024 21:30;86;kWh;0;40023;0;0;40023;40023
18/07/2024 21:30;18/07/2024 21:45;87;kWh;0;41651;0;0;41651;41651
18/07/2024 21:45;18/07/2024 22:00;88;kWh;0;17036;0;0;17036;17036
18/07/2024 22:00;18/07/2024 22:15;89;kWh;0;21327;0;0;21327;21327
18/07/2024 22:15;18/07/2024 22:30;90;kWh;0;15176;0;0;15176;15176
18/07/2024 22:30;18/07/2024 22:45;91;kWh;0;1367;0;0;1367;1367
18/07/2024 22:45;18/07/2024 23:00;92;kWh;-2166;7;0;0;2173;-2159
18/07/2024 23:00;18/07/2024 23:15;93;kWh;-752;17686;0;0;18438;16934
18/07/2024 23:15;18/07/2024 23:30;94;kWh;0;28524;0;0;28524;28524
18/07/2024 23:30;18/07/2024 23:45;95;kWh;0;15931;0;0;15931;15931
18/07/2024 23:45;19/07/2024 00:00;96;kWh;-248;729;0;0;977;481
19/07/2024 00:00;19/07/2024 00:15;1;kWh;-5097;0;0;0;5097;-5097
19/07/2024 00:15;19/07/2024 00:30;2;kWh;-7369;0;0;0;7369;-7369
19/07/2024 00:30;19/07/2024 00:45;3;kWh;-17486;0;0;0;17486;-17486
19/07/2024 00:45;19/07/2024 01:00;4;kWh;-45471;0;0;0;45471;-45471
19/07/2024 01:00;19/07/2024 01:15;5;kWh;-1784;76;0;0;1860;-1708
19/07/2024 01:15;19/07/2024 01:30;6;kWh;-2103;0;0;0;2103;-2103
19/07/2024 01:30;19/07/2024 01:45;7;kWh;-6440;0;0;0;6440;-6440
19/07/2024 01:45;19/07/2024 02:00;8;kWh;-20587;0;0;0;20587;-20587
19/07/2024 02:00;19/07/2024 02:15;9;kWh;-7079;0;0;0;7079;-7079
19/07/2024 02:15;19/07/2024 02:30;10;kWh;-2309;0;0;0;2309;-2309
19/07/2024 02:30;19/07/2024 02:45;11;kWh;-18960;0;0;0;18960;-18960
19/07/2024 02:45;19/07/2024 03:00;12;kWh;-40857;0;0;0;40857;-40857
19/07/2024 03:00;19/07/2024 03:15;13;kWh;-13852;0;0;0;13852;-13852
19/07/2024 03:15;19/07/2024 03:30;14;kWh;-18166;0;0;0;18166;-18166
19/07/2024 03:30;19/07/2024 03:45;15;kWh;-27752;0;0;0;27752;-27752
19/07/2024 03:45;19/07/2024 04:00;16;kWh;-12393;0;0;0;12393;-12393
19/07/2024 04:00;19/07/2024 04:15;17;kWh;-5616;0;0;0;5616;-5616
19/07/2024 04:15;19/07/2024 04:30;18;kWh;-471;0;0;0;471;-471
19/07/2024 04:30;19/07/2024 04:45;19;kWh;-209;381;0;0;590;172
19/07/2024 04:45;19/07/2024 05:00;20;kWh;0;398;0;0;398;398
19/07/2024 05:00;19/07/2024 05:15;21;kWh;0;7253;0;0;7253;7253
19/07/2024 05:15;19/07/2024 05:30;22;kWh;0;12652;0;0;12652;12652
19/07/2024 05:30;19/07/2024 05:45;23;kWh;0;6624;0;0;6624;6624
19/07/2024 05:45;19/07/2024 06:00;24;kWh;-1218;1064;0;0;2282;-154
19/07/2024 06:00;19/07/2024 06:15;25;kWh;-2911;4234;0;0;7145;1323
19/07/2024 06:15;19/07/2024 06:30;26;kWh;0;16104;0;0;16104;16104
19/07/2024 06:30;19/07/2024 06:45;27;kWh;0;11006;0;0;11006;11006
19/07/2024 06:45;19/07/2024 07:00;28;kWh;0;11653;0;0;11653;11653
19/07/2024 07:00;19/07/2024 07:15;29;kWh;0;21364;0;0;21364;21364
19/07/2024 07:15;19/07/2024 07:30;30;kWh;0;11949;0;0;11949;11949
19/07/2024 07:30;19/07/2024 07:45;31;kWh;0;15478;0;0;15478;15478
19/07/2024 07:45;19/07/2024 08:00;32;kWh;0;34490;0;0;34490;34490
19/07/2024 08:00;19/07/2024 08:15;33;kWh;-5824;4610;0;0;10434;-1214
19/07/2024 08:15;19/07/2024 08:30;34;kWh;-21097;0;0;0;21097;-21097
19/07/2024 08:30;19/07/2024 08:45;35;kWh;-8403;1061;0;0;9464;-7342
19/07/2024 08:45;19/07/2024 09:00;36;kWh;0;39273;0;0;39273;39273
19/07/2024 09:00;19/07/2024 09:15;37;kWh;0;2824;0;0;2824;2824
19/07/2024 09:15;19/07/2024 09:30;38;kWh;0;28593;0;0;28593;28593
19/07/2024 09:30;19/07/2024 09:45;39;kWh;0;33784;0;0;33784;33784
19/07/2024 09:45;19/07/2024 10:00;40;kWh;-12809;386;0;0;13195;-12423
19/07/2024 10:00;19/07/2024 10:15;41;kWh;-12093;0;0;0;12093;-12093
19/07/2024 10:15;19/07/2024 10:30;42;kWh;-14076;148;0;0;14224;-13928
19/07/2024 10:30;19/07/2024 10:45;43;kWh;-6198;783;0;0;6981;-5415
19/07/2024 10:45;19/07/2024 11:00;44;kWh;-28767;0;0;0;28767;-28767
19/07/2024 11:00;19/07/2024 11:15;45;kWh;-5670;472;0;0;6142;-5198
19/07/2024 11:15;19/07/2024 11:30;46;kWh;-669;455;0;0;1124;-214
19/07/2024 11:30;19/07/2024 11:45;47;kWh;0;8272;0;0;8272;8272
19/07/2024 11:45;19/07/2024 12:00;48;kWh;0;3778;0;0;3778;3778
19/07/2024 12:00;19/07/2024 12:15;49;kWh;0;15894;0;0;15894;15894
19/07/2024 12:15;19/07/2024 12:30;50;kWh;0;1445;0;0;1445;1445
19/07/2024 12:30;19/07/2024 12:45;51;kWh;0;2670;0;0;2670;2670
19/07/2024 12:45;19/07/2024 13:00;52;kWh;-10543;0;0;0;10543;-10543
19/07/2024 13:00;19/07/2024 13:15;53;kWh;-18371;0;0;0;18371;-18371
19/07/2024 13:15;19/07/2024 13:30;54;kWh;-20727;0;0;0;20727;-20727
19/07/2024 13:30;19/07/2024 13:45;55;kWh;-13532;0;0;0;13532;-13532
19/07/2024 13:45;19/07/2024 14:00;56;kWh;-23229;0;0;0;23229;-23229
19/07/2024 14:00;19/07/2024 14:15;57;kWh;-4253;0;0;0;4253;-4253
19/07/2024 14:15;19/07/2024 14:30;58;kWh;-522;0;0;0;522;-522
19/07/2024 14:30;19/07/2024 14:45;59;kWh;0;0;0;0;0;0
19/07/2024 14:45;19/07/2024 15:00;60;kWh;0;0;0;0;0;0
19/07/2024 15:00;19/07/2024 15:15;61;kWh;0;2822;0;0;2822;2822
19/07/2024 15:15;19/07/2024 15:30;62;kWh;0;12913;0;0;12913;12913
19/07/2024 15:30;19/07/2024 15:45;63;kWh;0;3880;0;0;3880;3880
19/07/2024 15:45;19/07/2024 16:00;64;kWh;0;586;0;0;586;586
19/07/2024 16:00;19/07/2024 16:15;65;kWh;0;138;0;0;138;138
19/07/2024 16:15;19/07/2024 16:30;66;kWh;-172;0;0;0;172;-172
19/07/2024 16:30;19/07/2024 16:45;67;kWh;-18198;0;0;0;18198;-18198
19/07/2024 16:45;19/07/2024 17:00;68;kWh;-8228;0;0;0;8228;-8228
19/07/2024 17:00;19/07/2024 17:15;69;kWh;-22100;0;0;0;22100;-22100
19/07/2024 17:15;19/07/2024 17:30;70;kWh;-21617;0;0;0;21617;-21617
19/07/2024 17:30;19/07/2024 17:45;71;kWh;-32287;0;0;0;32287;-32287
19/07/2024 17:45;19/07/2024 18:00;72;kWh;-19107;0;0;0;19107;-19107
19/07/2024 18:00;19/07/2024 18:15;73;kWh;-27605;0;0;0;27605;-27605
19/07/2024 18:15;19/07/2024 18:30;74;kWh;-11227;0;0;0;11227;-11227
19/07/2024 18:30;19/07/2024 18:45;75;kWh;-26478;0;0;0;26478;-26478
19/07/2024 18:45;19/07/2024 19:00;76;kWh;-6197;0;0;0;6197;-6197
19/07/2024 19:00;19/07/2024 19:15;77;kWh;-32823;0;0;0;32823;-32823
19/07/2024 19:15;19/07/2024 19:30;78;kWh;-35104;0;0;0;35104;-35104
19/07/2024 19:30;19/07/2024 19:45;79;kWh;-581;0;0;0;581;-581
19/07/2024 19:45;19/07/2024 20:00;80;kWh;0;0;0;0;0;0
19/07/2024 20:00;19/07/2024 20:15;81;kWh;-19686;0;0;0;19686;-19686
19/07/2024 20:15;19/07/2024 20:30;82;kWh;-4701;398;0;0;5099;-4303
19/07/2024 20:30;19/07/2024 20:45;83;kWh;0;3247;0;0;3247;3247
19/07/2024 20:45;19/07/2024 21:00;84;kWh;0;9519;0;0;9519;9519
19/07/2024 21:00;19/07/2024 21:15;85;kWh;0;7475;0;0;7475;7475
19/07/2024 21:15;19/07/2024 21:30;86;kWh;0;0;0;0;0;0
19/07/2024 21:30;19/07/2024 21:45;87;kWh;-2226;65;0;0;2291;-2161
19/07/2024 21:45;19/07/2024 22:00;88;kWh;-12780;0;0;0;12780;-12780
19/07/2024 22:00;19/07/2024 22:15;89;kWh;-8610;0;0;0;8610;-8610
19/07/2024 22:15;19/07/2024 22:30;90;kWh;-13169;0;0;0;13169;-13169
19/07/2024 22:30;19/07/2024 22:45;91;kWh;-19414;0;0;0;19414;-19414
19/07/2024 22:45;19/07/2024 23:00;92;kWh;-23582;0;0;0;23582;-23582
19/07/2024 23:00;19/07/2024 23:15;93;kWh;-39463;0;0;0;39463;-39463
19/07/2024 23:15;19/07/2024 23:30;94;kWh;-32251;0;0;0;32251;-32251
19/07/2024 23:30;19/07/2024 23:45;95;kWh;-29490;0;0;0;29490;-29490
19/07/2024 23:45;20/07/2024 00:00;96;kWh;-17134;0;0;0;17134;-17134
20/07/2024 00:00;20/07/2024 00:15;1;kWh;-25672;0;0;0;25672;-25672
20/07/2024 00:15;20/07/2024 00:30;2;kWh;-31512;0;0;0;31512;-31512
20/07/2024 00:30;20/07/2024 00:45;3;kWh;-54789;0;0;0;54789;-54789
20/07/2024 00:45;20/07/2024 01:00;4;kWh;-38512;0;0;0;38512;-38512
20/07/2024 01:00;20/07/2024 01:15;5;kWh;-39876;0;0;0;39876;-39876
20/07/2024 01:15;20/07/2024 01:30;6;kWh;-71029;0;0;0;71029;-71029
20/07/2024 01:30;20/07/2024 01:45;7;kWh;-66496;0;0;0;66496;-66496
20/07/2024 01:45;20/07/2024 02:00;8;kWh;-68831;0;0;0;68831;-68831
20/07/2024 02:00;20/07/2024 02:15;9;kWh;-56000;0;0;0;56000;-56000
20/07/2024 02:15;20/07/2024 02:30;10;kWh;-34520;0;0;0;34520;-34520
20/07/2024 02:30;20/07/2024 02:45;11;kWh;-65495;0;0;0;65495;-65495
20/07/2024 02:45;20/07/2024 03:00;12;kWh;-35199;0;0;0;35199;-35199
20/07/2024 03:00;20/07/2024 03:15;13;kWh;-5787;268;0;0;6055;-5519
20/07/2024 03:15;20/07/2024 03:30;14;kWh;0;9984;0;0;9984;9984
20/07/2024 03:30;20/07/2024 03:45;15;kWh;0;13288;0;0;13288;13288
20/07/2024 03:45;20/07/2024 04:00;16;kWh;0;4482;0;0;4482;4482
20/07/2024 04:00;20/07/2024 04:15;17;kWh;0;8743;0;0;8743;8743
20/07/2024 04:15;20/07/2024 04:30;18;kWh;0;15199;0;0;15199;15199
20/07/2024 04:30;20/07/2024 04:45;19;kWh;0;10393;0;0;10393;10393
20/07/2024 04:45;20/07/2024 05:00;20;kWh;0;7234;0;0;7234;7234
20/07/2024 05:00;20/07/2024 05:15;21;kWh;0;1485;0;0;1485;1485
20/07/2024 05:15;20/07/2024 05:30;22;kWh;0;10212;0;0;10212;10212
20/07/2024 05:30;20/07/2024 05:45;23;kWh;0;3757;0;0;3757;3757
20/07/2024 05:45;20/07/2024 06:00;24;kWh;0;15703;0;0;15703;15703
20/07/2024 06:00;20/07/2024 06:15;25;kWh;0;61921;0;0;61921;61921
20/07/2024 06:15;20/07/2024 06:30;26;kWh;0;52078;0;0;52078;52078
20/07/2024 06:30;20/07/2024 06:45;27;kWh;0;5602;0;0;5602;5602
20/07/2024 06:45;20/07/2024 07:00;28;kWh;0;606;0;0;606;606
20/07/2024 07:00;20/07/2024 07:15;29;kWh;0;32732;0;0;32732;32732
20/07/2024 07:15;20/07/2024 07:30;30;kWh;0;26869;0;0;26869;26869
20/07/2024 07:30;20/07/2024 07:45;31;kWh;0;123;0;0;123;123
20/07/2024 07:45;20/07/2024 08:00;32;kWh;0;1456;0;0;1456;1456
20/07/2024 08:00;20/07/2024 08:15;33;kWh;0;32589;0;0;32589;32589
20/07/2024 08:15;20/07/2024 08:30;34;kWh;0;45508;0;0;45508;45508
20/07/2024 08:30;20/07/2024 08:45;35;kWh;0;22582;0;0;22582;22582
20/07/2024 08:45;20/07/2024 09:00;36;kWh;0;2272;0;0;2272;2272
20/07/2024 09:00;20/07/2024 09:15;37;kWh;0;1912;0;0;1912;1912
20/07/2024 09:15;20/07/2024 09:30;38;kWh;-2529;0;0;0;2529;-2529
20/07/2024 09:30;20/07/2024 09:45;39;kWh;-4325;0;0;0;4325;-4325
20/07/2024 09:45;20/07/2024 10:00;40;kWh;-13937;0;0;0;13937;-13937
20/07/2024 10:00;20/07/2024 10:15;41;kWh;-4438;0;0;0;4438;-4438
20/07/2024 10:15;20/07/2024 10:30;42;kWh;-5325;0;0;0;5325;-5325
20/07/2024 10:30;20/07/2024 10:45;43;kWh;-6044;0;0;0;6044;-6044
20/07/2024 10:45;20/07/2024 11:00;44;kWh;-7850;0;0;0;7850;-7850
20/07/2024 11:00;20/07/2024 11:15;45;kWh;-18663;0;0;0;18663;-18663
20/07/2024 11:15;20/07/2024 11:30;46;kWh;-19121;0;0;0;19121;-19121
20/07/2024 11:30;20/07/2024 11:45;47;kWh;-18056;0;0;0;18056;-18056
20/07/2024 11:45;20/07/2024 12:00;48;kWh;-15979;0;0;0;15979;-15979
20/07/2024 12:00;20/07/2024 12:15;49;kWh;-15907;0;0;0;15907;-15907
20/07/2024 12:15;20/07/2024 12:30;50;kWh;-15353;0;0;0;15353;-15353
20/07/2024 12:30;20/07/2024 12:45;51;kWh;-14173;0;0;0;14173;-14173
20/07/2024 12:45;20/07/2024 13:00;52;kWh;-19326;0;0;0;19326;-19326
20/07/2024 13:00;20/07/2024 13:15;53;kWh;-6531;0;0;0;6531;-6531
20/07/2024 13:15;20/07/2024 13:30;54;kWh;-7217;0;0;0;7217;-7217
20/07/2024 13:30;20/07/2024 13:45;55;kWh;-14998;0;0;0;14998;-14998
20/07/2024 13:45;20/07/2024 14:00;56;kWh;-11420;0;0;0;11420;-11420
20/07/2024 14:00;20/07/2024 14:15;57;kWh;-9233;33;0;0;9266;-9200
20/07/2024 14:15;20/07/2024 14:30;58;kWh;-11069;125;0;0;11194;-10944
20/07/2024 14:30;20/07/2024 14:45;59;kWh;-18832;0;0;0;18832;-18832
20/07/2024 14:45;20/07/2024 15:00;60;kWh;-9926;0;0;0;9926;-9926
20/07/2024 15:00;20/07/2024 15:15;61;kWh;-13634;0;0;0;13634;-13634
20/07/2024 15:15;20/07/2024 15:30;62;kWh;-13017;0;0;0;13017;-13017
20/07/2024 15:30;20/07/2024 15:45;63;kWh;-3191;0;0;0;3191;-3191
20/07/2024 15:45;20/07/2024 16:00;64;kWh;-3610;0;0;0;3610;-3610
20/07/2024 16:00;20/07/2024 16:15;65;kWh;-10146;0;0;0;10146;-10146
20/07/2024 16:15;20/07/2024 16:30;66;kWh;-10452;64;0;0;10516;-10388
20/07/2024 16:30;20/07/2024 16:45;67;kWh;0;727;0;0;727;727
20/07/2024 16:45;20/07/2024 17:00;68;kWh;-4280;0;0;0;4280;-4280
20/07/2024 17:00;20/07/2024 17:15;69;kWh;-21055;0;0;0;21055;-21055
20/07/2024 17:15;20/07/2024 17:30;70;kWh;-14906;0;0;0;14906;-14906
20/07/2024 17:30;20/07/2024 17:45;71;kWh;-7383;0;0;0;7383;-7383
20/07/2024 17:45;20/07/2024 18:00;72;kWh;0;0;0;0;0;0
20/07/2024 18:00;20/07/2024 18:15;73;kWh;-17754;0;0;0;17754;-17754
20/07/2024 18:15;20/07/2024 18:30;74;kWh;-27128;0;0;0;27128;-27128
20/07/2024 18:30;20/07/2024 18:45;75;kWh;-3514;0;0;0;3514;-3514
20/07/2024 18:45;20/07/2024 19:00;76;kWh;-317;0;0;0;317;-317
20/07/2024 19:00;20/07/2024 19:15;77;kWh;-1577;0;0;0;1577;-1577
20/07/2024 19:15;20/07/2024 19:30;78;kWh;-10199;0;0;0;10199;-10199
20/07/2024 19:30;20/07/2024 19:45;79;kWh;-1453;0;0;0;1453;-1453
20/07/2024 19:45;20/07/2024 20:00;80;kWh;-144;0;0;0;144;-144
20/07/2024 20:00;20/07/2024 20:15;81;kWh;-25788;0;0;0;25788;-25788
20/07/2024 20:15;20/07/2024 20:30;82;kWh;-9018;0;0;0;9018;-9018
20/07/2024 20:30;20/07/2024 20:45;83;kWh;-470;0;0;0;470;-470
20/07/2024 20:45;20/07/2024 21:00;84;kWh;0;0;0;0;0;0
20/07/2024 21:00;20/07/2024 21:15;85;kWh;-140;0;0;0;140;-140
20/07/2024 21:15;20/07/2024 21:30;86;kWh;-5885;0;0;0;5885;-5885
20/07/2024 21:30;20/07/2024 21:45;87;kWh;-2751;0;0;0;2751;-2751
20/07/2024 21:45;20/07/2024 22:00;88;kWh;0;10801;0;0;10801;10801
20/07/2024 22:00;20/07/2024 22:15;89;kWh;0;42280;0;0;42280;42280
20/07/2024 22:15;20/07/2024 22:30;90;kWh;0;5237;0;0;5237;5237
20/07/2024 22:30;20/07/2024 22:45;91;kWh;0;0;0;0;0;0
20/07/2024 22:45;20/07/2024 23:00;92;kWh;-10488;0;0;0;10488;-10488
20/07/2024 23:00;20/07/2024 23:15;93;kWh;-7457;0;0;0;7457;-7457
20/07/2024 23:15;20/07/2024 23:30;94;kWh;-15015;0;0;0;15015;-15015
20/07/2024 23:30;20/07/2024 23:45;95;kWh;-14422;0;0;0;14422;-14422
20/07/2024 23:45;21/07/2024 00:00;96;kWh;-27286;0;0;0;27286;-27286
21/07/2024 00:00;21/07/2024 00:15;1;kWh;-5329;3400;0;0;8729;-1929
21/07/2024 00:15;21/07/2024 00:30;2;kWh;0;7151;0;0;7151;7151
21/07/2024 00:30;21/07/2024 00:45;3;kWh;0;388;0;0;388;388
21/07/2024 00:45;21/07/2024 01:00;4;kWh;0;11246;0;0;11246;11246
21/07/2024 01:00;21/07/2024 01:15;5;kWh;0;28855;0;0;28855;28855
21/07/2024 01:15;21/07/2024 01:30;6;kWh;0;35381;0;0;35381;35381
21/07/2024 01:30;21/07/2024 01:45;7;kWh;0;36531;0;0;36531;36531
21/07/2024 01:45;21/07/2024 02:00;8;kWh;-12;28060;0;0;28072;28048
21/07/2024 02:00;21/07/2024 02:15;9;kWh;-539;967;0;0;1506;428
21/07/2024 02:15;21/07/2024 02:30;10;kWh;0;10678;0;0;10678;10678
21/07/2024 02:30;21/07/2024 02:45;11;kWh;0;4552;0;0;4552;4552
21/07/2024 02:45;21/07/2024 03:00;12;kWh;0;21297;0;0;21297;21297
21/07/2024 03:00;21/07/2024 03:15;13;kWh;0;8169;0;0;8169;8169
21/07/2024 03:15;21/07/2024 03:30;14;kWh;0;32357;0;0;32357;32357
21/07/2024 03:30;21/07/2024 03:45;15;kWh;0;47713;0;0;47713;47713
21/07/2024 03:45;21/07/2024 04:00;16;kWh;0;47835;0;0;47835;47835
21/07/2024 04:00;21/07/2024 04:15;17;kWh;0;49795;0;0;49795;49795
21/07/2024 04:15;21/07/2024 04:30;18;kWh;0;43681;0;0;43681;43681
21/07/2024 04:30;21/07/2024 04:45;19;kWh;0;17591;0;0;17591;17591
21/07/2024 04:45;21/07/2024 05:00;20;kWh;0;397;0;0;397;397
21/07/2024 05:00;21/07/2024 05:15;21;kWh;0;21168;0;0;21168;21168
21/07/2024 05:15;21/07/2024 05:30;22;kWh;0;41381;0;0;41381;41381
21/07/2024 05:30;21/07/2024 05:45;23;kWh;0;14348;0;0;14348;14348
21/07/2024 05:45;21/07/2024 06:00;24;kWh;0;52089;0;0;52089;52089
21/07/2024 06:00;21/07/2024 06:15;25;kWh;0;8061;0;0;8061;8061
21/07/2024 06:15;21/07/2024 06:30;26;kWh;-246;168;0;0;414;-78
21/07/2024 06:30;21/07/2024 06:45;27;kWh;-16988;0;0;0;16988;-16988
21/07/2024 06:45;21/07/2024 07:00;28;kWh;-28518;0;0;0;28518;-28518
21/07/2024 07:00;21/07/2024 07:15;29;kWh;-4050;0;0;0;4050;-4050
21/07/2024 07:15;21/07/2024 07:30;30;kWh;-4906;0;0;0;4906;-4906
21/07/2024 07:30;21/07/2024 07:45;31;kWh;-23233;0;0;0;23233;-23233
21/07/2024 07:45;21/07/2024 08:00;32;kWh;-36572;0;0;0;36572;-36572
21/07/2024 08:00;21/07/2024 08:15;33;kWh;-5635;0;0;0;5635;-5635
21/07/2024 08:15;21/07/2024 08:30;34;kWh;-4174;0;0;0;4174;-4174
21/07/2024 08:30;21/07/2024 08:45;35;kWh;-16635;0;0;0;16635;-16635
21/07/2024 08:45;21/07/2024 09:00;36;kWh;-20806;0;0;0;20806;-20806
21/07/2024 09:00;21/07/2024 09:15;37;kWh;-9878;0;0;0;9878;-9878
21/07/2024 09:15;21/07/2024 09:30;38;kWh;-663;13375;0;0;14038;12712
21/07/2024 09:30;21/07/2024 09:45;39;kWh;0;783;0;0;783;783
21/07/2024 09:45;21/07/2024 10:00;40;kWh;0;6510;0;0;6510;6510
21/07/2024 10:00;21/07/2024 10:15;41;kWh;0;91698;0;0;91698;91698
21/07/2024 10:15;21/07/2024 10:30;42;kWh;0;57116;0;0;57116;57116
21/07/2024 10:30;21/07/2024 10:45;43;kWh;0;3524;0;0;3524;3524
21/07/2024 10:45;21/07/2024 11:00;44;kWh;0;1393;0;0;1393;1393
21/07/2024 11:00;21/07/2024 11:15;45;kWh;-3410;0;0;0;3410;-3410
21/07/2024 11:15;21/07/2024 11:30;46;kWh;-1893;19709;0;0;21602;17816
21/07/2024 11:30;21/07/2024 11:45;47;kWh;0;74604;0;0;74604;74604
21/07/2024 11:45;21/07/2024 12:00;48;kWh;0;101479;0;0;101479;101479
21/07/2024 12:00;21/07/2024 12:15;49;kWh;0;106750;0;0;106750;106750
21/07/2024 12:15;21/07/2024 12:30;50;kWh;0;107001;0;0;107001;107001
21/07/2024 12:30;21/07/2024 12:45;51;kWh;0;106888;0;0;106888;106888
21/07/2024 12:45;21/07/2024 13:00;52;kWh;0;61155;0;0;61155;61155
21/07/2024 13:00;21/07/2024 13:15;53;kWh;0;13701;0;0;13701;13701
21/07/2024 13:15;21/07/2024 13:30;54;kWh;-7529;17405;0;0;24934;9876
21/07/2024 13:30;21/07/2024 13:45;55;kWh;-9322;27509;0;0;36831;18187
21/07/2024 13:45;21/07/2024 14:00;56;kWh;-7693;5866;0;0;13559;-1827
21/07/2024 14:00;21/07/2024 14:15;57;kWh;-16378;0;0;0;16378;-16378
21/07/2024 14:15;21/07/2024 14:30;58;kWh;0;0;0;0;0;0
21/07/2024 14:30;21/07/2024 14:45;59;kWh;0;0;0;0;0;0
21/07/2024 14:45;21/07/2024 15:00;60;kWh;0;1641;0;0;1641;1641
21/07/2024 15:00;21/07/2024 15:15;61;kWh;0;51772;0;0;51772;51772
21/07/2024 15:15;21/07/2024 15:30;62;kWh;0;22189;0;0;22189;22189
21/07/2024 15:30;21/07/2024 15:45;63;kWh;0;19170;0;0;19170;19170
21/07/2024 15:45;21/07/2024 16:00;64;kWh;0;23259;0;0;23259;23259
21/07/2024 16:00;21/07/2024 16:15;65;kWh;0;13268;0;0;13268;13268
21/07/2024 16:15;21/07/2024 16:30;66;kWh;0;45851;0;0;45851;45851
21/07/2024 16:30;21/07/2024 16:45;67;kWh;0;100199;0;0;100199;100199
21/07/2024 16:45;21/07/2024 17:00;68;kWh;0;100461;0;0;100461;100461
21/07/2024 17:00;21/07/2024 17:15;69;kWh;0;76430;0;0;76430;76430
21/07/2024 17:15;21/07/2024 17:30;70;kWh;0;7726;0;0;7726;7726
21/07/2024 17:30;21/07/2024 17:45;71;kWh;-540;3485;0;0;4025;2945
21/07/2024 17:45;21/07/2024 18:00;72;kWh;-238;0;0;0;238;-238
21/07/2024 18:00;21/07/2024 18:15;73;kWh;0;0;0;0;0;0
21/07/2024 18:15;21/07/2024 18:30;74;kWh;-1394;0;0;0;1394;-1394
21/07/2024 18:30;21/07/2024 18:45;75;kWh;-1055;0;0;0;1055;-1055
21/07/2024 18:45;21/07/2024 19:00;76;kWh;-680;0;0;0;680;-680
21/07/2024 19:00;21/07/2024 19:15;77;kWh;-32157;0;0;0;32157;-32157
21/07/2024 19:15;21/07/2024 19:30;78;kWh;-9167;0;0;0;9167;-9167
21/07/2024 19:30;21/07/2024 19:45;79;kWh;0;10658;0;0;10658;10658
21/07/2024 19:45;21/07/2024 20:00;80;kWh;0;33947;0;0;33947;33947
21/07/2024 20:00;21/07/2024 20:15;81;kWh;0;25151;0;0;25151;25151
21/07/2024 20:15;21/07/2024 20:30;82;kWh;0;45106;0;0;45106;45106
21/07/2024 20:30;21/07/2024 20:45;83;kWh;0;26296;0;0;26296;26296
21/07/2024 20:45;21/07/2024 21:00;84;kWh;0;11270;0;0;11270;11270
21/07/2024 21:00;21/07/2024 21:15;85;kWh;0;888;0;0;888;888
21/07/2024 21:15;21/07/2024 21:30;86;kWh;0;0;0;0;0;0
21/07/2024 21:30;21/07/2024 21:45;87;kWh;0;0;0;0;0;0
21/07/2024 21:45;21/07/2024 22:00;88;kWh;0;241;0;0;241;241
21/07/2024 22:00;21/07/2024 22:15;89;kWh;0;6565;0;0;6565;6565
21/07/2024 22:15;21/07/2024 22:30;90;kWh;0;2549;0;0;2549;2549
21/07/2024 22:30;21/07/2024 22:45;91;kWh;0;2207;0;0;2207;2207
21/07/2024 22:45;21/07/2024 23:00;92;kWh;-5087;243;0;0;5330;-4844
21/07/2024 23:00;21/07/2024 23:15;93;kWh;-11854;0;0;0;11854;-11854
21/07/2024 23:15;21/07/2024 23:30;94;kWh;-28351;0;0;0;28351;-28351
21/07/2024 23:30;21/07/2024 23:45;95;kWh;-10034;0;0;0;10034;-10034
21/07/2024 23:45;22/07/2024 00:00;96;kWh;-17484;0;0;0;17484;-17484
22/07/2024 00:00;22/07/2024 00:15;1;kWh;-1621;73;0;0;1694;-1548
22/07/2024 00:15;22/07/2024 00:30;2;kWh;0;5484;0;0;5484;5484
22/07/2024 00:30;22/07/2024 00:45;3;kWh;0;8331;0;0;8331;8331
22/07/2024 00:45;22/07/2024 01:00;4;kWh;0;7990;0;0;7990;7990
22/07/2024 01:00;22/07/2024 01:15;5;kWh;0;0;0;0;0;0
22/07/2024 01:15;22/07/2024 01:30;6;kWh;-92;0;0;0;92;-92
22/07/2024 01:30;22/07/2024 01:45;7;kWh;-580;0;0;0;580;-580
22/07/2024 01:45;22/07/2024 02:00;8;kWh;0;7109;0;0;7109;7109
22/07/2024 02:00;22/07/2024 02:15;9;kWh;0;9253;0;0;9253;9253
22/07/2024 02:15;22/07/2024 02:30;10;kWh;0;13824;0;0;13824;13824
22/07/2024 02:30;22/07/2024 02:45;11;kWh;0;13410;0;0;13410;13410
22/07/2024 02:45;22/07/2024 03:00;12;kWh;0;21150;0;0;21150;21150
22/07/2024 03:00;22/07/2024 03:15;13;kWh;0;16075;0;0;16075;16075
22/07/2024 03:15;22/07/2024 03:30;14;kWh;0;14128;0;0;14128;14128
22/07/2024 03:30;22/07/2024 03:45;15;kWh;0;36;0;0;36;36
22/07/2024 03:45;22/07/2024 04:00;16;kWh;0;2378;0;0;2378;2378
22/07/2024 04:00;22/07/2024 04:15;17;kWh;0;477;0;0;477;477
22/07/2024 04:15;22/07/2024 04:30;18;kWh;0;226;0;0;226;226
22/07/2024 04:30;22/07/2024 04:45;19;kWh;0;1501;0;0;1501;1501
22/07/2024 04:45;22/07/2024 05:00;20;kWh;0;638;0;0;638;638
22/07/2024 05:00;22/07/2024 05:15;21;kWh;-3469;0;0;0;3469;-3469
22/07/2024 05:15;22/07/2024 05:30;22;kWh;-6225;0;0;0;6225;-6225
22/07/2024 05:30;22/07/2024 05:45;23;kWh;-253;0;0;0;253;-253
22/07/2024 05:45;22/07/2024 06:00;24;kWh;0;471;0;0;471;471
22/07/2024 06:00;22/07/2024 06:15;25;kWh;-1657;3018;0;0;4675;1361
22/07/2024 06:15;22/07/2024 06:30;26;kWh;0;21471;0;0;21471;21471
22/07/2024 06:30;22/07/2024 06:45;27;kWh;0;725;0;0;725;725
22/07/2024 06:45;22/07/2024 07:00;28;kWh;0;0;0;0;0;0
22/07/2024 07:00;22/07/2024 07:15;29;kWh;-2137;1080;0;0;3217;-1057
22/07/2024 07:15;22/07/2024 07:30;30;kWh;-210;2457;0;0;2667;2247
22/07/2024 07:30;22/07/2024 07:45;31;kWh;-12565;0;0;0;12565;-12565
22/07/2024 07:45;22/07/2024 08:00;32;kWh;-15117;0;0;0;15117;-15117
22/07/2024 08:00;22/07/2024 08:15;33;kWh;-7315;0;0;0;7315;-7315
22/07/2024 08:15;22/07/2024 08:30;34;kWh;-9077;0;0;0;9077;-9077
22/07/2024 08:30;22/07/2024 08:45;35;kWh;-22116;0;0;0;22116;-22116
22/07/2024 08:45;22/07/2024 09:00;36;kWh;-49587;0;0;0;49587;-49587
22/07/2024 09:00;22/07/2024 09:15;37;kWh;-5799;16238;0;0;22037;10439
22/07/2024 09:15;22/07/2024 09:30;38;kWh;0;27331;0;0;27331;27331
22/07/2024 09:30;22/07/2024 09:45;39;kWh;-7;9963;0;0;9970;9956
22/07/2024 09:45;22/07/2024 10:00;40;kWh;-3276;0;0;0;3276;-3276
22/07/2024 10:00;22/07/2024 10:15;41;kWh;-1727;83;0;0;1810;-1644
22/07/2024 10:15;22/07/2024 10:30;42;kWh;0;54663;0;0;54663;54663
22/07/2024 10:30;22/07/2024 10:45;43;kWh;0;52382;0;0;52382;52382
22/07/2024 10:45;22/07/2024 11:00;44;kWh;0;4340;0;0;4340;4340
22/07/2024 11:00;22/07/2024 11:15;45;kWh;-319;454;0;0;773;135
22/07/2024 11:15;22/07/2024 11:30;46;kWh;-555;0;0;0;555;-555
22/07/2024 11:30;22/07/2024 11:45;47;kWh;-8;0;0;0;8;-8
22/07/2024 11:45;22/07/2024 12:00;48;kWh;-43;0;0;0;43;-43
22/07/2024 12:00;22/07/2024 12:15;49;kWh;-460;0;0;0;460;-460
22/07/2024 12:15;22/07/2024 12:30;50;kWh;0;2833;0;0;2833;2833
22/07/2024 12:30;22/07/2024 12:45;51;kWh;-2;0;0;0;2;-2
22/07/2024 12:45;22/07/2024 13:00;52;kWh;-952;0;0;0;952;-952
22/07/2024 13:00;22/07/2024 13:15;53;kWh;-7;12648;0;0;12655;12641
22/07/2024 13:15;22/07/2024 13:30;54;kWh;-59;16168;0;0;16227;16109
22/07/2024 13:30;22/07/2024 13:45;55;kWh;-8559;89;0;0;8648;-8470
22/07/2024 13:45;22/07/2024 14:00;56;kWh;-26474;0;0;0;26474;-26474
22/07/2024 14:00;22/07/2024 14:15;57;kWh;-14871;0;0;0;14871;-14871
22/07/2024 14:15;22/07/2024 14:30;58;kWh;-9941;0;0;0;9941;-9941
22/07/2024 14:30;22/07/2024 14:45;59;kWh;-21355;0;0;0;21355;-21355
22/07/2024 14:45;22/07/2024 15:00;60;kWh;-26298;0;0;0;26298;-26298
22/07/2024 15:00;22/07/2024 15:15;61;kWh;-47030;0;0;0;47030;-47030
22/07/2024 15:15;22/07/2024 15:30;62;kWh;-17127;0;0;0;17127;-17127
22/07/2024 15:30;22/07/2024 15:45;63;kWh;-15647;0;0;0;15647;-15647
22/07/2024 15:45;22/07/2024 16:00;64;kWh;-19455;0;0;0;19455;-19455
22/07/2024 16:00;22/07/2024 16:15;65;kWh;-5027;1296;0;0;6323;-3731
22/07/2024 16:15;22/07/2024 16:30;66;kWh;-9224;7252;0;0;16476;-1972
22/07/2024 16:30;22/07/2024 16:45;67;kWh;-4867;2020;0;0;6887;-2847
22/07/2024 16:45;22/07/2024 17:00;68;kWh;-485;2133;0;0;2618;1648
22/07/2024 17:00;22/07/2024 17:15;69;kWh;-11075;144;0;0;11219;-10931
22/07/2024 17:15;22/07/2024 17:30;70;kWh;-1775;312;0;0;2087;-1463
22/07/2024 17:30;22/07/2024 17:45;71;kWh;-1528;1250;0;0;2778;-278
22/07/2024 17:45;22/07/2024 18:00;72;kWh;0;6594;0;0;6594;6594
22/07/2024 18:00;22/07/2024 18:15;73;kWh;-3102;631;0;0;3733;-2471
22/07/2024 18:15;22/07/2024 18:30;74;kWh;-21925;3099;0;0;25024;-18826
22/07/2024 18:30;22/07/2024 18:45;75;kWh;-5283;9646;0;0;14929;4363
22/07/2024 18:45;22/07/2024 19:00;76;kWh;-7999;1;0;0;8000;-7998
22/07/2024 19:00;22/07/2024 19:15;77;kWh;0;52526;0;0;52526;52526
22/07/2024 19:15;22/07/2024 19:30;78;kWh;0;34087;0;0;34087;34087
22/07/2024 19:30;22/07/2024 19:45;79;kWh;0;34672;0;0;34672;34672
22/07/2024 19:45;22/07/2024 20:00;80;kWh;0;58014;0;0;58014;58014
22/07/2024 20:00;22/07/2024 20:15;81;kWh;0;47473;0;0;47473;47473
22/07/2024 20:15;22/07/2024 20:30;82;kWh;0;27900;0;0;27900;27900
22/07/2024 20:30;22/07/2024 20:45;83;kWh;0;49696;0;0;49696;49696
22/07/2024 20:45;22/07/2024 21:00;84;kWh;0;38864;0;0;38864;38864
22/07/2024 21:00;22/07/2024 21:15;85;kWh;0;11639;0;0;11639;11639
22/07/2024 21:15;22/07/2024 21:30;86;kWh;0;1452;0;0;1452;1452
22/07/2024 21:30;22/07/2024 21:45;87;kWh;0;5254;0;0;5254;5254
22/07/2024 21:45;22/07/2024 22:00;88;kWh;-14;837;0;0;851;823
22/07/2024 22:00;22/07/2024 22:15;89;kWh;-674;12755;0;0;13429;12081
22/07/2024 22:15;22/07/2024 22:30;90;kWh;0;19344;0;0;19344;19344
22/07/2024 22:30;22/07/2024 22:45;91;kWh;0;3321;0;0;3321;3321
22/07/2024 22:45;22/07/2024 23:00;92;kWh;0;23146;0;0;23146;23146
22/07/2024 23:00;22/07/2024 23:15;93;kWh;0;20036;0;0;20036;20036
22/07/2024 23:15;22/07/2024 23:30;94;kWh;0;24792;0;0;24792;24792
22/07/2024 23:30;22/07/2024 23:45;95;kWh;-14079;495;0;0;14574;-13584
22/07/2024 23:45;23/07/2024 00:00;96;kWh;-4682;18252;0;0;22934;13570
23/07/2024 00:00;23/07/2024 00:15;1;kWh;-414;1094;0;0;1508;680
23/07/2024 00:15;23/07/2024 00:30;2;kWh;-1123;0;0;0;1123;-1123
23/07/2024 00:30;23/07/2024 00:45;3;kWh;0;8567;0;0;8567;8567
23/07/2024 00:45;23/07/2024 01:00;4;kWh;0;20356;0;0;20356;20356
23/07/2024 01:00;23/07/2024 01:15;5;kWh;-1;453;0;0;454;452
23/07/2024 01:15;23/07/2024 01:30;6;kWh;-88;0;0;0;88;-88
23/07/2024 01:30;23/07/2024 01:45;7;kWh;-1145;0;0;0;1145;-1145
23/07/2024 01:45;23/07/2024 02:00;8;kWh;0;2217;0;0;2217;2217
23/07/2024 02:00;23/07/2024 02:15;9;kWh;-2;3;0;0;5;1
23/07/2024 02:15;23/07/2024 02:30;10;kWh;-1918;560;0;0;2478;-1358
23/07/2024 02:30;23/07/2024 02:45;11;kWh;0;36812;0;0;36812;36812
23/07/2024 02:45;23/07/2024 03:00;12;kWh;0;69369;0;0;69369;69369
23/07/2024 03:00;23/07/2024 03:15;13;kWh;0;37954;0;0;37954;37954
23/07/2024 03:15;23/07/2024 03:30;14;kWh;0;56126;0;0;56126;56126
23/07/2024 03:30;23/07/2024 03:45;15;kWh;0;63098;0;0;63098;63098
23/07/2024 03:45;23/07/2024 04:00;16;kWh;0;61424;0;0;61424;61424
23/07/2024 04:00;23/07/2024 04:15;17;kWh;0;10075;0;0;10075;10075
23/07/2024 04:15;23/07/2024 04:30;18;kWh;0;7221;0;0;7221;7221
23/07/2024 04:30;23/07/2024 04:45;19;kWh;0;14639;0;0;14639;14639
23/07/2024 04:45;23/07/2024 05:00;20;kWh;0;1231;0;0;1231;1231
23/07/2024 05:00;23/07/2024 05:15;21;kWh;-8151;7145;0;0;15296;-1006
23/07/2024 05:15;23/07/2024 05:30;22;kWh;-344;3548;0;0;3892;3204
23/07/2024 05:30;23/07/2024 05:45;23;kWh;-321;1271;0;0;1592;950
23/07/2024 05:45;23/07/2024 06:00;24;kWh;0;5198;0;0;5198;5198
23/07/2024 06:00;23/07/2024 06:15;25;kWh;0;16452;0;0;16452;16452
23/07/2024 06:15;23/07/2024 06:30;26;kWh;0;40800;0;0;40800;40800
23/07/2024 06:30;23/07/2024 06:45;27;kWh;0;39805;0;0;39805;39805
23/07/2024 06:45;23/07/2024 07:00;28;kWh;0;27199;0;0;27199;27199
23/07/2024 07:00;23/07/2024 07:15;29;kWh;-25499;560;0;0;26059;-24939
23/07/2024 07:15;23/07/2024 07:30;30;kWh;-22858;0;0;0;22858;-22858
23/07/2024 07:30;23/07/2024 07:45;31;kWh;-8386;0;0;0;8386;-8386
23/07/2024 07:45;23/07/2024 08:00;32;kWh;-1962;0;0;0;1962;-1962
23/07/2024 08:00;23/07/2024 08:15;33;kWh;-1082;0;0;0;1082;-1082
23/07/2024 08:15;23/07/2024 08:30;34;kWh;-6761;0;0;0;6761;-6761
23/07/2024 08:30;23/07/2024 08:45;35;kWh;-1941;1273;0;0;3214;-668
23/07/2024 08:45;23/07/2024 09:00;36;kWh;-69;1642;0;0;1711;1573
23/07/2024 09:00;23/07/2024 09:15;37;kWh;-418;1661;0;0;2079;1243
23/07/2024 09:15;23/07/2024 09:30;38;kWh;0;3892;0;0;3892;3892
23/07/2024 09:30;23/07/2024 09:45;39;kWh;-12752;0;0;0;12752;-12752
23/07/2024 09:45;23/07/2024 10:00;40;kWh;-5958;1258;0;0;7216;-4700
23/07/2024 10:00;23/07/2024 10:15;41;kWh;0;286;0;0;286;286
23/07/2024 10:15;23/07/2024 10:30;42;kWh;-5406;0;0;0;5406;-5406
23/07/2024 10:30;23/07/2024 10:45;43;kWh;-8810;53;0;0;8863;-8757
23/07/2024 10:45;23/07/2024 11:00;44;kWh;-626;16937;0;0;17563;16311
23/07/2024 11:00;23/07/2024 11:15;45;kWh;-4158;19777;0;0;23935;15619
23/07/2024 11:15;23/07/2024 11:30;46;kWh;0;36194;0;0;36194;36194
23/07/2024 11:30;23/07/2024 11:45;47;kWh;0;3527;0;0;3527;3527
23/07/2024 11:45;23/07/2024 12:00;48;kWh;-20103;97;0;0;20200;-20006
23/07/2024 12:00;23/07/2024 12:15;49;kWh;-4623;0;0;0;4623;-4623
23/07/2024 12:15;23/07/2024 12:30;50;kWh;-3777;0;0;0;3777;-3777
23/07/2024 12:30;23/07/2024 12:45;51;kWh;-14243;0;0;0;14243;-14243
23/07/2024 12:45;23/07/2024 13:00;52;kWh;-23297;0;0;0;23297;-23297
23/07/2024 13:00;23/07/2024 13:15;53;kWh;-1670;0;0;0;1670;-1670
23/07/2024 13:15;23/07/2024 13:30;54;kWh;-17098;0;0;0;17098;-17098
23/07/2024 13:30;23/07/2024 13:45;55;kWh;-23856;0;0;0;23856;-23856
23/07/2024 13:45;23/07/2024 14:00;56;kWh;-26248;0;0;0;26248;-26248
23/07/2024 14:00;23/07/2024 14:15;57;kWh;-8177;0;0;0;8177;-8177
23/07/2024 14:15;23/07/2024 14:30;58;kWh;-5382;0;0;0;5382;-5382
23/07/2024 14:30;23/07/2024 14:45;59;kWh;-5255;0;0;0;5255;-5255
23/07/2024 14:45;23/07/2024 15:00;60;kWh;0;16623;0;0;16623;16623
23/07/2024 15:00;23/07/2024 15:15;61;kWh;0;52380;0;0;52380;52380
23/07/2024 15:15;23/07/2024 15:30;62;kWh;0;41858;0;0;41858;41858
23/07/2024 15:30;23/07/2024 15:45;63;kWh;0;28580;0;0;28580;28580
23/07/2024 15:45;23/07/2024 16:00;64;kWh;0;10675;0;0;10675;10675
23/07/2024 16:00;23/07/2024 16:15;65;kWh;-9749;0;0;0;9749;-9749
23/07/2024 16:15;23/07/2024 16:30;66;kWh;-13621;0;0;0;13621;-13621
23/07/2024 16:30;23/07/2024 16:45;67;kWh;-13820;2136;0;0;15956;-11684
23/07/2024 16:45;23/07/2024 17:00;68;kWh;-22350;788;0;0;23138;-21562
23/07/2024 17:00;23/07/2024 17:15;69;kWh;0;21;0;0;21;21
23/07/2024 17:15;23/07/2024 17:30;70;kWh;-3976;0;0;0;3976;-3976
23/07/2024 17:30;23/07/2024 17:45;71;kWh;-4210;0;0;0;4210;-4210
23/07/2024 17:45;23/07/2024 18:00;72;kWh;-2454;0;0;0;2454;-2454
23/07/2024 18:00;23/07/2024 18:15;73;kWh;-2965;15593;0;0;18558;12628
23/07/2024 18:15;23/07/2024 18:30;74;kWh;-9967;468;0;0;10435;-9499
23/07/2024 18:30;23/07/2024 18:45;75;kWh;-8930;42;0;0;8972;-8888
23/07/2024 18:45;23/07/2024 19:00;76;kWh;-18217;125;0;0;18342;-18092
23/07/2024 19:00;23/07/2024 19:15;77;kWh;-20761;0;0;0;20761;-20761
23/07/2024 19:15;23/07/2024 19:30;78;kWh;-24559;0;0;0;24559;-24559
23/07/2024 19:30;23/07/2024 19:45;79;kWh;-7864;0;0;0;7864;-7864
23/07/2024 19:45;23/07/2024 20:00;80;kWh;0;947;0;0;947;947
23/07/2024 20:00;23/07/2024 20:15;81;kWh;-173;575;0;0;748;402
23/07/2024 20:15;23/07/2024 20:30;82;kWh;0;5403;0;0;5403;5403
23/07/2024 20:30;23/07/2024 20:45;83;kWh;0;48171;0;0;48171;48171
23/07/2024 20:45;23/07/2024 21:00;84;kWh;0;51147;0;0;51147;51147
23/07/2024 21:00;23/07/2024 21:15;85;kWh;-4;3303;0;0;3307;3299
23/07/2024 21:15;23/07/2024 21:30;86;kWh;-5228;0;0;0;5228;-5228
23/07/2024 21:30;23/07/2024 21:45;87;kWh;-4221;0;0;0;4221;-4221
23/07/2024 21:45;23/07/2024 22:00;88;kWh;-998;0;0;0;998;-998
23/07/2024 22:00;23/07/2024 22:15;89;kWh;-8011;0;0;0;8011;-8011
23/07/2024 22:15;23/07/2024 22:30;90;kWh;-6259;0;0;0;6259;-6259
23/07/2024 22:30;23/07/2024 22:45;91;kWh;-5915;0;0;0;5915;-5915
23/07/2024 22:45;23/07/2024 23:00;92;kWh;-1881;0;0;0;1881;-1881
23/07/2024 23:00;23/07/2024 23:15;93;kWh;-2175;0;0;0;2175;-2175
23/07/2024 23:15;23/07/2024 23:30;94;kWh;-12522;0;0;0;12522;-12522
23/07/2024 23:30;23/07/2024 23:45;95;kWh;-9380;0;0;0;9380;-9380
23/07/2024 23:45;24/07/2024 00:00;96;kWh;-14080;0;0;0;14080;-14080
24/07/2024 00:00;24/07/2024 00:15;1;kWh;-14419;6405;0;0;20824;-8014
24/07/2024 00:15;24/07/2024 00:30;2;kWh;-323;4332;0;0;4655;4009
24/07/2024 00:30;24/07/2024 00:45;3;kWh;-14998;9;0;0;15007;-14989
24/07/2024 00:45;24/07/2024 01:00;4;kWh;-14661;0;0;0;14661;-14661
24/07/2024 01:00;24/07/2024 01:15;5;kWh;-1482;0;0;0;1482;-1482
24/07/2024 01:15;24/07/2024 01:30;6;kWh;-5846;0;0;0;5846;-5846
24/07/2024 01:30;24/07/2024 01:45;7;kWh;-9898;0;0;0;9898;-9898
24/07/2024 01:45;24/07/2024 02:00;8;kWh;-3876;0;0;0;3876;-3876
24/07/2024 02:00;24/07/2024 02:15;9;kWh;-857;0;0;0;857;-857
24/07/2024 02:15;24/07/2024 02:30;10;kWh;-6961;0;0;0;6961;-6961
24/07/2024 02:30;24/07/2024 02:45;11;kWh;-10527;0;0;0;10527;-10527
24/07/2024 02:45;24/07/2024 03:00;12;kWh;-14191;0;0;0;14191;-14191
24/07/2024 03:00;24/07/2024 03:15;13;kWh;-11928;0;0;0;11928;-11928
24/07/2024 03:15;24/07/2024 03:30;14;kWh;-49;0;0;0;49;-49
24/07/2024 03:30;24/07/2024 03:45;15;kWh;-1255;0;0;0;1255;-1255
24/07/2024 03:45;24/07/2024 04:00;16;kWh;-554;0;0;0;554;-554
24/07/2024 04:00;24/07/2024 04:15;17;kWh;-36205;0;0;0;36205;-36205
24/07/2024 04:15;24/07/2024 04:30;18;kWh;-24464;0;0;0;24464;-24464
24/07/2024 04:30;24/07/2024 04:45;19;kWh;-7193;0;0;0;7193;-7193
24/07/2024 04:45;24/07/2024 05:00;20;kWh;-1563;704;0;0;2267;-859
24/07/2024 05:00;24/07/2024 05:15;21;kWh;-22436;1008;0;0;23444;-21428
24/07/2024 05:15;24/07/2024 05:30;22;kWh;-939;2007;0;0;2946;1068
24/07/2024 05:30;24/07/2024 05:45;23;kWh;-173;931;0;0;1104;758
24/07/2024 05:45;24/07/2024 06:00;24;kWh;0;421;0;0;421;421
24/07/2024 06:00;24/07/2024 06:15;25;kWh;0;14140;0;0;14140;14140
24/07/2024 06:15;24/07/2024 06:30;26;kWh;0;27791;0;0;27791;27791
24/07/2024 06:30;24/07/2024 06:45;27;kWh;0;18971;0;0;18971;18971
24/07/2024 06:45;24/07/2024 07:00;28;kWh;0;10561;0;0;10561;10561
24/07/2024 07:00;24/07/2024 07:15;29;kWh;0;4548;0;0;4548;4548
24/07/2024 07:15;24/07/2024 07:30;30;kWh;0;4756;0;0;4756;4756
24/07/2024 07:30;24/07/2024 07:45;31;kWh;-1209;0;0;0;1209;-1209
24/07/2024 07:45;24/07/2024 08:00;32;kWh;-17986;0;0;0;17986;-17986
24/07/2024 08:00;24/07/2024 08:15;33;kWh;-4196;0;0;0;4196;-4196
24/07/2024 08:15;24/07/2024 08:30;34;kWh;0;4457;0;0;4457;4457
24/07/2024 08:30;24/07/2024 08:45;35;kWh;-126;0;0;0;126;-126
24/07/2024 08:45;24/07/2024 09:00;36;kWh;-3221;0;0;0;3221;-3221
24/07/2024 09:00;24/07/2024 09:15;37;kWh;-531;23815;0;0;24346;23284
24/07/2024 09:15;24/07/2024 09:30;38;kWh;0;43084;0;0;43084;43084
24/07/2024 09:30;24/07/2024 09:45;39;kWh;0;6903;0;0;6903;6903
24/07/2024 09:45;24/07/2024 10:00;40;kWh;-11868;587;0;0;12455;-11281
24/07/2024 10:00;24/07/2024 10:15;41;kWh;0;9411;0;0;9411;9411
24/07/2024 10:15;24/07/2024 10:30;42;kWh;-282;0;0;0;282;-282
24/07/2024 10:30;24/07/2024 10:45;43;kWh;-2146;0;0;0;2146;-2146
24/07/2024 10:45;24/07/2024 11:00;44;kWh;-2075;0;0;0;2075;-2075
24/07/2024 11:00;24/07/2024 11:15;45;kWh;-835;521;0;0;1356;-314
24/07/2024 11:15;24/07/2024 11:30;46;kWh;0;331;0;0;331;331
24/07/2024 11:30;24/07/2024 11:45;47;kWh;-3419;0;0;0;3419;-3419
24/07/2024 11:45;24/07/2024 12:00;48;kWh;-7838;408;0;0;8246;-7430
24/07/2024 12:00;24/07/2024 12:15;49;kWh;-1261;45;0;0;1306;-1216
24/07/2024 12:15;24/07/2024 12:30;50;kWh;-792;0;0;0;792;-792
24/07/2024 12:30;24/07/2024 12:45;51;kWh;-4600;0;0;0;4600;-4600
24/07/2024 12:45;24/07/2024 13:00;52;kWh;-3833;0;0;0;3833;-3833
24/07/2024 13:00;24/07/2024 13:15;53;kWh;0;25165;0;0;25165;25165
24/07/2024 13:15;24/07/2024 13:30;54;kWh;0;16371;0;0;16371;16371
24/07/2024 13:30;24/07/2024 13:45;55;kWh;0;26140;0;0;26140;26140
24/07/2024 13:45;24/07/2024 14:00;56;kWh;0;850;0;0;850;850
24/07/2024 14:00;24/07/2024 14:15;57;kWh;0;2580;0;0;2580;2580
24/07/2024 14:15;24/07/2024 14:30;58;kWh;0;1353;0;0;1353;1353
24/07/2024 14:30;24/07/2024 14:45;59;kWh;-11078;0;0;0;11078;-11078
24/07/2024 14:45;24/07/2024 15:00;60;kWh;-6638;0;0;0;6638;-6638
24/07/2024 15:00;24/07/2024 15:15;61;kWh;-12670;0;0;0;12670;-12670
24/07/2024 15:15;24/07/2024 15:30;62;kWh;-11847;0;0;0;11847;-11847
24/07/2024 15:30;24/07/2024 15:45;63;kWh;-11519;0;0;0;11519;-11519
24/07/2024 15:45;24/07/2024 16:00;64;kWh;-7578;1359;0;0;8937;-6219
24/07/2024 16:00;24/07/2024 16:15;65;kWh;-4324;0;0;0;4324;-4324
24/07/2024 16:15;24/07/2024 16:30;66;kWh;-11831;0;0;0;11831;-11831
24/07/2024 16:30;24/07/2024 16:45;67;kWh;-16799;283;0;0;17082;-16516
24/07/2024 16:45;24/07/2024 17:00;68;kWh;-8489;440;0;0;8929;-8049
24/07/2024 17:00;24/07/2024 17:15;69;kWh;-34115;0;0;0;34115;-34115
24/07/2024 17:15;24/07/2024 17:30;70;kWh;-15749;116;0;0;15865;-15633
24/07/2024 17:30;24/07/2024 17:45;71;kWh;-20940;273;0;0;21213;-20667
24/07/2024 17:45;24/07/2024 18:00;72;kWh;-1819;0;0;0;1819;-1819
24/07/2024 18:00;24/07/2024 18:15;73;kWh;-18977;0;0;0;18977;-18977
24/07/2024 18:15;24/07/2024 18:30;74;kWh;-12920;0;0;0;12920;-12920
24/07/2024 18:30;24/07/2024 18:45;75;kWh;-8530;0;0;0;8530;-8530
24/07/2024 18:45;24/07/2024 19:00;76;kWh;0;0;0;0;0;0
24/07/2024 19:00;24/07/2024 19:15;77;kWh;0;0;0;0;0;0
24/07/2024 19:15;24/07/2024 19:30;78;kWh;-9306;25;0;0;9331;-9281
24/07/2024 19:30;24/07/2024 19:45;79;kWh;0;5718;0;0;5718;5718
24/07/2024 19:45;24/07/2024 20:00;80;kWh;0;13139;0;0;13139;13139
24/07/2024 20:00;24/07/2024 20:15;81;kWh;0;2292;0;0;2292;2292
24/07/2024 20:15;24/07/2024 20:30;82;kWh;0;14563;0;0;14563;14563
24/07/2024 20:30;24/07/2024 20:45;83;kWh;0;34494;0;0;34494;34494
24/07/2024 20:45;24/07/2024 21:00;84;kWh;0;42943;0;0;42943;42943
24/07/2024 21:00;24/07/2024 21:15;85;kWh;-2054;5001;0;0;7055;2947
24/07/2024 21:15;24/07/2024 21:30;86;kWh;-4158;0;0;0;4158;-4158
24/07/2024 21:30;24/07/2024 21:45;87;kWh;0;63;0;0;63;63
24/07/2024 21:45;24/07/2024 22:00;88;kWh;0;1259;0;0;1259;1259
24/07/2024 22:00;24/07/2024 22:15;89;kWh;0;1551;0;0;1551;1551
24/07/2024 22:15;24/07/2024 22:30;90;kWh;0;18;0;0;18;18
24/07/2024 22:30;24/07/2024 22:45;91;kWh;0;0;0;0;0;0
24/07/2024 22:45;24/07/2024 23:00;92;kWh;-96;0;0;0;96;-96
24/07/2024 23:00;24/07/2024 23:15;93;kWh;-5127;0;0;0;5127;-5127
24/07/2024 23:15;24/07/2024 23:30;94;kWh;-17398;0;0;0;17398;-17398
24/07/2024 23:30;24/07/2024 23:45;95;kWh;-5928;0;0;0;5928;-5928
24/07/2024 23:45;25/07/2024 00:00;96;kWh;0;0;0;0;0;0
25/07/2024 00:00;25/07/2024 00:15;1;kWh;0;28079;0;0;28079;28079
25/07/2024 00:15;25/07/2024 00:30;2;kWh;0;32670;0;0;32670;32670
25/07/2024 00:30;25/07/2024 00:45;3;kWh;0;16797;0;0;16797;16797
25/07/2024 00:45;25/07/2024 01:00;4;kWh;0;21320;0;0;21320;21320
25/07/2024 01:00;25/07/2024 01:15;5;kWh;0;27668;0;0;27668;27668
25/07/2024 01:15;25/07/2024 01:30;6;kWh;0;19155;0;0;19155;19155
25/07/2024 01:30;25/07/2024 01:45;7;kWh;0;1146;0;0;1146;1146
25/07/2024 01:45;25/07/2024 02:00;8;kWh;0;68;0;0;68;68
25/07/2024 02:00;25/07/2024 02:15;9;kWh;0;26840;0;0;26840;26840
25/07/2024 02:15;25/07/2024 02:30;10;kWh;0;38669;0;0;38669;38669
25/07/2024 02:30;25/07/2024 02:45;11;kWh;0;25156;0;0;25156;25156
25/07/2024 02:45;25/07/2024 03:00;12;kWh;0;32841;0;0;32841;32841
25/07/2024 03:00;25/07/2024 03:15;13;kWh;0;39586;0;0;39586;39586
25/07/2024 03:15;25/07/2024 03:30;14;kWh;0;8813;0;0;8813;8813
25/07/2024 03:30;25/07/2024 03:45;15;kWh;-2628;8606;0;0;11234;5978
25/07/2024 03:45;25/07/2024 04:00;16;kWh;-3904;208;0;0;4112;-3696
25/07/2024 04:00;25/07/2024 04:15;17;kWh;0;543;0;0;543;543
25/07/2024 04:15;25/07/2024 04:30;18;kWh;0;314;0;0;314;314
25/07/2024 04:30;25/07/2024 04:45;19;kWh;0;2688;0;0;2688;2688
25/07/2024 04:45;25/07/2024 05:00;20;kWh;0;1104;0;0;1104;1104
25/07/2024 05:00;25/07/2024 05:15;21;kWh;-5493;0;0;0;5493;-5493
25/07/2024 05:15;25/07/2024 05:30;22;kWh;-19244;0;0;0;19244;-19244
25/07/2024 05:30;25/07/2024 05:45;23;kWh;-24265;0;0;0;24265;-24265
25/07/2024 05:45;25/07/2024 06:00;24;kWh;-36288;0;0;0;36288;-36288
25/07/2024 06:00;25/07/2024 06:15;25;kWh;-15645;818;0;0;16463;-14827
25/07/2024 06:15;25/07/2024 06:30;26;kWh;-374;374;0;0;748;0
25/07/2024 06:30;25/07/2024 06:45;27;kWh;-4602;0;0;0;4602;-4602
25/07/2024 06:45;25/07/2024 07:00;28;kWh;-20033;0;0;0;20033;-20033
25/07/2024 07:00;25/07/2024 07:15;29;kWh;-4356;0;0;0;4356;-4356
25/07/2024 07:15;25/07/2024 07:30;30;kWh;-41;413;0;0;454;372
25/07/2024 07:30;25/07/2024 07:45;31;kWh;0;12663;0;0;12663;12663
25/07/2024 07:45;25/07/2024 08:00;32;kWh;0;18218;0;0;18218;18218
25/07/2024 08:00;25/07/2024 08:15;33;kWh;0;7404;0;0;7404;7404
25/07/2024 08:15;25/07/2024 08:30;34;kWh;0;7778;0;0;7778;7778
25/07/2024 08:30;25/07/2024 08:45;35;kWh;0;0;0;0;0;0
25/07/2024 08:45;25/07/2024 09:00;36;kWh;-248;948;0;0;1196;700
25/07/2024 09:00;25/07/2024 09:15;37;kWh;-4838;17;0;0;4855;-4821
25/07/2024 09:15;25/07/2024 09:30;38;kWh;-10059;0;0;0;10059;-10059
25/07/2024 09:30;25/07/2024 09:45;39;kWh;-23951;0;0;0;23951;-23951
25/07/2024 09:45;25/07/2024 10:00;40;kWh;-11519;0;0;0;11519;-11519
25/07/2024 10:00;25/07/2024 10:15;41;kWh;-11862;0;0;0;11862;-11862
25/07/2024 10:15;25/07/2024 10:30;42;kWh;-377;0;0;0;377;-377
25/07/2024 10:30;25/07/2024 10:45;43;kWh;-2224;0;0;0;2224;-2224
25/07/2024 10:45;25/07/2024 11:00;44;kWh;-3558;0;0;0;3558;-3558
25/07/2024 11:00;25/07/2024 11:15;45;kWh;-4662;0;0;0;4662;-4662
25/07/2024 11:15;25/07/2024 11:30;46;kWh;-20484;0;0;0;20484;-20484
25/07/2024 11:30;25/07/2024 11:45;47;kWh;-60657;0;0;0;60657;-60657
25/07/2024 11:45;25/07/2024 12:00;48;kWh;-46743;0;0;0;46743;-46743
25/07/2024 12:00;25/07/2024 12:15;49;kWh;-42067;0;0;0;42067;-42067
25/07/2024 12:15;25/07/2024 12:30;50;kWh;-53863;0;0;0;53863;-53863
25/07/2024 12:30;25/07/2024 12:45;51;kWh;-77095;0;0;0;77095;-77095
25/07/2024 12:45;25/07/2024 13:00;52;kWh;-64011;0;0;0;64011;-64011
25/07/2024 13:00;25/07/2024 13:15;53;kWh;-23319;0;0;0;23319;-23319
25/07/2024 13:15;25/07/2024 13:30;54;kWh;-22830;0;0;0;22830;-22830
25/07/2024 13:30;25/07/2024 13:45;55;kWh;-28188;0;0;0;28188;-28188
25/07/2024 13:45;25/07/2024 14:00;56;kWh;-27348;0;0;0;27348;-27348
25/07/2024 14:00;25/07/2024 14:15;57;kWh;-32543;0;0;0;32543;-32543
25/07/2024 14:15;25/07/2024 14:30;58;kWh;-13585;0;0;0;13585;-13585
25/07/2024 14:30;25/07/2024 14:45;59;kWh;-13577;0;0;0;13577;-13577
25/07/2024 14:45;25/07/2024 15:00;60;kWh;-1556;0;0;0;1556;-1556
25/07/2024 15:00;25/07/2024 15:15;61;kWh;-15912;0;0;0;15912;-15912
25/07/2024 15:15;25/07/2024 15:30;62;kWh;-1345;0;0;0;1345;-1345
25/07/2024 15:30;25/07/2024 15:45;63;kWh;-5546;0;0;0;5546;-5546
25/07/2024 15:45;25/07/2024 16:00;64;kWh;-6142;0;0;0;6142;-6142
25/07/2024 16:00;25/07/2024 16:15;65;kWh;-14244;0;0;0;14244;-14244
25/07/2024 16:15;25/07/2024 16:30;66;kWh;-823;1500;0;0;2323;677
25/07/2024 16:30;25/07/2024 16:45;67;kWh;-1113;10540;0;0;11653;9427
25/07/2024 16:45;25/07/2024 17:00;68;kWh;0;90258;0;0;90258;90258
25/07/2024 17:00;25/07/2024 17:15;69;kWh;0;59018;0;0;59018;59018
25/07/2024 17:15;25/07/2024 17:30;70;kWh;0;21468;0;0;21468;21468
25/07/2024 17:30;25/07/2024 17:45;71;kWh;0;27942;0;0;27942;27942
25/07/2024 17:45;25/07/2024 18:00;72;kWh;0;42352;0;0;42352;42352
25/07/2024 18:00;25/07/2024 18:15;73;kWh;-9466;323;0;0;9789;-9143
25/07/2024 18:15;25/07/2024 18:30;74;kWh;-2621;0;0;0;2621;-2621
25/07/2024 18:30;25/07/2024 18:45;75;kWh;-20775;0;0;0;20775;-20775
25/07/2024 18:45;25/07/2024 19:00;76;kWh;-3197;0;0;0;3197;-3197
25/07/2024 19:00;25/07/2024 19:15;77;kWh;-32681;0;0;0;32681;-32681
25/07/2024 19:15;25/07/2024 19:30;78;kWh;-34713;0;0;0;34713;-34713
25/07/2024 19:30;25/07/2024 19:45;79;kWh;-19794;0;0;0;19794;-19794
25/07/2024 19:45;25/07/2024 20:00;80;kWh;-1613;33;0;0;1646;-1580
25/07/2024 20:00;25/07/2024 20:15;81;kWh;0;3387;0;0;3387;3387
25/07/2024 20:15;25/07/2024 20:30;82;kWh;0;33464;0;0;33464;33464
25/07/2024 20:30;25/07/2024 20:45;83;kWh;0;46082;0;0;46082;46082
25/07/2024 20:45;25/07/2024 21:00;84;kWh;0;29915;0;0;29915;29915
25/07/2024 21:00;25/07/2024 21:15;85;kWh;0;75139;0;0;75139;75139
25/07/2024 21:15;25/07/2024 21:30;86;kWh;0;20725;0;0;20725;20725
25/07/2024 21:30;25/07/2024 21:45;87;kWh;0;20737;0;0;20737;20737
25/07/2024 21:45;25/07/2024 22:00;88;kWh;0;7264;0;0;7264;7264
25/07/2024 22:00;25/07/2024 22:15;89;kWh;-3;429;0;0;432;426
25/07/2024 22:15;25/07/2024 22:30;90;kWh;-24936;0;0;0;24936;-24936
25/07/2024 22:30;25/07/2024 22:45;91;kWh;-43358;0;0;0;43358;-43358
25/07/2024 22:45;25/07/2024 23:00;92;kWh;-25609;0;0;0;25609;-25609
25/07/2024 23:00;25/07/2024 23:15;93;kWh;-9434;1551;0;0;10985;-7883
25/07/2024 23:15;25/07/2024 23:30;94;kWh;-3930;206;0;0;4136;-3724
25/07/2024 23:30;25/07/2024 23:45;95;kWh;-17941;0;0;0;17941;-17941
25/07/2024 23:45;26/07/2024 00:00;96;kWh;-13564;2221;0;0;15785;-11343
26/07/2024 00:00;26/07/2024 00:15;1;kWh;-3095;2151;0;0;5246;-944
26/07/2024 00:15;26/07/2024 00:30;2;kWh;0;26026;0;0;26026;26026
26/07/2024 00:30;26/07/2024 00:45;3;kWh;0;72197;0;0;72197;72197
26/07/2024 00:45;26/07/2024 01:00;4;kWh;0;21750;0;0;21750;21750
26/07/2024 01:00;26/07/2024 01:15;5;kWh;0;9856;0;0;9856;9856
26/07/2024 01:15;26/07/2024 01:30;6;kWh;-2232;61;0;0;2293;-2171
26/07/2024 01:30;26/07/2024 01:45;7;kWh;-13916;0;0;0;13916;-13916
26/07/2024 01:45;26/07/2024 02:00;8;kWh;-25379;0;0;0;25379;-25379
26/07/2024 02:00;26/07/2024 02:15;9;kWh;-12399;0;0;0;12399;-12399
26/07/2024 02:15;26/07/2024 02:30;10;kWh;-4372;0;0;0;4372;-4372
26/07/2024 02:30;26/07/2024 02:45;11;kWh;-9367;0;0;0;9367;-9367
26/07/2024 02:45;26/07/2024 03:00;12;kWh;-207;0;0;0;207;-207
26/07/2024 03:00;26/07/2024 03:15;13;kWh;-4106;0;0;0;4106;-4106
26/07/2024 03:15;26/07/2024 03:30;14;kWh;-3655;0;0;0;3655;-3655
26/07/2024 03:30;26/07/2024 03:45;15;kWh;-25071;0;0;0;25071;-25071
26/07/2024 03:45;26/07/2024 04:00;16;kWh;-61723;0;0;0;61723;-61723
26/07/2024 04:00;26/07/2024 04:15;17;kWh;-63074;0;0;0;63074;-63074
26/07/2024 04:15;26/07/2024 04:30;18;kWh;-41179;0;0;0;41179;-41179
26/07/2024 04:30;26/07/2024 04:45;19;kWh;-8832;0;0;0;8832;-8832
26/07/2024 04:45;26/07/2024 05:00;20;kWh;-108;0;0;0;108;-108
26/07/2024 05:00;26/07/2024 05:15;21;kWh;-4784;0;0;0;4784;-4784
26/07/2024 05:15;26/07/2024 05:30;22;kWh;-1871;0;0;0;1871;-1871
26/07/2024 05:30;26/07/2024 05:45;23;kWh;-4167;0;0;0;4167;-4167
26/07/2024 05:45;26/07/2024 06:00;24;kWh;-14313;0;0;0;14313;-14313
26/07/2024 06:00;26/07/2024 06:15;25;kWh;-34950;0;0;0;34950;-34950
26/07/2024 06:15;26/07/2024 06:30;26;kWh;-1307;0;0;0;1307;-1307
26/07/2024 06:30;26/07/2024 06:45;27;kWh;-59;2075;0;0;2134;2016
26/07/2024 06:45;26/07/2024 07:00;28;kWh;-382;2478;0;0;2860;2096
26/07/2024 07:00;26/07/2024 07:15;29;kWh;-26963;0;0;0;26963;-26963
26/07/2024 07:15;26/07/2024 07:30;30;kWh;-30081;0;0;0;30081;-30081
26/07/2024 07:30;26/07/2024 07:45;31;kWh;-4922;0;0;0;4922;-4922
26/07/2024 07:45;26/07/2024 08:00;32;kWh;-11858;0;0;0;11858;-11858
26/07/2024 08:00;26/07/2024 08:15;33;kWh;-22948;0;0;0;22948;-22948
26/07/2024 08:15;26/07/2024 08:30;34;kWh;-20714;0;0;0;20714;-20714
26/07/2024 08:30;26/07/2024 08:45;35;kWh;-7127;0;0;0;7127;-7127
26/07/2024 08:45;26/07/2024 09:00;36;kWh;-5825;0;0;0;5825;-5825
26/07/2024 09:00;26/07/2024 09:15;37;kWh;-8959;37;0;0;8996;-8922
26/07/2024 09:15;26/07/2024 09:30;38;kWh;-750;5725;0;0;6475;4975
26/07/2024 09:30;26/07/2024 09:45;39;kWh;-1371;18641;0;0;20012;17270
26/07/2024 09:45;26/07/2024 10:00;40;kWh;-45486;0;0;0;45486;-45486
26/07/2024 10:00;26/07/2024 10:15;41;kWh;-32258;0;0;0;32258;-32258
26/07/2024 10:15;26/07/2024 10:30;42;kWh;-49088;867;0;0;49955;-48221
26/07/2024 10:30;26/07/2024 10:45;43;kWh;-41674;18895;0;0;60569;-22779
26/07/2024 10:45;26/07/2024 11:00;44;kWh;-12951;3002;0;0;15953;-9949
26/07/2024 11:00;26/07/2024 11:15;45;kWh;0;4688;0;0;4688;4688
26/07/2024 11:15;26/07/2024 11:30;46;kWh;-22084;90;0;0;22174;-21994
26/07/2024 11:30;26/07/2024 11:45;47;kWh;-19386;0;0;0;19386;-19386
26/07/2024 11:45;26/07/2024 12:00;48;kWh;-19180;405;0;0;19585;-18775
26/07/2024 12:00;26/07/2024 12:15;49;kWh;-32243;680;0;0;32923;-31563
26/07/2024 12:15;26/07/2024 12:30;50;kWh;-9953;0;0;0;9953;-9953
26/07/2024 12:30;26/07/2024 12:45;51;kWh;-17895;0;0;0;17895;-17895
26/07/2024 12:45;26/07/2024 13:00;52;kWh;-23179;856;0;0;24035;-22323
26/07/2024 13:00;26/07/2024 13:15;53;kWh;-21677;1482;0;0;23159;-20195
26/07/2024 13:15;26/07/2024 13:30;54;kWh;-28263;809;0;0;29072;-27454
26/07/2024 13:30;26/07/2024 13:45;55;kWh;-15379;39;0;0;15418;-15340
26/07/2024 13:45;26/07/2024 14:00;56;kWh;-19241;1243;0;0;20484;-17998
26/07/2024 14:00;26/07/2024 14:15;57;kWh;-9899;2534;0;0;12433;-7365
26/07/2024 14:15;26/07/2024 14:30;58;kWh;-14760;1;0;0;14761;-14759
26/07/2024 14:30;26/07/2024 14:45;59;kWh;-23136;13;0;0;23149;-23123
26/07/2024 14:45;26/07/2024 15:00;60;kWh;-11369;0;0;0;11369;-11369
26/07/2024 15:00;26/07/2024 15:15;61;kWh;-10397;745;0;0;11142;-9652
26/07/2024 15:15;26/07/2024 15:30;62;kWh;-9093;0;0;0;9093;-9093
26/07/2024 15:30;26/07/2024 15:45;63;kWh;-13760;0;0;0;13760;-13760
26/07/2024 15:45;26/07/2024 16:00;64;kWh;-2251;0;0;0;2251;-2251
26/07/2024 16:00;26/07/2024 16:15;65;kWh;-12284;0;0;0;12284;-12284
26/07/2024 16:15;26/07/2024 16:30;66;kWh;-9301;259;0;0;9560;-9042
26/07/2024 16:30;26/07/2024 16:45;67;kWh;-7023;8;0;0;7031;-7015
26/07/2024 16:45;26/07/2024 17:00;68;kWh;-11178;5142;0;0;16320;-6036
26/07/2024 17:00;26/07/2024 17:15;69;kWh;-18529;848;0;0;19377;-17681
26/07/2024 17:15;26/07/2024 17:30;70;kWh;-11939;865;0;0;12804;-11074
26/07/2024 17:30;26/07/2024 17:45;71;kWh;-32;5004;0;0;5036;4972
26/07/2024 17:45;26/07/2024 18:00;72;kWh;-329;0;0;0;329;-329
26/07/2024 18:00;26/07/2024 18:15;73;kWh;0;2725;0;0;2725;2725
26/07/2024 18:15;26/07/2024 18:30;74;kWh;0;4464;0;0;4464;4464
26/07/2024 18:30;26/07/2024 18:45;75;kWh;0;510;0;0;510;510
26/07/2024 18:45;26/07/2024 19:00;76;kWh;-2927;372;0;0;3299;-2555
26/07/2024 19:00;26/07/2024 19:15;77;kWh;-23529;0;0;0;23529;-23529
26/07/2024 19:15;26/07/2024 19:30;78;kWh;-7041;0;0;0;7041;-7041
26/07/2024 19:30;26/07/2024 19:45;79;kWh;-7681;0;0;0;7681;-7681
26/07/2024 19:45;26/07/2024 20:00;80;kWh;0;0;0;0;0;0
26/07/2024 20:00;26/07/2024 20:15;81;kWh;-1293;0;0;0;1293;-1293
26/07/2024 20:15;26/07/2024 20:30;82;kWh;-1227;0;0;0;1227;-1227
26/07/2024 20:30;26/07/2024 20:45;83;kWh;-1568;0;0;0;1568;-1568
26/07/2024 20:45;26/07/2024 21:00;84;kWh;-2531;0;0;0;2531;-2531
26/07/2024 21:00;26/07/2024 21:15;85;kWh;-6237;0;0;0;6237;-6237
26/07/2024 21:15;26/07/2024 21:30;86;kWh;-6916;0;0;0;6916;-6916
26/07/2024 21:30;26/07/2024 21:45;87;kWh;-8208;0;0;0;8208;-8208
26/07/2024 21:45;26/07/2024 22:00;88;kWh;-1989;858;0;0;2847;-1131
26/07/2024 22:00;26/07/2024 22:15;89;kWh;-5337;0;0;0;5337;-5337
26/07/2024 22:15;26/07/2024 22:30;90;kWh;-1374;1834;0;0;3208;460
26/07/2024 22:30;26/07/2024 22:45;91;kWh;-1330;358;0;0;1688;-972
26/07/2024 22:45;26/07/2024 23:00;92;kWh;-5270;0;0;0;5270;-5270
26/07/2024 23:00;26/07/2024 23:15;93;kWh;-3673;0;0;0;3673;-3673
26/07/2024 23:15;26/07/2024 23:30;94;kWh;-6874;0;0;0;6874;-6874
26/07/2024 23:30;26/07/2024 23:45;95;kWh;-6472;0;0;0;6472;-6472
26/07/2024 23:45;27/07/2024 00:00;96;kWh;0;2999;0;0;2999;2999
27/07/2024 00:00;27/07/2024 00:15;1;kWh;0;2694;0;0;2694;2694
27/07/2024 00:15;27/07/2024 00:30;2;kWh;0;3031;0;0;3031;3031
27/07/2024 00:30;27/07/2024 00:45;3;kWh;-123;16;0;0;139;-107
27/07/2024 00:45;27/07/2024 01:00;4;kWh;-1883;0;0;0;1883;-1883
27/07/2024 01:00;27/07/2024 01:15;5;kWh;-348;14205;0;0;14553;13857
27/07/2024 01:15;27/07/2024 01:30;6;kWh;0;33152;0;0;33152;33152
27/07/2024 01:30;27/07/2024 01:45;7;kWh;0;21576;0;0;21576;21576
27/07/2024 01:45;27/07/2024 02:00;8;kWh;-128;6798;0;0;6926;6670
27/07/2024 02:00;27/07/2024 02:15;9;kWh;-133;5591;0;0;5724;5458
27/07/2024 02:15;27/07/2024 02:30;10;kWh;0;3795;0;0;3795;3795
27/07/2024 02:30;27/07/2024 02:45;11;kWh;0;3266;0;0;3266;3266
27/07/2024 02:45;27/07/2024 03:00;12;kWh;0;1486;0;0;1486;1486
27/07/2024 03:00;27/07/2024 03:15;13;kWh;0;29651;0;0;29651;29651
27/07/2024 03:15;27/07/2024 03:30;14;kWh;0;1051;0;0;1051;1051
27/07/2024 03:30;27/07/2024 03:45;15;kWh;0;0;0;0;0;0
27/07/2024 03:45;27/07/2024 04:00;16;kWh;-189;0;0;0;189;-189
27/07/2024 04:00;27/07/2024 04:15;17;kWh;-375;0;0;0;375;-375
27/07/2024 04:15;27/07/2024 04:30;18;kWh;0;0;0;0;0;0
27/07/2024 04:30;27/07/2024 04:45;19;kWh;-2715;0;0;0;2715;-2715
27/07/2024 04:45;27/07/2024 05:00;20;kWh;-2467;0;0;0;2467;-2467
27/07/2024 05:00;27/07/2024 05:15;21;kWh;-5;0;0;0;5;-5
27/07/2024 05:15;27/07/2024 05:30;22;kWh;0;0;0;0;0;0
27/07/2024 05:30;27/07/2024 05:45;23;kWh;0;0;0;0;0;0
27/07/2024 05:45;27/07/2024 06:00;24;kWh;0;0;0;0;0;0
27/07/2024 06:00;27/07/2024 06:15;25;kWh;0;0;0;0;0;0
27/07/2024 06:15;27/07/2024 06:30;26;kWh;-104;0;0;0;104;-104
27/07/2024 06:30;27/07/2024 06:45;27;kWh;-1176;0;0;0;1176;-1176
27/07/2024 06:45;27/07/2024 07:00;28;kWh;-1000;0;0;0;1000;-1000
27/07/2024 07:00;27/07/2024 07:15;29;kWh;-3156;0;0;0;3156;-3156
27/07/2024 07:15;27/07/2024 07:30;30;kWh;-4355;0;0;0;4355;-4355
27/07/2024 07:30;27/07/2024 07:45;31;kWh;-11147;0;0;0;11147;-11147
27/07/2024 07:45;27/07/2024 08:00;32;kWh;-3860;0;0;0;3860;-3860
27/07/2024 08:00;27/07/2024 08:15;33;kWh;-8441;0;0;0;8441;-8441
27/07/2024 08:15;27/07/2024 08:30;34;kWh;-21174;0;0;0;21174;-21174
27/07/2024 08:30;27/07/2024 08:45;35;kWh;-54430;0;0;0;54430;-54430
27/07/2024 08:45;27/07/2024 09:00;36;kWh;-34042;0;0;0;34042;-34042
27/07/2024 09:00;27/07/2024 09:15;37;kWh;-2261;0;0;0;2261;-2261
27/07/2024 09:15;27/07/2024 09:30;38;kWh;-21579;0;0;0;21579;-21579
27/07/2024 09:30;27/07/2024 09:45;39;kWh;-53136;0;0;0;53136;-53136
27/07/2024 09:45;27/07/2024 10:00;40;kWh;-63521;0;0;0;63521;-63521
27/07/2024 10:00;27/07/2024 10:15;41;kWh;-28435;0;0;0;28435;-28435
27/07/2024 10:15;27/07/2024 10:30;42;kWh;-25262;0;0;0;25262;-25262
27/07/2024 10:30;27/07/2024 10:45;43;kWh;-42064;0;0;0;42064;-42064
27/07/2024 10:45;27/07/2024 11:00;44;kWh;-25345;0;0;0;25345;-25345
27/07/2024 11:00;27/07/2024 11:15;45;kWh;-26173;0;0;0;26173;-26173
27/07/2024 11:15;27/07/2024 11:30;46;kWh;-15579;0;0;0;15579;-15579
27/07/2024 11:30;27/07/2024 11:45;47;kWh;-16413;0;0;0;16413;-16413
27/07/2024 11:45;27/07/2024 12:00;48;kWh;-14352;0;0;0;14352;-14352
27/07/2024 12:00;27/07/2024 12:15;49;kWh;-4453;0;0;0;4453;-4453
27/07/2024 12:15;27/07/2024 12:30;50;kWh;-162;164;0;0;326;2
27/07/2024 12:30;27/07/2024 12:45;51;kWh;0;8854;0;0;8854;8854
27/07/2024 12:45;27/07/2024 13:00;52;kWh;-2304;5648;0;0;7952;3344
27/07/2024 13:00;27/07/2024 13:15;53;kWh;-7581;0;0;0;7581;-7581
27/07/2024 13:15;27/07/2024 13:30;54;kWh;-19242;0;0;0;19242;-19242
27/07/2024 13:30;27/07/2024 13:45;55;kWh;-17544;0;0;0;17544;-17544
27/07/2024 13:45;27/07/2024 14:00;56;kWh;-21008;0;0;0;21008;-21008
27/07/2024 14:00;27/07/2024 14:15;57;kWh;-10645;0;0;0;10645;-10645
27/07/2024 14:15;27/07/2024 14:30;58;kWh;-1161;0;0;0;1161;-1161
27/07/2024 14:30;27/07/2024 14:45;59;kWh;-11283;0;0;0;11283;-11283
27/07/2024 14:45;27/07/2024 15:00;60;kWh;-539;0;0;0;539;-539
27/07/2024 15:00;27/07/2024 15:15;61;kWh;-2485;0;0;0;2485;-2485
27/07/2024 15:15;27/07/2024 15:30;62;kWh;-114;0;0;0;114;-114
27/07/2024 15:30;27/07/2024 15:45;63;kWh;0;0;0;0;0;0
27/07/2024 15:45;27/07/2024 16:00;64;kWh;0;1069;0;0;1069;1069
27/07/2024 16:00;27/07/2024 16:15;65;kWh;0;11523;0;0;11523;11523
27/07/2024 16:15;27/07/2024 16:30;66;kWh;0;7604;0;0;7604;7604
27/07/2024 16:30;27/07/2024 16:45;67;kWh;-4440;0;0;0;4440;-4440
27/07/2024 16:45;27/07/2024 17:00;68;kWh;-21171;0;0;0;21171;-21171
27/07/2024 17:00;27/07/2024 17:15;69;kWh;-35637;0;0;0;35637;-35637
27/07/2024 17:15;27/07/2024 17:30;70;kWh;-34440;0;0;0;34440;-34440
27/07/2024 17:30;27/07/2024 17:45;71;kWh;-47695;0;0;0;47695;-47695
27/07/2024 17:45;27/07/2024 18:00;72;kWh;-36994;0;0;0;36994;-36994
27/07/2024 18:00;27/07/2024 18:15;73;kWh;-90;75;0;0;165;-15
27/07/2024 18:15;27/07/2024 18:30;74;kWh;0;2;0;0;2;2
27/07/2024 18:30;27/07/2024 18:45;75;kWh;0;0;0;0;0;0
27/07/2024 18:45;27/07/2024 19:00;76;kWh;0;0;0;0;0;0
27/07/2024 19:00;27/07/2024 19:15;77;kWh;-48316;313;0;0;48629;-48003
27/07/2024 19:15;27/07/2024 19:30;78;kWh;-67535;541;0;0;68076;-66994
27/07/2024 19:30;27/07/2024 19:45;79;kWh;-73082;0;0;0;73082;-73082
27/07/2024 19:45;27/07/2024 20:00;80;kWh;-37954;0;0;0;37954;-37954
27/07/2024 20:00;27/07/2024 20:15;81;kWh;-59220;0;0;0;59220;-59220
27/07/2024 20:15;27/07/2024 20:30;82;kWh;-27444;0;0;0;27444;-27444
27/07/2024 20:30;27/07/2024 20:45;83;kWh;-8629;0;0;0;8629;-8629
27/07/2024 20:45;27/07/2024 21:00;84;kWh;-207;2343;0;0;2550;2136
27/07/2024 21:00;27/07/2024 21:15;85;kWh;-649;667;0;0;1316;18
27/07/2024 21:15;27/07/2024 21:30;86;kWh;-383;1568;0;0;1951;1185
27/07/2024 21:30;27/07/2024 21:45;87;kWh;0;2737;0;0;2737;2737
27/07/2024 21:45;27/07/2024 22:00;88;kWh;0;765;0;0;765;765
27/07/2024 22:00;27/07/2024 22:15;89;kWh;-21408;0;0;0;21408;-21408
27/07/2024 22:15;27/07/2024 22:30;90;kWh;-35668;0;0;0;35668;-35668
27/07/2024 22:30;27/07/2024 22:45;91;kWh;-15193;0;0;0;15193;-15193
27/07/2024 22:45;27/07/2024 23:00;92;kWh;-3269;0;0;0;3269;-3269
27/07/2024 23:00;27/07/2024 23:15;93;kWh;-11288;0;0;0;11288;-11288
27/07/2024 23:15;27/07/2024 23:30;94;kWh;-3371;20;0;0;3391;-3351
27/07/2024 23:30;27/07/2024 23:45;95;kWh;0;20851;0;0;20851;20851
27/07/2024 23:45;28/07/2024 00:00;96;kWh;0;32820;0;0;32820;32820
28/07/2024 00:00;28/07/2024 00:15;1;kWh;0;3735;0;0;3735;3735
28/07/2024 00:15;28/07/2024 00:30;2;kWh;0;5578;0;0;5578;5578
28/07/2024 00:30;28/07/2024 00:45;3;kWh;-2997;188;0;0;3185;-2809
28/07/2024 00:45;28/07/2024 01:00;4;kWh;-1311;0;0;0;1311;-1311
28/07/2024 01:00;28/07/2024 01:15;5;kWh;-896;0;0;0;896;-896
28/07/2024 01:15;28/07/2024 01:30;6;kWh;-8;0;0;0;8;-8
28/07/2024 01:30;28/07/2024 01:45;7;kWh;-246;0;0;0;246;-246
28/07/2024 01:45;28/07/2024 02:00;8;kWh;0;2542;0;0;2542;2542
28/07/2024 02:00;28/07/2024 02:15;9;kWh;0;1264;0;0;1264;1264
28/07/2024 02:15;28/07/2024 02:30;10;kWh;0;3677;0;0;3677;3677
28/07/2024 02:30;28/07/2024 02:45;11;kWh;0;0;0;0;0;0
28/07/2024 02:45;28/07/2024 03:00;12;kWh;-3962;0;0;0;3962;-3962
28/07/2024 03:00;28/07/2024 03:15;13;kWh;-7560;267;0;0;7827;-7293
28/07/2024 03:15;28/07/2024 03:30;14;kWh;0;17435;0;0;17435;17435
28/07/2024 03:30;28/07/2024 03:45;15;kWh;0;13976;0;0;13976;13976
28/07/2024 03:45;28/07/2024 04:00;16;kWh;0;1821;0;0;1821;1821
28/07/2024 04:00;28/07/2024 04:15;17;kWh;0;3987;0;0;3987;3987
28/07/2024 04:15;28/07/2024 04:30;18;kWh;0;6181;0;0;6181;6181
28/07/2024 04:30;28/07/2024 04:45;19;kWh;0;3651;0;0;3651;3651
28/07/2024 04:45;28/07/2024 05:00;20;kWh;-1608;0;0;0;1608;-1608
28/07/2024 05:00;28/07/2024 05:15;21;kWh;-830;0;0;0;830;-830
28/07/2024 05:15;28/07/2024 05:30;22;kWh;-76;0;0;0;76;-76
28/07/2024 05:30;28/07/2024 05:45;23;kWh;-1496;0;0;0;1496;-1496
28/07/2024 05:45;28/07/2024 06:00;24;kWh;-1797;0;0;0;1797;-1797
28/07/2024 06:00;28/07/2024 06:15;25;kWh;-390;701;0;0;1091;311
28/07/2024 06:15;28/07/2024 06:30;26;kWh;0;3906;0;0;3906;3906
28/07/2024 06:30;28/07/2024 06:45;27;kWh;0;3963;0;0;3963;3963
28/07/2024 06:45;28/07/2024 07:00;28;kWh;-1563;0;0;0;1563;-1563
28/07/2024 07:00;28/07/2024 07:15;29;kWh;-38;40059;0;0;40097;40021
28/07/2024 07:15;28/07/2024 07:30;30;kWh;0;7287;0;0;7287;7287
28/07/2024 07:30;28/07/2024 07:45;31;kWh;-333;0;0;0;333;-333
28/07/2024 07:45;28/07/2024 08:00;32;kWh;-1579;0;0;0;1579;-1579
28/07/2024 08:00;28/07/2024 08:15;33;kWh;0;584;0;0;584;584
28/07/2024 08:15;28/07/2024 08:30;34;kWh;-33;814;0;0;847;781
28/07/2024 08:30;28/07/2024 08:45;35;kWh;-10793;0;0;0;10793;-10793
28/07/2024 08:45;28/07/2024 09:00;36;kWh;-7055;0;0;0;7055;-7055
28/07/2024 09:00;28/07/2024 09:15;37;kWh;-122;1817;0;0;1939;1695
28/07/2024 09:15;28/07/2024 09:30;38;kWh;0;10521;0;0;10521;10521
28/07/2024 09:30;28/07/2024 09:45;39;kWh;-6700;0;0;0;6700;-6700
28/07/2024 09:45;28/07/2024 10:00;40;kWh;-8523;0;0;0;8523;-8523
28/07/2024 10:00;28/07/2024 10:15;41;kWh;-86;0;0;0;86;-86
28/07/2024 10:15;28/07/2024 10:30;42;kWh;-5817;0;0;0;5817;-5817
28/07/2024 10:30;28/07/2024 10:45;43;kWh;-13837;0;0;0;13837;-13837
28/07/2024 10:45;28/07/2024 11:00;44;kWh;-11739;12;0;0;11751;-11727
28/07/2024 11:00;28/07/2024 11:15;45;kWh;-8146;1060;0;0;9206;-7086
28/07/2024 11:15;28/07/2024 11:30;46;kWh;-15887;0;0;0;15887;-15887
28/07/2024 11:30;28/07/2024 11:45;47;kWh;-20777;0;0;0;20777;-20777
28/07/2024 11:45;28/07/2024 12:00;48;kWh;-20541;0;0;0;20541;-20541
28/07/2024 12:00;28/07/2024 12:15;49;kWh;-12880;0;0;0;12880;-12880
28/07/2024 12:15;28/07/2024 12:30;50;kWh;-13026;0;0;0;13026;-13026
28/07/2024 12:30;28/07/2024 12:45;51;kWh;-16957;0;0;0;16957;-16957
28/07/2024 12:45;28/07/2024 13:00;52;kWh;-9210;0;0;0;9210;-9210
28/07/2024 13:00;28/07/2024 13:15;53;kWh;-13421;553;0;0;13974;-12868
28/07/2024 13:15;28/07/2024 13:30;54;kWh;-26194;180;0;0;26374;-26014
28/07/2024 13:30;28/07/2024 13:45;55;kWh;-21370;0;0;0;21370;-21370
28/07/2024 13:45;28/07/2024 14:00;56;kWh;-24286;0;0;0;24286;-24286
28/07/2024 14:00;28/07/2024 14:15;57;kWh;-36696;0;0;0;36696;-36696
28/07/2024 14:15;28/07/2024 14:30;58;kWh;-62509;0;0;0;62509;-62509
28/07/2024 14:30;28/07/2024 14:45;59;kWh;-42014;0;0;0;42014;-42014
28/07/2024 14:45;28/07/2024 15:00;60;kWh;-25905;0;0;0;25905;-25905
28/07/2024 15:00;28/07/2024 15:15;61;kWh;-22116;0;0;0;22116;-22116
28/07/2024 15:15;28/07/2024 15:30;62;kWh;-20058;0;0;0;20058;-20058
28/07/2024 15:30;28/07/2024 15:45;63;kWh;-20618;0;0;0;20618;-20618
28/07/2024 15:45;28/07/2024 16:00;64;kWh;-11634;0;0;0;11634;-11634
28/07/2024 16:00;28/07/2024 16:15;65;kWh;-34935;0;0;0;34935;-34935
28/07/2024 16:15;28/07/2024 16:30;66;kWh;-27627;0;0;0;27627;-27627
28/07/2024 16:30;28/07/2024 16:45;67;kWh;-22845;0;0;0;22845;-22845
28/07/2024 16:45;28/07/2024 17:00;68;kWh;-31216;31;0;0;31247;-31185
28/07/2024 17:00;28/07/2024 17:15;69;kWh;-56498;0;0;0;56498;-56498
28/07/2024 17:15;28/07/2024 17:30;70;kWh;-23787;0;0;0;23787;-23787
28/07/2024 17:30;28/07/2024 17:45;71;kWh;-19662;65;0;0;19727;-19597
28/07/2024 17:45;28/07/2024 18:00;72;kWh;-13479;331;0;0;13810;-13148
28/07/2024 18:00;28/07/2024 18:15;73;kWh;-24750;0;0;0;24750;-24750
28/07/2024 18:15;28/07/2024 18:30;74;kWh;-21291;305;0;0;21596;-20986
28/07/2024 18:30;28/07/2024 18:45;75;kWh;-2292;1193;0;0;3485;-1099
28/07/2024 18:45;28/07/2024 19:00;76;kWh;0;13361;0;0;13361;13361
28/07/2024 19:00;28/07/2024 19:15;77;kWh;0;5616;0;0;5616;5616
28/07/2024 19:15;28/07/2024 19:30;78;kWh;0;31467;0;0;31467;31467
28/07/2024 19:30;28/07/2024 19:45;79;kWh;0;19755;0;0;19755;19755
28/07/2024 19:45;28/07/2024 20:00;80;kWh;0;223;0;0;223;223
28/07/2024 20:00;28/07/2024 20:15;81;kWh;0;2997;0;0;2997;2997
28/07/2024 20:15;28/07/2024 20:30;82;kWh;0;1811;0;0;1811;1811
28/07/2024 20:30;28/07/2024 20:45;83;kWh;0;624;0;0;624;624
28/07/2024 20:45;28/07/2024 21:00;84;kWh;0;58;0;0;58;58
28/07/2024 21:00;28/07/2024 21:15;85;kWh;-2570;0;0;0;2570;-2570
28/07/2024 21:15;28/07/2024 21:30;86;kWh;-3711;0;0;0;3711;-3711
28/07/2024 21:30;28/07/2024 21:45;87;kWh;-117;0;0;0;117;-117
28/07/2024 21:45;28/07/2024 22:00;88;kWh;0;317;0;0;317;317
28/07/2024 22:00;28/07/2024 22:15;89;kWh;0;6751;0;0;6751;6751
28/07/2024 22:15;28/07/2024 22:30;90;kWh;0;4713;0;0;4713;4713
28/07/2024 22:30;28/07/2024 22:45;91;kWh;-179;376;0;0;555;197
28/07/2024 22:45;28/07/2024 23:00;92;kWh;-10321;0;0;0;10321;-10321
28/07/2024 23:00;28/07/2024 23:15;93;kWh;-9893;0;0;0;9893;-9893
28/07/2024 23:15;28/07/2024 23:30;94;kWh;-8417;0;0;0;8417;-8417
28/07/2024 23:30;28/07/2024 23:45;95;kWh;-18675;0;0;0;18675;-18675
28/07/2024 23:45;29/07/2024 00:00;96;kWh;-6932;0;0;0;6932;-6932
29/07/2024 00:00;29/07/2024 00:15;1;kWh;-2297;0;0;0;2297;-2297
29/07/2024 00:15;29/07/2024 00:30;2;kWh;0;217;0;0;217;217
29/07/2024 00:30;29/07/2024 00:45;3;kWh;0;2619;0;0;2619;2619
29/07/2024 00:45;29/07/2024 01:00;4;kWh;-142;3093;0;0;3235;2951
29/07/2024 01:00;29/07/2024 01:15;5;kWh;-13754;27;0;0;13781;-13727
29/07/2024 01:15;29/07/2024 01:30;6;kWh;-11273;0;0;0;11273;-11273
29/07/2024 01:30;29/07/2024 01:45;7;kWh;-31706;0;0;0;31706;-31706
29/07/2024 01:45;29/07/2024 02:00;8;kWh;-42301;0;0;0;42301;-42301
29/07/2024 02:00;29/07/2024 02:15;9;kWh;-12775;0;0;0;12775;-12775
29/07/2024 02:15;29/07/2024 02:30;10;kWh;-54432;0;0;0;54432;-54432
29/07/2024 02:30;29/07/2024 02:45;11;kWh;-60846;0;0;0;60846;-60846
29/07/2024 02:45;29/07/2024 03:00;12;kWh;-73171;0;0;0;73171;-73171
29/07/2024 03:00;29/07/2024 03:15;13;kWh;-46203;0;0;0;46203;-46203
29/07/2024 03:15;29/07/2024 03:30;14;kWh;-35086;0;0;0;35086;-35086
29/07/2024 03:30;29/07/2024 03:45;15;kWh;-32653;0;0;0;32653;-32653
29/07/2024 03:45;29/07/2024 04:00;16;kWh;-38170;0;0;0;38170;-38170
29/07/2024 04:00;29/07/2024 04:15;17;kWh;-30492;0;0;0;30492;-30492
29/07/2024 04:15;29/07/2024 04:30;18;kWh;-1214;0;0;0;1214;-1214
29/07/2024 04:30;29/07/2024 04:45;19;kWh;-1658;20998;0;0;22656;19340
29/07/2024 04:45;29/07/2024 05:00;20;kWh;-9706;13351;0;0;23057;3645
29/07/2024 05:00;29/07/2024 05:15;21;kWh;-2001;6077;0;0;8078;4076
29/07/2024 05:15;29/07/2024 05:30;22;kWh;0;11139;0;0;11139;11139
29/07/2024 05:30;29/07/2024 05:45;23;kWh;0;731;0;0;731;731
29/07/2024 05:45;29/07/2024 06:00;24;kWh;-16664;59;0;0;16723;-16605
29/07/2024 06:00;29/07/2024 06:15;25;kWh;-23029;0;0;0;23029;-23029
29/07/2024 06:15;29/07/2024 06:30;26;kWh;-1985;0;0;0;1985;-1985
29/07/2024 06:30;29/07/2024 06:45;27;kWh;-5516;0;0;0;5516;-5516
29/07/2024 06:45;29/07/2024 07:00;28;kWh;-33114;0;0;0;33114;-33114
29/07/2024 07:00;29/07/2024 07:15;29;kWh;-13741;0;0;0;13741;-13741
29/07/2024 07:15;29/07/2024 07:30;30;kWh;-10235;0;0;0;10235;-10235
29/07/2024 07:30;29/07/2024 07:45;31;kWh;-21590;0;0;0;21590;-21590
29/07/2024 07:45;29/07/2024 08:00;32;kWh;-30560;0;0;0;30560;-30560
29/07/2024 08:00;29/07/2024 08:15;33;kWh;-5680;1125;0;0;6805;-4555
29/07/2024 08:15;29/07/2024 08:30;34;kWh;0;3702;0;0;3702;3702
29/07/2024 08:30;29/07/2024 08:45;35;kWh;-11187;67;0;0;11254;-11120
29/07/2024 08:45;29/07/2024 09:00;36;kWh;-44357;0;0;0;44357;-44357
29/07/2024 09:00;29/07/2024 09:15;37;kWh;-12298;13913;0;0;26211;1615
29/07/2024 09:15;29/07/2024 09:30;38;kWh;-1211;9078;0;0;10289;7867
29/07/2024 09:30;29/07/2024 09:45;39;kWh;-4465;1315;0;0;5780;-3150
29/07/2024 09:45;29/07/2024 10:00;40;kWh;-26279;43;0;0;26322;-26236
29/07/2024 10:00;29/07/2024 10:15;41;kWh;-2811;136;0;0;2947;-2675
29/07/2024 10:15;29/07/2024 10:30;42;kWh;-8624;169;0;0;8793;-8455
29/07/2024 10:30;29/07/2024 10:45;43;kWh;-13664;435;0;0;14099;-13229
29/07/2024 10:45;29/07/2024 11:00;44;kWh;-7208;0;0;0;7208;-7208
29/07/2024 11:00;29/07/2024 11:15;45;kWh;-6696;0;0;0;6696;-6696
29/07/2024 11:15;29/07/2024 11:30;46;kWh;-15150;0;0;0;15150;-15150
29/07/2024 11:30;29/07/2024 11:45;47;kWh;-18932;0;0;0;18932;-18932
29/07/2024 11:45;29/07/2024 12:00;48;kWh;-19886;1006;0;0;20892;-18880
29/07/2024 12:00;29/07/2024 12:15;49;kWh;-9682;12;0;0;9694;-9670
29/07/2024 12:15;29/07/2024 12:30;50;kWh;-12787;1641;0;0;14428;-11146
29/07/2024 12:30;29/07/2024 12:45;51;kWh;-16675;4369;0;0;21044;-12306
29/07/2024 12:45;29/07/2024 13:00;52;kWh;-12092;126;0;0;12218;-11966
29/07/2024 13:00;29/07/2024 13:15;53;kWh;-13125;845;0;0;13970;-12280
29/07/2024 13:15;29/07/2024 13:30;54;kWh;-38897;243;0;0;39140;-38654
29/07/2024 13:30;29/07/2024 13:45;55;kWh;-17952;136;0;0;18088;-17816
29/07/2024 13:45;29/07/2024 14:00;56;kWh;-27754;845;0;0;28599;-26909
29/07/2024 14:00;29/07/2024 14:15;57;kWh;-25068;1253;0;0;26321;-23815
29/07/2024 14:15;29/07/2024 14:30;58;kWh;-17890;839;0;0;18729;-17051
29/07/2024 14:30;29/07/2024 14:45;59;kWh;-13429;0;0;0;13429;-13429
29/07/2024 14:45;29/07/2024 15:00;60;kWh;-8226;0;0;0;8226;-8226
29/07/2024 15:00;29/07/2024 15:15;61;kWh;-15877;0;0;0;15877;-15877
29/07/2024 15:15;29/07/2024 15:30;62;kWh;-17243;1127;0;0;18370;-16116
29/07/2024 15:30;29/07/2024 15:45;63;kWh;-16229;64;0;0;16293;-16165
29/07/2024 15:45;29/07/2024 16:00;64;kWh;-14300;0;0;0;14300;-14300
29/07/2024 16:00;29/07/2024 16:15;65;kWh;-36953;0;0;0;36953;-36953
29/07/2024 16:15;29/07/2024 16:30;66;kWh;-33774;0;0;0;33774;-33774
29/07/2024 16:30;29/07/2024 16:45;67;kWh;-9324;0;0;0;9324;-9324
29/07/2024 16:45;29/07/2024 17:00;68;kWh;-10735;0;0;0;10735;-10735
29/07/2024 17:00;29/07/2024 17:15;69;kWh;-20876;0;0;0;20876;-20876
29/07/2024 17:15;29/07/2024 17:30;70;kWh;-7820;0;0;0;7820;-7820
29/07/2024 17:30;29/07/2024 17:45;71;kWh;-2477;0;0;0;2477;-2477
29/07/2024 17:45;29/07/2024 18:00;72;kWh;-2273;0;0;0;2273;-2273
29/07/2024 18:00;29/07/2024 18:15;73;kWh;0;257;0;0;257;257
29/07/2024 18:15;29/07/2024 18:30;74;kWh;0;527;0;0;527;527
29/07/2024 18:30;29/07/2024 18:45;75;kWh;0;219;0;0;219;219
29/07/2024 18:45;29/07/2024 19:00;76;kWh;0;0;0;0;0;0
29/07/2024 19:00;29/07/2024 19:15;77;kWh;-735;0;0;0;735;-735
29/07/2024 19:15;29/07/2024 19:30;78;kWh;-1323;0;0;0;1323;-1323
29/07/2024 19:30;29/07/2024 19:45;79;kWh;-9;736;0;0;745;727
29/07/2024 19:45;29/07/2024 20:00;80;kWh;0;28184;0;0;28184;28184
29/07/2024 20:00;29/07/2024 20:15;81;kWh;0;4853;0;0;4853;4853
29/07/2024 20:15;29/07/2024 20:30;82;kWh;0;5077;0;0;5077;5077
29/07/2024 20:30;29/07/2024 20:45;83;kWh;0;38079;0;0;38079;38079
29/07/2024 20:45;29/07/2024 21:00;84;kWh;0;26861;0;0;26861;26861
29/07/2024 21:00;29/07/2024 21:15;85;kWh;0;10163;0;0;10163;10163
29/07/2024 21:15;29/07/2024 21:30;86;kWh;0;1874;0;0;1874;1874
29/07/2024 21:30;29/07/2024 21:45;87;kWh;0;7387;0;0;7387;7387
29/07/2024 21:45;29/07/2024 22:00;88;kWh;0;15707;0;0;15707;15707
29/07/2024 22:00;29/07/2024 22:15;89;kWh;0;21564;0;0;21564;21564
29/07/2024 22:15;29/07/2024 22:30;90;kWh;0;18343;0;0;18343;18343
29/07/2024 22:30;29/07/2024 22:45;91;kWh;0;500;0;0;500;500
29/07/2024 22:45;29/07/2024 23:00;92;kWh;-173;0;0;0;173;-173
29/07/2024 23:00;29/07/2024 23:15;93;kWh;-1251;0;0;0;1251;-1251
29/07/2024 23:15;29/07/2024 23:30;94;kWh;-29;0;0;0;29;-29
29/07/2024 23:30;29/07/2024 23:45;95;kWh;0;4225;0;0;4225;4225
29/07/2024 23:45;30/07/2024 00:00;96;kWh;-457;464;0;0;921;7
30/07/2024 00:00;30/07/2024 00:15;1;kWh;-3022;0;0;0;3022;-3022
30/07/2024 00:15;30/07/2024 00:30;2;kWh;-1304;0;0;0;1304;-1304
30/07/2024 00:30;30/07/2024 00:45;3;kWh;-5627;0;0;0;5627;-5627
30/07/2024 00:45;30/07/2024 01:00;4;kWh;-2957;0;0;0;2957;-2957
30/07/2024 01:00;30/07/2024 01:15;5;kWh;-1889;0;0;0;1889;-1889
30/07/2024 01:15;30/07/2024 01:30;6;kWh;-3213;0;0;0;3213;-3213
30/07/2024 01:30;30/07/2024 01:45;7;kWh;-4515;0;0;0;4515;-4515
30/07/2024 01:45;30/07/2024 02:00;8;kWh;-18152;0;0;0;18152;-18152
30/07/2024 02:00;30/07/2024 02:15;9;kWh;-4257;3255;0;0;7512;-1002
30/07/2024 02:15;30/07/2024 02:30;10;kWh;0;2915;0;0;2915;2915
30/07/2024 02:30;30/07/2024 02:45;11;kWh;0;15108;0;0;15108;15108
30/07/2024 02:45;30/07/2024 03:00;12;kWh;0;10663;0;0;10663;10663
30/07/2024 03:00;30/07/2024 03:15;13;kWh;0;16534;0;0;16534;16534
30/07/2024 03:15;30/07/2024 03:30;14;kWh;0;15397;0;0;15397;15397
30/07/2024 03:30;30/07/2024 03:45;15;kWh;0;3241;0;0;3241;3241
30/07/2024 03:45;30/07/2024 04:00;16;kWh;0;3123;0;0;3123;3123
30/07/2024 04:00;30/07/2024 04:15;17;kWh;0;1983;0;0;1983;1983
30/07/2024 04:15;30/07/2024 04:30;18;kWh;0;5028;0;0;5028;5028
30/07/2024 04:30;30/07/2024 04:45;19;kWh;0;29167;0;0;29167;29167
30/07/2024 04:45;30/07/2024 05:00;20;kWh;0;16675;0;0;16675;16675
30/07/2024 05:00;30/07/2024 05:15;21;kWh;0;1231;0;0;1231;1231
30/07/2024 05:15;30/07/2024 05:30;22;kWh;0;86;0;0;86;86
30/07/2024 05:30;30/07/2024 05:45;23;kWh;0;5138;0;0;5138;5138
30/07/2024 05:45;30/07/2024 06:00;24;kWh;0;2068;0;0;2068;2068
30/07/2024 06:00;30/07/2024 06:15;25;kWh;-69;1729;0;0;1798;1660
30/07/2024 06:15;30/07/2024 06:30;26;kWh;0;16178;0;0;16178;16178
30/07/2024 06:30;30/07/2024 06:45;27;kWh;0;11591;0;0;11591;11591
30/07/2024 06:45;30/07/2024 07:00;28;kWh;0;571;0;0;571;571
30/07/2024 07:00;30/07/2024 07:15;29;kWh;0;4896;0;0;4896;4896
30/07/2024 07:15;30/07/2024 07:30;30;kWh;0;4089;0;0;4089;4089
30/07/2024 07:30;30/07/2024 07:45;31;kWh;-2753;0;0;0;2753;-2753
30/07/2024 07:45;30/07/2024 08:00;32;kWh;-20305;0;0;0;20305;-20305
30/07/2024 08:00;30/07/2024 08:15;33;kWh;-10493;0;0;0;10493;-10493
30/07/2024 08:15;30/07/2024 08:30;34;kWh;-5538;88;0;0;5626;-5450
30/07/2024 08:30;30/07/2024 08:45;35;kWh;-13905;0;0;0;13905;-13905
30/07/2024 08:45;30/07/2024 09:00;36;kWh;-393;81;0;0;474;-312
30/07/2024 09:00;30/07/2024 09:15;37;kWh;-237;1587;0;0;1824;1350
30/07/2024 09:15;30/07/2024 09:30;38;kWh;-12;5292;0;0;5304;5280
30/07/2024 09:30;30/07/2024 09:45;39;kWh;-10070;2;0;0;10072;-10068
30/07/2024 09:45;30/07/2024 10:00;40;kWh;-22116;0;0;0;22116;-22116
30/07/2024 10:00;30/07/2024 10:15;41;kWh;-7341;1512;0;0;8853;-5829
30/07/2024 10:15;30/07/2024 10:30;42;kWh;-3850;363;0;0;4213;-3487
30/07/2024 10:30;30/07/2024 10:45;43;kWh;-10448;0;0;0;10448;-10448
30/07/2024 10:45;30/07/2024 11:00;44;kWh;-22749;0;0;0;22749;-22749
30/07/2024 11:00;30/07/2024 11:15;45;kWh;-5243;1950;0;0;7193;-3293
30/07/2024 11:15;30/07/2024 11:30;46;kWh;-129;401;0;0;530;272
30/07/2024 11:30;30/07/2024 11:45;47;kWh;-12654;0;0;0;12654;-12654
30/07/2024 11:45;30/07/2024 12:00;48;kWh;-4253;0;0;0;4253;-4253
30/07/2024 12:00;30/07/2024 12:15;49;kWh;-330;0;0;0;330;-330
30/07/2024 12:15;30/07/2024 12:30;50;kWh;-1928;0;0;0;1928;-1928
30/07/2024 12:30;30/07/2024 12:45;51;kWh;-831;0;0;0;831;-831
30/07/2024 12:45;30/07/2024 13:00;52;kWh;-23280;0;0;0;23280;-23280
30/07/2024 13:00;30/07/2024 13:15;53;kWh;-7576;0;0;0;7576;-7576
30/07/2024 13:15;30/07/2024 13:30;54;kWh;-1240;0;0;0;1240;-1240
30/07/2024 13:30;30/07/2024 13:45;55;kWh;-126;0;0;0;126;-126
30/07/2024 13:45;30/07/2024 14:00;56;kWh;-3734;0;0;0;3734;-3734
30/07/2024 14:00;30/07/2024 14:15;57;kWh;-16337;0;0;0;16337;-16337
30/07/2024 14:15;30/07/2024 14:30;58;kWh;-18309;0;0;0;18309;-18309
30/07/2024 14:30;30/07/2024 14:45;59;kWh;-4275;0;0;0;4275;-4275
30/07/2024 14:45;30/07/2024 15:00;60;kWh;-3350;0;0;0;3350;-3350
30/07/2024 15:00;30/07/2024 15:15;61;kWh;-14210;106;0;0;14316;-14104
30/07/2024 15:15;30/07/2024 15:30;62;kWh;-1224;126;0;0;1350;-1098
30/07/2024 15:30;30/07/2024 15:45;63;kWh;-601;0;0;0;601;-601
30/07/2024 15:45;30/07/2024 16:00;64;kWh;0;0;0;0;0;0
30/07/2024 16:00;30/07/2024 16:15;65;kWh;-385;0;0;0;385;-385
30/07/2024 16:15;30/07/2024 16:30;66;kWh;-7787;3368;0;0;11155;-4419
30/07/2024 16:30;30/07/2024 16:45;67;kWh;-218;213;0;0;431;-5
30/07/2024 16:45;30/07/2024 17:00;68;kWh;0;5149;0;0;5149;5149
30/07/2024 17:00;30/07/2024 17:15;69;kWh;0;3559;0;0;3559;3559
30/07/2024 17:15;30/07/2024 17:30;70;kWh;-1540;0;0;0;1540;-1540
30/07/2024 17:30;30/07/2024 17:45;71;kWh;-12013;0;0;0;12013;-12013
30/07/2024 17:45;30/07/2024 18:00;72;kWh;-10156;0;0;0;10156;-10156
30/07/2024 18:00;30/07/2024 18:15;73;kWh;-20289;0;0;0;20289;-20289
30/07/2024 18:15;30/07/2024 18:30;74;kWh;-10447;0;0;0;10447;-10447
30/07/2024 18:30;30/07/2024 18:45;75;kWh;-6;0;0;0;6;-6
30/07/2024 18:45;30/07/2024 19:00;76;kWh;-11;0;0;0;11;-11
30/07/2024 19:00;30/07/2024 19:15;77;kWh;-35021;667;0;0;35688;-34354
30/07/2024 19:15;30/07/2024 19:30;78;kWh;-1965;68;0;0;2033;-1897
30/07/2024 19:30;30/07/2024 19:45;79;kWh;0;2;0;0;2;2
30/07/2024 19:45;30/07/2024 20:00;80;kWh;0;43448;0;0;43448;43448
30/07/2024 20:00;30/07/2024 20:15;81;kWh;0;28499;0;0;28499;28499
30/07/2024 20:15;30/07/2024 20:30;82;kWh;0;46343;0;0;46343;46343
30/07/2024 20:30;30/07/2024 20:45;83;kWh;0;59138;0;0;59138;59138
30/07/2024 20:45;30/07/2024 21:00;84;kWh;0;45924;0;0;45924;45924
30/07/2024 21:00;30/07/2024 21:15;85;kWh;0;3540;0;0;3540;3540
30/07/2024 21:15;30/07/2024 21:30;86;kWh;-2387;0;0;0;2387;-2387
30/07/2024 21:30;30/07/2024 21:45;87;kWh;-2787;0;0;0;2787;-2787
30/07/2024 21:45;30/07/2024 22:00;88;kWh;-639;650;0;0;1289;11
30/07/2024 22:00;30/07/2024 22:15;89;kWh;0;24837;0;0;24837;24837
30/07/2024 22:15;30/07/2024 22:30;90;kWh;0;5142;0;0;5142;5142
30/07/2024 22:30;30/07/2024 22:45;91;kWh;0;321;0;0;321;321
30/07/2024 22:45;30/07/2024 23:00;92;kWh;0;0;0;0;0;0
30/07/2024 23:00;30/07/2024 23:15;93;kWh;0;0;0;0;0;0
30/07/2024 23:15;30/07/2024 23:30;94;kWh;-1772;0;0;0;1772;-1772
30/07/2024 23:30;30/07/2024 23:45;95;kWh;-6905;0;0;0;6905;-6905
30/07/2024 23:45;31/07/2024 00:00;96;kWh;-25500;0;0;0;25500;-25500
31/07/2024 00:00;31/07/2024 00:15;1;kWh;-19805;80;0;0;19885;-19725
31/07/2024 00:15;31/07/2024 00:30;2;kWh;-13726;185;0;0;13911;-13541
31/07/2024 00:30;31/07/2024 00:45;3;kWh;-11072;0;0;0;11072;-11072
31/07/2024 00:45;31/07/2024 01:00;4;kWh;-48;1842;0;0;1890;1794
31/07/2024 01:00;31/07/2024 01:15;5;kWh;0;63;0;0;63;63
31/07/2024 01:15;31/07/2024 01:30;6;kWh;0;682;0;0;682;682
31/07/2024 01:30;31/07/2024 01:45;7;kWh;0;6287;0;0;6287;6287
31/07/2024 01:45;31/07/2024 02:00;8;kWh;0;3357;0;0;3357;3357
31/07/2024 02:00;31/07/2024 02:15;9;kWh;0;14251;0;0;14251;14251
31/07/2024 02:15;31/07/2024 02:30;10;kWh;0;2992;0;0;2992;2992
31/07/2024 02:30;31/07/2024 02:45;11;kWh;0;899;0;0;899;899
31/07/2024 02:45;31/07/2024 03:00;12;kWh;0;20401;0;0;20401;20401
31/07/2024 03:00;31/07/2024 03:15;13;kWh;0;10700;0;0;10700;10700
31/07/2024 03:15;31/07/2024 03:30;14;kWh;0;25880;0;0;25880;25880
31/07/2024 03:30;31/07/2024 03:45;15;kWh;0;38125;0;0;38125;38125
31/07/2024 03:45;31/07/2024 04:00;16;kWh;0;20907;0;0;20907;20907
31/07/2024 04:00;31/07/2024 04:15;17;kWh;0;38069;0;0;38069;38069
31/07/2024 04:15;31/07/2024 04:30;18;kWh;0;29182;0;0;29182;29182
31/07/2024 04:30;31/07/2024 04:45;19;kWh;0;24546;0;0;24546;24546
31/07/2024 04:45;31/07/2024 05:00;20;kWh;0;16232;0;0;16232;16232
31/07/2024 05:00;31/07/2024 05:15;21;kWh;0;11290;0;0;11290;11290
31/07/2024 05:15;31/07/2024 05:30;22;kWh;0;5834;0;0;5834;5834
31/07/2024 05:30;31/07/2024 05:45;23;kWh;0;2379;0;0;2379;2379
31/07/2024 05:45;31/07/2024 06:00;24;kWh;-14;301;0;0;315;287
31/07/2024 06:00;31/07/2024 06:15;25;kWh;-5848;0;0;0;5848;-5848
31/07/2024 06:15;31/07/2024 06:30;26;kWh;-1000;0;0;0;1000;-1000
31/07/2024 06:30;31/07/2024 06:45;27;kWh;-1092;0;0;0;1092;-1092
31/07/2024 06:45;31/07/2024 07:00;28;kWh;-6251;0;0;0;6251;-6251
31/07/2024 07:00;31/07/2024 07:15;29;kWh;-22942;0;0;0;22942;-22942
31/07/2024 07:15;31/07/2024 07:30;30;kWh;-57955;0;0;0;57955;-57955
31/07/2024 07:30;31/07/2024 07:45;31;kWh;-60057;0;0;0;60057;-60057
31/07/2024 07:45;31/07/2024 08:00;32;kWh;-62160;0;0;0;62160;-62160
31/07/2024 08:00;31/07/2024 08:15;33;kWh;-3652;0;0;0;3652;-3652
31/07/2024 08:15;31/07/2024 08:30;34;kWh;-5904;0;0;0;5904;-5904
31/07/2024 08:30;31/07/2024 08:45;35;kWh;-21950;0;0;0;21950;-21950
31/07/2024 08:45;31/07/2024 09:00;36;kWh;-22726;0;0;0;22726;-22726
31/07/2024 09:00;31/07/2024 09:15;37;kWh;-12275;0;0;0;12275;-12275
31/07/2024 09:15;31/07/2024 09:30;38;kWh;-7412;0;0;0;7412;-7412
31/07/2024 09:30;31/07/2024 09:45;39;kWh;-27902;0;0;0;27902;-27902
31/07/2024 09:45;31/07/2024 10:00;40;kWh;-16355;0;0;0;16355;-16355
31/07/2024 10:00;31/07/2024 10:15;41;kWh;-1229;796;0;0;2025;-433
31/07/2024 10:15;31/07/2024 10:30;42;kWh;0;2856;0;0;2856;2856
31/07/2024 10:30;31/07/2024 10:45;43;kWh;0;648;0;0;648;648
31/07/2024 10:45;31/07/2024 11:00;44;kWh;0;1793;0;0;1793;1793
31/07/2024 11:00;31/07/2024 11:15;45;kWh;0;44988;0;0;44988;44988
31/07/2024 11:15;31/07/2024 11:30;46;kWh;-473;9491;0;0;9964;9018
31/07/2024 11:30;31/07/2024 11:45;47;kWh;-21410;0;0;0;21410;-21410
31/07/2024 11:45;31/07/2024 12:00;48;kWh;-8860;0;0;0;8860;-8860
31/07/2024 12:00;31/07/2024 12:15;49;kWh;-19473;0;0;0;19473;-19473
31/07/2024 12:15;31/07/2024 12:30;50;kWh;-2410;0;0;0;2410;-2410
31/07/2024 12:30;31/07/2024 12:45;51;kWh;0;18153;0;0;18153;18153
31/07/2024 12:45;31/07/2024 13:00;52;kWh;0;3385;0;0;3385;3385
31/07/2024 13:00;31/07/2024 13:15;53;kWh;0;28923;0;0;28923;28923
31/07/2024 13:15;31/07/2024 13:30;54;kWh;0;23599;0;0;23599;23599
31/07/2024 13:30;31/07/2024 13:45;55;kWh;0;4634;0;0;4634;4634
31/07/2024 13:45;31/07/2024 14:00;56;kWh;0;2080;0;0;2080;2080
31/07/2024 14:00;31/07/2024 14:15;57;kWh;0;31813;0;0;31813;31813
31/07/2024 14:15;31/07/2024 14:30;58;kWh;0;42146;0;0;42146;42146
31/07/2024 14:30;31/07/2024 14:45;59;kWh;0;20723;0;0;20723;20723
31/07/2024 14:45;31/07/2024 15:00;60;kWh;0;15177;0;0;15177;15177
31/07/2024 15:00;31/07/2024 15:15;61;kWh;-3196;606;0;0;3802;-2590
31/07/2024 15:15;31/07/2024 15:30;62;kWh;-24556;0;0;0;24556;-24556
31/07/2024 15:30;31/07/2024 15:45;63;kWh;-897;0;0;0;897;-897
31/07/2024 15:45;31/07/2024 16:00;64;kWh;-5439;0;0;0;5439;-5439
31/07/2024 16:00;31/07/2024 16:15;65;kWh;-9543;0;0;0;9543;-9543
31/07/2024 16:15;31/07/2024 16:30;66;kWh;-19422;0;0;0;19422;-19422
31/07/2024 16:30;31/07/2024 16:45;67;kWh;-5017;0;0;0;5017;-5017
31/07/2024 16:45;31/07/2024 17:00;68;kWh;-11643;0;0;0;11643;-11643
31/07/2024 17:00;31/07/2024 17:15;69;kWh;-27811;0;0;0;27811;-27811
31/07/2024 17:15;31/07/2024 17:30;70;kWh;-17910;0;0;0;17910;-17910
31/07/2024 17:30;31/07/2024 17:45;71;kWh;-40;0;0;0;40;-40
31/07/2024 17:45;31/07/2024 18:00;72;kWh;-6921;0;0;0;6921;-6921
31/07/2024 18:00;31/07/2024 18:15;73;kWh;-28378;0;0;0;28378;-28378
31/07/2024 18:15;31/07/2024 18:30;74;kWh;-39194;0;0;0;39194;-39194
31/07/2024 18:30;31/07/2024 18:45;75;kWh;-17039;0;0;0;17039;-17039
31/07/2024 18:45;31/07/2024 19:00;76;kWh;-721;0;0;0;721;-721
31/07/2024 19:00;31/07/2024 19:15;77;kWh;-270;3365;0;0;3635;3095
31/07/2024 19:15;31/07/2024 19:30;78;kWh;0;4112;0;0;4112;4112
31/07/2024 19:30;31/07/2024 19:45;79;kWh;0;1020;0;0;1020;1020
31/07/2024 19:45;31/07/2024 20:00;80;kWh;0;9586;0;0;9586;9586
31/07/2024 20:00;31/07/2024 20:15;81;kWh;0;8091;0;0;8091;8091
31/07/2024 20:15;31/07/2024 20:30;82;kWh;0;31094;0;0;31094;31094
31/07/2024 20:30;31/07/2024 20:45;83;kWh;0;39686;0;0;39686;39686
31/07/2024 20:45;31/07/2024 21:00;84;kWh;0;2348;0;0;2348;2348
31/07/2024 21:00;31/07/2024 21:15;85;kWh;0;19250;0;0;19250;19250
31/07/2024 21:15;31/07/2024 21:30;86;kWh;0;26998;0;0;26998;26998
31/07/2024 21:30;31/07/2024 21:45;87;kWh;0;37277;0;0;37277;37277
31/07/2024 21:45;31/07/2024 22:00;88;kWh;0;32945;0;0;32945;32945
31/07/2024 22:00;31/07/2024 22:15;89;kWh;0;5209;0;0;5209;5209
31/07/2024 22:15;31/07/2024 22:30;90;kWh;0;1026;0;0;1026;1026
31/07/2024 22:30;31/07/2024 22:45;91;kWh;0;2047;0;0;2047;2047
31/07/2024 22:45;31/07/2024 23:00;92;kWh;0;14967;0;0;14967;14967
31/07/2024 23:00;31/07/2024 23:15;93;kWh;0;221;0;0;221;221
31/07/2024 23:15;31/07/2024 23:30;94;kWh;0;24815;0;0;24815;24815
31/07/2024 23:30;31/07/2024 23:45;95;kWh;0;30523;0;0;30523;30523
31/07/2024 23:45;01/08/2024 00:00;96;kWh;-35;4907;0;0;4942;4872
01/08/2024 00:00;01/08/2024 00:15;1;kWh;-1400;0;0;0;1400;-1400
01/08/2024 00:15;01/08/2024 00:30;2;kWh;-9887;0;0;0;9887;-9887
01/08/2024 00:30;01/08/2024 00:45;3;kWh;-35410;0;0;0;35410;-35410
01/08/2024 00:45;01/08/2024 01:00;4;kWh;-34903;0;0;0;34903;-34903
01/08/2024 01:00;01/08/2024 01:15;5;kWh;-34865;0;0;0;34865;-34865
01/08/2024 01:15;01/08/2024 01:30;6;kWh;-20956;0;0;0;20956;-20956
01/08/2024 01:30;01/08/2024 01:45;7;kWh;-26890;0;0;0;26890;-26890
01/08/2024 01:45;01/08/2024 02:00;8;kWh;-29402;0;0;0;29402;-29402
01/08/2024 02:00;01/08/2024 02:15;9;kWh;-17264;0;0;0;17264;-17264
01/08/2024 02:15;01/08/2024 02:30;10;kWh;-4096;0;0;0;4096;-4096
01/08/2024 02:30;01/08/2024 02:45;11;kWh;-3417;0;0;0;3417;-3417
01/08/2024 02:45;01/08/2024 03:00;12;kWh;-3790;0;0;0;3790;-3790
01/08/2024 03:00;01/08/2024 03:15;13;kWh;-229;2197;0;0;2426;1968
01/08/2024 03:15;01/08/2024 03:30;14;kWh;-93;82;0;0;175;-11
01/08/2024 03:30;01/08/2024 03:45;15;kWh;-1005;0;0;0;1005;-1005
01/08/2024 03:45;01/08/2024 04:00;16;kWh;0;0;0;0;0;0
01/08/2024 04:00;01/08/2024 04:15;17;kWh;0;0;0;0;0;0
01/08/2024 04:15;01/08/2024 04:30;18;kWh;0;0;0;0;0;0
01/08/2024 04:30;01/08/2024 04:45;19;kWh;0;0;0;0;0;0
01/08/2024 04:45;01/08/2024 05:00;20;kWh;-4531;0;0;0;4531;-4531
01/08/2024 05:00;01/08/2024 05:15;21;kWh;-16306;0;0;0;16306;-16306
01/08/2024 05:15;01/08/2024 05:30;22;kWh;-26826;0;0;0;26826;-26826
01/08/2024 05:30;01/08/2024 05:45;23;kWh;-1529;656;0;0;2185;-873
01/08/2024 05:45;01/08/2024 06:00;24;kWh;0;1465;0;0;1465;1465
01/08/2024 06:00;01/08/2024 06:15;25;kWh;0;929;0;0;929;929
01/08/2024 06:15;01/08/2024 06:30;26;kWh;0;766;0;0;766;766
01/08/2024 06:30;01/08/2024 06:45;27;kWh;-9389;0;0;0;9389;-9389
01/08/2024 06:45;01/08/2024 07:00;28;kWh;-36999;0;0;0;36999;-36999
01/08/2024 07:00;01/08/2024 07:15;29;kWh;-9124;0;0;0;9124;-9124
01/08/2024 07:15;01/08/2024 07:30;30;kWh;-28325;0;0;0;28325;-28325
01/08/2024 07:30;01/08/2024 07:45;31;kWh;-14038;0;0;0;14038;-14038
01/08/2024 07:45;01/08/2024 08:00;32;kWh;-710;0;0;0;710;-710
01/08/2024 08:00;01/08/2024 08:15;33;kWh;-357;9231;0;0;9588;8874
01/08/2024 08:15;01/08/2024 08:30;34;kWh;0;42819;0;0;42819;42819
01/08/2024 08:30;01/08/2024 08:45;35;kWh;0;42609;0;0;42609;42609
01/08/2024 08:45;01/08/2024 09:00;36;kWh;0;27394;0;0;27394;27394
01/08/2024 09:00;01/08/2024 09:15;37;kWh;0;5707;0;0;5707;5707
01/08/2024 09:15;01/08/2024 09:30;38;kWh;0;0;0;0;0;0
01/08/2024 09:30;01/08/2024 09:45;39;kWh;0;0;0;0;0;0
01/08/2024 09:45;01/08/2024 10:00;40;kWh;0;0;0;0;0;0
01/08/2024 10:00;01/08/2024 10:15;41;kWh;-10376;0;0;0;10376;-10376
01/08/2024 10:15;01/08/2024 10:30;42;kWh;-9165;0;0;0;9165;-9165
01/08/2024 10:30;01/08/2024 10:45;43;kWh;-42376;0;0;0;42376;-42376
01/08/2024 10:45;01/08/2024 11:00;44;kWh;-45705;0;0;0;45705;-45705
01/08/2024 11:00;01/08/2024 11:15;45;kWh;-17549;0;0;0;17549;-17549
01/08/2024 11:15;01/08/2024 11:30;46;kWh;0;20433;0;0;20433;20433
01/08/2024 11:30;01/08/2024 11:45;47;kWh;0;30541;0;0;30541;30541
01/08/2024 11:45;01/08/2024 12:00;48;kWh;0;36885;0;0;36885;36885
01/08/2024 12:00;01/08/2024 12:15;49;kWh;0;3032;0;0;3032;3032
01/08/2024 12:15;01/08/2024 12:30;50;kWh;0;126;0;0;126;126
01/08/2024 12:30;01/08/2024 12:45;51;kWh;0;56;0;0;56;56
01/08/2024 12:45;01/08/2024 13:00;52;kWh;0;1372;0;0;1372;1372
01/08/2024 13:00;01/08/2024 13:15;53;kWh;0;10126;0;0;10126;10126
01/08/2024 13:15;01/08/2024 13:30;54;kWh;0;33534;0;0;33534;33534
01/08/2024 13:30;01/08/2024 13:45;55;kWh;0;35601;0;0;35601;35601
01/08/2024 13:45;01/08/2024 14:00;56;kWh;0;54757;0;0;54757;54757
01/08/2024 14:00;01/08/2024 14:15;57;kWh;0;57096;0;0;57096;57096
01/08/2024 14:15;01/08/2024 14:30;58;kWh;0;62177;0;0;62177;62177
01/08/2024 14:30;01/08/2024 14:45;59;kWh;0;118486;0;0;118486;118486
01/08/2024 14:45;01/08/2024 15:00;60;kWh;0;123314;0;0;123314;123314
01/08/2024 15:00;01/08/2024 15:15;61;kWh;0;130638;0;0;130638;130638
01/08/2024 15:15;01/08/2024 15:30;62;kWh;0;130248;0;0;130248;130248
01/08/2024 15:30;01/08/2024 15:45;63;kWh;0;129193;0;0;129193;129193
01/08/2024 15:45;01/08/2024 16:00;64;kWh;0;119402;0;0;119402;119402
01/08/2024 16:00;01/08/2024 16:15;65;kWh;-1110;3002;0;0;4112;1892
01/08/2024 16:15;01/08/2024 16:30;66;kWh;0;35291;0;0;35291;35291
01/08/2024 16:30;01/08/2024 16:45;67;kWh;0;17361;0;0;17361;17361
01/08/2024 16:45;01/08/2024 17:00;68;kWh;0;160;0;0;160;160
01/08/2024 17:00;01/08/2024 17:15;69;kWh;0;1607;0;0;1607;1607
01/08/2024 17:15;01/08/2024 17:30;70;kWh;-12450;349;0;0;12799;-12101
01/08/2024 17:30;01/08/2024 17:45;71;kWh;-13387;0;0;0;13387;-13387
01/08/2024 17:45;01/08/2024 18:00;72;kWh;-868;0;0;0;868;-868
01/08/2024 18:00;01/08/2024 18:15;73;kWh;0;2412;0;0;2412;2412
01/08/2024 18:15;01/08/2024 18:30;74;kWh;0;1088;0;0;1088;1088
01/08/2024 18:30;01/08/2024 18:45;75;kWh;0;0;0;0;0;0
01/08/2024 18:45;01/08/2024 19:00;76;kWh;0;0;0;0;0;0
01/08/2024 19:00;01/08/2024 19:15;77;kWh;-2295;0;0;0;2295;-2295
01/08/2024 19:15;01/08/2024 19:30;78;kWh;-3132;0;0;0;3132;-3132
01/08/2024 19:30;01/08/2024 19:45;79;kWh;-14455;0;0;0;14455;-14455
01/08/2024 19:45;01/08/2024 20:00;80;kWh;-88;0;0;0;88;-88
01/08/2024 20:00;01/08/2024 20:15;81;kWh;-7693;0;0;0;7693;-7693
01/08/2024 20:15;01/08/2024 20:30;82;kWh;-33030;0;0;0;33030;-33030
01/08/2024 20:30;01/08/2024 20:45;83;kWh;-34299;0;0;0;34299;-34299
01/08/2024 20:45;01/08/2024 21:00;84;kWh;-12192;0;0;0;12192;-12192
01/08/2024 21:00;01/08/2024 21:15;85;kWh;-4847;0;0;0;4847;-4847
01/08/2024 21:15;01/08/2024 21:30;86;kWh;-4706;0;0;0;4706;-4706
01/08/2024 21:30;01/08/2024 21:45;87;kWh;0;0;0;0;0;0
01/08/2024 21:45;01/08/2024 22:00;88;kWh;0;3850;0;0;3850;3850
01/08/2024 22:00;01/08/2024 22:15;89;kWh;0;18867;0;0;18867;18867
01/08/2024 22:15;01/08/2024 22:30;90;kWh;0;25740;0;0;25740;25740
01/08/2024 22:30;01/08/2024 22:45;91;kWh;0;5839;0;0;5839;5839
01/08/2024 22:45;01/08/2024 23:00;92;kWh;0;8503;0;0;8503;8503
01/08/2024 23:00;01/08/2024 23:15;93;kWh;-6;3477;0;0;3483;3471
01/08/2024 23:15;01/08/2024 23:30;94;kWh;0;1001;0;0;1001;1001
01/08/2024 23:30;01/08/2024 23:45;95;kWh;-2800;0;0;0;2800;-2800
01/08/2024 23:45;02/08/2024 00:00;96;kWh;-14187;0;0;0;14187;-14187
02/08/2024 00:00;02/08/2024 00:15;1;kWh;-17722;0;0;0;17722;-17722
02/08/2024 00:15;02/08/2024 00:30;2;kWh;-336;0;0;0;336;-336
02/08/2024 00:30;02/08/2024 00:45;3;kWh;-1113;949;0;0;2062;-164
02/08/2024 00:45;02/08/2024 01:00;4;kWh;0;5970;0;0;5970;5970
02/08/2024 01:00;02/08/2024 01:15;5;kWh;0;1159;0;0;1159;1159
02/08/2024 01:15;02/08/2024 01:30;6;kWh;-3;2623;0;0;2626;2620
02/08/2024 01:30;02/08/2024 01:45;7;kWh;-3870;0;0;0;3870;-3870
02/08/2024 01:45;02/08/2024 02:00;8;kWh;-10944;0;0;0;10944;-10944
02/08/2024 02:00;02/08/2024 02:15;9;kWh;-3047;0;0;0;3047;-3047
02/08/2024 02:15;02/08/2024 02:30;10;kWh;0;0;0;0;0;0
02/08/2024 02:30;02/08/2024 02:45;11;kWh;0;112;0;0;112;112
02/08/2024 02:45;02/08/2024 03:00;12;kWh;0;0;0;0;0;0
02/08/2024 03:00;02/08/2024 03:15;13;kWh;-45;0;0;0;45;-45
02/08/2024 03:15;02/08/2024 03:30;14;kWh;-429;0;0;0;429;-429
02/08/2024 03:30;02/08/2024 03:45;15;kWh;-598;0;0;0;598;-598
02/08/2024 03:45;02/08/2024 04:00;16;kWh;-4882;0;0;0;4882;-4882
02/08/2024 04:00;02/08/2024 04:15;17;kWh;-303;0;0;0;303;-303
02/08/2024 04:15;02/08/2024 04:30;18;kWh;0;540;0;0;540;540
02/08/2024 04:30;02/08/2024 04:45;19;kWh;0;1715;0;0;1715;1715
02/08/2024 04:45;02/08/2024 05:00;20;kWh;0;577;0;0;577;577
02/08/2024 05:00;02/08/2024 05:15;21;kWh;0;16;0;0;16;16
02/08/2024 05:15;02/08/2024 05:30;22;kWh;0;1456;0;0;1456;1456
02/08/2024 05:30;02/08/2024 05:45;23;kWh;0;13411;0;0;13411;13411
02/08/2024 05:45;02/08/2024 06:00;24;kWh;0;11940;0;0;11940;11940
02/08/2024 06:00;02/08/2024 06:15;25;kWh;0;2315;0;0;2315;2315
02/08/2024 06:15;02/08/2024 06:30;26;kWh;0;7388;0;0;7388;7388
02/08/2024 06:30;02/08/2024 06:45;27;kWh;0;5419;0;0;5419;5419
02/08/2024 06:45;02/08/2024 07:00;28;kWh;0;1625;0;0;1625;1625
02/08/2024 07:00;02/08/2024 07:15;29;kWh;0;16597;0;0;16597;16597
02/08/2024 07:15;02/08/2024 07:30;30;kWh;0;20401;0;0;20401;20401
02/08/2024 07:30;02/08/2024 07:45;31;kWh;0;3514;0;0;3514;3514
02/08/2024 07:45;02/08/2024 08:00;32;kWh;0;2486;0;0;2486;2486
02/08/2024 08:00;02/08/2024 08:15;33;kWh;-1041;0;0;0;1041;-1041
02/08/2024 08:15;02/08/2024 08:30;34;kWh;-7564;0;0;0;7564;-7564
02/08/2024 08:30;02/08/2024 08:45;35;kWh;-20484;0;0;0;20484;-20484
02/08/2024 08:45;02/08/2024 09:00;36;kWh;-33739;0;0;0;33739;-33739
02/08/2024 09:00;02/08/2024 09:15;37;kWh;-9552;0;0;0;9552;-9552
02/08/2024 09:15;02/08/2024 09:30;38;kWh;-331;0;0;0;331;-331
02/08/2024 09:30;02/08/2024 09:45;39;kWh;-5206;0;0;0;5206;-5206
02/08/2024 09:45;02/08/2024 10:00;40;kWh;-8853;0;0;0;8853;-8853
02/08/2024 10:00;02/08/2024 10:15;41;kWh;-15372;0;0;0;15372;-15372
02/08/2024 10:15;02/08/2024 10:30;42;kWh;-13370;0;0;0;13370;-13370
02/08/2024 10:30;02/08/2024 10:45;43;kWh;-15023;0;0;0;15023;-15023
02/08/2024 10:45;02/08/2024 11:00;44;kWh;-28973;0;0;0;28973;-28973
02/08/2024 11:00;02/08/2024 11:15;45;kWh;-30265;0;0;0;30265;-30265
02/08/2024 11:15;02/08/2024 11:30;46;kWh;-1486;1497;0;0;2983;11
02/08/2024 11:30;02/08/2024 11:45;47;kWh;0;2052;0;0;2052;2052
02/08/2024 11:45;02/08/2024 12:00;48;kWh;0;16108;0;0;16108;16108
02/08/2024 12:00;02/08/2024 12:15;49;kWh;0;38950;0;0;38950;38950
02/08/2024 12:15;02/08/2024 12:30;50;kWh;0;33725;0;0;33725;33725
02/08/2024 12:30;02/08/2024 12:45;51;kWh;-78;8532;0;0;8610;8454
02/08/2024 12:45;02/08/2024 13:00;52;kWh;-17567;0;0;0;17567;-17567
02/08/2024 13:00;02/08/2024 13:15;53;kWh;-27388;0;0;0;27388;-27388
02/08/2024 13:15;02/08/2024 13:30;54;kWh;-20900;615;0;0;21515;-20285
02/08/2024 13:30;02/08/2024 13:45;55;kWh;-12440;540;0;0;12980;-11900
02/08/2024 13:45;02/08/2024 14:00;56;kWh;-9963;0;0;0;9963;-9963
02/08/2024 14:00;02/08/2024 14:15;57;kWh;-827;40;0;0;867;-787
02/08/2024 14:15;02/08/2024 14:30;58;kWh;-3196;2;0;0;3198;-3194
02/08/2024 14:30;02/08/2024 14:45;59;kWh;-35;0;0;0;35;-35
02/08/2024 14:45;02/08/2024 15:00;60;kWh;0;4108;0;0;4108;4108
02/08/2024 15:00;02/08/2024 15:15;61;kWh;-18714;50;0;0;18764;-18664
02/08/2024 15:15;02/08/2024 15:30;62;kWh;-13606;0;0;0;13606;-13606
02/08/2024 15:30;02/08/2024 15:45;63;kWh;-6368;0;0;0;6368;-6368
02/08/2024 15:45;02/08/2024 16:00;64;kWh;-436;0;0;0;436;-436
02/08/2024 16:00;02/08/2024 16:15;65;kWh;-21270;0;0;0;21270;-21270
02/08/2024 16:15;02/08/2024 16:30;66;kWh;-1755;0;0;0;1755;-1755
02/08/2024 16:30;02/08/2024 16:45;67;kWh;-521;0;0;0;521;-521
02/08/2024 16:45;02/08/2024 17:00;68;kWh;-4538;0;0;0;4538;-4538
02/08/2024 17:00;02/08/2024 17:15;69;kWh;0;2984;0;0;2984;2984
02/08/2024 17:15;02/08/2024 17:30;70;kWh;0;17566;0;0;17566;17566
02/08/2024 17:30;02/08/2024 17:45;71;kWh;0;9334;0;0;9334;9334
02/08/2024 17:45;02/08/2024 18:00;72;kWh;-30;435;0;0;465;405
02/08/2024 18:00;02/08/2024 18:15;73;kWh;0;27312;0;0;27312;27312
02/08/2024 18:15;02/08/2024 18:30;74;kWh;-8791;1507;0;0;10298;-7284
02/08/2024 18:30;02/08/2024 18:45;75;kWh;-27381;0;0;0;27381;-27381
02/08/2024 18:45;02/08/2024 19:00;76;kWh;-2817;0;0;0;2817;-2817
02/08/2024 19:00;02/08/2024 19:15;77;kWh;-15750;0;0;0;15750;-15750
02/08/2024 19:15;02/08/2024 19:30;78;kWh;-2665;0;0;0;2665;-2665
02/08/2024 19:30;02/08/2024 19:45;79;kWh;-54;405;0;0;459;351
02/08/2024 19:45;02/08/2024 20:00;80;kWh;0;18341;0;0;18341;18341
02/08/2024 20:00;02/08/2024 20:15;81;kWh;-66;3388;0;0;3454;3322
02/08/2024 20:15;02/08/2024 20:30;82;kWh;0;7597;0;0;7597;7597
02/08/2024 20:30;02/08/2024 20:45;83;kWh;0;16353;0;0;16353;16353
02/08/2024 20:45;02/08/2024 21:00;84;kWh;0;1696;0;0;1696;1696
02/08/2024 21:00;02/08/2024 21:15;85;kWh;-3195;0;0;0;3195;-3195
02/08/2024 21:15;02/08/2024 21:30;86;kWh;-6294;0;0;0;6294;-6294
02/08/2024 21:30;02/08/2024 21:45;87;kWh;-5150;0;0;0;5150;-5150
02/08/2024 21:45;02/08/2024 22:00;88;kWh;-14941;0;0;0;14941;-14941
02/08/2024 22:00;02/08/2024 22:15;89;kWh;-4299;0;0;0;4299;-4299
02/08/2024 22:15;02/08/2024 22:30;90;kWh;0;0;0;0;0;0
02/08/2024 22:30;02/08/2024 22:45;91;kWh;0;0;0;0;0;0
02/08/2024 22:45;02/08/2024 23:00;92;kWh;-4665;0;0;0;4665;-4665
02/08/2024 23:00;02/08/2024 23:15;93;kWh;-16047;0;0;0;16047;-16047
02/08/2024 23:15;02/08/2024 23:30;94;kWh;-15124;0;0;0;15124;-15124
02/08/2024 23:30;02/08/2024 23:45;95;kWh;-2697;0;0;0;2697;-2697
02/08/2024 23:45;03/08/2024 00:00;96;kWh;-1844;0;0;0;1844;-1844
03/08/2024 00:00;03/08/2024 00:15;1;kWh;-4386;0;0;0;4386;-4386
03/08/2024 00:15;03/08/2024 00:30;2;kWh;-3231;0;0;0;3231;-3231
03/08/2024 00:30;03/08/2024 00:45;3;kWh;-1269;0;0;0;1269;-1269
03/08/2024 00:45;03/08/2024 01:00;4;kWh;-943;838;0;0;1781;-105
03/08/2024 01:00;03/08/2024 01:15;5;kWh;-21063;0;0;0;21063;-21063
03/08/2024 01:15;03/08/2024 01:30;6;kWh;-22549;0;0;0;22549;-22549
03/08/2024 01:30;03/08/2024 01:45;7;kWh;-6355;1573;0;0;7928;-4782
03/08/2024 01:45;03/08/2024 02:00;8;kWh;0;8138;0;0;8138;8138
03/08/2024 02:00;03/08/2024 02:15;9;kWh;0;374;0;0;374;374
03/08/2024 02:15;03/08/2024 02:30;10;kWh;0;1579;0;0;1579;1579
03/08/2024 02:30;03/08/2024 02:45;11;kWh;0;16311;0;0;16311;16311
03/08/2024 02:45;03/08/2024 03:00;12;kWh;0;12597;0;0;12597;12597
03/08/2024 03:00;03/08/2024 03:15;13;kWh;0;27850;0;0;27850;27850
03/08/2024 03:15;03/08/2024 03:30;14;kWh;0;50881;0;0;50881;50881
03/08/2024 03:30;03/08/2024 03:45;15;kWh;0;17888;0;0;17888;17888
03/08/2024 03:45;03/08/2024 04:00;16;kWh;0;10338;0;0;10338;10338
03/08/2024 04:00;03/08/2024 04:15;17;kWh;0;10716;0;0;10716;10716
03/08/2024 04:15;03/08/2024 04:30;18;kWh;0;5340;0;0;5340;5340
03/08/2024 04:30;03/08/2024 04:45;19;kWh;0;5022;0;0;5022;5022
03/08/2024 04:45;03/08/2024 05:00;20;kWh;0;10103;0;0;10103;10103
03/08/2024 05:00;03/08/2024 05:15;21;kWh;0;17479;0;0;17479;17479
03/08/2024 05:15;03/08/2024 05:30;22;kWh;0;37827;0;0;37827;37827
03/08/2024 05:30;03/08/2024 05:45;23;kWh;0;40310;0;0;40310;40310
03/08/2024 05:45;03/08/2024 06:00;24;kWh;0;20279;0;0;20279;20279
03/08/2024 06:00;03/08/2024 06:15;25;kWh;0;37191;0;0;37191;37191
03/08/2024 06:15;03/08/2024 06:30;26;kWh;0;20704;0;0;20704;20704
03/08/2024 06:30;03/08/2024 06:45;27;kWh;0;16216;0;0;16216;16216
03/08/2024 06:45;03/08/2024 07:00;28;kWh;0;570;0;0;570;570
03/08/2024 07:00;03/08/2024 07:15;29;kWh;0;6896;0;0;6896;6896
03/08/2024 07:15;03/08/2024 07:30;30;kWh;0;23598;0;0;23598;23598
03/08/2024 07:30;03/08/2024 07:45;31;kWh;0;19318;0;0;19318;19318
03/08/2024 07:45;03/08/2024 08:00;32;kWh;0;27013;0;0;27013;27013
03/08/2024 08:00;03/08/2024 08:15;33;kWh;0;52767;0;0;52767;52767
03/08/2024 08:15;03/08/2024 08:30;34;kWh;-4;5821;0;0;5825;5817
03/08/2024 08:30;03/08/2024 08:45;35;kWh;-606;0;0;0;606;-606
03/08/2024 08:45;03/08/2024 09:00;36;kWh;-15369;0;0;0;15369;-15369
03/08/2024 09:00;03/08/2024 09:15;37;kWh;-3800;0;0;0;3800;-3800
03/08/2024 09:15;03/08/2024 09:30;38;kWh;-9453;0;0;0;9453;-9453
03/08/2024 09:30;03/08/2024 09:45;39;kWh;-28368;0;0;0;28368;-28368
03/08/2024 09:45;03/08/2024 10:00;40;kWh;-30682;0;0;0;30682;-30682
03/08/2024 10:00;03/08/2024 10:15;41;kWh;-15774;0;0;0;15774;-15774
03/08/2024 10:15;03/08/2024 10:30;42;kWh;0;1070;0;0;1070;1070
03/08/2024 10:30;03/08/2024 10:45;43;kWh;-898;0;0;0;898;-898
03/08/2024 10:45;03/08/2024 11:00;44;kWh;-2145;0;0;0;2145;-2145
03/08/2024 11:00;03/08/2024 11:15;45;kWh;-97;2697;0;0;2794;2600
03/08/2024 11:15;03/08/2024 11:30;46;kWh;-4;0;0;0;4;-4
03/08/2024 11:30;03/08/2024 11:45;47;kWh;-12497;0;0;0;12497;-12497
03/08/2024 11:45;03/08/2024 12:00;48;kWh;-28406;0;0;0;28406;-28406
03/08/2024 12:00;03/08/2024 12:15;49;kWh;-10855;0;0;0;10855;-10855
03/08/2024 12:15;03/08/2024 12:30;50;kWh;-4913;0;0;0;4913;-4913
03/08/2024 12:30;03/08/2024 12:45;51;kWh;-5981;0;0;0;5981;-5981
03/08/2024 12:45;03/08/2024 13:00;52;kWh;-25582;0;0;0;25582;-25582
03/08/2024 13:00;03/08/2024 13:15;53;kWh;-10009;0;0;0;10009;-10009
03/08/2024 13:15;03/08/2024 13:30;54;kWh;-16803;0;0;0;16803;-16803
03/08/2024 13:30;03/08/2024 13:45;55;kWh;-40151;0;0;0;40151;-40151
03/08/2024 13:45;03/08/2024 14:00;56;kWh;-55944;0;0;0;55944;-55944
03/08/2024 14:00;03/08/2024 14:15;57;kWh;-29824;0;0;0;29824;-29824
03/08/2024 14:15;03/08/2024 14:30;58;kWh;-39794;0;0;0;39794;-39794
03/08/2024 14:30;03/08/2024 14:45;59;kWh;-30961;0;0;0;30961;-30961
03/08/2024 14:45;03/08/2024 15:00;60;kWh;-10162;0;0;0;10162;-10162
03/08/2024 15:00;03/08/2024 15:15;61;kWh;-6143;0;0;0;6143;-6143
03/08/2024 15:15;03/08/2024 15:30;62;kWh;-20053;317;0;0;20370;-19736
03/08/2024 15:30;03/08/2024 15:45;63;kWh;-23792;86;0;0;23878;-23706
03/08/2024 15:45;03/08/2024 16:00;64;kWh;-24385;50;0;0;24435;-24335
03/08/2024 16:00;03/08/2024 16:15;65;kWh;-6874;0;0;0;6874;-6874
03/08/2024 16:15;03/08/2024 16:30;66;kWh;-19275;0;0;0;19275;-19275
03/08/2024 16:30;03/08/2024 16:45;67;kWh;-16864;2074;0;0;18938;-14790
03/08/2024 16:45;03/08/2024 17:00;68;kWh;-531;1607;0;0;2138;1076
03/08/2024 17:00;03/08/2024 17:15;69;kWh;0;22618;0;0;22618;22618
03/08/2024 17:15;03/08/2024 17:30;70;kWh;0;33981;0;0;33981;33981
03/08/2024 17:30;03/08/2024 17:45;71;kWh;0;14107;0;0;14107;14107
03/08/2024 17:45;03/08/2024 18:00;72;kWh;0;13256;0;0;13256;13256
03/08/2024 18:00;03/08/2024 18:15;73;kWh;0;10106;0;0;10106;10106
03/08/2024 18:15;03/08/2024 18:30;74;kWh;0;1614;0;0;1614;1614
03/08/2024 18:30;03/08/2024 18:45;75;kWh;-11113;0;0;0;11113;-11113
03/08/2024 18:45;03/08/2024 19:00;76;kWh;-3041;0;0;0;3041;-3041
03/08/2024 19:00;03/08/2024 19:15;77;kWh;-33071;4314;0;0;37385;-28757
03/08/2024 19:15;03/08/2024 19:30;78;kWh;-29082;175;0;0;29257;-28907
03/08/2024 19:30;03/08/2024 19:45;79;kWh;-9216;420;0;0;9636;-8796
03/08/2024 19:45;03/08/2024 20:00;80;kWh;-33229;0;0;0;33229;-33229
03/08/2024 20:00;03/08/2024 20:15;81;kWh;-32414;0;0;0;32414;-32414
03/08/2024 20:15;03/08/2024 20:30;82;kWh;-34273;0;0;0;34273;-34273
03/08/2024 20:30;03/08/2024 20:45;83;kWh;-45442;0;0;0;45442;-45442
03/08/2024 20:45;03/08/2024 21:00;84;kWh;-28683;0;0;0;28683;-28683
03/08/2024 21:00;03/08/2024 21:15;85;kWh;-5084;0;0;0;5084;-5084
03/08/2024 21:15;03/08/2024 21:30;86;kWh;-2331;0;0;0;2331;-2331
03/08/2024 21:30;03/08/2024 21:45;87;kWh;-17;0;0;0;17;-17
03/08/2024 21:45;03/08/2024 22:00;88;kWh;0;841;0;0;841;841
03/08/2024 22:00;03/08/2024 22:15;89;kWh;0;4052;0;0;4052;4052
03/08/2024 22:15;03/08/2024 22:30;90;kWh;0;700;0;0;700;700
03/08/2024 22:30;03/08/2024 22:45;91;kWh;-12;2930;0;0;2942;2918
03/08/2024 22:45;03/08/2024 23:00;92;kWh;-13636;6;0;0;13642;-13630
03/08/2024 23:00;03/08/2024 23:15;93;kWh;-46027;0;0;0;46027;-46027
03/08/2024 23:15;03/08/2024 23:30;94;kWh;-32983;0;0;0;32983;-32983
03/08/2024 23:30;03/08/2024 23:45;95;kWh;-4825;3451;0;0;8276;-1374
03/08/2024 23:45;04/08/2024 00:00;96;kWh;0;10783;0;0;10783;10783
04/08/2024 00:00;04/08/2024 00:15;1;kWh;0;18852;0;0;18852;18852
04/08/2024 00:15;04/08/2024 00:30;2;kWh;0;22127;0;0;22127;22127
04/08/2024 00:30;04/08/2024 00:45;3;kWh;0;40475;0;0;40475;40475
04/08/2024 00:45;04/08/2024 01:00;4;kWh;0;30409;0;0;30409;30409
04/08/2024 01:00;04/08/2024 01:15;5;kWh;0;3517;0;0;3517;3517
04/08/2024 01:15;04/08/2024 01:30;6;kWh;0;2413;0;0;2413;2413
04/08/2024 01:30;04/08/2024 01:45;7;kWh;0;1412;0;0;1412;1412
04/08/2024 01:45;04/08/2024 02:00;8;kWh;-16599;0;0;0;16599;-16599
04/08/2024 02:00;04/08/2024 02:15;9;kWh;-6280;0;0;0;6280;-6280
04/08/2024 02:15;04/08/2024 02:30;10;kWh;-25739;0;0;0;25739;-25739
04/08/2024 02:30;04/08/2024 02:45;11;kWh;-30557;0;0;0;30557;-30557
04/08/2024 02:45;04/08/2024 03:00;12;kWh;-5050;0;0;0;5050;-5050
04/08/2024 03:00;04/08/2024 03:15;13;kWh;-19682;0;0;0;19682;-19682
04/08/2024 03:15;04/08/2024 03:30;14;kWh;-4460;0;0;0;4460;-4460
04/08/2024 03:30;04/08/2024 03:45;15;kWh;-23565;0;0;0;23565;-23565
04/08/2024 03:45;04/08/2024 04:00;16;kWh;-6177;0;0;0;6177;-6177
04/08/2024 04:00;04/08/2024 04:15;17;kWh;-6;0;0;0;6;-6
04/08/2024 04:15;04/08/2024 04:30;18;kWh;-1813;0;0;0;1813;-1813
04/08/2024 04:30;04/08/2024 04:45;19;kWh;-913;0;0;0;913;-913
04/08/2024 04:45;04/08/2024 05:00;20;kWh;0;0;0;0;0;0
04/08/2024 05:00;04/08/2024 05:15;21;kWh;0;0;0;0;0;0
04/08/2024 05:15;04/08/2024 05:30;22;kWh;0;0;0;0;0;0
04/08/2024 05:30;04/08/2024 05:45;23;kWh;0;2278;0;0;2278;2278
04/08/2024 05:45;04/08/2024 06:00;24;kWh;-460;857;0;0;1317;397
04/08/2024 06:00;04/08/2024 06:15;25;kWh;-1815;0;0;0;1815;-1815
04/08/2024 06:15;04/08/2024 06:30;26;kWh;-5175;0;0;0;5175;-5175
04/08/2024 06:30;04/08/2024 06:45;27;kWh;-31111;0;0;0;31111;-31111
04/08/2024 06:45;04/08/2024 07:00;28;kWh;-35907;0;0;0;35907;-35907
04/08/2024 07:00;04/08/2024 07:15;29;kWh;-2914;1243;0;0;4157;-1671
04/08/2024 07:15;04/08/2024 07:30;30;kWh;-6074;0;0;0;6074;-6074
04/08/2024 07:30;04/08/2024 07:45;31;kWh;-29031;0;0;0;29031;-29031
04/08/2024 07:45;04/08/2024 08:00;32;kWh;-40217;0;0;0;40217;-40217
04/08/2024 08:00;04/08/2024 08:15;33;kWh;-27429;0;0;0;27429;-27429
04/08/2024 08:15;04/08/2024 08:30;34;kWh;-28900;0;0;0;28900;-28900
04/08/2024 08:30;04/08/2024 08:45;35;kWh;-41914;0;0;0;41914;-41914
04/08/2024 08:45;04/08/2024 09:00;36;kWh;-55644;0;0;0;55644;-55644
04/08/2024 09:00;04/08/2024 09:15;37;kWh;-20373;0;0;0;20373;-20373
04/08/2024 09:15;04/08/2024 09:30;38;kWh;-28594;0;0;0;28594;-28594
04/08/2024 09:30;04/08/2024 09:45;39;kWh;-53903;0;0;0;53903;-53903
04/08/2024 09:45;04/08/2024 10:00;40;kWh;-52534;0;0;0;52534;-52534
04/08/2024 10:00;04/08/2024 10:15;41;kWh;-46770;0;0;0;46770;-46770
04/08/2024 10:15;04/08/2024 10:30;42;kWh;-34594;0;0;0;34594;-34594
04/08/2024 10:30;04/08/2024 10:45;43;kWh;-40928;0;0;0;40928;-40928
04/08/2024 10:45;04/08/2024 11:00;44;kWh;-38855;0;0;0;38855;-38855
04/08/2024 11:00;04/08/2024 11:15;45;kWh;-38371;0;0;0;38371;-38371
04/08/2024 11:15;04/08/2024 11:30;46;kWh;-36945;0;0;0;36945;-36945
04/08/2024 11:30;04/08/2024 11:45;47;kWh;-26353;0;0;0;26353;-26353
04/08/2024 11:45;04/08/2024 12:00;48;kWh;-18503;0;0;0;18503;-18503
04/08/2024 12:00;04/08/2024 12:15;49;kWh;-28874;0;0;0;28874;-28874
04/08/2024 12:15;04/08/2024 12:30;50;kWh;-19566;0;0;0;19566;-19566
04/08/2024 12:30;04/08/2024 12:45;51;kWh;-5610;0;0;0;5610;-5610
04/08/2024 12:45;04/08/2024 13:00;52;kWh;-15689;0;0;0;15689;-15689
04/08/2024 13:00;04/08/2024 13:15;53;kWh;-31;20193;0;0;20224;20162
04/08/2024 13:15;04/08/2024 13:30;54;kWh;0;5032;0;0;5032;5032
04/08/2024 13:30;04/08/2024 13:45;55;kWh;-15035;0;0;0;15035;-15035
04/08/2024 13:45;04/08/2024 14:00;56;kWh;-24690;0;0;0;24690;-24690
04/08/2024 14:00;04/08/2024 14:15;57;kWh;-19660;0;0;0;19660;-19660
04/08/2024 14:15;04/08/2024 14:30;58;kWh;-20787;0;0;0;20787;-20787
04/08/2024 14:30;04/08/2024 14:45;59;kWh;-33258;0;0;0;33258;-33258
04/08/2024 14:45;04/08/2024 15:00;60;kWh;-47765;0;0;0;47765;-47765
04/08/2024 15:00;04/08/2024 15:15;61;kWh;-18277;0;0;0;18277;-18277
04/08/2024 15:15;04/08/2024 15:30;62;kWh;-42652;0;0;0;42652;-42652
04/08/2024 15:30;04/08/2024 15:45;63;kWh;-39248;0;0;0;39248;-39248
04/08/2024 15:45;04/08/2024 16:00;64;kWh;-42040;0;0;0;42040;-42040
04/08/2024 16:00;04/08/2024 16:15;65;kWh;-38892;0;0;0;38892;-38892
04/08/2024 16:15;04/08/2024 16:30;66;kWh;-26154;0;0;0;26154;-26154
04/08/2024 16:30;04/08/2024 16:45;67;kWh;-15430;3;0;0;15433;-15427
04/08/2024 16:45;04/08/2024 17:00;68;kWh;-29;805;0;0;834;776
04/08/2024 17:00;04/08/2024 17:15;69;kWh;-18142;0;0;0;18142;-18142
04/08/2024 17:15;04/08/2024 17:30;70;kWh;-19800;0;0;0;19800;-19800
04/08/2024 17:30;04/08/2024 17:45;71;kWh;-12953;0;0;0;12953;-12953
04/08/2024 17:45;04/08/2024 18:00;72;kWh;-17453;0;0;0;17453;-17453
04/08/2024 18:00;04/08/2024 18:15;73;kWh;-35937;0;0;0;35937;-35937
04/08/2024 18:15;04/08/2024 18:30;74;kWh;-17023;0;0;0;17023;-17023
04/08/2024 18:30;04/08/2024 18:45;75;kWh;-24409;42;0;0;24451;-24367
04/08/2024 18:45;04/08/2024 19:00;76;kWh;-13271;218;0;0;13489;-13053
04/08/2024 19:00;04/08/2024 19:15;77;kWh;-22237;0;0;0;22237;-22237
04/08/2024 19:15;04/08/2024 19:30;78;kWh;-794;0;0;0;794;-794
04/08/2024 19:30;04/08/2024 19:45;79;kWh;0;1899;0;0;1899;1899
04/08/2024 19:45;04/08/2024 20:00;80;kWh;0;20364;0;0;20364;20364
04/08/2024 20:00;04/08/2024 20:15;81;kWh;0;6191;0;0;6191;6191
04/08/2024 20:15;04/08/2024 20:30;82;kWh;0;12587;0;0;12587;12587
04/08/2024 20:30;04/08/2024 20:45;83;kWh;0;38259;0;0;38259;38259
04/08/2024 20:45;04/08/2024 21:00;84;kWh;0;27406;0;0;27406;27406
04/08/2024 21:00;04/08/2024 21:15;85;kWh;0;3268;0;0;3268;3268
04/08/2024 21:15;04/08/2024 21:30;86;kWh;0;3753;0;0;3753;3753
04/08/2024 21:30;04/08/2024 21:45;87;kWh;0;12306;0;0;12306;12306
04/08/2024 21:45;04/08/2024 22:00;88;kWh;0;5059;0;0;5059;5059
04/08/2024 22:00;04/08/2024 22:15;89;kWh;-865;0;0;0;865;-865
04/08/2024 22:15;04/08/2024 22:30;90;kWh;-7720;0;0;0;7720;-7720
04/08/2024 22:30;04/08/2024 22:45;91;kWh;-10330;0;0;0;10330;-10330
04/08/2024 22:45;04/08/2024 23:00;92;kWh;-20382;0;0;0;20382;-20382
04/08/2024 23:00;04/08/2024 23:15;93;kWh;-8668;0;0;0;8668;-8668
04/08/2024 23:15;04/08/2024 23:30;94;kWh;-13356;0;0;0;13356;-13356
04/08/2024 23:30;04/08/2024 23:45;95;kWh;-23030;0;0;0;23030;-23030
04/08/2024 23:45;05/08/2024 00:00;96;kWh;-32099;0;0;0;32099;-32099
05/08/2024 00:00;05/08/2024 00:15;1;kWh;-5843;1372;0;0;7215;-4471
05/08/2024 00:15;05/08/2024 00:30;2;kWh;0;837;0;0;837;837
05/08/2024 00:30;05/08/2024 00:45;3;kWh;-197;0;0;0;197;-197
05/08/2024 00:45;05/08/2024 01:00;4;kWh;-122;85;0;0;207;-37
05/08/2024 01:00;05/08/2024 01:15;5;kWh;0;2423;0;0;2423;2423
05/08/2024 01:15;05/08/2024 01:30;6;kWh;-386;1426;0;0;1812;1040
05/08/2024 01:30;05/08/2024 01:45;7;kWh;-1177;651;0;0;1828;-526
05/08/2024 01:45;05/08/2024 02:00;8;kWh;0;4250;0;0;4250;4250
05/08/2024 02:00;05/08/2024 02:15;9;kWh;0;12;0;0;12;12
05/08/2024 02:15;05/08/2024 02:30;10;kWh;-24;0;0;0;24;-24
05/08/2024 02:30;05/08/2024 02:45;11;kWh;-764;0;0;0;764;-764
05/08/2024 02:45;05/08/2024 03:00;12;kWh;-3431;0;0;0;3431;-3431
05/08/2024 03:00;05/08/2024 03:15;13;kWh;-725;0;0;0;725;-725
05/08/2024 03:15;05/08/2024 03:30;14;kWh;-473;0;0;0;473;-473
05/08/2024 03:30;05/08/2024 03:45;15;kWh;-86;1467;0;0;1553;1381
05/08/2024 03:45;05/08/2024 04:00;16;kWh;0;1321;0;0;1321;1321
05/08/2024 04:00;05/08/2024 04:15;17;kWh;0;0;0;0;0;0
05/08/2024 04:15;05/08/2024 04:30;18;kWh;-1317;0;0;0;1317;-1317
05/08/2024 04:30;05/08/2024 04:45;19;kWh;-987;0;0;0;987;-987
05/08/2024 04:45;05/08/2024 05:00;20;kWh;-883;0;0;0;883;-883
05/08/2024 05:00;05/08/2024 05:15;21;kWh;0;24261;0;0;24261;24261
05/08/2024 05:15;05/08/2024 05:30;22;kWh;0;19144;0;0;19144;19144
05/08/2024 05:30;05/08/2024 05:45;23;kWh;-3061;0;0;0;3061;-3061
05/08/2024 05:45;05/08/2024 06:00;24;kWh;-9011;0;0;0;9011;-9011
05/08/2024 06:00;05/08/2024 06:15;25;kWh;-1152;11623;0;0;12775;10471
05/08/2024 06:15;05/08/2024 06:30;26;kWh;0;11554;0;0;11554;11554
05/08/2024 06:30;05/08/2024 06:45;27;kWh;0;4277;0;0;4277;4277
05/08/2024 06:45;05/08/2024 07:00;28;kWh;0;127;0;0;127;127
05/08/2024 07:00;05/08/2024 07:15;29;kWh;0;8606;0;0;8606;8606
05/08/2024 07:15;05/08/2024 07:30;30;kWh;0;2183;0;0;2183;2183
05/08/2024 07:30;05/08/2024 07:45;31;kWh;-6672;0;0;0;6672;-6672
05/08/2024 07:45;05/08/2024 08:00;32;kWh;-41412;0;0;0;41412;-41412
05/08/2024 08:00;05/08/2024 08:15;33;kWh;-34376;0;0;0;34376;-34376
05/08/2024 08:15;05/08/2024 08:30;34;kWh;-44353;0;0;0;44353;-44353
05/08/2024 08:30;05/08/2024 08:45;35;kWh;-47464;0;0;0;47464;-47464
05/08/2024 08:45;05/08/2024 09:00;36;kWh;-35822;0;0;0;35822;-35822
05/08/2024 09:00;05/08/2024 09:15;37;kWh;-10483;8200;0;0;18683;-2283
05/08/2024 09:15;05/08/2024 09:30;38;kWh;-541;199;0;0;740;-342
05/08/2024 09:30;05/08/2024 09:45;39;kWh;-18229;0;0;0;18229;-18229
05/08/2024 09:45;05/08/2024 10:00;40;kWh;-11077;0;0;0;11077;-11077
05/08/2024 10:00;05/08/2024 10:15;41;kWh;-7526;1066;0;0;8592;-6460
05/08/2024 10:15;05/08/2024 10:30;42;kWh;-252;2452;0;0;2704;2200
05/08/2024 10:30;05/08/2024 10:45;43;kWh;-9376;0;0;0;9376;-9376
05/08/2024 10:45;05/08/2024 11:00;44;kWh;-18199;0;0;0;18199;-18199
05/08/2024 11:00;05/08/2024 11:15;45;kWh;-18727;0;0;0;18727;-18727
05/08/2024 11:15;05/08/2024 11:30;46;kWh;-33061;0;0;0;33061;-33061
05/08/2024 11:30;05/08/2024 11:45;47;kWh;-32552;0;0;0;32552;-32552
05/08/2024 11:45;05/08/2024 12:00;48;kWh;-30432;689;0;0;31121;-29743
05/08/2024 12:00;05/08/2024 12:15;49;kWh;-79443;653;0;0;80096;-78790
05/08/2024 12:15;05/08/2024 12:30;50;kWh;-27248;755;0;0;28003;-26493
05/08/2024 12:30;05/08/2024 12:45;51;kWh;-51065;0;0;0;51065;-51065
05/08/2024 12:45;05/08/2024 13:00;52;kWh;-39320;0;0;0;39320;-39320
05/08/2024 13:00;05/08/2024 13:15;53;kWh;-23153;0;0;0;23153;-23153
05/08/2024 13:15;05/08/2024 13:30;54;kWh;-33364;0;0;0;33364;-33364
05/08/2024 13:30;05/08/2024 13:45;55;kWh;-33133;0;0;0;33133;-33133
05/08/2024 13:45;05/08/2024 14:00;56;kWh;-38322;0;0;0;38322;-38322
05/08/2024 14:00;05/08/2024 14:15;57;kWh;-42016;0;0;0;42016;-42016
05/08/2024 14:15;05/08/2024 14:30;58;kWh;-47578;0;0;0;47578;-47578
05/08/2024 14:30;05/08/2024 14:45;59;kWh;-56096;0;0;0;56096;-56096
05/08/2024 14:45;05/08/2024 15:00;60;kWh;-41141;0;0;0;41141;-41141
05/08/2024 15:00;05/08/2024 15:15;61;kWh;-30193;0;0;0;30193;-30193
05/08/2024 15:15;05/08/2024 15:30;62;kWh;-33338;0;0;0;33338;-33338
05/08/2024 15:30;05/08/2024 15:45;63;kWh;-21466;69;0;0;21535;-21397
05/08/2024 15:45;05/08/2024 16:00;64;kWh;-84284;163;0;0;84447;-84121
05/08/2024 16:00;05/08/2024 16:15;65;kWh;-26055;607;0;0;26662;-25448
05/08/2024 16:15;05/08/2024 16:30;66;kWh;-31868;0;0;0;31868;-31868
05/08/2024 16:30;05/08/2024 16:45;67;kWh;-25937;299;0;0;26236;-25638
05/08/2024 16:45;05/08/2024 17:00;68;kWh;-31721;1332;0;0;33053;-30389
05/08/2024 17:00;05/08/2024 17:15;69;kWh;-36607;29;0;0;36636;-36578
05/08/2024 17:15;05/08/2024 17:30;70;kWh;-25773;15;0;0;25788;-25758
05/08/2024 17:30;05/08/2024 17:45;71;kWh;-400;209;0;0;609;-191
05/08/2024 17:45;05/08/2024 18:00;72;kWh;-112;4;0;0;116;-108
05/08/2024 18:00;05/08/2024 18:15;73;kWh;-28769;2;0;0;28771;-28767
05/08/2024 18:15;05/08/2024 18:30;74;kWh;-28314;16;0;0;28330;-28298
05/08/2024 18:30;05/08/2024 18:45;75;kWh;-22;2154;0;0;2176;2132
05/08/2024 18:45;05/08/2024 19:00;76;kWh;0;2245;0;0;2245;2245
05/08/2024 19:00;05/08/2024 19:15;77;kWh;-30383;8;0;0;30391;-30375
05/08/2024 19:15;05/08/2024 19:30;78;kWh;-2316;1686;0;0;4002;-630
05/08/2024 19:30;05/08/2024 19:45;79;kWh;0;5452;0;0;5452;5452
05/08/2024 19:45;05/08/2024 20:00;80;kWh;0;36804;0;0;36804;36804
05/08/2024 20:00;05/08/2024 20:15;81;kWh;0;7147;0;0;7147;7147
05/08/2024 20:15;05/08/2024 20:30;82;kWh;0;4658;0;0;4658;4658
05/08/2024 20:30;05/08/2024 20:45;83;kWh;0;22382;0;0;22382;22382
05/08/2024 20:45;05/08/2024 21:00;84;kWh;0;35867;0;0;35867;35867
05/08/2024 21:00;05/08/2024 21:15;85;kWh;0;11931;0;0;11931;11931
05/08/2024 21:15;05/08/2024 21:30;86;kWh;0;10579;0;0;10579;10579
05/08/2024 21:30;05/08/2024 21:45;87;kWh;0;34411;0;0;34411;34411
05/08/2024 21:45;05/08/2024 22:00;88;kWh;0;30709;0;0;30709;30709
05/08/2024 22:00;05/08/2024 22:15;89;kWh;0;13145;0;0;13145;13145
05/08/2024 22:15;05/08/2024 22:30;90;kWh;0;12616;0;0;12616;12616
05/08/2024 22:30;05/08/2024 22:45;91;kWh;0;2916;0;0;2916;2916
05/08/2024 22:45;05/08/2024 23:00;92;kWh;-9613;329;0;0;9942;-9284
05/08/2024 23:00;05/08/2024 23:15;93;kWh;-13814;0;0;0;13814;-13814
05/08/2024 23:15;05/08/2024 23:30;94;kWh;0;23452;0;0;23452;23452
05/08/2024 23:30;05/08/2024 23:45;95;kWh;0;21373;0;0;21373;21373
05/08/2024 23:45;06/08/2024 00:00;96;kWh;-389;30912;0;0;31301;30523
06/08/2024 00:00;06/08/2024 00:15;1;kWh;-2863;0;0;0;2863;-2863
06/08/2024 00:15;06/08/2024 00:30;2;kWh;-206;0;0;0;206;-206
06/08/2024 00:30;06/08/2024 00:45;3;kWh;0;3950;0;0;3950;3950
06/08/2024 00:45;06/08/2024 01:00;4;kWh;0;1749;0;0;1749;1749
06/08/2024 01:00;06/08/2024 01:15;5;kWh;0;15334;0;0;15334;15334
06/08/2024 01:15;06/08/2024 01:30;6;kWh;0;16673;0;0;16673;16673
06/08/2024 01:30;06/08/2024 01:45;7;kWh;0;25282;0;0;25282;25282
06/08/2024 01:45;06/08/2024 02:00;8;kWh;0;17549;0;0;17549;17549
06/08/2024 02:00;06/08/2024 02:15;9;kWh;0;16667;0;0;16667;16667
06/08/2024 02:15;06/08/2024 02:30;10;kWh;0;831;0;0;831;831
06/08/2024 02:30;06/08/2024 02:45;11;kWh;-2946;0;0;0;2946;-2946
06/08/2024 02:45;06/08/2024 03:00;12;kWh;-7925;0;0;0;7925;-7925
06/08/2024 03:00;06/08/2024 03:15;13;kWh;-1661;0;0;0;1661;-1661
06/08/2024 03:15;06/08/2024 03:30;14;kWh;-321;0;0;0;321;-321
06/08/2024 03:30;06/08/2024 03:45;15;kWh;-388;0;0;0;388;-388
06/08/2024 03:45;06/08/2024 04:00;16;kWh;-8500;0;0;0;8500;-8500
06/08/2024 04:00;06/08/2024 04:15;17;kWh;-11903;0;0;0;11903;-11903
06/08/2024 04:15;06/08/2024 04:30;18;kWh;-17431;0;0;0;17431;-17431
06/08/2024 04:30;06/08/2024 04:45;19;kWh;-9052;0;0;0;9052;-9052
06/08/2024 04:45;06/08/2024 05:00;20;kWh;-10907;0;0;0;10907;-10907
06/08/2024 05:00;06/08/2024 05:15;21;kWh;-4801;9;0;0;4810;-4792
06/08/2024 05:15;06/08/2024 05:30;22;kWh;0;4248;0;0;4248;4248
06/08/2024 05:30;06/08/2024 05:45;23;kWh;0;11793;0;0;11793;11793
06/08/2024 05:45;06/08/2024 06:00;24;kWh;0;16773;0;0;16773;16773
06/08/2024 06:00;06/08/2024 06:15;25;kWh;0;17193;0;0;17193;17193
06/08/2024 06:15;06/08/2024 06:30;26;kWh;0;43933;0;0;43933;43933
06/08/2024 06:30;06/08/2024 06:45;27;kWh;0;30081;0;0;30081;30081
06/08/2024 06:45;06/08/2024 07:00;28;kWh;0;6239;0;0;6239;6239
06/08/2024 07:00;06/08/2024 07:15;29;kWh;0;2497;0;0;2497;2497
06/08/2024 07:15;06/08/2024 07:30;30;kWh;0;302;0;0;302;302
06/08/2024 07:30;06/08/2024 07:45;31;kWh;-8;247;0;0;255;239
06/08/2024 07:45;06/08/2024 08:00;32;kWh;-463;0;0;0;463;-463
06/08/2024 08:00;06/08/2024 08:15;33;kWh;-646;0;0;0;646;-646
06/08/2024 08:15;06/08/2024 08:30;34;kWh;-40;10517;0;0;10557;10477
06/08/2024 08:30;06/08/2024 08:45;35;kWh;-318;2;0;0;320;-316
06/08/2024 08:45;06/08/2024 09:00;36;kWh;0;2216;0;0;2216;2216
06/08/2024 09:00;06/08/2024 09:15;37;kWh;0;5088;0;0;5088;5088
06/08/2024 09:15;06/08/2024 09:30;38;kWh;0;22237;0;0;22237;22237
06/08/2024 09:30;06/08/2024 09:45;39;kWh;0;24733;0;0;24733;24733
06/08/2024 09:45;06/08/2024 10:00;40;kWh;0;6042;0;0;6042;6042
06/08/2024 10:00;06/08/2024 10:15;41;kWh;-12014;0;0;0;12014;-12014
06/08/2024 10:15;06/08/2024 10:30;42;kWh;-4707;316;0;0;5023;-4391
06/08/2024 10:30;06/08/2024 10:45;43;kWh;-1159;0;0;0;1159;-1159
06/08/2024 10:45;06/08/2024 11:00;44;kWh;-22244;0;0;0;22244;-22244
06/08/2024 11:00;06/08/2024 11:15;45;kWh;-2026;14218;0;0;16244;12192
06/08/2024 11:15;06/08/2024 11:30;46;kWh;0;25344;0;0;25344;25344
06/08/2024 11:30;06/08/2024 11:45;47;kWh;-1221;18;0;0;1239;-1203
06/08/2024 11:45;06/08/2024 12:00;48;kWh;-2035;13;0;0;2048;-2022
06/08/2024 12:00;06/08/2024 12:15;49;kWh;-1321;0;0;0;1321;-1321
06/08/2024 12:15;06/08/2024 12:30;50;kWh;-9549;0;0;0;9549;-9549
06/08/2024 12:30;06/08/2024 12:45;51;kWh;-11042;0;0;0;11042;-11042
06/08/2024 12:45;06/08/2024 13:00;52;kWh;-15379;0;0;0;15379;-15379
06/08/2024 13:00;06/08/2024 13:15;53;kWh;-5481;0;0;0;5481;-5481
06/08/2024 13:15;06/08/2024 13:30;54;kWh;-6317;0;0;0;6317;-6317
06/08/2024 13:30;06/08/2024 13:45;55;kWh;-8543;0;0;0;8543;-8543
06/08/2024 13:45;06/08/2024 14:00;56;kWh;-6939;0;0;0;6939;-6939
06/08/2024 14:00;06/08/2024 14:15;57;kWh;-2950;0;0;0;2950;-2950
06/08/2024 14:15;06/08/2024 14:30;58;kWh;-897;0;0;0;897;-897
06/08/2024 14:30;06/08/2024 14:45;59;kWh;-1287;490;0;0;1777;-797
06/08/2024 14:45;06/08/2024 15:00;60;kWh;0;343;0;0;343;343
06/08/2024 15:00;06/08/2024 15:15;61;kWh;-5728;0;0;0;5728;-5728
06/08/2024 15:15;06/08/2024 15:30;62;kWh;-6461;0;0;0;6461;-6461
06/08/2024 15:30;06/08/2024 15:45;63;kWh;-5543;476;0;0;6019;-5067
06/08/2024 15:45;06/08/2024 16:00;64;kWh;-6033;0;0;0;6033;-6033
06/08/2024 16:00;06/08/2024 16:15;65;kWh;-28640;0;0;0;28640;-28640
06/08/2024 16:15;06/08/2024 16:30;66;kWh;-17836;0;0;0;17836;-17836
06/08/2024 16:30;06/08/2024 16:45;67;kWh;-20100;4934;0;0;25034;-15166
06/08/2024 16:45;06/08/2024 17:00;68;kWh;-21195;1630;0;0;22825;-19565
06/08/2024 17:00;06/08/2024 17:15;69;kWh;-17708;0;0;0;17708;-17708
06/08/2024 17:15;06/08/2024 17:30;70;kWh;-1094;155;0;0;1249;-939
06/08/2024 17:30;06/08/2024 17:45;71;kWh;-6270;581;0;0;6851;-5689
06/08/2024 17:45;06/08/2024 18:00;72;kWh;-354;121;0;0;475;-233
06/08/2024 18:00;06/08/2024 18:15;73;kWh;0;6212;0;0;6212;6212
06/08/2024 18:15;06/08/2024 18:30;74;kWh;0;4602;0;0;4602;4602
06/08/2024 18:30;06/08/2024 18:45;75;kWh;-1633;1018;0;0;2651;-615
06/08/2024 18:45;06/08/2024 19:00;76;kWh;-2075;0;0;0;2075;-2075
06/08/2024 19:00;06/08/2024 19:15;77;kWh;-21139;0;0;0;21139;-21139
06/08/2024 19:15;06/08/2024 19:30;78;kWh;-7471;292;0;0;7763;-7179
06/08/2024 19:30;06/08/2024 19:45;79;kWh;0;1228;0;0;1228;1228
06/08/2024 19:45;06/08/2024 20:00;80;kWh;0;8479;0;0;8479;8479
06/08/2024 20:00;06/08/2024 20:15;81;kWh;-12056;1193;0;0;13249;-10863
06/08/2024 20:15;06/08/2024 20:30;82;kWh;-573;0;0;0;573;-573
06/08/2024 20:30;06/08/2024 20:45;83;kWh;-225;0;0;0;225;-225
06/08/2024 20:45;06/08/2024 21:00;84;kWh;-1262;0;0;0;1262;-1262
06/08/2024 21:00;06/08/2024 21:15;85;kWh;0;3215;0;0;3215;3215
06/08/2024 21:15;06/08/2024 21:30;86;kWh;0;5168;0;0;5168;5168
06/08/2024 21:30;06/08/2024 21:45;87;kWh;0;1333;0;0;1333;1333
06/08/2024 21:45;06/08/2024 22:00;88;kWh;0;0;0;0;0;0
06/08/2024 22:00;06/08/2024 22:15;89;kWh;0;3332;0;0;3332;3332
06/08/2024 22:15;06/08/2024 22:30;90;kWh;0;3652;0;0;3652;3652
06/08/2024 22:30;06/08/2024 22:45;91;kWh;0;1966;0;0;1966;1966
06/08/2024 22:45;06/08/2024 23:00;92;kWh;0;100;0;0;100;100
06/08/2024 23:00;06/08/2024 23:15;93;kWh;0;3359;0;0;3359;3359
06/08/2024 23:15;06/08/2024 23:30;94;kWh;0;139;0;0;139;139
06/08/2024 23:30;06/08/2024 23:45;95;kWh;0;730;0;0;730;730
06/08/2024 23:45;07/08/2024 00:00;96;kWh;0;2848;0;0;2848;2848
07/08/2024 00:00;07/08/2024 00:15;1;kWh;0;17;0;0;17;17
07/08/2024 00:15;07/08/2024 00:30;2;kWh;0;24587;0;0;24587;24587
07/08/2024 00:30;07/08/2024 00:45;3;kWh;0;32210;0;0;32210;32210
07/08/2024 00:45;07/08/2024 01:00;4;kWh;0;19543;0;0;19543;19543
07/08/2024 01:00;07/08/2024 01:15;5;kWh;0;23259;0;0;23259;23259
07/08/2024 01:15;07/08/2024 01:30;6;kWh;0;30555;0;0;30555;30555
07/08/2024 01:30;07/08/2024 01:45;7;kWh;0;4613;0;0;4613;4613
07/08/2024 01:45;07/08/2024 02:00;8;kWh;0;9358;0;0;9358;9358
07/08/2024 02:00;07/08/2024 02:15;9;kWh;0;8081;0;0;8081;8081
07/08/2024 02:15;07/08/2024 02:30;10;kWh;0;1674;0;0;1674;1674
07/08/2024 02:30;07/08/2024 02:45;11;kWh;-2698;0;0;0;2698;-2698
07/08/2024 02:45;07/08/2024 03:00;12;kWh;-7262;0;0;0;7262;-7262
07/08/2024 03:00;07/08/2024 03:15;13;kWh;-9661;0;0;0;9661;-9661
07/08/2024 03:15;07/08/2024 03:30;14;kWh;-511;0;0;0;511;-511
07/08/2024 03:30;07/08/2024 03:45;15;kWh;0;0;0;0;0;0
07/08/2024 03:45;07/08/2024 04:00;16;kWh;0;37;0;0;37;37
07/08/2024 04:00;07/08/2024 04:15;17;kWh;0;5254;0;0;5254;5254
07/08/2024 04:15;07/08/2024 04:30;18;kWh;0;21561;0;0;21561;21561
07/08/2024 04:30;07/08/2024 04:45;19;kWh;0;27555;0;0;27555;27555
07/08/2024 04:45;07/08/2024 05:00;20;kWh;-382;7401;0;0;7783;7019
07/08/2024 05:00;07/08/2024 05:15;21;kWh;-2285;5439;0;0;7724;3154
07/08/2024 05:15;07/08/2024 05:30;22;kWh;-13835;1615;0;0;15450;-12220
07/08/2024 05:30;07/08/2024 05:45;23;kWh;-1629;847;0;0;2476;-782
07/08/2024 05:45;07/08/2024 06:00;24;kWh;-29;5091;0;0;5120;5062
07/08/2024 06:00;07/08/2024 06:15;25;kWh;-1341;1360;0;0;2701;19
07/08/2024 06:15;07/08/2024 06:30;26;kWh;0;1849;0;0;1849;1849
07/08/2024 06:30;07/08/2024 06:45;27;kWh;0;2138;0;0;2138;2138
07/08/2024 06:45;07/08/2024 07:00;28;kWh;-1374;88;0;0;1462;-1286
07/08/2024 07:00;07/08/2024 07:15;29;kWh;-774;0;0;0;774;-774
07/08/2024 07:15;07/08/2024 07:30;30;kWh;-1607;0;0;0;1607;-1607
07/08/2024 07:30;07/08/2024 07:45;31;kWh;-1354;0;0;0;1354;-1354
07/08/2024 07:45;07/08/2024 08:00;32;kWh;-127;2107;0;0;2234;1980
07/08/2024 08:00;07/08/2024 08:15;33;kWh;-3959;43;0;0;4002;-3916
07/08/2024 08:15;07/08/2024 08:30;34;kWh;-3901;234;0;0;4135;-3667
07/08/2024 08:30;07/08/2024 08:45;35;kWh;-1531;0;0;0;1531;-1531
07/08/2024 08:45;07/08/2024 09:00;36;kWh;-2889;0;0;0;2889;-2889
07/08/2024 09:00;07/08/2024 09:15;37;kWh;-9581;0;0;0;9581;-9581
07/08/2024 09:15;07/08/2024 09:30;38;kWh;0;556;0;0;556;556
07/08/2024 09:30;07/08/2024 09:45;39;kWh;0;6049;0;0;6049;6049
07/08/2024 09:45;07/08/2024 10:00;40;kWh;0;25025;0;0;25025;25025
07/08/2024 10:00;07/08/2024 10:15;41;kWh;0;49370;0;0;49370;49370
07/08/2024 10:15;07/08/2024 10:30;42;kWh;0;26275;0;0;26275;26275
07/08/2024 10:30;07/08/2024 10:45;43;kWh;0;9489;0;0;9489;9489
07/08/2024 10:45;07/08/2024 11:00;44;kWh;0;4928;0;0;4928;4928
07/08/2024 11:00;07/08/2024 11:15;45;kWh;0;93393;0;0;93393;93393
07/08/2024 11:15;07/08/2024 11:30;46;kWh;0;82580;0;0;82580;82580
07/08/2024 11:30;07/08/2024 11:45;47;kWh;0;45245;0;0;45245;45245
07/08/2024 11:45;07/08/2024 12:00;48;kWh;-1509;18462;0;0;19971;16953
07/08/2024 12:00;07/08/2024 12:15;49;kWh;-3528;10732;0;0;14260;7204
07/08/2024 12:15;07/08/2024 12:30;50;kWh;-11537;2236;0;0;13773;-9301
07/08/2024 12:30;07/08/2024 12:45;51;kWh;-3211;16350;0;0;19561;13139
07/08/2024 12:45;07/08/2024 13:00;52;kWh;0;1848;0;0;1848;1848
07/08/2024 13:00;07/08/2024 13:15;53;kWh;0;21975;0;0;21975;21975
07/08/2024 13:15;07/08/2024 13:30;54;kWh;0;9302;0;0;9302;9302
07/08/2024 13:30;07/08/2024 13:45;55;kWh;-2;26361;0;0;26363;26359
07/08/2024 13:45;07/08/2024 14:00;56;kWh;-16704;76;0;0;16780;-16628
07/08/2024 14:00;07/08/2024 14:15;57;kWh;-1540;160;0;0;1700;-1380
07/08/2024 14:15;07/08/2024 14:30;58;kWh;-9075;0;0;0;9075;-9075
07/08/2024 14:30;07/08/2024 14:45;59;kWh;-6080;0;0;0;6080;-6080
07/08/2024 14:45;07/08/2024 15:00;60;kWh;-10484;0;0;0;10484;-10484
07/08/2024 15:00;07/08/2024 15:15;61;kWh;-25740;0;0;0;25740;-25740
07/08/2024 15:15;07/08/2024 15:30;62;kWh;-31047;7;0;0;31054;-31040
07/08/2024 15:30;07/08/2024 15:45;63;kWh;-31542;0;0;0;31542;-31542
07/08/2024 15:45;07/08/2024 16:00;64;kWh;-14247;0;0;0;14247;-14247
07/08/2024 16:00;07/08/2024 16:15;65;kWh;0;0;0;0;0;0
07/08/2024 16:15;07/08/2024 16:30;66;kWh;-7395;0;0;0;7395;-7395
07/08/2024 16:30;07/08/2024 16:45;67;kWh;-9276;93;0;0;9369;-9183
07/08/2024 16:45;07/08/2024 17:00;68;kWh;-6764;472;0;0;7236;-6292
07/08/2024 17:00;07/08/2024 17:15;69;kWh;-11266;387;0;0;11653;-10879
07/08/2024 17:15;07/08/2024 17:30;70;kWh;-317;753;0;0;1070;436
07/08/2024 17:30;07/08/2024 17:45;71;kWh;-4104;742;0;0;4846;-3362
07/08/2024 17:45;07/08/2024 18:00;72;kWh;0;0;0;0;0;0
07/08/2024 18:00;07/08/2024 18:15;73;kWh;-791;0;0;0;791;-791
07/08/2024 18:15;07/08/2024 18:30;74;kWh;-4094;517;0;0;4611;-3577
07/08/2024 18:30;07/08/2024 18:45;75;kWh;-4417;6012;0;0;10429;1595
07/08/2024 18:45;07/08/2024 19:00;76;kWh;-859;9807;0;0;10666;8948
07/08/2024 19:00;07/08/2024 19:15;77;kWh;-20755;0;0;0;20755;-20755
07/08/2024 19:15;07/08/2024 19:30;78;kWh;-20653;0;0;0;20653;-20653
07/08/2024 19:30;07/08/2024 19:45;79;kWh;-3574;1813;0;0;5387;-1761
07/08/2024 19:45;07/08/2024 20:00;80;kWh;0;17308;0;0;17308;17308
07/08/2024 20:00;07/08/2024 20:15;81;kWh;0;32674;0;0;32674;32674
07/08/2024 20:15;07/08/2024 20:30;82;kWh;0;57345;0;0;57345;57345
07/08/2024 20:30;07/08/2024 20:45;83;kWh;0;70113;0;0;70113;70113
07/08/2024 20:45;07/08/2024 21:00;84;kWh;0;74511;0;0;74511;74511
07/08/2024 21:00;07/08/2024 21:15;85;kWh;0;63486;0;0;63486;63486
07/08/2024 21:15;07/08/2024 21:30;86;kWh;0;45334;0;0;45334;45334
07/08/2024 21:30;07/08/2024 21:45;87;kWh;0;18985;0;0;18985;18985
07/08/2024 21:45;07/08/2024 22:00;88;kWh;-36;34620;0;0;34656;34584
07/08/2024 22:00;07/08/2024 22:15;89;kWh;-20873;21;0;0;20894;-20852
07/08/2024 22:15;07/08/2024 22:30;90;kWh;-31283;0;0;0;31283;-31283
07/08/2024 22:30;07/08/2024 22:45;91;kWh;-10553;0;0;0;10553;-10553
07/08/2024 22:45;07/08/2024 23:00;92;kWh;-4030;0;0;0;4030;-4030
07/08/2024 23:00;07/08/2024 23:15;93;kWh;-845;8188;0;0;9033;7343
07/08/2024 23:15;07/08/2024 23:30;94;kWh;0;1655;0;0;1655;1655
07/08/2024 23:30;07/08/2024 23:45;95;kWh;0;1115;0;0;1115;1115
07/08/2024 23:45;08/08/2024 00:00;96;kWh;0;20455;0;0;20455;20455
08/08/2024 00:00;08/08/2024 00:15;1;kWh;0;34952;0;0;34952;34952
08/08/2024 00:15;08/08/2024 00:30;2;kWh;0;24187;0;0;24187;24187
08/08/2024 00:30;08/08/2024 00:45;3;kWh;0;23093;0;0;23093;23093
08/08/2024 00:45;08/08/2024 01:00;4;kWh;0;28567;0;0;28567;28567
08/08/2024 01:00;08/08/2024 01:15;5;kWh;0;75967;0;0;75967;75967
08/08/2024 01:15;08/08/2024 01:30;6;kWh;0;39828;0;0;39828;39828
08/08/2024 01:30;08/08/2024 01:45;7;kWh;0;18657;0;0;18657;18657
08/08/2024 01:45;08/08/2024 02:00;8;kWh;0;39039;0;0;39039;39039
08/08/2024 02:00;08/08/2024 02:15;9;kWh;-12270;986;0;0;13256;-11284
08/08/2024 02:15;08/08/2024 02:30;10;kWh;-4939;0;0;0;4939;-4939
08/08/2024 02:30;08/08/2024 02:45;11;kWh;-2570;0;0;0;2570;-2570
08/08/2024 02:45;08/08/2024 03:00;12;kWh;-464;0;0;0;464;-464
08/08/2024 03:00;08/08/2024 03:15;13;kWh;-2188;0;0;0;2188;-2188
08/08/2024 03:15;08/08/2024 03:30;14;kWh;-19887;0;0;0;19887;-19887
08/08/2024 03:30;08/08/2024 03:45;15;kWh;-52120;0;0;0;52120;-52120
08/08/2024 03:45;08/08/2024 04:00;16;kWh;-78484;0;0;0;78484;-78484
08/08/2024 04:00;08/08/2024 04:15;17;kWh;-79147;0;0;0;79147;-79147
08/08/2024 04:15;08/08/2024 04:30;18;kWh;-74604;0;0;0;74604;-74604
08/08/2024 04:30;08/08/2024 04:45;19;kWh;-59680;0;0;0;59680;-59680
08/08/2024 04:45;08/08/2024 05:00;20;kWh;-55607;0;0;0;55607;-55607
08/08/2024 05:00;08/08/2024 05:15;21;kWh;-12553;824;0;0;13377;-11729
08/08/2024 05:15;08/08/2024 05:30;22;kWh;0;298;0;0;298;298
08/08/2024 05:30;08/08/2024 05:45;23;kWh;0;871;0;0;871;871
08/08/2024 05:45;08/08/2024 06:00;24;kWh;-1597;644;0;0;2241;-953
08/08/2024 06:00;08/08/2024 06:15;25;kWh;-2918;19;0;0;2937;-2899
08/08/2024 06:15;08/08/2024 06:30;26;kWh;0;894;0;0;894;894
08/08/2024 06:30;08/08/2024 06:45;27;kWh;0;8488;0;0;8488;8488
08/08/2024 06:45;08/08/2024 07:00;28;kWh;0;10059;0;0;10059;10059
08/08/2024 07:00;08/08/2024 07:15;29;kWh;0;5668;0;0;5668;5668
08/08/2024 07:15;08/08/2024 07:30;30;kWh;0;2979;0;0;2979;2979
08/08/2024 07:30;08/08/2024 07:45;31;kWh;-4998;0;0;0;4998;-4998
08/08/2024 07:45;08/08/2024 08:00;32;kWh;-6033;0;0;0;6033;-6033
08/08/2024 08:00;08/08/2024 08:15;33;kWh;-7532;0;0;0;7532;-7532
08/08/2024 08:15;08/08/2024 08:30;34;kWh;-29091;0;0;0;29091;-29091
08/08/2024 08:30;08/08/2024 08:45;35;kWh;-92826;0;0;0;92826;-92826
08/08/2024 08:45;08/08/2024 09:00;36;kWh;-69775;0;0;0;69775;-69775
08/08/2024 09:00;08/08/2024 09:15;37;kWh;-2560;0;0;0;2560;-2560
08/08/2024 09:15;08/08/2024 09:30;38;kWh;-53;0;0;0;53;-53
08/08/2024 09:30;08/08/2024 09:45;39;kWh;-8840;0;0;0;8840;-8840
08/08/2024 09:45;08/08/2024 10:00;40;kWh;-5850;3919;0;0;9769;-1931
08/08/2024 10:00;08/08/2024 10:15;41;kWh;-1219;835;0;0;2054;-384
08/08/2024 10:15;08/08/2024 10:30;42;kWh;-2558;29;0;0;2587;-2529
08/08/2024 10:30;08/08/2024 10:45;43;kWh;-604;0;0;0;604;-604
08/08/2024 10:45;08/08/2024 11:00;44;kWh;-1760;0;0;0;1760;-1760
08/08/2024 11:00;08/08/2024 11:15;45;kWh;-303;2435;0;0;2738;2132
08/08/2024 11:15;08/08/2024 11:30;46;kWh;0;580;0;0;580;580
08/08/2024 11:30;08/08/2024 11:45;47;kWh;0;238;0;0;238;238
08/08/2024 11:45;08/08/2024 12:00;48;kWh;-39;0;0;0;39;-39
08/08/2024 12:00;08/08/2024 12:15;49;kWh;-700;3798;0;0;4498;3098
08/08/2024 12:15;08/08/2024 12:30;50;kWh;0;56128;0;0;56128;56128
08/08/2024 12:30;08/08/2024 12:45;51;kWh;-2070;6469;0;0;8539;4399
08/08/2024 12:45;08/08/2024 13:00;52;kWh;-31080;2299;0;0;33379;-28781
08/08/2024 13:00;08/08/2024 13:15;53;kWh;-9826;4602;0;0;14428;-5224
08/08/2024 13:15;08/08/2024 13:30;54;kWh;-14523;0;0;0;14523;-14523
08/08/2024 13:30;08/08/2024 13:45;55;kWh;-1579;0;0;0;1579;-1579
08/08/2024 13:45;08/08/2024 14:00;56;kWh;-11030;0;0;0;11030;-11030
08/08/2024 14:00;08/08/2024 14:15;57;kWh;-13264;0;0;0;13264;-13264
08/08/2024 14:15;08/08/2024 14:30;58;kWh;-19217;0;0;0;19217;-19217
08/08/2024 14:30;08/08/2024 14:45;59;kWh;-17984;0;0;0;17984;-17984
08/08/2024 14:45;08/08/2024 15:00;60;kWh;-17332;0;0;0;17332;-17332
08/08/2024 15:00;08/08/2024 15:15;61;kWh;-11587;0;0;0;11587;-11587
08/08/2024 15:15;08/08/2024 15:30;62;kWh;-15681;0;0;0;15681;-15681
08/08/2024 15:30;08/08/2024 15:45;63;kWh;-17689;0;0;0;17689;-17689
08/08/2024 15:45;08/08/2024 16:00;64;kWh;-23923;0;0;0;23923;-23923
08/08/2024 16:00;08/08/2024 16:15;65;kWh;-16480;0;0;0;16480;-16480
08/08/2024 16:15;08/08/2024 16:30;66;kWh;-15676;742;0;0;16418;-14934
08/08/2024 16:30;08/08/2024 16:45;67;kWh;-187;81;0;0;268;-106
08/08/2024 16:45;08/08/2024 17:00;68;kWh;-1618;0;0;0;1618;-1618
08/08/2024 17:00;08/08/2024 17:15;69;kWh;0;11605;0;0;11605;11605
08/08/2024 17:15;08/08/2024 17:30;70;kWh;0;17290;0;0;17290;17290
08/08/2024 17:30;08/08/2024 17:45;71;kWh;0;4434;0;0;4434;4434
08/08/2024 17:45;08/08/2024 18:00;72;kWh;0;0;0;0;0;0
08/08/2024 18:00;08/08/2024 18:15;73;kWh;0;5797;0;0;5797;5797
08/08/2024 18:15;08/08/2024 18:30;74;kWh;0;2313;0;0;2313;2313
08/08/2024 18:30;08/08/2024 18:45;75;kWh;-594;0;0;0;594;-594
08/08/2024 18:45;08/08/2024 19:00;76;kWh;0;0;0;0;0;0
08/08/2024 19:00;08/08/2024 19:15;77;kWh;-9;1839;0;0;1848;1830
08/08/2024 19:15;08/08/2024 19:30;78;kWh;-20608;0;0;0;20608;-20608
08/08/2024 19:30;08/08/2024 19:45;79;kWh;-163;0;0;0;163;-163
08/08/2024 19:45;08/08/2024 20:00;80;kWh;0;18480;0;0;18480;18480
08/08/2024 20:00;08/08/2024 20:15;81;kWh;0;46369;0;0;46369;46369
08/08/2024 20:15;08/08/2024 20:30;82;kWh;0;54635;0;0;54635;54635
08/08/2024 20:30;08/08/2024 20:45;83;kWh;0;75265;0;0;75265;75265
08/08/2024 20:45;08/08/2024 21:00;84;kWh;0;91649;0;0;91649;91649
08/08/2024 21:00;08/08/2024 21:15;85;kWh;0;72239;0;0;72239;72239
08/08/2024 21:15;08/08/2024 21:30;86;kWh;-40;4929;0;0;4969;4889
08/08/2024 21:30;08/08/2024 21:45;87;kWh;-2562;0;0;0;2562;-2562
08/08/2024 21:45;08/08/2024 22:00;88;kWh;-60227;0;0;0;60227;-60227
08/08/2024 22:00;08/08/2024 22:15;89;kWh;-31461;0;0;0;31461;-31461
08/08/2024 22:15;08/08/2024 22:30;90;kWh;-44744;0;0;0;44744;-44744
08/08/2024 22:30;08/08/2024 22:45;91;kWh;-17779;0;0;0;17779;-17779
08/08/2024 22:45;08/08/2024 23:00;92;kWh;-32873;0;0;0;32873;-32873
08/08/2024 23:00;08/08/2024 23:15;93;kWh;-23312;13943;0;0;37255;-9369
08/08/2024 23:15;08/08/2024 23:30;94;kWh;-4578;1925;0;0;6503;-2653
08/08/2024 23:30;08/08/2024 23:45;95;kWh;-34632;0;0;0;34632;-34632
08/08/2024 23:45;09/08/2024 00:00;96;kWh;-30967;0;0;0;30967;-30967
09/08/2024 00:00;09/08/2024 00:15;1;kWh;-13944;0;0;0;13944;-13944
09/08/2024 00:15;09/08/2024 00:30;2;kWh;-6383;100;0;0;6483;-6283
09/08/2024 00:30;09/08/2024 00:45;3;kWh;-9787;0;0;0;9787;-9787
09/08/2024 00:45;09/08/2024 01:00;4;kWh;-2504;0;0;0;2504;-2504
09/08/2024 01:00;09/08/2024 01:15;5;kWh;-2191;0;0;0;2191;-2191
09/08/2024 01:15;09/08/2024 01:30;6;kWh;-16089;0;0;0;16089;-16089
09/08/2024 01:30;09/08/2024 01:45;7;kWh;-9825;0;0;0;9825;-9825
09/08/2024 01:45;09/08/2024 02:00;8;kWh;-10162;0;0;0;10162;-10162
09/08/2024 02:00;09/08/2024 02:15;9;kWh;-42;3008;0;0;3050;2966
09/08/2024 02:15;09/08/2024 02:30;10;kWh;0;24084;0;0;24084;24084
09/08/2024 02:30;09/08/2024 02:45;11;kWh;0;10411;0;0;10411;10411
09/08/2024 02:45;09/08/2024 03:00;12;kWh;-796;322;0;0;1118;-474
09/08/2024 03:00;09/08/2024 03:15;13;kWh;-409;26948;0;0;27357;26539
09/08/2024 03:15;09/08/2024 03:30;14;kWh;0;35885;0;0;35885;35885
09/08/2024 03:30;09/08/2024 03:45;15;kWh;-5692;3580;0;0;9272;-2112
09/08/2024 03:45;09/08/2024 04:00;16;kWh;-4116;516;0;0;4632;-3600
09/08/2024 04:00;09/08/2024 04:15;17;kWh;0;15786;0;0;15786;15786
09/08/2024 04:15;09/08/2024 04:30;18;kWh;0;2083;0;0;2083;2083
09/08/2024 04:30;09/08/2024 04:45;19;kWh;0;9256;0;0;9256;9256
09/08/2024 04:45;09/08/2024 05:00;20;kWh;0;16477;0;0;16477;16477
09/08/2024 05:00;09/08/2024 05:15;21;kWh;-14289;1064;0;0;15353;-13225
09/08/2024 05:15;09/08/2024 05:30;22;kWh;-7819;0;0;0;7819;-7819
09/08/2024 05:30;09/08/2024 05:45;23;kWh;-228;0;0;0;228;-228
09/08/2024 05:45;09/08/2024 06:00;24;kWh;-3047;0;0;0;3047;-3047
09/08/2024 06:00;09/08/2024 06:15;25;kWh;-2300;180;0;0;2480;-2120
09/08/2024 06:15;09/08/2024 06:30;26;kWh;0;600;0;0;600;600
09/08/2024 06:30;09/08/2024 06:45;27;kWh;0;176;0;0;176;176
09/08/2024 06:45;09/08/2024 07:00;28;kWh;0;0;0;0;0;0
09/08/2024 07:00;09/08/2024 07:15;29;kWh;0;570;0;0;570;570
09/08/2024 07:15;09/08/2024 07:30;30;kWh;0;8893;0;0;8893;8893
09/08/2024 07:30;09/08/2024 07:45;31;kWh;0;43316;0;0;43316;43316
09/08/2024 07:45;09/08/2024 08:00;32;kWh;-458;18046;0;0;18504;17588
09/08/2024 08:00;09/08/2024 08:15;33;kWh;-25527;1676;0;0;27203;-23851
09/08/2024 08:15;09/08/2024 08:30;34;kWh;-12105;0;0;0;12105;-12105
09/08/2024 08:30;09/08/2024 08:45;35;kWh;-6207;0;0;0;6207;-6207
09/08/2024 08:45;09/08/2024 09:00;36;kWh;-3903;0;0;0;3903;-3903
09/08/2024 09:00;09/08/2024 09:15;37;kWh;-4998;0;0;0;4998;-4998
09/08/2024 09:15;09/08/2024 09:30;38;kWh;-28414;0;0;0;28414;-28414
09/08/2024 09:30;09/08/2024 09:45;39;kWh;-38100;0;0;0;38100;-38100
09/08/2024 09:45;09/08/2024 10:00;40;kWh;-28695;0;0;0;28695;-28695
09/08/2024 10:00;09/08/2024 10:15;41;kWh;-3049;0;0;0;3049;-3049
09/08/2024 10:15;09/08/2024 10:30;42;kWh;0;0;0;0;0;0
09/08/2024 10:30;09/08/2024 10:45;43;kWh;-169;0;0;0;169;-169
09/08/2024 10:45;09/08/2024 11:00;44;kWh;-840;0;0;0;840;-840
09/08/2024 11:00;09/08/2024 11:15;45;kWh;0;0;0;0;0;0
09/08/2024 11:15;09/08/2024 11:30;46;kWh;0;0;0;0;0;0
09/08/2024 11:30;09/08/2024 11:45;47;kWh;-99;0;0;0;99;-99
09/08/2024 11:45;09/08/2024 12:00;48;kWh;-1887;0;0;0;1887;-1887
09/08/2024 12:00;09/08/2024 12:15;49;kWh;-40;1916;0;0;1956;1876
09/08/2024 12:15;09/08/2024 12:30;50;kWh;-19509;0;0;0;19509;-19509
09/08/2024 12:30;09/08/2024 12:45;51;kWh;-13665;0;0;0;13665;-13665
09/08/2024 12:45;09/08/2024 13:00;52;kWh;-10525;0;0;0;10525;-10525
09/08/2024 13:00;09/08/2024 13:15;53;kWh;-4808;0;0;0;4808;-4808
09/08/2024 13:15;09/08/2024 13:30;54;kWh;-4360;0;0;0;4360;-4360
09/08/2024 13:30;09/08/2024 13:45;55;kWh;-4909;0;0;0;4909;-4909
09/08/2024 13:45;09/08/2024 14:00;56;kWh;-2679;874;0;0;3553;-1805
09/08/2024 14:00;09/08/2024 14:15;57;kWh;-1;2530;0;0;2531;2529
09/08/2024 14:15;09/08/2024 14:30;58;kWh;-6839;0;0;0;6839;-6839
09/08/2024 14:30;09/08/2024 14:45;59;kWh;-28178;0;0;0;28178;-28178
09/08/2024 14:45;09/08/2024 15:00;60;kWh;-28267;0;0;0;28267;-28267
09/08/2024 15:00;09/08/2024 15:15;61;kWh;-1159;0;0;0;1159;-1159
09/08/2024 15:15;09/08/2024 15:30;62;kWh;-6734;0;0;0;6734;-6734
09/08/2024 15:30;09/08/2024 15:45;63;kWh;-19905;0;0;0;19905;-19905
09/08/2024 15:45;09/08/2024 16:00;64;kWh;-38775;0;0;0;38775;-38775
09/08/2024 16:00;09/08/2024 16:15;65;kWh;-18829;0;0;0;18829;-18829
09/08/2024 16:15;09/08/2024 16:30;66;kWh;-25580;0;0;0;25580;-25580
09/08/2024 16:30;09/08/2024 16:45;67;kWh;-17103;3393;0;0;20496;-13710
09/08/2024 16:45;09/08/2024 17:00;68;kWh;-6864;111;0;0;6975;-6753
09/08/2024 17:00;09/08/2024 17:15;69;kWh;-12058;0;0;0;12058;-12058
09/08/2024 17:15;09/08/2024 17:30;70;kWh;-17237;438;0;0;17675;-16799
09/08/2024 17:30;09/08/2024 17:45;71;kWh;-4232;2006;0;0;6238;-2226
09/08/2024 17:45;09/08/2024 18:00;72;kWh;-32;41711;0;0;41743;41679
09/08/2024 18:00;09/08/2024 18:15;73;kWh;-30244;208;0;0;30452;-30036
09/08/2024 18:15;09/08/2024 18:30;74;kWh;-13857;1615;0;0;15472;-12242
09/08/2024 18:30;09/08/2024 18:45;75;kWh;0;18611;0;0;18611;18611
09/08/2024 18:45;09/08/2024 19:00;76;kWh;0;18760;0;0;18760;18760
09/08/2024 19:00;09/08/2024 19:15;77;kWh;-31683;284;0;0;31967;-31399
09/08/2024 19:15;09/08/2024 19:30;78;kWh;-3295;1993;0;0;5288;-1302
09/08/2024 19:30;09/08/2024 19:45;79;kWh;0;13932;0;0;13932;13932
09/08/2024 19:45;09/08/2024 20:00;80;kWh;0;10946;0;0;10946;10946
09/08/2024 20:00;09/08/2024 20:15;81;kWh;0;27651;0;0;27651;27651
09/08/2024 20:15;09/08/2024 20:30;82;kWh;0;9850;0;0;9850;9850
09/08/2024 20:30;09/08/2024 20:45;83;kWh;0;21504;0;0;21504;21504
09/08/2024 20:45;09/08/2024 21:00;84;kWh;0;17751;0;0;17751;17751
09/08/2024 21:00;09/08/2024 21:15;85;kWh;0;12426;0;0;12426;12426
09/08/2024 21:15;09/08/2024 21:30;86;kWh;0;30175;0;0;30175;30175
09/08/2024 21:30;09/08/2024 21:45;87;kWh;0;37764;0;0;37764;37764
09/08/2024 21:45;09/08/2024 22:00;88;kWh;0;38543;0;0;38543;38543
09/08/2024 22:00;09/08/2024 22:15;89;kWh;0;20884;0;0;20884;20884
09/08/2024 22:15;09/08/2024 22:30;90;kWh;0;16516;0;0;16516;16516
09/08/2024 22:30;09/08/2024 22:45;91;kWh;0;6564;0;0;6564;6564
09/08/2024 22:45;09/08/2024 23:00;92;kWh;0;25732;0;0;25732;25732
09/08/2024 23:00;09/08/2024 23:15;93;kWh;0;30198;0;0;30198;30198
09/08/2024 23:15;09/08/2024 23:30;94;kWh;-861;2735;0;0;3596;1874
09/08/2024 23:30;09/08/2024 23:45;95;kWh;-2453;0;0;0;2453;-2453
09/08/2024 23:45;10/08/2024 00:00;96;kWh;-23543;0;0;0;23543;-23543
10/08/2024 00:00;10/08/2024 00:15;1;kWh;-24481;0;0;0;24481;-24481
10/08/2024 00:15;10/08/2024 00:30;2;kWh;-11092;0;0;0;11092;-11092
10/08/2024 00:30;10/08/2024 00:45;3;kWh;-39205;0;0;0;39205;-39205
10/08/2024 00:45;10/08/2024 01:00;4;kWh;-48477;0;0;0;48477;-48477
10/08/2024 01:00;10/08/2024 01:15;5;kWh;-5679;18986;0;0;24665;13307
10/08/2024 01:15;10/08/2024 01:30;6;kWh;0;20183;0;0;20183;20183
10/08/2024 01:30;10/08/2024 01:45;7;kWh;0;2498;0;0;2498;2498
10/08/2024 01:45;10/08/2024 02:00;8;kWh;0;33686;0;0;33686;33686
10/08/2024 02:00;10/08/2024 02:15;9;kWh;0;5379;0;0;5379;5379
10/08/2024 02:15;10/08/2024 02:30;10;kWh;0;30127;0;0;30127;30127
10/08/2024 02:30;10/08/2024 02:45;11;kWh;0;20138;0;0;20138;20138
10/08/2024 02:45;10/08/2024 03:00;12;kWh;0;7328;0;0;7328;7328
10/08/2024 03:00;10/08/2024 03:15;13;kWh;0;1633;0;0;1633;1633
10/08/2024 03:15;10/08/2024 03:30;14;kWh;0;1900;0;0;1900;1900
10/08/2024 03:30;10/08/2024 03:45;15;kWh;0;0;0;0;0;0
10/08/2024 03:45;10/08/2024 04:00;16;kWh;0;0;0;0;0;0
10/08/2024 04:00;10/08/2024 04:15;17;kWh;-1667;0;0;0;1667;-1667
10/08/2024 04:15;10/08/2024 04:30;18;kWh;-9365;0;0;0;9365;-9365
10/08/2024 04:30;10/08/2024 04:45;19;kWh;-30550;0;0;0;30550;-30550
10/08/2024 04:45;10/08/2024 05:00;20;kWh;-9763;0;0;0;9763;-9763
10/08/2024 05:00;10/08/2024 05:15;21;kWh;-18683;0;0;0;18683;-18683
10/08/2024 05:15;10/08/2024 05:30;22;kWh;-26231;0;0;0;26231;-26231
10/08/2024 05:30;10/08/2024 05:45;23;kWh;-3141;1015;0;0;4156;-2126
10/08/2024 05:45;10/08/2024 06:00;24;kWh;0;4865;0;0;4865;4865
10/08/2024 06:00;10/08/2024 06:15;25;kWh;0;10297;0;0;10297;10297
10/08/2024 06:15;10/08/2024 06:30;26;kWh;0;16625;0;0;16625;16625
10/08/2024 06:30;10/08/2024 06:45;27;kWh;0;16514;0;0;16514;16514
10/08/2024 06:45;10/08/2024 07:00;28;kWh;0;53999;0;0;53999;53999
10/08/2024 07:00;10/08/2024 07:15;29;kWh;0;84087;0;0;84087;84087
10/08/2024 07:15;10/08/2024 07:30;30;kWh;0;15071;0;0;15071;15071
10/08/2024 07:30;10/08/2024 07:45;31;kWh;0;13301;0;0;13301;13301
10/08/2024 07:45;10/08/2024 08:00;32;kWh;0;343;0;0;343;343
10/08/2024 08:00;10/08/2024 08:15;33;kWh;-133;0;0;0;133;-133
10/08/2024 08:15;10/08/2024 08:30;34;kWh;-10115;0;0;0;10115;-10115
10/08/2024 08:30;10/08/2024 08:45;35;kWh;-29582;0;0;0;29582;-29582
10/08/2024 08:45;10/08/2024 09:00;36;kWh;-41160;0;0;0;41160;-41160
10/08/2024 09:00;10/08/2024 09:15;37;kWh;-31139;0;0;0;31139;-31139
10/08/2024 09:15;10/08/2024 09:30;38;kWh;-42562;0;0;0;42562;-42562
10/08/2024 09:30;10/08/2024 09:45;39;kWh;-67221;0;0;0;67221;-67221
10/08/2024 09:45;10/08/2024 10:00;40;kWh;-84804;0;0;0;84804;-84804
10/08/2024 10:00;10/08/2024 10:15;41;kWh;-883;28473;0;0;29356;27590
10/08/2024 10:15;10/08/2024 10:30;42;kWh;-33909;655;0;0;34564;-33254
10/08/2024 10:30;10/08/2024 10:45;43;kWh;-15787;5330;0;0;21117;-10457
10/08/2024 10:45;10/08/2024 11:00;44;kWh;-33054;0;0;0;33054;-33054
10/08/2024 11:00;10/08/2024 11:15;45;kWh;-24938;31;0;0;24969;-24907
10/08/2024 11:15;10/08/2024 11:30;46;kWh;-29806;0;0;0;29806;-29806
10/08/2024 11:30;10/08/2024 11:45;47;kWh;-39427;0;0;0;39427;-39427
10/08/2024 11:45;10/08/2024 12:00;48;kWh;-45255;0;0;0;45255;-45255
10/08/2024 12:00;10/08/2024 12:15;49;kWh;-27980;0;0;0;27980;-27980
10/08/2024 12:15;10/08/2024 12:30;50;kWh;-38362;0;0;0;38362;-38362
10/08/2024 12:30;10/08/2024 12:45;51;kWh;-44309;0;0;0;44309;-44309
10/08/2024 12:45;10/08/2024 13:00;52;kWh;-51642;0;0;0;51642;-51642
10/08/2024 13:00;10/08/2024 13:15;53;kWh;-62429;0;0;0;62429;-62429
10/08/2024 13:15;10/08/2024 13:30;54;kWh;-74941;0;0;0;74941;-74941
10/08/2024 13:30;10/08/2024 13:45;55;kWh;-87994;0;0;0;87994;-87994
10/08/2024 13:45;10/08/2024 14:00;56;kWh;-93428;0;0;0;93428;-93428
10/08/2024 14:00;10/08/2024 14:15;57;kWh;-157827;0;0;0;157827;-157827
10/08/2024 14:15;10/08/2024 14:30;58;kWh;-154387;0;0;0;154387;-154387
10/08/2024 14:30;10/08/2024 14:45;59;kWh;-89667;0;0;0;89667;-89667
10/08/2024 14:45;10/08/2024 15:00;60;kWh;-66584;0;0;0;66584;-66584
10/08/2024 15:00;10/08/2024 15:15;61;kWh;-51671;0;0;0;51671;-51671
10/08/2024 15:15;10/08/2024 15:30;62;kWh;-40837;0;0;0;40837;-40837
10/08/2024 15:30;10/08/2024 15:45;63;kWh;-24780;0;0;0;24780;-24780
10/08/2024 15:45;10/08/2024 16:00;64;kWh;-13768;0;0;0;13768;-13768
10/08/2024 16:00;10/08/2024 16:15;65;kWh;-28346;0;0;0;28346;-28346
10/08/2024 16:15;10/08/2024 16:30;66;kWh;-21797;1252;0;0;23049;-20545
10/08/2024 16:30;10/08/2024 16:45;67;kWh;-2133;7073;0;0;9206;4940
10/08/2024 16:45;10/08/2024 17:00;68;kWh;-144;490;0;0;634;346
10/08/2024 17:00;10/08/2024 17:15;69;kWh;-2049;0;0;0;2049;-2049
10/08/2024 17:15;10/08/2024 17:30;70;kWh;-381;11145;0;0;11526;10764
10/08/2024 17:30;10/08/2024 17:45;71;kWh;0;30089;0;0;30089;30089
10/08/2024 17:45;10/08/2024 18:00;72;kWh;0;48138;0;0;48138;48138
10/08/2024 18:00;10/08/2024 18:15;73;kWh;0;4782;0;0;4782;4782
10/08/2024 18:15;10/08/2024 18:30;74;kWh;0;45356;0;0;45356;45356
10/08/2024 18:30;10/08/2024 18:45;75;kWh;0;79614;0;0;79614;79614
10/08/2024 18:45;10/08/2024 19:00;76;kWh;0;20997;0;0;20997;20997
10/08/2024 19:00;10/08/2024 19:15;77;kWh;-613;11752;0;0;12365;11139
10/08/2024 19:15;10/08/2024 19:30;78;kWh;0;391;0;0;391;391
10/08/2024 19:30;10/08/2024 19:45;79;kWh;0;528;0;0;528;528
10/08/2024 19:45;10/08/2024 20:00;80;kWh;-226;0;0;0;226;-226
10/08/2024 20:00;10/08/2024 20:15;81;kWh;-198;0;0;0;198;-198
10/08/2024 20:15;10/08/2024 20:30;82;kWh;0;9749;0;0;9749;9749
10/08/2024 20:30;10/08/2024 20:45;83;kWh;0;13031;0;0;13031;13031
10/08/2024 20:45;10/08/2024 21:00;84;kWh;-76;564;0;0;640;488
10/08/2024 21:00;10/08/2024 21:15;85;kWh;-109;0;0;0;109;-109
10/08/2024 21:15;10/08/2024 21:30;86;kWh;0;13076;0;0;13076;13076
10/08/2024 21:30;10/08/2024 21:45;87;kWh;0;19831;0;0;19831;19831
10/08/2024 21:45;10/08/2024 22:00;88;kWh;0;3217;0;0;3217;3217
10/08/2024 22:00;10/08/2024 22:15;89;kWh;0;2659;0;0;2659;2659
10/08/2024 22:15;10/08/2024 22:30;90;kWh;0;12663;0;0;12663;12663
10/08/2024 22:30;10/08/2024 22:45;91;kWh;0;11207;0;0;11207;11207
10/08/2024 22:45;10/08/2024 23:00;92;kWh;0;1437;0;0;1437;1437
10/08/2024 23:00;10/08/2024 23:15;93;kWh;-1404;0;0;0;1404;-1404
10/08/2024 23:15;10/08/2024 23:30;94;kWh;-1196;1982;0;0;3178;786
10/08/2024 23:30;10/08/2024 23:45;95;kWh;0;9876;0;0;9876;9876
10/08/2024 23:45;11/08/2024 00:00;96;kWh;0;2719;0;0;2719;2719
11/08/2024 00:00;11/08/2024 00:15;1;kWh;0;3999;0;0;3999;3999
11/08/2024 00:15;11/08/2024 00:30;2;kWh;0;14432;0;0;14432;14432
11/08/2024 00:30;11/08/2024 00:45;3;kWh;0;2424;0;0;2424;2424
11/08/2024 00:45;11/08/2024 01:00;4;kWh;0;18440;0;0;18440;18440
11/08/2024 01:00;11/08/2024 01:15;5;kWh;0;32872;0;0;32872;32872
11/08/2024 01:15;11/08/2024 01:30;6;kWh;0;10894;0;0;10894;10894
11/08/2024 01:30;11/08/2024 01:45;7;kWh;0;6041;0;0;6041;6041
11/08/2024 01:45;11/08/2024 02:00;8;kWh;0;4702;0;0;4702;4702
11/08/2024 02:00;11/08/2024 02:15;9;kWh;0;18942;0;0;18942;18942
11/08/2024 02:15;11/08/2024 02:30;10;kWh;0;5160;0;0;5160;5160
11/08/2024 02:30;11/08/2024 02:45;11;kWh;0;525;0;0;525;525
11/08/2024 02:45;11/08/2024 03:00;12;kWh;0;104;0;0;104;104
11/08/2024 03:00;11/08/2024 03:15;13;kWh;0;8583;0;0;8583;8583
11/08/2024 03:15;11/08/2024 03:30;14;kWh;0;5820;0;0;5820;5820
11/08/2024 03:30;11/08/2024 03:45;15;kWh;0;136;0;0;136;136
11/08/2024 03:45;11/08/2024 04:00;16;kWh;0;2944;0;0;2944;2944
11/08/2024 04:00;11/08/2024 04:15;17;kWh;0;5152;0;0;5152;5152
11/08/2024 04:15;11/08/2024 04:30;18;kWh;0;5890;0;0;5890;5890
11/08/2024 04:30;11/08/2024 04:45;19;kWh;0;9048;0;0;9048;9048
11/08/2024 04:45;11/08/2024 05:00;20;kWh;0;3824;0;0;3824;3824
11/08/2024 05:00;11/08/2024 05:15;21;kWh;-1482;0;0;0;1482;-1482
11/08/2024 05:15;11/08/2024 05:30;22;kWh;-494;0;0;0;494;-494
11/08/2024 05:30;11/08/2024 05:45;23;kWh;0;5180;0;0;5180;5180
11/08/2024 05:45;11/08/2024 06:00;24;kWh;0;8476;0;0;8476;8476
11/08/2024 06:00;11/08/2024 06:15;25;kWh;0;31953;0;0;31953;31953
11/08/2024 06:15;11/08/2024 06:30;26;kWh;0;32821;0;0;32821;32821
11/08/2024 06:30;11/08/2024 06:45;27;kWh;0;19502;0;0;19502;19502
11/08/2024 06:45;11/08/2024 07:00;28;kWh;0;24989;0;0;24989;24989
11/08/2024 07:00;11/08/2024 07:15;29;kWh;0;1023;0;0;1023;1023
11/08/2024 07:15;11/08/2024 07:30;30;kWh;0;8775;0;0;8775;8775
11/08/2024 07:30;11/08/2024 07:45;31;kWh;-1404;32;0;0;1436;-1372
11/08/2024 07:45;11/08/2024 08:00;32;kWh;-11747;0;0;0;11747;-11747
11/08/2024 08:00;11/08/2024 08:15;33;kWh;-557;7;0;0;564;-550
11/08/2024 08:15;11/08/2024 08:30;34;kWh;-4022;0;0;0;4022;-4022
11/08/2024 08:30;11/08/2024 08:45;35;kWh;-17394;0;0;0;17394;-17394
11/08/2024 08:45;11/08/2024 09:00;36;kWh;-32620;0;0;0;32620;-32620
11/08/2024 09:00;11/08/2024 09:15;37;kWh;-2400;349;0;0;2749;-2051
11/08/2024 09:15;11/08/2024 09:30;38;kWh;-933;0;0;0;933;-933
11/08/2024 09:30;11/08/2024 09:45;39;kWh;-22344;0;0;0;22344;-22344
11/08/2024 09:45;11/08/2024 10:00;40;kWh;-11835;0;0;0;11835;-11835
11/08/2024 10:00;11/08/2024 10:15;41;kWh;-198;682;0;0;880;484
11/08/2024 10:15;11/08/2024 10:30;42;kWh;-2416;2529;0;0;4945;113
11/08/2024 10:30;11/08/2024 10:45;43;kWh;-13381;0;0;0;13381;-13381
11/08/2024 10:45;11/08/2024 11:00;44;kWh;-6692;15;0;0;6707;-6677
11/08/2024 11:00;11/08/2024 11:15;45;kWh;-8721;451;0;0;9172;-8270
11/08/2024 11:15;11/08/2024 11:30;46;kWh;-15474;0;0;0;15474;-15474
11/08/2024 11:30;11/08/2024 11:45;47;kWh;-12260;0;0;0;12260;-12260
11/08/2024 11:45;11/08/2024 12:00;48;kWh;-13416;0;0;0;13416;-13416
11/08/2024 12:00;11/08/2024 12:15;49;kWh;-14272;0;0;0;14272;-14272
11/08/2024 12:15;11/08/2024 12:30;50;kWh;-21313;0;0;0;21313;-21313
11/08/2024 12:30;11/08/2024 12:45;51;kWh;-19795;0;0;0;19795;-19795
11/08/2024 12:45;11/08/2024 13:00;52;kWh;-8446;276;0;0;8722;-8170
11/08/2024 13:00;11/08/2024 13:15;53;kWh;-11308;0;0;0;11308;-11308
11/08/2024 13:15;11/08/2024 13:30;54;kWh;-14837;0;0;0;14837;-14837
11/08/2024 13:30;11/08/2024 13:45;55;kWh;-18739;0;0;0;18739;-18739
11/08/2024 13:45;11/08/2024 14:00;56;kWh;-17259;0;0;0;17259;-17259
11/08/2024 14:00;11/08/2024 14:15;57;kWh;-18132;0;0;0;18132;-18132
11/08/2024 14:15;11/08/2024 14:30;58;kWh;-13776;0;0;0;13776;-13776
11/08/2024 14:30;11/08/2024 14:45;59;kWh;-10869;0;0;0;10869;-10869
11/08/2024 14:45;11/08/2024 15:00;60;kWh;-9021;0;0;0;9021;-9021
11/08/2024 15:00;11/08/2024 15:15;61;kWh;-8462;0;0;0;8462;-8462
11/08/2024 15:15;11/08/2024 15:30;62;kWh;-17765;0;0;0;17765;-17765
11/08/2024 15:30;11/08/2024 15:45;63;kWh;-9181;22571;0;0;31752;13390
11/08/2024 15:45;11/08/2024 16:00;64;kWh;-6589;12095;0;0;18684;5506
11/08/2024 16:00;11/08/2024 16:15;65;kWh;-42945;0;0;0;42945;-42945
11/08/2024 16:15;11/08/2024 16:30;66;kWh;-24055;108;0;0;24163;-23947
11/08/2024 16:30;11/08/2024 16:45;67;kWh;-29705;417;0;0;30122;-29288
11/08/2024 16:45;11/08/2024 17:00;68;kWh;-14423;903;0;0;15326;-13520
11/08/2024 17:00;11/08/2024 17:15;69;kWh;-64630;0;0;0;64630;-64630
11/08/2024 17:15;11/08/2024 17:30;70;kWh;-33869;0;0;0;33869;-33869
11/08/2024 17:30;11/08/2024 17:45;71;kWh;-385;11;0;0;396;-374
11/08/2024 17:45;11/08/2024 18:00;72;kWh;0;0;0;0;0;0
11/08/2024 18:00;11/08/2024 18:15;73;kWh;0;5874;0;0;5874;5874
11/08/2024 18:15;11/08/2024 18:30;74;kWh;0;5125;0;0;5125;5125
11/08/2024 18:30;11/08/2024 18:45;75;kWh;0;8316;0;0;8316;8316
11/08/2024 18:45;11/08/2024 19:00;76;kWh;0;28884;0;0;28884;28884
11/08/2024 19:00;11/08/2024 19:15;77;kWh;0;63707;0;0;63707;63707
11/08/2024 19:15;11/08/2024 19:30;78;kWh;0;23352;0;0;23352;23352
11/08/2024 19:30;11/08/2024 19:45;79;kWh;0;22530;0;0;22530;22530
11/08/2024 19:45;11/08/2024 20:00;80;kWh;0;55250;0;0;55250;55250
11/08/2024 20:00;11/08/2024 20:15;81;kWh;0;7425;0;0;7425;7425
11/08/2024 20:15;11/08/2024 20:30;82;kWh;0;1782;0;0;1782;1782
11/08/2024 20:30;11/08/2024 20:45;83;kWh;0;10110;0;0;10110;10110
11/08/2024 20:45;11/08/2024 21:00;84;kWh;0;8663;0;0;8663;8663
11/08/2024 21:00;11/08/2024 21:15;85;kWh;0;8985;0;0;8985;8985
11/08/2024 21:15;11/08/2024 21:30;86;kWh;0;5240;0;0;5240;5240
11/08/2024 21:30;11/08/2024 21:45;87;kWh;0;23284;0;0;23284;23284
11/08/2024 21:45;11/08/2024 22:00;88;kWh;0;12041;0;0;12041;12041
11/08/2024 22:00;11/08/2024 22:15;89;kWh;0;781;0;0;781;781
11/08/2024 22:15;11/08/2024 22:30;90;kWh;0;14824;0;0;14824;14824
11/08/2024 22:30;11/08/2024 22:45;91;kWh;0;11480;0;0;11480;11480
11/08/2024 22:45;11/08/2024 23:00;92;kWh;0;637;0;0;637;637
11/08/2024 23:00;11/08/2024 23:15;93;kWh;-272;0;0;0;272;-272
11/08/2024 23:15;11/08/2024 23:30;94;kWh;-1098;0;0;0;1098;-1098
11/08/2024 23:30;11/08/2024 23:45;95;kWh;-2340;0;0;0;2340;-2340
11/08/2024 23:45;12/08/2024 00:00;96;kWh;-6784;0;0;0;6784;-6784
12/08/2024 00:00;12/08/2024 00:15;1;kWh;-12549;935;0;0;13484;-11614
12/08/2024 00:15;12/08/2024 00:30;2;kWh;0;13360;0;0;13360;13360
12/08/2024 00:30;12/08/2024 00:45;3;kWh;-6;13639;0;0;13645;13633
12/08/2024 00:45;12/08/2024 01:00;4;kWh;0;35608;0;0;35608;35608
12/08/2024 01:00;12/08/2024 01:15;5;kWh;-1968;128;0;0;2096;-1840
12/08/2024 01:15;12/08/2024 01:30;6;kWh;-3724;0;0;0;3724;-3724
12/08/2024 01:30;12/08/2024 01:45;7;kWh;-9960;0;0;0;9960;-9960
12/08/2024 01:45;12/08/2024 02:00;8;kWh;-18251;0;0;0;18251;-18251
12/08/2024 02:00;12/08/2024 02:15;9;kWh;-7392;0;0;0;7392;-7392
12/08/2024 02:15;12/08/2024 02:30;10;kWh;0;0;0;0;0;0
12/08/2024 02:30;12/08/2024 02:45;11;kWh;-332;0;0;0;332;-332
12/08/2024 02:45;12/08/2024 03:00;12;kWh;-2637;0;0;0;2637;-2637
12/08/2024 03:00;12/08/2024 03:15;13;kWh;-1190;0;0;0;1190;-1190
12/08/2024 03:15;12/08/2024 03:30;14;kWh;-949;0;0;0;949;-949
12/08/2024 03:30;12/08/2024 03:45;15;kWh;-4317;0;0;0;4317;-4317
12/08/2024 03:45;12/08/2024 04:00;16;kWh;-1195;0;0;0;1195;-1195
12/08/2024 04:00;12/08/2024 04:15;17;kWh;0;856;0;0;856;856
12/08/2024 04:15;12/08/2024 04:30;18;kWh;0;1217;0;0;1217;1217
12/08/2024 04:30;12/08/2024 04:45;19;kWh;0;1010;0;0;1010;1010
12/08/2024 04:45;12/08/2024 05:00;20;kWh;0;2987;0;0;2987;2987
12/08/2024 05:00;12/08/2024 05:15;21;kWh;-6662;0;0;0;6662;-6662
12/08/2024 05:15;12/08/2024 05:30;22;kWh;-23;0;0;0;23;-23
12/08/2024 05:30;12/08/2024 05:45;23;kWh;0;9399;0;0;9399;9399
12/08/2024 05:45;12/08/2024 06:00;24;kWh;0;23529;0;0;23529;23529
12/08/2024 06:00;12/08/2024 06:15;25;kWh;0;17151;0;0;17151;17151
12/08/2024 06:15;12/08/2024 06:30;26;kWh;0;18767;0;0;18767;18767
12/08/2024 06:30;12/08/2024 06:45;27;kWh;0;3529;0;0;3529;3529
12/08/2024 06:45;12/08/2024 07:00;28;kWh;0;9302;0;0;9302;9302
12/08/2024 07:00;12/08/2024 07:15;29;kWh;0;13961;0;0;13961;13961
12/08/2024 07:15;12/08/2024 07:30;30;kWh;-3203;6103;0;0;9306;2900
12/08/2024 07:30;12/08/2024 07:45;31;kWh;-4876;0;0;0;4876;-4876
12/08/2024 07:45;12/08/2024 08:00;32;kWh;-863;27575;0;0;28438;26712
12/08/2024 08:00;12/08/2024 08:15;33;kWh;0;50767;0;0;50767;50767
12/08/2024 08:15;12/08/2024 08:30;34;kWh;0;43324;0;0;43324;43324
12/08/2024 08:30;12/08/2024 08:45;35;kWh;0;25136;0;0;25136;25136
12/08/2024 08:45;12/08/2024 09:00;36;kWh;0;27946;0;0;27946;27946
12/08/2024 09:00;12/08/2024 09:15;37;kWh;0;197;0;0;197;197
12/08/2024 09:15;12/08/2024 09:30;38;kWh;0;0;0;0;0;0
12/08/2024 09:30;12/08/2024 09:45;39;kWh;-64;0;0;0;64;-64
12/08/2024 09:45;12/08/2024 10:00;40;kWh;-9058;0;0;0;9058;-9058
12/08/2024 10:00;12/08/2024 10:15;41;kWh;-7196;0;0;0;7196;-7196
12/08/2024 10:15;12/08/2024 10:30;42;kWh;-148;0;0;0;148;-148
12/08/2024 10:30;12/08/2024 10:45;43;kWh;-7027;0;0;0;7027;-7027
12/08/2024 10:45;12/08/2024 11:00;44;kWh;-14265;87;0;0;14352;-14178
12/08/2024 11:00;12/08/2024 11:15;45;kWh;-2834;0;0;0;2834;-2834
12/08/2024 11:15;12/08/2024 11:30;46;kWh;-8111;0;0;0;8111;-8111
12/08/2024 11:30;12/08/2024 11:45;47;kWh;-23283;0;0;0;23283;-23283
12/08/2024 11:45;12/08/2024 12:00;48;kWh;-6071;0;0;0;6071;-6071
12/08/2024 12:00;12/08/2024 12:15;49;kWh;-1677;0;0;0;1677;-1677
12/08/2024 12:15;12/08/2024 12:30;50;kWh;-3327;0;0;0;3327;-3327
12/08/2024 12:30;12/08/2024 12:45;51;kWh;-9369;4652;0;0;14021;-4717
12/08/2024 12:45;12/08/2024 13:00;52;kWh;-5550;0;0;0;5550;-5550
12/08/2024 13:00;12/08/2024 13:15;53;kWh;-8773;0;0;0;8773;-8773
12/08/2024 13:15;12/08/2024 13:30;54;kWh;-3641;0;0;0;3641;-3641
12/08/2024 13:30;12/08/2024 13:45;55;kWh;-7406;0;0;0;7406;-7406
12/08/2024 13:45;12/08/2024 14:00;56;kWh;-5851;0;0;0;5851;-5851
12/08/2024 14:00;12/08/2024 14:15;57;kWh;-15880;436;0;0;16316;-15444
12/08/2024 14:15;12/08/2024 14:30;58;kWh;-18343;0;0;0;18343;-18343
12/08/2024 14:30;12/08/2024 14:45;59;kWh;-21433;13215;0;0;34648;-8218
12/08/2024 14:45;12/08/2024 15:00;60;kWh;-21136;2731;0;0;23867;-18405
12/08/2024 15:00;12/08/2024 15:15;61;kWh;-43330;128;0;0;43458;-43202
12/08/2024 15:15;12/08/2024 15:30;62;kWh;-19124;1342;0;0;20466;-17782
12/08/2024 15:30;12/08/2024 15:45;63;kWh;-10639;0;0;0;10639;-10639
12/08/2024 15:45;12/08/2024 16:00;64;kWh;-6295;0;0;0;6295;-6295
12/08/2024 16:00;12/08/2024 16:15;65;kWh;-9516;3003;0;0;12519;-6513
12/08/2024 16:15;12/08/2024 16:30;66;kWh;-16286;3406;0;0;19692;-12880
12/08/2024 16:30;12/08/2024 16:45;67;kWh;-591;664;0;0;1255;73
12/08/2024 16:45;12/08/2024 17:00;68;kWh;-2603;0;0;0;2603;-2603
12/08/2024 17:00;12/08/2024 17:15;69;kWh;-14285;777;0;0;15062;-13508
12/08/2024 17:15;12/08/2024 17:30;70;kWh;-22981;13734;0;0;36715;-9247
12/08/2024 17:30;12/08/2024 17:45;71;kWh;-3318;12002;0;0;15320;8684
12/08/2024 17:45;12/08/2024 18:00;72;kWh;-16964;2290;0;0;19254;-14674
12/08/2024 18:00;12/08/2024 18:15;73;kWh;-37167;851;0;0;38018;-36316
12/08/2024 18:15;12/08/2024 18:30;74;kWh;-4783;15730;0;0;20513;10947
12/08/2024 18:30;12/08/2024 18:45;75;kWh;-501;43226;0;0;43727;42725
12/08/2024 18:45;12/08/2024 19:00;76;kWh;-501;53673;0;0;54174;53172
12/08/2024 19:00;12/08/2024 19:15;77;kWh;-501;15773;0;0;16274;15272
12/08/2024 19:15;12/08/2024 19:30;78;kWh;-501;29425;0;0;29926;28924
12/08/2024 19:30;12/08/2024 19:45;79;kWh;-501;87736;0;0;88237;87235
12/08/2024 19:45;12/08/2024 20:00;80;kWh;-501;93733;0;0;94234;93232
12/08/2024 20:00;12/08/2024 20:15;81;kWh;-26830;11970;0;0;38800;-14860
12/08/2024 20:15;12/08/2024 20:30;82;kWh;-928;46138;0;0;47066;45210
12/08/2024 20:30;12/08/2024 20:45;83;kWh;-596;32496;0;0;33092;31900
12/08/2024 20:45;12/08/2024 21:00;84;kWh;-4623;11122;0;0;15745;6499
12/08/2024 21:00;12/08/2024 21:15;85;kWh;-19538;4255;0;0;23793;-15283
12/08/2024 21:15;12/08/2024 21:30;86;kWh;-3465;4474;0;0;7939;1009
12/08/2024 21:30;12/08/2024 21:45;87;kWh;-6322;6421;0;0;12743;99
12/08/2024 21:45;12/08/2024 22:00;88;kWh;-46437;0;0;0;46437;-46437
12/08/2024 22:00;12/08/2024 22:15;89;kWh;-32836;6354;0;0;39190;-26482
12/08/2024 22:15;12/08/2024 22:30;90;kWh;-38155;0;0;0;38155;-38155
12/08/2024 22:30;12/08/2024 22:45;91;kWh;-44345;0;0;0;44345;-44345
12/08/2024 22:45;12/08/2024 23:00;92;kWh;-3522;21258;0;0;24780;17736
12/08/2024 23:00;12/08/2024 23:15;93;kWh;-501;8301;0;0;8802;7800
12/08/2024 23:15;12/08/2024 23:30;94;kWh;-501;29869;0;0;30370;29368
12/08/2024 23:30;12/08/2024 23:45;95;kWh;-501;14792;0;0;15293;14291
12/08/2024 23:45;13/08/2024 00:00;96;kWh;-501;38096;0;0;38597;37595
13/08/2024 00:00;13/08/2024 00:15;1;kWh;-41895;1367;0;0;43262;-40528
13/08/2024 00:15;13/08/2024 00:30;2;kWh;-47609;0;0;0;47609;-47609
13/08/2024 00:30;13/08/2024 00:45;3;kWh;-37322;0;0;0;37322;-37322
13/08/2024 00:45;13/08/2024 01:00;4;kWh;-25059;0;0;0;25059;-25059
13/08/2024 01:00;13/08/2024 01:15;5;kWh;-53757;0;0;0;53757;-53757
13/08/2024 01:15;13/08/2024 01:30;6;kWh;-58384;0;0;0;58384;-58384
13/08/2024 01:30;13/08/2024 01:45;7;kWh;-74581;0;0;0;74581;-74581
13/08/2024 01:45;13/08/2024 02:00;8;kWh;-67332;0;0;0;67332;-67332
13/08/2024 02:00;13/08/2024 02:15;9;kWh;-40144;0;0;0;40144;-40144
13/08/2024 02:15;13/08/2024 02:30;10;kWh;-7631;0;0;0;7631;-7631
13/08/2024 02:30;13/08/2024 02:45;11;kWh;-7562;0;0;0;7562;-7562
13/08/2024 02:45;13/08/2024 03:00;12;kWh;-2979;397;0;0;3376;-2582
13/08/2024 03:00;13/08/2024 03:15;13;kWh;-33400;12;0;0;33412;-33388
13/08/2024 03:15;13/08/2024 03:30;14;kWh;-30060;0;0;0;30060;-30060
13/08/2024 03:30;13/08/2024 03:45;15;kWh;-2365;310;0;0;2675;-2055
13/08/2024 03:45;13/08/2024 04:00;16;kWh;0;19532;0;0;19532;19532
13/08/2024 04:00;13/08/2024 04:15;17;kWh;0;36761;0;0;36761;36761
13/08/2024 04:15;13/08/2024 04:30;18;kWh;0;26134;0;0;26134;26134
13/08/2024 04:30;13/08/2024 04:45;19;kWh;0;27867;0;0;27867;27867
13/08/2024 04:45;13/08/2024 05:00;20;kWh;0;16996;0;0;16996;16996
13/08/2024 05:00;13/08/2024 05:15;21;kWh;0;74887;0;0;74887;74887
13/08/2024 05:15;13/08/2024 05:30;22;kWh;0;12730;0;0;12730;12730
13/08/2024 05:30;13/08/2024 05:45;23;kWh;-1040;1169;0;0;2209;129
13/08/2024 05:45;13/08/2024 06:00;24;kWh;-2932;0;0;0;2932;-2932
13/08/2024 06:00;13/08/2024 06:15;25;kWh;-6063;7188;0;0;13251;1125
13/08/2024 06:15;13/08/2024 06:30;26;kWh;0;31847;0;0;31847;31847
13/08/2024 06:30;13/08/2024 06:45;27;kWh;0;35459;0;0;35459;35459
13/08/2024 06:45;13/08/2024 07:00;28;kWh;0;40421;0;0;40421;40421
13/08/2024 07:00;13/08/2024 07:15;29;kWh;0;18962;0;0;18962;18962
13/08/2024 07:15;13/08/2024 07:30;30;kWh;-5821;1645;0;0;7466;-4176
13/08/2024 07:30;13/08/2024 07:45;31;kWh;-32831;0;0;0;32831;-32831
13/08/2024 07:45;13/08/2024 08:00;32;kWh;-28523;0;0;0;28523;-28523
13/08/2024 08:00;13/08/2024 08:15;33;kWh;-17981;0;0;0;17981;-17981
13/08/2024 08:15;13/08/2024 08:30;34;kWh;-22331;0;0;0;22331;-22331
13/08/2024 08:30;13/08/2024 08:45;35;kWh;-52123;0;0;0;52123;-52123
13/08/2024 08:45;13/08/2024 09:00;36;kWh;-14840;0;0;0;14840;-14840
13/08/2024 09:00;13/08/2024 09:15;37;kWh;-1410;0;0;0;1410;-1410
13/08/2024 09:15;13/08/2024 09:30;38;kWh;-2878;0;0;0;2878;-2878
13/08/2024 09:30;13/08/2024 09:45;39;kWh;-807;1960;0;0;2767;1153
13/08/2024 09:45;13/08/2024 10:00;40;kWh;0;17833;0;0;17833;17833
13/08/2024 10:00;13/08/2024 10:15;41;kWh;-63;104;0;0;167;41
13/08/2024 10:15;13/08/2024 10:30;42;kWh;-11578;0;0;0;11578;-11578
13/08/2024 10:30;13/08/2024 10:45;43;kWh;-21183;0;0;0;21183;-21183
13/08/2024 10:45;13/08/2024 11:00;44;kWh;-27265;0;0;0;27265;-27265
13/08/2024 11:00;13/08/2024 11:15;45;kWh;-17548;0;0;0;17548;-17548
13/08/2024 11:15;13/08/2024 11:30;46;kWh;-3064;543;0;0;3607;-2521
13/08/2024 11:30;13/08/2024 11:45;47;kWh;-18009;0;0;0;18009;-18009
13/08/2024 11:45;13/08/2024 12:00;48;kWh;-7948;0;0;0;7948;-7948
13/08/2024 12:00;13/08/2024 12:15;49;kWh;-1028;0;0;0;1028;-1028
13/08/2024 12:15;13/08/2024 12:30;50;kWh;0;0;0;0;0;0
13/08/2024 12:30;13/08/2024 12:45;51;kWh;-1931;0;0;0;1931;-1931
13/08/2024 12:45;13/08/2024 13:00;52;kWh;-36825;0;0;0;36825;-36825
13/08/2024 13:00;13/08/2024 13:15;53;kWh;-19382;0;0;0;19382;-19382
13/08/2024 13:15;13/08/2024 13:30;54;kWh;-1779;0;0;0;1779;-1779
13/08/2024 13:30;13/08/2024 13:45;55;kWh;-15347;0;0;0;15347;-15347
13/08/2024 13:45;13/08/2024 14:00;56;kWh;-24491;0;0;0;24491;-24491
13/08/2024 14:00;13/08/2024 14:15;57;kWh;-3257;2253;0;0;5510;-1004
13/08/2024 14:15;13/08/2024 14:30;58;kWh;0;726;0;0;726;726
13/08/2024 14:30;13/08/2024 14:45;59;kWh;0;0;0;0;0;0
13/08/2024 14:45;13/08/2024 15:00;60;kWh;0;3106;0;0;3106;3106
13/08/2024 15:00;13/08/2024 15:15;61;kWh;0;1507;0;0;1507;1507
13/08/2024 15:15;13/08/2024 15:30;62;kWh;-2679;0;0;0;2679;-2679
13/08/2024 15:30;13/08/2024 15:45;63;kWh;-6941;0;0;0;6941;-6941
13/08/2024 15:45;13/08/2024 16:00;64;kWh;-74;0;0;0;74;-74
13/08/2024 16:00;13/08/2024 16:15;65;kWh;-14104;0;0;0;14104;-14104
13/08/2024 16:15;13/08/2024 16:30;66;kWh;-21898;0;0;0;21898;-21898
13/08/2024 16:30;13/08/2024 16:45;67;kWh;-22967;0;0;0;22967;-22967
13/08/2024 16:45;13/08/2024 17:00;68;kWh;-20094;0;0;0;20094;-20094
13/08/2024 17:00;13/08/2024 17:15;69;kWh;-671;1401;0;0;2072;730
13/08/2024 17:15;13/08/2024 17:30;70;kWh;0;27878;0;0;27878;27878
13/08/2024 17:30;13/08/2024 17:45;71;kWh;0;34884;0;0;34884;34884
13/08/2024 17:45;13/08/2024 18:00;72;kWh;0;92;0;0;92;92
13/08/2024 18:00;13/08/2024 18:15;73;kWh;-25014;0;0;0;25014;-25014
13/08/2024 18:15;13/08/2024 18:30;74;kWh;-61162;0;0;0;61162;-61162
13/08/2024 18:30;13/08/2024 18:45;75;kWh;-33589;0;0;0;33589;-33589
13/08/2024 18:45;13/08/2024 19:00;76;kWh;-51889;0;0;0;51889;-51889
13/08/2024 19:00;13/08/2024 19:15;77;kWh;-48601;0;0;0;48601;-48601
13/08/2024 19:15;13/08/2024 19:30;78;kWh;-21127;0;0;0;21127;-21127
13/08/2024 19:30;13/08/2024 19:45;79;kWh;-280;0;0;0;280;-280
13/08/2024 19:45;13/08/2024 20:00;80;kWh;-2812;0;0;0;2812;-2812
13/08/2024 20:00;13/08/2024 20:15;81;kWh;-1935;0;0;0;1935;-1935
13/08/2024 20:15;13/08/2024 20:30;82;kWh;-1387;0;0;0;1387;-1387
13/08/2024 20:30;13/08/2024 20:45;83;kWh;-27404;0;0;0;27404;-27404
13/08/2024 20:45;13/08/2024 21:00;84;kWh;-31514;0;0;0;31514;-31514
13/08/2024 21:00;13/08/2024 21:15;85;kWh;-9010;0;0;0;9010;-9010
13/08/2024 21:15;13/08/2024 21:30;86;kWh;-11521;0;0;0;11521;-11521
13/08/2024 21:30;13/08/2024 21:45;87;kWh;-82;0;0;0;82;-82
13/08/2024 21:45;13/08/2024 22:00;88;kWh;-7250;0;0;0;7250;-7250
13/08/2024 22:00;13/08/2024 22:15;89;kWh;-73011;0;0;0;73011;-73011
13/08/2024 22:15;13/08/2024 22:30;90;kWh;-45022;0;0;0;45022;-45022
13/08/2024 22:30;13/08/2024 22:45;91;kWh;-43366;0;0;0;43366;-43366
13/08/2024 22:45;13/08/2024 23:00;92;kWh;-53242;0;0;0;53242;-53242
13/08/2024 23:00;13/08/2024 23:15;93;kWh;-67317;0;0;0;67317;-67317
13/08/2024 23:15;13/08/2024 23:30;94;kWh;-14405;0;0;0;14405;-14405
13/08/2024 23:30;13/08/2024 23:45;95;kWh;-28308;0;0;0;28308;-28308
13/08/2024 23:45;14/08/2024 00:00;96;kWh;-51676;0;0;0;51676;-51676
14/08/2024 00:00;14/08/2024 00:15;1;kWh;-22942;0;0;0;22942;-22942
14/08/2024 00:15;14/08/2024 00:30;2;kWh;0;0;0;0;0;0
14/08/2024 00:30;14/08/2024 00:45;3;kWh;0;72;0;0;72;72
14/08/2024 00:45;14/08/2024 01:00;4;kWh;0;6577;0;0;6577;6577
14/08/2024 01:00;14/08/2024 01:15;5;kWh;0;24243;0;0;24243;24243
14/08/2024 01:15;14/08/2024 01:30;6;kWh;0;37889;0;0;37889;37889
14/08/2024 01:30;14/08/2024 01:45;7;kWh;0;19892;0;0;19892;19892
14/08/2024 01:45;14/08/2024 02:00;8;kWh;0;8160;0;0;8160;8160
14/08/2024 02:00;14/08/2024 02:15;9;kWh;0;13548;0;0;13548;13548
14/08/2024 02:15;14/08/2024 02:30;10;kWh;0;996;0;0;996;996
14/08/2024 02:30;14/08/2024 02:45;11;kWh;0;2275;0;0;2275;2275
14/08/2024 02:45;14/08/2024 03:00;12;kWh;0;50973;0;0;50973;50973
14/08/2024 03:00;14/08/2024 03:15;13;kWh;0;43077;0;0;43077;43077
14/08/2024 03:15;14/08/2024 03:30;14;kWh;0;12573;0;0;12573;12573
14/08/2024 03:30;14/08/2024 03:45;15;kWh;0;435;0;0;435;435
14/08/2024 03:45;14/08/2024 04:00;16;kWh;0;1527;0;0;1527;1527
14/08/2024 04:00;14/08/2024 04:15;17;kWh;-10727;0;0;0;10727;-10727
14/08/2024 04:15;14/08/2024 04:30;18;kWh;-7988;0;0;0;7988;-7988
14/08/2024 04:30;14/08/2024 04:45;19;kWh;-2036;0;0;0;2036;-2036
14/08/2024 04:45;14/08/2024 05:00;20;kWh;-2378;0;0;0;2378;-2378
14/08/2024 05:00;14/08/2024 05:15;21;kWh;-97;4000;0;0;4097;3903
14/08/2024 05:15;14/08/2024 05:30;22;kWh;0;5337;0;0;5337;5337
14/08/2024 05:30;14/08/2024 05:45;23;kWh;0;2325;0;0;2325;2325
14/08/2024 05:45;14/08/2024 06:00;24;kWh;0;3462;0;0;3462;3462
14/08/2024 06:00;14/08/2024 06:15;25;kWh;-5163;4;0;0;5167;-5159
14/08/2024 06:15;14/08/2024 06:30;26;kWh;-20544;0;0;0;20544;-20544
14/08/2024 06:30;14/08/2024 06:45;27;kWh;-21326;0;0;0;21326;-21326
14/08/2024 06:45;14/08/2024 07:00;28;kWh;-10071;0;0;0;10071;-10071
14/08/2024 07:00;14/08/2024 07:15;29;kWh;-1686;0;0;0;1686;-1686
14/08/2024 07:15;14/08/2024 07:30;30;kWh;-611;0;0;0;611;-611
14/08/2024 07:30;14/08/2024 07:45;31;kWh;-27;0;0;0;27;-27
14/08/2024 07:45;14/08/2024 08:00;32;kWh;-3560;0;0;0;3560;-3560
14/08/2024 08:00;14/08/2024 08:15;33;kWh;-55968;0;0;0;55968;-55968
14/08/2024 08:15;14/08/2024 08:30;34;kWh;-96647;0;0;0;96647;-96647
14/08/2024 08:30;14/08/2024 08:45;35;kWh;-134445;0;0;0;134445;-134445
14/08/2024 08:45;14/08/2024 09:00;36;kWh;-130934;0;0;0;130934;-130934
14/08/2024 09:00;14/08/2024 09:15;37;kWh;-56607;0;0;0;56607;-56607
14/08/2024 09:15;14/08/2024 09:30;38;kWh;-80306;0;0;0;80306;-80306
14/08/2024 09:30;14/08/2024 09:45;39;kWh;-72485;0;0;0;72485;-72485
14/08/2024 09:45;14/08/2024 10:00;40;kWh;-27635;0;0;0;27635;-27635
14/08/2024 10:00;14/08/2024 10:15;41;kWh;-55831;0;0;0;55831;-55831
14/08/2024 10:15;14/08/2024 10:30;42;kWh;-31701;0;0;0;31701;-31701
14/08/2024 10:30;14/08/2024 10:45;43;kWh;-13312;0;0;0;13312;-13312
14/08/2024 10:45;14/08/2024 11:00;44;kWh;-2635;0;0;0;2635;-2635
14/08/2024 11:00;14/08/2024 11:15;45;kWh;-631;17220;0;0;17851;16589
14/08/2024 11:15;14/08/2024 11:30;46;kWh;0;42057;0;0;42057;42057
14/08/2024 11:30;14/08/2024 11:45;47;kWh;0;55008;0;0;55008;55008
14/08/2024 11:45;14/08/2024 12:00;48;kWh;-42;42264;0;0;42306;42222
14/08/2024 12:00;14/08/2024 12:15;49;kWh;-2114;0;0;0;2114;-2114
14/08/2024 12:15;14/08/2024 12:30;50;kWh;0;28582;0;0;28582;28582
14/08/2024 12:30;14/08/2024 12:45;51;kWh;0;66569;0;0;66569;66569
14/08/2024 12:45;14/08/2024 13:00;52;kWh;0;65190;0;0;65190;65190
14/08/2024 13:00;14/08/2024 13:15;53;kWh;0;21033;0;0;21033;21033
14/08/2024 13:15;14/08/2024 13:30;54;kWh;0;61890;0;0;61890;61890
14/08/2024 13:30;14/08/2024 13:45;55;kWh;0;76782;0;0;76782;76782
14/08/2024 13:45;14/08/2024 14:00;56;kWh;0;124926;0;0;124926;124926
14/08/2024 14:00;14/08/2024 14:15;57;kWh;0;121008;0;0;121008;121008
14/08/2024 14:15;14/08/2024 14:30;58;kWh;0;127709;0;0;127709;127709
14/08/2024 14:30;14/08/2024 14:45;59;kWh;0;67466;0;0;67466;67466
14/08/2024 14:45;14/08/2024 15:00;60;kWh;0;127337;0;0;127337;127337
14/08/2024 15:00;14/08/2024 15:15;61;kWh;0;62685;0;0;62685;62685
14/08/2024 15:15;14/08/2024 15:30;62;kWh;0;48324;0;0;48324;48324
14/08/2024 15:30;14/08/2024 15:45;63;kWh;0;34262;0;0;34262;34262
14/08/2024 15:45;14/08/2024 16:00;64;kWh;0;17192;0;0;17192;17192
14/08/2024 16:00;14/08/2024 16:15;65;kWh;0;5205;0;0;5205;5205
14/08/2024 16:15;14/08/2024 16:30;66;kWh;-705;921;0;0;1626;216
14/08/2024 16:30;14/08/2024 16:45;67;kWh;-2441;0;0;0;2441;-2441
14/08/2024 16:45;14/08/2024 17:00;68;kWh;-1595;173;0;0;1768;-1422
14/08/2024 17:00;14/08/2024 17:15;69;kWh;0;72284;0;0;72284;72284
14/08/2024 17:15;14/08/2024 17:30;70;kWh;0;53195;0;0;53195;53195
14/08/2024 17:30;14/08/2024 17:45;71;kWh;0;16117;0;0;16117;16117
14/08/2024 17:45;14/08/2024 18:00;72;kWh;0;16765;0;0;16765;16765
14/08/2024 18:00;14/08/2024 18:15;73;kWh;0;46184;0;0;46184;46184
14/08/2024 18:15;14/08/2024 18:30;74;kWh;0;15492;0;0;15492;15492
14/08/2024 18:30;14/08/2024 18:45;75;kWh;0;8785;0;0;8785;8785
14/08/2024 18:45;14/08/2024 19:00;76;kWh;0;45051;0;0;45051;45051
14/08/2024 19:00;14/08/2024 19:15;77;kWh;0;5898;0;0;5898;5898
14/08/2024 19:15;14/08/2024 19:30;78;kWh;0;3937;0;0;3937;3937
14/08/2024 19:30;14/08/2024 19:45;79;kWh;0;21031;0;0;21031;21031
14/08/2024 19:45;14/08/2024 20:00;80;kWh;0;31180;0;0;31180;31180
14/08/2024 20:00;14/08/2024 20:15;81;kWh;-455;6545;0;0;7000;6090
14/08/2024 20:15;14/08/2024 20:30;82;kWh;-59;144;0;0;203;85
14/08/2024 20:30;14/08/2024 20:45;83;kWh;0;15546;0;0;15546;15546
14/08/2024 20:45;14/08/2024 21:00;84;kWh;0;29059;0;0;29059;29059
14/08/2024 21:00;14/08/2024 21:15;85;kWh;0;34780;0;0;34780;34780
14/08/2024 21:15;14/08/2024 21:30;86;kWh;0;53481;0;0;53481;53481
14/08/2024 21:30;14/08/2024 21:45;87;kWh;0;45644;0;0;45644;45644
14/08/2024 21:45;14/08/2024 22:00;88;kWh;0;2335;0;0;2335;2335
14/08/2024 22:00;14/08/2024 22:15;89;kWh;-9125;0;0;0;9125;-9125
14/08/2024 22:15;14/08/2024 22:30;90;kWh;-12699;0;0;0;12699;-12699
14/08/2024 22:30;14/08/2024 22:45;91;kWh;-3085;0;0;0;3085;-3085
14/08/2024 22:45;14/08/2024 23:00;92;kWh;-937;126;0;0;1063;-811
14/08/2024 23:00;14/08/2024 23:15;93;kWh;0;4759;0;0;4759;4759
14/08/2024 23:15;14/08/2024 23:30;94;kWh;0;43925;0;0;43925;43925
14/08/2024 23:30;14/08/2024 23:45;95;kWh;0;37754;0;0;37754;37754
14/08/2024 23:45;15/08/2024 00:00;96;kWh;0;24318;0;0;24318;24318
15/08/2024 00:00;15/08/2024 00:15;1;kWh;0;37011;0;0;37011;37011
15/08/2024 00:15;15/08/2024 00:30;2;kWh;0;17798;0;0;17798;17798
15/08/2024 00:30;15/08/2024 00:45;3;kWh;0;1524;0;0;1524;1524
15/08/2024 00:45;15/08/2024 01:00;4;kWh;0;169;0;0;169;169
15/08/2024 01:00;15/08/2024 01:15;5;kWh;0;2973;0;0;2973;2973
15/08/2024 01:15;15/08/2024 01:30;6;kWh;0;25838;0;0;25838;25838
15/08/2024 01:30;15/08/2024 01:45;7;kWh;0;26205;0;0;26205;26205
15/08/2024 01:45;15/08/2024 02:00;8;kWh;0;30100;0;0;30100;30100
15/08/2024 02:00;15/08/2024 02:15;9;kWh;0;24001;0;0;24001;24001
15/08/2024 02:15;15/08/2024 02:30;10;kWh;0;37398;0;0;37398;37398
15/08/2024 02:30;15/08/2024 02:45;11;kWh;0;20991;0;0;20991;20991
15/08/2024 02:45;15/08/2024 03:00;12;kWh;0;7707;0;0;7707;7707
15/08/2024 03:00;15/08/2024 03:15;13;kWh;0;3695;0;0;3695;3695
15/08/2024 03:15;15/08/2024 03:30;14;kWh;0;3152;0;0;3152;3152
15/08/2024 03:30;15/08/2024 03:45;15;kWh;0;10353;0;0;10353;10353
15/08/2024 03:45;15/08/2024 04:00;16;kWh;0;17021;0;0;17021;17021
15/08/2024 04:00;15/08/2024 04:15;17;kWh;0;6717;0;0;6717;6717
15/08/2024 04:15;15/08/2024 04:30;18;kWh;0;1439;0;0;1439;1439
15/08/2024 04:30;15/08/2024 04:45;19;kWh;0;198;0;0;198;198
15/08/2024 04:45;15/08/2024 05:00;20;kWh;0;0;0;0;0;0
15/08/2024 05:00;15/08/2024 05:15;21;kWh;0;0;0;0;0;0
15/08/2024 05:15;15/08/2024 05:30;22;kWh;0;3536;0;0;3536;3536
15/08/2024 05:30;15/08/2024 05:45;23;kWh;0;21271;0;0;21271;21271
15/08/2024 05:45;15/08/2024 06:00;24;kWh;0;55276;0;0;55276;55276
15/08/2024 06:00;15/08/2024 06:15;25;kWh;0;73076;0;0;73076;73076
15/08/2024 06:15;15/08/2024 06:30;26;kWh;0;61796;0;0;61796;61796
15/08/2024 06:30;15/08/2024 06:45;27;kWh;0;46382;0;0;46382;46382
15/08/2024 06:45;15/08/2024 07:00;28;kWh;0;53917;0;0;53917;53917
15/08/2024 07:00;15/08/2024 07:15;29;kWh;0;16270;0;0;16270;16270
15/08/2024 07:15;15/08/2024 07:30;30;kWh;0;1768;0;0;1768;1768
15/08/2024 07:30;15/08/2024 07:45;31;kWh;0;7521;0;0;7521;7521
15/08/2024 07:45;15/08/2024 08:00;32;kWh;0;4120;0;0;4120;4120
15/08/2024 08:00;15/08/2024 08:15;33;kWh;0;30231;0;0;30231;30231
15/08/2024 08:15;15/08/2024 08:30;34;kWh;0;78100;0;0;78100;78100
15/08/2024 08:30;15/08/2024 08:45;35;kWh;0;49428;0;0;49428;49428
15/08/2024 08:45;15/08/2024 09:00;36;kWh;0;28388;0;0;28388;28388
15/08/2024 09:00;15/08/2024 09:15;37;kWh;0;8457;0;0;8457;8457
15/08/2024 09:15;15/08/2024 09:30;38;kWh;0;246;0;0;246;246
15/08/2024 09:30;15/08/2024 09:45;39;kWh;0;6494;0;0;6494;6494
15/08/2024 09:45;15/08/2024 10:00;40;kWh;-22053;0;0;0;22053;-22053
15/08/2024 10:00;15/08/2024 10:15;41;kWh;-1302;3143;0;0;4445;1841
15/08/2024 10:15;15/08/2024 10:30;42;kWh;-3822;19534;0;0;23356;15712
15/08/2024 10:30;15/08/2024 10:45;43;kWh;-10875;916;0;0;11791;-9959
15/08/2024 10:45;15/08/2024 11:00;44;kWh;-6831;2;0;0;6833;-6829
15/08/2024 11:00;15/08/2024 11:15;45;kWh;0;45125;0;0;45125;45125
15/08/2024 11:15;15/08/2024 11:30;46;kWh;0;35496;0;0;35496;35496
15/08/2024 11:30;15/08/2024 11:45;47;kWh;-18108;0;0;0;18108;-18108
15/08/2024 11:45;15/08/2024 12:00;48;kWh;-14768;0;0;0;14768;-14768
15/08/2024 12:00;15/08/2024 12:15;49;kWh;-22940;0;0;0;22940;-22940
15/08/2024 12:15;15/08/2024 12:30;50;kWh;-14898;0;0;0;14898;-14898
15/08/2024 12:30;15/08/2024 12:45;51;kWh;-22980;0;0;0;22980;-22980
15/08/2024 12:45;15/08/2024 13:00;52;kWh;-39758;0;0;0;39758;-39758
15/08/2024 13:00;15/08/2024 13:15;53;kWh;-1964;0;0;0;1964;-1964
15/08/2024 13:15;15/08/2024 13:30;54;kWh;-9613;0;0;0;9613;-9613
15/08/2024 13:30;15/08/2024 13:45;55;kWh;-20122;0;0;0;20122;-20122
15/08/2024 13:45;15/08/2024 14:00;56;kWh;-24172;1210;0;0;25382;-22962
15/08/2024 14:00;15/08/2024 14:15;57;kWh;-4200;2522;0;0;6722;-1678
15/08/2024 14:15;15/08/2024 14:30;58;kWh;-2975;0;0;0;2975;-2975
15/08/2024 14:30;15/08/2024 14:45;59;kWh;-11277;0;0;0;11277;-11277
15/08/2024 14:45;15/08/2024 15:00;60;kWh;-4224;61;0;0;4285;-4163
15/08/2024 15:00;15/08/2024 15:15;61;kWh;-19743;0;0;0;19743;-19743
15/08/2024 15:15;15/08/2024 15:30;62;kWh;-6911;78;0;0;6989;-6833
15/08/2024 15:30;15/08/2024 15:45;63;kWh;-16284;87;0;0;16371;-16197
15/08/2024 15:45;15/08/2024 16:00;64;kWh;-15786;0;0;0;15786;-15786
15/08/2024 16:00;15/08/2024 16:15;65;kWh;-29363;9523;0;0;38886;-19840
15/08/2024 16:15;15/08/2024 16:30;66;kWh;-38626;3605;0;0;42231;-35021
15/08/2024 16:30;15/08/2024 16:45;67;kWh;-32926;5591;0;0;38517;-27335
15/08/2024 16:45;15/08/2024 17:00;68;kWh;-27233;630;0;0;27863;-26603
15/08/2024 17:00;15/08/2024 17:15;69;kWh;-65009;433;0;0;65442;-64576
15/08/2024 17:15;15/08/2024 17:30;70;kWh;-51649;830;0;0;52479;-50819
15/08/2024 17:30;15/08/2024 17:45;71;kWh;-28880;8738;0;0;37618;-20142
15/08/2024 17:45;15/08/2024 18:00;72;kWh;-11410;8123;0;0;19533;-3287
15/08/2024 18:00;15/08/2024 18:15;73;kWh;-11596;1161;0;0;12757;-10435
15/08/2024 18:15;15/08/2024 18:30;74;kWh;-20621;7435;0;0;28056;-13186
15/08/2024 18:30;15/08/2024 18:45;75;kWh;-15531;4351;0;0;19882;-11180
15/08/2024 18:45;15/08/2024 19:00;76;kWh;-15529;11821;0;0;27350;-3708
15/08/2024 19:00;15/08/2024 19:15;77;kWh;-319;5722;0;0;6041;5403
15/08/2024 19:15;15/08/2024 19:30;78;kWh;-13890;2958;0;0;16848;-10932
15/08/2024 19:30;15/08/2024 19:45;79;kWh;0;21592;0;0;21592;21592
15/08/2024 19:45;15/08/2024 20:00;80;kWh;0;78926;0;0;78926;78926
15/08/2024 20:00;15/08/2024 20:15;81;kWh;-1983;11922;0;0;13905;9939
15/08/2024 20:15;15/08/2024 20:30;82;kWh;-230;24242;0;0;24472;24012
15/08/2024 20:30;15/08/2024 20:45;83;kWh;0;51305;0;0;51305;51305
15/08/2024 20:45;15/08/2024 21:00;84;kWh;0;42849;0;0;42849;42849
15/08/2024 21:00;15/08/2024 21:15;85;kWh;-12371;2260;0;0;14631;-10111
15/08/2024 21:15;15/08/2024 21:30;86;kWh;-32993;0;0;0;32993;-32993
15/08/2024 21:30;15/08/2024 21:45;87;kWh;-31610;0;0;0;31610;-31610
15/08/2024 21:45;15/08/2024 22:00;88;kWh;-44463;0;0;0;44463;-44463
15/08/2024 22:00;15/08/2024 22:15;89;kWh;-4548;759;0;0;5307;-3789
15/08/2024 22:15;15/08/2024 22:30;90;kWh;-11863;18;0;0;11881;-11845
15/08/2024 22:30;15/08/2024 22:45;91;kWh;-13444;0;0;0;13444;-13444
15/08/2024 22:45;15/08/2024 23:00;92;kWh;-19930;0;0;0;19930;-19930
15/08/2024 23:00;15/08/2024 23:15;93;kWh;-14559;5268;0;0;19827;-9291
15/08/2024 23:15;15/08/2024 23:30;94;kWh;0;10975;0;0;10975;10975
15/08/2024 23:30;15/08/2024 23:45;95;kWh;0;23631;0;0;23631;23631
15/08/2024 23:45;16/08/2024 00:00;96;kWh;-269;27557;0;0;27826;27288
16/08/2024 00:00;16/08/2024 00:15;1;kWh;-6430;2122;0;0;8552;-4308
16/08/2024 00:15;16/08/2024 00:30;2;kWh;0;34793;0;0;34793;34793
16/08/2024 00:30;16/08/2024 00:45;3;kWh;0;53765;0;0;53765;53765
16/08/2024 00:45;16/08/2024 01:00;4;kWh;0;60622;0;0;60622;60622
16/08/2024 01:00;16/08/2024 01:15;5;kWh;0;6476;0;0;6476;6476
16/08/2024 01:15;16/08/2024 01:30;6;kWh;0;10398;0;0;10398;10398
16/08/2024 01:30;16/08/2024 01:45;7;kWh;0;28205;0;0;28205;28205
16/08/2024 01:45;16/08/2024 02:00;8;kWh;0;46402;0;0;46402;46402
16/08/2024 02:00;16/08/2024 02:15;9;kWh;0;52946;0;0;52946;52946
16/08/2024 02:15;16/08/2024 02:30;10;kWh;0;62227;0;0;62227;62227
16/08/2024 02:30;16/08/2024 02:45;11;kWh;0;98748;0;0;98748;98748
16/08/2024 02:45;16/08/2024 03:00;12;kWh;0;95737;0;0;95737;95737
16/08/2024 03:00;16/08/2024 03:15;13;kWh;0;18627;0;0;18627;18627
16/08/2024 03:15;16/08/2024 03:30;14;kWh;0;10834;0;0;10834;10834
16/08/2024 03:30;16/08/2024 03:45;15;kWh;0;21327;0;0;21327;21327
16/08/2024 03:45;16/08/2024 04:00;16;kWh;0;28489;0;0;28489;28489
16/08/2024 04:00;16/08/2024 04:15;17;kWh;-653;180;0;0;833;-473
16/08/2024 04:15;16/08/2024 04:30;18;kWh;-3487;0;0;0;3487;-3487
16/08/2024 04:30;16/08/2024 04:45;19;kWh;-1803;0;0;0;1803;-1803
16/08/2024 04:45;16/08/2024 05:00;20;kWh;-14;0;0;0;14;-14
16/08/2024 05:00;16/08/2024 05:15;21;kWh;0;21203;0;0;21203;21203
16/08/2024 05:15;16/08/2024 05:30;22;kWh;0;24231;0;0;24231;24231
16/08/2024 05:30;16/08/2024 05:45;23;kWh;0;14791;0;0;14791;14791
16/08/2024 05:45;16/08/2024 06:00;24;kWh;0;5423;0;0;5423;5423
16/08/2024 06:00;16/08/2024 06:15;25;kWh;0;17677;0;0;17677;17677
16/08/2024 06:15;16/08/2024 06:30;26;kWh;0;17957;0;0;17957;17957
16/08/2024 06:30;16/08/2024 06:45;27;kWh;0;10491;0;0;10491;10491
16/08/2024 06:45;16/08/2024 07:00;28;kWh;0;37283;0;0;37283;37283
16/08/2024 07:00;16/08/2024 07:15;29;kWh;-10535;3003;0;0;13538;-7532
16/08/2024 07:15;16/08/2024 07:30;30;kWh;0;3247;0;0;3247;3247
16/08/2024 07:30;16/08/2024 07:45;31;kWh;0;20497;0;0;20497;20497
16/08/2024 07:45;16/08/2024 08:00;32;kWh;-1380;12821;0;0;14201;11441
16/08/2024 08:00;16/08/2024 08:15;33;kWh;-54011;10;0;0;54021;-54001
16/08/2024 08:15;16/08/2024 08:30;34;kWh;-72730;0;0;0;72730;-72730
16/08/2024 08:30;16/08/2024 08:45;35;kWh;-78067;0;0;0;78067;-78067
16/08/2024 08:45;16/08/2024 09:00;36;kWh;-80964;0;0;0;80964;-80964
16/08/2024 09:00;16/08/2024 09:15;37;kWh;-27876;0;0;0;27876;-27876
16/08/2024 09:15;16/08/2024 09:30;38;kWh;-21127;0;0;0;21127;-21127
16/08/2024 09:30;16/08/2024 09:45;39;kWh;-25660;0;0;0;25660;-25660
16/08/2024 09:45;16/08/2024 10:00;40;kWh;-65108;0;0;0;65108;-65108
16/08/2024 10:00;16/08/2024 10:15;41;kWh;-16255;0;0;0;16255;-16255
16/08/2024 10:15;16/08/2024 10:30;42;kWh;-33937;0;0;0;33937;-33937
16/08/2024 10:30;16/08/2024 10:45;43;kWh;-59911;0;0;0;59911;-59911
16/08/2024 10:45;16/08/2024 11:00;44;kWh;-32658;0;0;0;32658;-32658
16/08/2024 11:00;16/08/2024 11:15;45;kWh;-34730;0;0;0;34730;-34730
16/08/2024 11:15;16/08/2024 11:30;46;kWh;-11656;0;0;0;11656;-11656
16/08/2024 11:30;16/08/2024 11:45;47;kWh;-5019;0;0;0;5019;-5019
16/08/2024 11:45;16/08/2024 12:00;48;kWh;-1065;0;0;0;1065;-1065
16/08/2024 12:00;16/08/2024 12:15;49;kWh;0;3955;0;0;3955;3955
16/08/2024 12:15;16/08/2024 12:30;50;kWh;0;21054;0;0;21054;21054
16/08/2024 12:30;16/08/2024 12:45;51;kWh;0;40632;0;0;40632;40632
16/08/2024 12:45;16/08/2024 13:00;52;kWh;0;36356;0;0;36356;36356
16/08/2024 13:00;16/08/2024 13:15;53;kWh;0;73;0;0;73;73
16/08/2024 13:15;16/08/2024 13:30;54;kWh;-237;0;0;0;237;-237
16/08/2024 13:30;16/08/2024 13:45;55;kWh;-5967;0;0;0;5967;-5967
16/08/2024 13:45;16/08/2024 14:00;56;kWh;-2965;19;0;0;2984;-2946
16/08/2024 14:00;16/08/2024 14:15;57;kWh;-4645;47;0;0;4692;-4598
16/08/2024 14:15;16/08/2024 14:30;58;kWh;0;0;0;0;0;0
16/08/2024 14:30;16/08/2024 14:45;59;kWh;0;3581;0;0;3581;3581
16/08/2024 14:45;16/08/2024 15:00;60;kWh;0;3270;0;0;3270;3270
16/08/2024 15:00;16/08/2024 15:15;61;kWh;0;52925;0;0;52925;52925
16/08/2024 15:15;16/08/2024 15:30;62;kWh;0;47624;0;0;47624;47624
16/08/2024 15:30;16/08/2024 15:45;63;kWh;0;29029;0;0;29029;29029
16/08/2024 15:45;16/08/2024 16:00;64;kWh;0;33195;0;0;33195;33195
16/08/2024 16:00;16/08/2024 16:15;65;kWh;-1000;3775;0;0;4775;2775
16/08/2024 16:15;16/08/2024 16:30;66;kWh;0;3004;0;0;3004;3004
16/08/2024 16:30;16/08/2024 16:45;67;kWh;0;318;0;0;318;318
16/08/2024 16:45;16/08/2024 17:00;68;kWh;0;9047;0;0;9047;9047
16/08/2024 17:00;16/08/2024 17:15;69;kWh;0;82498;0;0;82498;82498
16/08/2024 17:15;16/08/2024 17:30;70;kWh;0;22784;0;0;22784;22784
16/08/2024 17:30;16/08/2024 17:45;71;kWh;0;14118;0;0;14118;14118
16/08/2024 17:45;16/08/2024 18:00;72;kWh;-260;0;0;0;260;-260
16/08/2024 18:00;16/08/2024 18:15;73;kWh;0;625;0;0;625;625
16/08/2024 18:15;16/08/2024 18:30;74;kWh;-833;0;0;0;833;-833
16/08/2024 18:30;16/08/2024 18:45;75;kWh;-1440;0;0;0;1440;-1440
16/08/2024 18:45;16/08/2024 19:00;76;kWh;-199;0;0;0;199;-199
16/08/2024 19:00;16/08/2024 19:15;77;kWh;0;12628;0;0;12628;12628
16/08/2024 19:15;16/08/2024 19:30;78;kWh;0;21714;0;0;21714;21714
16/08/2024 19:30;16/08/2024 19:45;79;kWh;0;31977;0;0;31977;31977
16/08/2024 19:45;16/08/2024 20:00;80;kWh;0;75204;0;0;75204;75204
16/08/2024 20:00;16/08/2024 20:15;81;kWh;0;17458;0;0;17458;17458
16/08/2024 20:15;16/08/2024 20:30;82;kWh;0;3746;0;0;3746;3746
16/08/2024 20:30;16/08/2024 20:45;83;kWh;0;8670;0;0;8670;8670
16/08/2024 20:45;16/08/2024 21:00;84;kWh;0;9992;0;0;9992;9992
16/08/2024 21:00;16/08/2024 21:15;85;kWh;0;22996;0;0;22996;22996
16/08/2024 21:15;16/08/2024 21:30;86;kWh;0;29815;0;0;29815;29815
16/08/2024 21:30;16/08/2024 21:45;87;kWh;-66;11538;0;0;11604;11472
16/08/2024 21:45;16/08/2024 22:00;88;kWh;-8998;0;0;0;8998;-8998
16/08/2024 22:00;16/08/2024 22:15;89;kWh;-6753;2163;0;0;8916;-4590
16/08/2024 22:15;16/08/2024 22:30;90;kWh;0;3591;0;0;3591;3591
16/08/2024 22:30;16/08/2024 22:45;91;kWh;0;286;0;0;286;286
16/08/2024 22:45;16/08/2024 23:00;92;kWh;-36;4;0;0;40;-32
16/08/2024 23:00;16/08/2024 23:15;93;kWh;0;16948;0;0;16948;16948
16/08/2024 23:15;16/08/2024 23:30;94;kWh;0;20597;0;0;20597;20597
16/08/2024 23:30;16/08/2024 23:45;95;kWh;0;1199;0;0;1199;1199
16/08/2024 23:45;17/08/2024 00:00;96;kWh;0;0;0;0;0;0
17/08/2024 00:00;17/08/2024 00:15;1;kWh;0;1359;0;0;1359;1359
17/08/2024 00:15;17/08/2024 00:30;2;kWh;0;2652;0;0;2652;2652
17/08/2024 00:30;17/08/2024 00:45;3;kWh;0;0;0;0;0;0
17/08/2024 00:45;17/08/2024 01:00;4;kWh;0;1209;0;0;1209;1209
17/08/2024 01:00;17/08/2024 01:15;5;kWh;0;56;0;0;56;56
17/08/2024 01:15;17/08/2024 01:30;6;kWh;0;0;0;0;0;0
17/08/2024 01:30;17/08/2024 01:45;7;kWh;0;0;0;0;0;0
17/08/2024 01:45;17/08/2024 02:00;8;kWh;0;1652;0;0;1652;1652
17/08/2024 02:00;17/08/2024 02:15;9;kWh;0;8618;0;0;8618;8618
17/08/2024 02:15;17/08/2024 02:30;10;kWh;0;6487;0;0;6487;6487
17/08/2024 02:30;17/08/2024 02:45;11;kWh;0;18522;0;0;18522;18522
17/08/2024 02:45;17/08/2024 03:00;12;kWh;0;1743;0;0;1743;1743
17/08/2024 03:00;17/08/2024 03:15;13;kWh;0;17039;0;0;17039;17039
17/08/2024 03:15;17/08/2024 03:30;14;kWh;0;23163;0;0;23163;23163
17/08/2024 03:30;17/08/2024 03:45;15;kWh;0;10982;0;0;10982;10982
17/08/2024 03:45;17/08/2024 04:00;16;kWh;0;7190;0;0;7190;7190
17/08/2024 04:00;17/08/2024 04:15;17;kWh;0;8818;0;0;8818;8818
17/08/2024 04:15;17/08/2024 04:30;18;kWh;0;20057;0;0;20057;20057
17/08/2024 04:30;17/08/2024 04:45;19;kWh;0;7898;0;0;7898;7898
17/08/2024 04:45;17/08/2024 05:00;20;kWh;0;7070;0;0;7070;7070
17/08/2024 05:00;17/08/2024 05:15;21;kWh;0;1631;0;0;1631;1631
17/08/2024 05:15;17/08/2024 05:30;22;kWh;0;13942;0;0;13942;13942
17/08/2024 05:30;17/08/2024 05:45;23;kWh;0;23427;0;0;23427;23427
17/08/2024 05:45;17/08/2024 06:00;24;kWh;0;4648;0;0;4648;4648
17/08/2024 06:00;17/08/2024 06:15;25;kWh;0;546;0;0;546;546
17/08/2024 06:15;17/08/2024 06:30;26;kWh;0;2055;0;0;2055;2055
17/08/2024 06:30;17/08/2024 06:45;27;kWh;0;877;0;0;877;877
17/08/2024 06:45;17/08/2024 07:00;28;kWh;-1340;0;0;0;1340;-1340
17/08/2024 07:00;17/08/2024 07:15;29;kWh;-2254;0;0;0;2254;-2254
17/08/2024 07:15;17/08/2024 07:30;30;kWh;-868;0;0;0;868;-868
17/08/2024 07:30;17/08/2024 07:45;31;kWh;-11903;0;0;0;11903;-11903
17/08/2024 07:45;17/08/2024 08:00;32;kWh;-21279;0;0;0;21279;-21279
17/08/2024 08:00;17/08/2024 08:15;33;kWh;-11129;38;0;0;11167;-11091
17/08/2024 08:15;17/08/2024 08:30;34;kWh;-14970;0;0;0;14970;-14970
17/08/2024 08:30;17/08/2024 08:45;35;kWh;-44728;0;0;0;44728;-44728
17/08/2024 08:45;17/08/2024 09:00;36;kWh;-43488;0;0;0;43488;-43488
17/08/2024 09:00;17/08/2024 09:15;37;kWh;-15272;0;0;0;15272;-15272
17/08/2024 09:15;17/08/2024 09:30;38;kWh;-19702;0;0;0;19702;-19702
17/08/2024 09:30;17/08/2024 09:45;39;kWh;-31670;0;0;0;31670;-31670
17/08/2024 09:45;17/08/2024 10:00;40;kWh;-55897;0;0;0;55897;-55897
17/08/2024 10:00;17/08/2024 10:15;41;kWh;-23837;0;0;0;23837;-23837
17/08/2024 10:15;17/08/2024 10:30;42;kWh;-15137;0;0;0;15137;-15137
17/08/2024 10:30;17/08/2024 10:45;43;kWh;-34769;0;0;0;34769;-34769
17/08/2024 10:45;17/08/2024 11:00;44;kWh;-34693;0;0;0;34693;-34693
17/08/2024 11:00;17/08/2024 11:15;45;kWh;-8493;1;0;0;8494;-8492
17/08/2024 11:15;17/08/2024 11:30;46;kWh;-4748;0;0;0;4748;-4748
17/08/2024 11:30;17/08/2024 11:45;47;kWh;-6884;0;0;0;6884;-6884
17/08/2024 11:45;17/08/2024 12:00;48;kWh;-17495;0;0;0;17495;-17495
17/08/2024 12:00;17/08/2024 12:15;49;kWh;-3318;0;0;0;3318;-3318
17/08/2024 12:15;17/08/2024 12:30;50;kWh;-285;0;0;0;285;-285
17/08/2024 12:30;17/08/2024 12:45;51;kWh;-1628;0;0;0;1628;-1628
17/08/2024 12:45;17/08/2024 13:00;52;kWh;-4250;0;0;0;4250;-4250
17/08/2024 13:00;17/08/2024 13:15;53;kWh;-9656;0;0;0;9656;-9656
17/08/2024 13:15;17/08/2024 13:30;54;kWh;-23074;0;0;0;23074;-23074
17/08/2024 13:30;17/08/2024 13:45;55;kWh;-29219;0;0;0;29219;-29219
17/08/2024 13:45;17/08/2024 14:00;56;kWh;-33184;0;0;0;33184;-33184
17/08/2024 14:00;17/08/2024 14:15;57;kWh;-22347;0;0;0;22347;-22347
17/08/2024 14:15;17/08/2024 14:30;58;kWh;-23727;0;0;0;23727;-23727
17/08/2024 14:30;17/08/2024 14:45;59;kWh;-29184;0;0;0;29184;-29184
17/08/2024 14:45;17/08/2024 15:00;60;kWh;-28530;0;0;0;28530;-28530
17/08/2024 15:00;17/08/2024 15:15;61;kWh;-23228;0;0;0;23228;-23228
17/08/2024 15:15;17/08/2024 15:30;62;kWh;-20015;0;0;0;20015;-20015
17/08/2024 15:30;17/08/2024 15:45;63;kWh;-11809;0;0;0;11809;-11809
17/08/2024 15:45;17/08/2024 16:00;64;kWh;-11673;0;0;0;11673;-11673
17/08/2024 16:00;17/08/2024 16:15;65;kWh;-34518;0;0;0;34518;-34518
17/08/2024 16:15;17/08/2024 16:30;66;kWh;-19669;0;0;0;19669;-19669
17/08/2024 16:30;17/08/2024 16:45;67;kWh;-400;0;0;0;400;-400
17/08/2024 16:45;17/08/2024 17:00;68;kWh;0;1764;0;0;1764;1764
17/08/2024 17:00;17/08/2024 17:15;69;kWh;-20515;246;0;0;20761;-20269
17/08/2024 17:15;17/08/2024 17:30;70;kWh;-27530;0;0;0;27530;-27530
17/08/2024 17:30;17/08/2024 17:45;71;kWh;-6123;0;0;0;6123;-6123
17/08/2024 17:45;17/08/2024 18:00;72;kWh;-164;0;0;0;164;-164
17/08/2024 18:00;17/08/2024 18:15;73;kWh;-7651;0;0;0;7651;-7651
17/08/2024 18:15;17/08/2024 18:30;74;kWh;-3735;0;0;0;3735;-3735
17/08/2024 18:30;17/08/2024 18:45;75;kWh;-10962;0;0;0;10962;-10962
17/08/2024 18:45;17/08/2024 19:00;76;kWh;-16;0;0;0;16;-16
17/08/2024 19:00;17/08/2024 19:15;77;kWh;-26879;0;0;0;26879;-26879
17/08/2024 19:15;17/08/2024 19:30;78;kWh;-27484;0;0;0;27484;-27484
17/08/2024 19:30;17/08/2024 19:45;79;kWh;-3533;0;0;0;3533;-3533
17/08/2024 19:45;17/08/2024 20:00;80;kWh;0;15;0;0;15;15
17/08/2024 20:00;17/08/2024 20:15;81;kWh;0;916;0;0;916;916
17/08/2024 20:15;17/08/2024 20:30;82;kWh;0;2013;0;0;2013;2013
17/08/2024 20:30;17/08/2024 20:45;83;kWh;0;13429;0;0;13429;13429
17/08/2024 20:45;17/08/2024 21:00;84;kWh;0;27099;0;0;27099;27099
17/08/2024 21:00;17/08/2024 21:15;85;kWh;0;31262;0;0;31262;31262
17/08/2024 21:15;17/08/2024 21:30;86;kWh;0;34820;0;0;34820;34820
17/08/2024 21:30;17/08/2024 21:45;87;kWh;0;14259;0;0;14259;14259
17/08/2024 21:45;17/08/2024 22:00;88;kWh;0;8172;0;0;8172;8172
17/08/2024 22:00;17/08/2024 22:15;89;kWh;0;26302;0;0;26302;26302
17/08/2024 22:15;17/08/2024 22:30;90;kWh;0;2912;0;0;2912;2912
17/08/2024 22:30;17/08/2024 22:45;91;kWh;0;1447;0;0;1447;1447
17/08/2024 22:45;17/08/2024 23:00;92;kWh;0;105;0;0;105;105
17/08/2024 23:00;17/08/2024 23:15;93;kWh;-74;0;0;0;74;-74
17/08/2024 23:15;17/08/2024 23:30;94;kWh;-1308;0;0;0;1308;-1308
17/08/2024 23:30;17/08/2024 23:45;95;kWh;-1490;0;0;0;1490;-1490
17/08/2024 23:45;18/08/2024 00:00;96;kWh;-249;601;0;0;850;352
18/08/2024 00:00;18/08/2024 00:15;1;kWh;-1030;0;0;0;1030;-1030
18/08/2024 00:15;18/08/2024 00:30;2;kWh;0;1404;0;0;1404;1404
18/08/2024 00:30;18/08/2024 00:45;3;kWh;0;3832;0;0;3832;3832
18/08/2024 00:45;18/08/2024 01:00;4;kWh;0;1151;0;0;1151;1151
18/08/2024 01:00;18/08/2024 01:15;5;kWh;0;1361;0;0;1361;1361
18/08/2024 01:15;18/08/2024 01:30;6;kWh;-968;0;0;0;968;-968
18/08/2024 01:30;18/08/2024 01:45;7;kWh;-4249;0;0;0;4249;-4249
18/08/2024 01:45;18/08/2024 02:00;8;kWh;-926;0;0;0;926;-926
18/08/2024 02:00;18/08/2024 02:15;9;kWh;0;2964;0;0;2964;2964
18/08/2024 02:15;18/08/2024 02:30;10;kWh;0;2885;0;0;2885;2885
18/08/2024 02:30;18/08/2024 02:45;11;kWh;0;772;0;0;772;772
18/08/2024 02:45;18/08/2024 03:00;12;kWh;0;10968;0;0;10968;10968
18/08/2024 03:00;18/08/2024 03:15;13;kWh;0;4130;0;0;4130;4130
18/08/2024 03:15;18/08/2024 03:30;14;kWh;0;9626;0;0;9626;9626
18/08/2024 03:30;18/08/2024 03:45;15;kWh;0;10927;0;0;10927;10927
18/08/2024 03:45;18/08/2024 04:00;16;kWh;0;10691;0;0;10691;10691
18/08/2024 04:00;18/08/2024 04:15;17;kWh;0;21093;0;0;21093;21093
18/08/2024 04:15;18/08/2024 04:30;18;kWh;0;23901;0;0;23901;23901
18/08/2024 04:30;18/08/2024 04:45;19;kWh;0;21482;0;0;21482;21482
18/08/2024 04:45;18/08/2024 05:00;20;kWh;0;14544;0;0;14544;14544
18/08/2024 05:00;18/08/2024 05:15;21;kWh;0;21444;0;0;21444;21444
18/08/2024 05:15;18/08/2024 05:30;22;kWh;0;34435;0;0;34435;34435
18/08/2024 05:30;18/08/2024 05:45;23;kWh;0;32180;0;0;32180;32180
18/08/2024 05:45;18/08/2024 06:00;24;kWh;0;17385;0;0;17385;17385
18/08/2024 06:00;18/08/2024 06:15;25;kWh;0;3964;0;0;3964;3964
18/08/2024 06:15;18/08/2024 06:30;26;kWh;0;29683;0;0;29683;29683
18/08/2024 06:30;18/08/2024 06:45;27;kWh;0;40628;0;0;40628;40628
18/08/2024 06:45;18/08/2024 07:00;28;kWh;0;59577;0;0;59577;59577
18/08/2024 07:00;18/08/2024 07:15;29;kWh;0;61719;0;0;61719;61719
18/08/2024 07:15;18/08/2024 07:30;30;kWh;0;39911;0;0;39911;39911
18/08/2024 07:30;18/08/2024 07:45;31;kWh;0;41290;0;0;41290;41290
18/08/2024 07:45;18/08/2024 08:00;32;kWh;0;13577;0;0;13577;13577
18/08/2024 08:00;18/08/2024 08:15;33;kWh;0;6680;0;0;6680;6680
18/08/2024 08:15;18/08/2024 08:30;34;kWh;-990;5029;0;0;6019;4039
18/08/2024 08:30;18/08/2024 08:45;35;kWh;-18806;0;0;0;18806;-18806
18/08/2024 08:45;18/08/2024 09:00;36;kWh;-27807;0;0;0;27807;-27807
18/08/2024 09:00;18/08/2024 09:15;37;kWh;-377;28844;0;0;29221;28467
18/08/2024 09:15;18/08/2024 09:30;38;kWh;-1913;1217;0;0;3130;-696
18/08/2024 09:30;18/08/2024 09:45;39;kWh;-18610;0;0;0;18610;-18610
18/08/2024 09:45;18/08/2024 10:00;40;kWh;-40428;19;0;0;40447;-40409
18/08/2024 10:00;18/08/2024 10:15;41;kWh;-590;59846;0;0;60436;59256
18/08/2024 10:15;18/08/2024 10:30;42;kWh;-3958;1059;0;0;5017;-2899
18/08/2024 10:30;18/08/2024 10:45;43;kWh;-1031;0;0;0;1031;-1031
18/08/2024 10:45;18/08/2024 11:00;44;kWh;-490;778;0;0;1268;288
18/08/2024 11:00;18/08/2024 11:15;45;kWh;0;31250;0;0;31250;31250
18/08/2024 11:15;18/08/2024 11:30;46;kWh;-4033;0;0;0;4033;-4033
18/08/2024 11:30;18/08/2024 11:45;47;kWh;-1653;0;0;0;1653;-1653
18/08/2024 11:45;18/08/2024 12:00;48;kWh;0;0;0;0;0;0
18/08/2024 12:00;18/08/2024 12:15;49;kWh;-3596;1155;0;0;4751;-2441
18/08/2024 12:15;18/08/2024 12:30;50;kWh;-2972;358;0;0;3330;-2614
18/08/2024 12:30;18/08/2024 12:45;51;kWh;-4;1330;0;0;1334;1326
18/08/2024 12:45;18/08/2024 13:00;52;kWh;0;164;0;0;164;164
18/08/2024 13:00;18/08/2024 13:15;53;kWh;0;21186;0;0;21186;21186
18/08/2024 13:15;18/08/2024 13:30;54;kWh;0;5709;0;0;5709;5709
18/08/2024 13:30;18/08/2024 13:45;55;kWh;-2952;2374;0;0;5326;-578
18/08/2024 13:45;18/08/2024 14:00;56;kWh;-6915;0;0;0;6915;-6915
18/08/2024 14:00;18/08/2024 14:15;57;kWh;-11588;303;0;0;11891;-11285
18/08/2024 14:15;18/08/2024 14:30;58;kWh;0;727;0;0;727;727
18/08/2024 14:30;18/08/2024 14:45;59;kWh;-1037;134;0;0;1171;-903
18/08/2024 14:45;18/08/2024 15:00;60;kWh;-8145;0;0;0;8145;-8145
18/08/2024 15:00;18/08/2024 15:15;61;kWh;-4023;0;0;0;4023;-4023
18/08/2024 15:15;18/08/2024 15:30;62;kWh;-215;1116;0;0;1331;901
18/08/2024 15:30;18/08/2024 15:45;63;kWh;0;5553;0;0;5553;5553
18/08/2024 15:45;18/08/2024 16:00;64;kWh;0;15134;0;0;15134;15134
18/08/2024 16:00;18/08/2024 16:15;65;kWh;-6557;2072;0;0;8629;-4485
18/08/2024 16:15;18/08/2024 16:30;66;kWh;0;2981;0;0;2981;2981
18/08/2024 16:30;18/08/2024 16:45;67;kWh;0;2987;0;0;2987;2987
18/08/2024 16:45;18/08/2024 17:00;68;kWh;-65;1322;0;0;1387;1257
18/08/2024 17:00;18/08/2024 17:15;69;kWh;-18102;140;0;0;18242;-17962
18/08/2024 17:15;18/08/2024 17:30;70;kWh;0;133;0;0;133;133
18/08/2024 17:30;18/08/2024 17:45;71;kWh;0;1113;0;0;1113;1113
18/08/2024 17:45;18/08/2024 18:00;72;kWh;0;17145;0;0;17145;17145
18/08/2024 18:00;18/08/2024 18:15;73;kWh;-17630;199;0;0;17829;-17431
18/08/2024 18:15;18/08/2024 18:30;74;kWh;-12463;408;0;0;12871;-12055
18/08/2024 18:30;18/08/2024 18:45;75;kWh;0;15729;0;0;15729;15729
18/08/2024 18:45;18/08/2024 19:00;76;kWh;0;37365;0;0;37365;37365
18/08/2024 19:00;18/08/2024 19:15;77;kWh;0;7225;0;0;7225;7225
18/08/2024 19:15;18/08/2024 19:30;78;kWh;0;25994;0;0;25994;25994
18/08/2024 19:30;18/08/2024 19:45;79;kWh;0;30219;0;0;30219;30219
18/08/2024 19:45;18/08/2024 20:00;80;kWh;0;50738;0;0;50738;50738
18/08/2024 20:00;18/08/2024 20:15;81;kWh;0;25714;0;0;25714;25714
18/08/2024 20:15;18/08/2024 20:30;82;kWh;0;21026;0;0;21026;21026
18/08/2024 20:30;18/08/2024 20:45;83;kWh;0;16945;0;0;16945;16945
18/08/2024 20:45;18/08/2024 21:00;84;kWh;0;20012;0;0;20012;20012
18/08/2024 21:00;18/08/2024 21:15;85;kWh;-10000;3046;0;0;13046;-6954
18/08/2024 21:15;18/08/2024 21:30;86;kWh;-155;8549;0;0;8704;8394
18/08/2024 21:30;18/08/2024 21:45;87;kWh;0;10659;0;0;10659;10659
18/08/2024 21:45;18/08/2024 22:00;88;kWh;-716;702;0;0;1418;-14
18/08/2024 22:00;18/08/2024 22:15;89;kWh;-374;6249;0;0;6623;5875
18/08/2024 22:15;18/08/2024 22:30;90;kWh;0;321;0;0;321;321
18/08/2024 22:30;18/08/2024 22:45;91;kWh;-1024;0;0;0;1024;-1024
18/08/2024 22:45;18/08/2024 23:00;92;kWh;-22675;0;0;0;22675;-22675
18/08/2024 23:00;18/08/2024 23:15;93;kWh;-10050;4654;0;0;14704;-5396
18/08/2024 23:15;18/08/2024 23:30;94;kWh;-5130;466;0;0;5596;-4664
18/08/2024 23:30;18/08/2024 23:45;95;kWh;-6752;0;0;0;6752;-6752
18/08/2024 23:45;19/08/2024 00:00;96;kWh;-6507;0;0;0;6507;-6507
19/08/2024 00:00;19/08/2024 00:15;1;kWh;-4411;25507;0;0;29918;21096
19/08/2024 00:15;19/08/2024 00:30;2;kWh;0;30415;0;0;30415;30415
19/08/2024 00:30;19/08/2024 00:45;3;kWh;-41;55;0;0;96;14
19/08/2024 00:45;19/08/2024 01:00;4;kWh;0;4;0;0;4;4
19/08/2024 01:00;19/08/2024 01:15;5;kWh;0;11337;0;0;11337;11337
19/08/2024 01:15;19/08/2024 01:30;6;kWh;0;6508;0;0;6508;6508
19/08/2024 01:30;19/08/2024 01:45;7;kWh;0;13;0;0;13;13
19/08/2024 01:45;19/08/2024 02:00;8;kWh;0;46;0;0;46;46
19/08/2024 02:00;19/08/2024 02:15;9;kWh;-313;0;0;0;313;-313
19/08/2024 02:15;19/08/2024 02:30;10;kWh;-3407;0;0;0;3407;-3407
19/08/2024 02:30;19/08/2024 02:45;11;kWh;-7268;0;0;0;7268;-7268
19/08/2024 02:45;19/08/2024 03:00;12;kWh;-25053;0;0;0;25053;-25053
19/08/2024 03:00;19/08/2024 03:15;13;kWh;-13897;0;0;0;13897;-13897
19/08/2024 03:15;19/08/2024 03:30;14;kWh;0;0;0;0;0;0
19/08/2024 03:30;19/08/2024 03:45;15;kWh;0;0;0;0;0;0
19/08/2024 03:45;19/08/2024 04:00;16;kWh;0;0;0;0;0;0
19/08/2024 04:00;19/08/2024 04:15;17;kWh;0;248;0;0;248;248
19/08/2024 04:15;19/08/2024 04:30;18;kWh;0;1023;0;0;1023;1023
19/08/2024 04:30;19/08/2024 04:45;19;kWh;0;590;0;0;590;590
19/08/2024 04:45;19/08/2024 05:00;20;kWh;0;1571;0;0;1571;1571
19/08/2024 05:00;19/08/2024 05:15;21;kWh;-629;23;0;0;652;-606
19/08/2024 05:15;19/08/2024 05:30;22;kWh;0;2724;0;0;2724;2724
19/08/2024 05:30;19/08/2024 05:45;23;kWh;0;1788;0;0;1788;1788
19/08/2024 05:45;19/08/2024 06:00;24;kWh;0;421;0;0;421;421
19/08/2024 06:00;19/08/2024 06:15;25;kWh;-22493;0;0;0;22493;-22493
19/08/2024 06:15;19/08/2024 06:30;26;kWh;-11889;0;0;0;11889;-11889
19/08/2024 06:30;19/08/2024 06:45;27;kWh;-2;0;0;0;2;-2
19/08/2024 06:45;19/08/2024 07:00;28;kWh;0;0;0;0;0;0
19/08/2024 07:00;19/08/2024 07:15;29;kWh;0;5478;0;0;5478;5478
19/08/2024 07:15;19/08/2024 07:30;30;kWh;0;9210;0;0;9210;9210
19/08/2024 07:30;19/08/2024 07:45;31;kWh;0;15891;0;0;15891;15891
19/08/2024 07:45;19/08/2024 08:00;32;kWh;-872;9196;0;0;10068;8324
19/08/2024 08:00;19/08/2024 08:15;33;kWh;-107;26596;0;0;26703;26489
19/08/2024 08:15;19/08/2024 08:30;34;kWh;0;15331;0;0;15331;15331
19/08/2024 08:30;19/08/2024 08:45;35;kWh;-14106;37;0;0;14143;-14069
19/08/2024 08:45;19/08/2024 09:00;36;kWh;-52749;0;0;0;52749;-52749
19/08/2024 09:00;19/08/2024 09:15;37;kWh;-5885;0;0;0;5885;-5885
19/08/2024 09:15;19/08/2024 09:30;38;kWh;-8402;0;0;0;8402;-8402
19/08/2024 09:30;19/08/2024 09:45;39;kWh;-27186;0;0;0;27186;-27186
19/08/2024 09:45;19/08/2024 10:00;40;kWh;-17552;0;0;0;17552;-17552
19/08/2024 10:00;19/08/2024 10:15;41;kWh;-37670;0;0;0;37670;-37670
19/08/2024 10:15;19/08/2024 10:30;42;kWh;-52630;0;0;0;52630;-52630
19/08/2024 10:30;19/08/2024 10:45;43;kWh;-35547;0;0;0;35547;-35547
19/08/2024 10:45;19/08/2024 11:00;44;kWh;-46459;0;0;0;46459;-46459
19/08/2024 11:00;19/08/2024 11:15;45;kWh;-37327;0;0;0;37327;-37327
19/08/2024 11:15;19/08/2024 11:30;46;kWh;-48360;0;0;0;48360;-48360
19/08/2024 11:30;19/08/2024 11:45;47;kWh;-54678;0;0;0;54678;-54678
19/08/2024 11:45;19/08/2024 12:00;48;kWh;-42523;0;0;0;42523;-42523
19/08/2024 12:00;19/08/2024 12:15;49;kWh;-24084;0;0;0;24084;-24084
19/08/2024 12:15;19/08/2024 12:30;50;kWh;-26438;0;0;0;26438;-26438
19/08/2024 12:30;19/08/2024 12:45;51;kWh;-27944;0;0;0;27944;-27944
19/08/2024 12:45;19/08/2024 13:00;52;kWh;-28129;0;0;0;28129;-28129
19/08/2024 13:00;19/08/2024 13:15;53;kWh;-27792;0;0;0;27792;-27792
19/08/2024 13:15;19/08/2024 13:30;54;kWh;-22546;0;0;0;22546;-22546
19/08/2024 13:30;19/08/2024 13:45;55;kWh;-24637;0;0;0;24637;-24637
19/08/2024 13:45;19/08/2024 14:00;56;kWh;-34762;0;0;0;34762;-34762
19/08/2024 14:00;19/08/2024 14:15;57;kWh;-23881;0;0;0;23881;-23881
19/08/2024 14:15;19/08/2024 14:30;58;kWh;-17437;0;0;0;17437;-17437
19/08/2024 14:30;19/08/2024 14:45;59;kWh;-21333;0;0;0;21333;-21333
19/08/2024 14:45;19/08/2024 15:00;60;kWh;-17911;0;0;0;17911;-17911
19/08/2024 15:00;19/08/2024 15:15;61;kWh;-19057;0;0;0;19057;-19057
19/08/2024 15:15;19/08/2024 15:30;62;kWh;-3588;0;0;0;3588;-3588
19/08/2024 15:30;19/08/2024 15:45;63;kWh;-4715;0;0;0;4715;-4715
19/08/2024 15:45;19/08/2024 16:00;64;kWh;0;169;0;0;169;169
19/08/2024 16:00;19/08/2024 16:15;65;kWh;-19337;0;0;0;19337;-19337
19/08/2024 16:15;19/08/2024 16:30;66;kWh;-19676;0;0;0;19676;-19676
19/08/2024 16:30;19/08/2024 16:45;67;kWh;-5751;0;0;0;5751;-5751
19/08/2024 16:45;19/08/2024 17:00;68;kWh;-109;0;0;0;109;-109
19/08/2024 17:00;19/08/2024 17:15;69;kWh;-1575;2;0;0;1577;-1573
19/08/2024 17:15;19/08/2024 17:30;70;kWh;0;28058;0;0;28058;28058
19/08/2024 17:30;19/08/2024 17:45;71;kWh;0;39016;0;0;39016;39016
19/08/2024 17:45;19/08/2024 18:00;72;kWh;0;23639;0;0;23639;23639
19/08/2024 18:00;19/08/2024 18:15;73;kWh;-730;75;0;0;805;-655
19/08/2024 18:15;19/08/2024 18:30;74;kWh;-206;2415;0;0;2621;2209
19/08/2024 18:30;19/08/2024 18:45;75;kWh;-3328;2344;0;0;5672;-984
19/08/2024 18:45;19/08/2024 19:00;76;kWh;-1084;0;0;0;1084;-1084
19/08/2024 19:00;19/08/2024 19:15;77;kWh;-16145;0;0;0;16145;-16145
19/08/2024 19:15;19/08/2024 19:30;78;kWh;-45924;0;0;0;45924;-45924
19/08/2024 19:30;19/08/2024 19:45;79;kWh;-26385;0;0;0;26385;-26385
19/08/2024 19:45;19/08/2024 20:00;80;kWh;-762;0;0;0;762;-762
19/08/2024 20:00;19/08/2024 20:15;81;kWh;-50292;0;0;0;50292;-50292
19/08/2024 20:15;19/08/2024 20:30;82;kWh;-19006;0;0;0;19006;-19006
19/08/2024 20:30;19/08/2024 20:45;83;kWh;-31757;0;0;0;31757;-31757
19/08/2024 20:45;19/08/2024 21:00;84;kWh;-66377;0;0;0;66377;-66377
19/08/2024 21:00;19/08/2024 21:15;85;kWh;-16116;0;0;0;16116;-16116
19/08/2024 21:15;19/08/2024 21:30;86;kWh;-14155;0;0;0;14155;-14155
19/08/2024 21:30;19/08/2024 21:45;87;kWh;-54619;0;0;0;54619;-54619
19/08/2024 21:45;19/08/2024 22:00;88;kWh;-37593;0;0;0;37593;-37593
19/08/2024 22:00;19/08/2024 22:15;89;kWh;-37883;0;0;0;37883;-37883
19/08/2024 22:15;19/08/2024 22:30;90;kWh;-4316;1362;0;0;5678;-2954
19/08/2024 22:30;19/08/2024 22:45;91;kWh;0;2360;0;0;2360;2360
19/08/2024 22:45;19/08/2024 23:00;92;kWh;-629;74;0;0;703;-555
19/08/2024 23:00;19/08/2024 23:15;93;kWh;-64645;0;0;0;64645;-64645
19/08/2024 23:15;19/08/2024 23:30;94;kWh;-68513;0;0;0;68513;-68513
19/08/2024 23:30;19/08/2024 23:45;95;kWh;-66626;0;0;0;66626;-66626
19/08/2024 23:45;20/08/2024 00:00;96;kWh;-57008;0;0;0;57008;-57008
20/08/2024 00:00;20/08/2024 00:15;1;kWh;-23787;0;0;0;23787;-23787
20/08/2024 00:15;20/08/2024 00:30;2;kWh;-7987;0;0;0;7987;-7987
20/08/2024 00:30;20/08/2024 00:45;3;kWh;-29924;0;0;0;29924;-29924
20/08/2024 00:45;20/08/2024 01:00;4;kWh;-22647;0;0;0;22647;-22647
20/08/2024 01:00;20/08/2024 01:15;5;kWh;-10749;0;0;0;10749;-10749
20/08/2024 01:15;20/08/2024 01:30;6;kWh;-2190;0;0;0;2190;-2190
20/08/2024 01:30;20/08/2024 01:45;7;kWh;-57;4564;0;0;4621;4507
20/08/2024 01:45;20/08/2024 02:00;8;kWh;0;33739;0;0;33739;33739
20/08/2024 02:00;20/08/2024 02:15;9;kWh;0;61550;0;0;61550;61550
20/08/2024 02:15;20/08/2024 02:30;10;kWh;0;46345;0;0;46345;46345
20/08/2024 02:30;20/08/2024 02:45;11;kWh;0;23503;0;0;23503;23503
20/08/2024 02:45;20/08/2024 03:00;12;kWh;0;8436;0;0;8436;8436
20/08/2024 03:00;20/08/2024 03:15;13;kWh;0;11514;0;0;11514;11514
20/08/2024 03:15;20/08/2024 03:30;14;kWh;0;3721;0;0;3721;3721
20/08/2024 03:30;20/08/2024 03:45;15;kWh;0;777;0;0;777;777
20/08/2024 03:45;20/08/2024 04:00;16;kWh;-11780;0;0;0;11780;-11780
20/08/2024 04:00;20/08/2024 04:15;17;kWh;-13326;0;0;0;13326;-13326
20/08/2024 04:15;20/08/2024 04:30;18;kWh;-17509;0;0;0;17509;-17509
20/08/2024 04:30;20/08/2024 04:45;19;kWh;-5488;0;0;0;5488;-5488
20/08/2024 04:45;20/08/2024 05:00;20;kWh;-1973;0;0;0;1973;-1973
20/08/2024 05:00;20/08/2024 05:15;21;kWh;-11359;0;0;0;11359;-11359
20/08/2024 05:15;20/08/2024 05:30;22;kWh;-14;0;0;0;14;-14
20/08/2024 05:30;20/08/2024 05:45;23;kWh;-2831;0;0;0;2831;-2831
20/08/2024 05:45;20/08/2024 06:00;24;kWh;-3742;0;0;0;3742;-3742
20/08/2024 06:00;20/08/2024 06:15;25;kWh;-12477;0;0;0;12477;-12477
20/08/2024 06:15;20/08/2024 06:30;26;kWh;-6602;0;0;0;6602;-6602
20/08/2024 06:30;20/08/2024 06:45;27;kWh;-6931;0;0;0;6931;-6931
20/08/2024 06:45;20/08/2024 07:00;28;kWh;0;977;0;0;977;977
20/08/2024 07:00;20/08/2024 07:15;29;kWh;0;7677;0;0;7677;7677
20/08/2024 07:15;20/08/2024 07:30;30;kWh;0;26147;0;0;26147;26147
20/08/2024 07:30;20/08/2024 07:45;31;kWh;0;36691;0;0;36691;36691
20/08/2024 07:45;20/08/2024 08:00;32;kWh;0;12145;0;0;12145;12145
20/08/2024 08:00;20/08/2024 08:15;33;kWh;0;5106;0;0;5106;5106
20/08/2024 08:15;20/08/2024 08:30;34;kWh;0;992;0;0;992;992
20/08/2024 08:30;20/08/2024 08:45;35;kWh;0;1405;0;0;1405;1405
20/08/2024 08:45;20/08/2024 09:00;36;kWh;0;3151;0;0;3151;3151
20/08/2024 09:00;20/08/2024 09:15;37;kWh;0;6156;0;0;6156;6156
20/08/2024 09:15;20/08/2024 09:30;38;kWh;0;30972;0;0;30972;30972
20/08/2024 09:30;20/08/2024 09:45;39;kWh;0;14238;0;0;14238;14238
20/08/2024 09:45;20/08/2024 10:00;40;kWh;0;16953;0;0;16953;16953
20/08/2024 10:00;20/08/2024 10:15;41;kWh;0;206;0;0;206;206
20/08/2024 10:15;20/08/2024 10:30;42;kWh;0;1050;0;0;1050;1050
20/08/2024 10:30;20/08/2024 10:45;43;kWh;0;2;0;0;2;2
20/08/2024 10:45;20/08/2024 11:00;44;kWh;-17296;0;0;0;17296;-17296
20/08/2024 11:00;20/08/2024 11:15;45;kWh;-13149;0;0;0;13149;-13149
20/08/2024 11:15;20/08/2024 11:30;46;kWh;-3075;0;0;0;3075;-3075
20/08/2024 11:30;20/08/2024 11:45;47;kWh;-20739;0;0;0;20739;-20739
20/08/2024 11:45;20/08/2024 12:00;48;kWh;-30707;0;0;0;30707;-30707
20/08/2024 12:00;20/08/2024 12:15;49;kWh;-7432;555;0;0;7987;-6877
20/08/2024 12:15;20/08/2024 12:30;50;kWh;-9348;0;0;0;9348;-9348
20/08/2024 12:30;20/08/2024 12:45;51;kWh;-7078;0;0;0;7078;-7078
20/08/2024 12:45;20/08/2024 13:00;52;kWh;-13564;0;0;0;13564;-13564
20/08/2024 13:00;20/08/2024 13:15;53;kWh;-1451;24;0;0;1475;-1427
20/08/2024 13:15;20/08/2024 13:30;54;kWh;-1543;0;0;0;1543;-1543
20/08/2024 13:30;20/08/2024 13:45;55;kWh;-15655;0;0;0;15655;-15655
20/08/2024 13:45;20/08/2024 14:00;56;kWh;-10782;619;0;0;11401;-10163
20/08/2024 14:00;20/08/2024 14:15;57;kWh;-23517;518;0;0;24035;-22999
20/08/2024 14:15;20/08/2024 14:30;58;kWh;-4935;0;0;0;4935;-4935
20/08/2024 14:30;20/08/2024 14:45;59;kWh;-1431;0;0;0;1431;-1431
20/08/2024 14:45;20/08/2024 15:00;60;kWh;-156;1622;0;0;1778;1466
20/08/2024 15:00;20/08/2024 15:15;61;kWh;0;665;0;0;665;665
20/08/2024 15:15;20/08/2024 15:30;62;kWh;0;15667;0;0;15667;15667
20/08/2024 15:30;20/08/2024 15:45;63;kWh;0;45932;0;0;45932;45932
20/08/2024 15:45;20/08/2024 16:00;64;kWh;0;62570;0;0;62570;62570
20/08/2024 16:00;20/08/2024 16:15;65;kWh;-2029;11630;0;0;13659;9601
20/08/2024 16:15;20/08/2024 16:30;66;kWh;-65;23885;0;0;23950;23820
20/08/2024 16:30;20/08/2024 16:45;67;kWh;-8292;304;0;0;8596;-7988
20/08/2024 16:45;20/08/2024 17:00;68;kWh;-1896;0;0;0;1896;-1896
20/08/2024 17:00;20/08/2024 17:15;69;kWh;-8793;0;0;0;8793;-8793
20/08/2024 17:15;20/08/2024 17:30;70;kWh;-17101;5335;0;0;22436;-11766
20/08/2024 17:30;20/08/2024 17:45;71;kWh;-9939;4943;0;0;14882;-4996
20/08/2024 17:45;20/08/2024 18:00;72;kWh;0;10749;0;0;10749;10749
20/08/2024 18:00;20/08/2024 18:15;73;kWh;0;621;0;0;621;621
20/08/2024 18:15;20/08/2024 18:30;74;kWh;0;0;0;0;0;0
20/08/2024 18:30;20/08/2024 18:45;75;kWh;-962;0;0;0;962;-962
20/08/2024 18:45;20/08/2024 19:00;76;kWh;-94;424;0;0;518;330
20/08/2024 19:00;20/08/2024 19:15;77;kWh;0;28554;0;0;28554;28554
20/08/2024 19:15;20/08/2024 19:30;78;kWh;0;20340;0;0;20340;20340
20/08/2024 19:30;20/08/2024 19:45;79;kWh;0;0;0;0;0;0
20/08/2024 19:45;20/08/2024 20:00;80;kWh;0;31672;0;0;31672;31672
20/08/2024 20:00;20/08/2024 20:15;81;kWh;0;45423;0;0;45423;45423
20/08/2024 20:15;20/08/2024 20:30;82;kWh;0;11773;0;0;11773;11773
20/08/2024 20:30;20/08/2024 20:45;83;kWh;-32;0;0;0;32;-32
20/08/2024 20:45;20/08/2024 21:00;84;kWh;-871;0;0;0;871;-871
20/08/2024 21:00;20/08/2024 21:15;85;kWh;-314;0;0;0;314;-314
20/08/2024 21:15;20/08/2024 21:30;86;kWh;-118;0;0;0;118;-118
20/08/2024 21:30;20/08/2024 21:45;87;kWh;-38935;0;0;0;38935;-38935
20/08/2024 21:45;20/08/2024 22:00;88;kWh;-15803;0;0;0;15803;-15803
20/08/2024 22:00;20/08/2024 22:15;89;kWh;-10844;0;0;0;10844;-10844
20/08/2024 22:15;20/08/2024 22:30;90;kWh;0;1126;0;0;1126;1126
20/08/2024 22:30;20/08/2024 22:45;91;kWh;0;3089;0;0;3089;3089
20/08/2024 22:45;20/08/2024 23:00;92;kWh;0;812;0;0;812;812
20/08/2024 23:00;20/08/2024 23:15;93;kWh;0;8190;0;0;8190;8190
20/08/2024 23:15;20/08/2024 23:30;94;kWh;0;25585;0;0;25585;25585
20/08/2024 23:30;20/08/2024 23:45;95;kWh;0;6077;0;0;6077;6077
20/08/2024 23:45;21/08/2024 00:00;96;kWh;0;648;0;0;648;648
21/08/2024 00:00;21/08/2024 00:15;1;kWh;0;23967;0;0;23967;23967
21/08/2024 00:15;21/08/2024 00:30;2;kWh;0;21617;0;0;21617;21617
21/08/2024 00:30;21/08/2024 00:45;3;kWh;0;1460;0;0;1460;1460
21/08/2024 00:45;21/08/2024 01:00;4;kWh;0;3016;0;0;3016;3016
21/08/2024 01:00;21/08/2024 01:15;5;kWh;0;69611;0;0;69611;69611
21/08/2024 01:15;21/08/2024 01:30;6;kWh;0;50240;0;0;50240;50240
21/08/2024 01:30;21/08/2024 01:45;7;kWh;-14412;1921;0;0;16333;-12491
21/08/2024 01:45;21/08/2024 02:00;8;kWh;-8931;1858;0;0;10789;-7073
21/08/2024 02:00;21/08/2024 02:15;9;kWh;-15605;362;0;0;15967;-15243
21/08/2024 02:15;21/08/2024 02:30;10;kWh;-11622;118;0;0;11740;-11504
21/08/2024 02:30;21/08/2024 02:45;11;kWh;-7480;524;0;0;8004;-6956
21/08/2024 02:45;21/08/2024 03:00;12;kWh;-8812;833;0;0;9645;-7979
21/08/2024 03:00;21/08/2024 03:15;13;kWh;-20725;367;0;0;21092;-20358
21/08/2024 03:15;21/08/2024 03:30;14;kWh;-24300;845;0;0;25145;-23455
21/08/2024 03:30;21/08/2024 03:45;15;kWh;-12463;2686;0;0;15149;-9777
21/08/2024 03:45;21/08/2024 04:00;16;kWh;-14027;1263;0;0;15290;-12764
21/08/2024 04:00;21/08/2024 04:15;17;kWh;-14074;118;0;0;14192;-13956
21/08/2024 04:15;21/08/2024 04:30;18;kWh;-9320;16;0;0;9336;-9304
21/08/2024 04:30;21/08/2024 04:45;19;kWh;-8319;2827;0;0;11146;-5492
21/08/2024 04:45;21/08/2024 05:00;20;kWh;-8046;2989;0;0;11035;-5057
21/08/2024 05:00;21/08/2024 05:15;21;kWh;0;4881;0;0;4881;4881
21/08/2024 05:15;21/08/2024 05:30;22;kWh;-8513;2898;0;0;11411;-5615
21/08/2024 05:30;21/08/2024 05:45;23;kWh;-11823;32;0;0;11855;-11791
21/08/2024 05:45;21/08/2024 06:00;24;kWh;-7840;929;0;0;8769;-6911
21/08/2024 06:00;21/08/2024 06:15;25;kWh;-911;752;0;0;1663;-159
21/08/2024 06:15;21/08/2024 06:30;26;kWh;-1435;2466;0;0;3901;1031
21/08/2024 06:30;21/08/2024 06:45;27;kWh;-3087;0;0;0;3087;-3087
21/08/2024 06:45;21/08/2024 07:00;28;kWh;-2595;0;0;0;2595;-2595
21/08/2024 07:00;21/08/2024 07:15;29;kWh;-2849;1972;0;0;4821;-877
21/08/2024 07:15;21/08/2024 07:30;30;kWh;-2634;4304;0;0;6938;1670
21/08/2024 07:30;21/08/2024 07:45;31;kWh;-13096;194;0;0;13290;-12902
21/08/2024 07:45;21/08/2024 08:00;32;kWh;-15168;33158;0;0;48326;17990
21/08/2024 08:00;21/08/2024 08:15;33;kWh;-27858;363;0;0;28221;-27495
21/08/2024 08:15;21/08/2024 08:30;34;kWh;-30359;60;0;0;30419;-30299
21/08/2024 08:30;21/08/2024 08:45;35;kWh;-39206;463;0;0;39669;-38743
21/08/2024 08:45;21/08/2024 09:00;36;kWh;-60765;1491;0;0;62256;-59274
21/08/2024 09:00;21/08/2024 09:15;37;kWh;-11046;7657;0;0;18703;-3389
21/08/2024 09:15;21/08/2024 09:30;38;kWh;-23986;0;0;0;23986;-23986
21/08/2024 09:30;21/08/2024 09:45;39;kWh;-40080;1079;0;0;41159;-39001
21/08/2024 09:45;21/08/2024 10:00;40;kWh;-26218;0;0;0;26218;-26218
21/08/2024 10:00;21/08/2024 10:15;41;kWh;-2919;19941;0;0;22860;17022
21/08/2024 10:15;21/08/2024 10:30;42;kWh;-4309;18991;0;0;23300;14682
21/08/2024 10:30;21/08/2024 10:45;43;kWh;-5548;3733;0;0;9281;-1815
21/08/2024 10:45;21/08/2024 11:00;44;kWh;-17454;1245;0;0;18699;-16209
21/08/2024 11:00;21/08/2024 11:15;45;kWh;-1633;13157;0;0;14790;11524
21/08/2024 11:15;21/08/2024 11:30;46;kWh;-4851;21957;0;0;26808;17106
21/08/2024 11:30;21/08/2024 11:45;47;kWh;-2871;0;0;0;2871;-2871
21/08/2024 11:45;21/08/2024 12:00;48;kWh;-7408;3598;0;0;11006;-3810
21/08/2024 12:00;21/08/2024 12:15;49;kWh;0;14714;0;0;14714;14714
21/08/2024 12:15;21/08/2024 12:30;50;kWh;0;11840;0;0;11840;11840
21/08/2024 12:30;21/08/2024 12:45;51;kWh;-1646;18487;0;0;20133;16841
21/08/2024 12:45;21/08/2024 13:00;52;kWh;-2268;20464;0;0;22732;18196
21/08/2024 13:00;21/08/2024 13:15;53;kWh;-6138;4702;0;0;10840;-1436
21/08/2024 13:15;21/08/2024 13:30;54;kWh;-33229;0;0;0;33229;-33229
21/08/2024 13:30;21/08/2024 13:45;55;kWh;-36645;0;0;0;36645;-36645
21/08/2024 13:45;21/08/2024 14:00;56;kWh;-16602;0;0;0;16602;-16602
21/08/2024 14:00;21/08/2024 14:15;57;kWh;-15714;0;0;0;15714;-15714
21/08/2024 14:15;21/08/2024 14:30;58;kWh;-18556;745;0;0;19301;-17811
21/08/2024 14:30;21/08/2024 14:45;59;kWh;-26278;200;0;0;26478;-26078
21/08/2024 14:45;21/08/2024 15:00;60;kWh;-10778;0;0;0;10778;-10778
21/08/2024 15:00;21/08/2024 15:15;61;kWh;-16770;2555;0;0;19325;-14215
21/08/2024 15:15;21/08/2024 15:30;62;kWh;-10827;1082;0;0;11909;-9745
21/08/2024 15:30;21/08/2024 15:45;63;kWh;-14566;362;0;0;14928;-14204
21/08/2024 15:45;21/08/2024 16:00;64;kWh;-3462;1090;0;0;4552;-2372
21/08/2024 16:00;21/08/2024 16:15;65;kWh;-39550;0;0;0;39550;-39550
21/08/2024 16:15;21/08/2024 16:30;66;kWh;-19683;957;0;0;20640;-18726
21/08/2024 16:30;21/08/2024 16:45;67;kWh;-7512;1640;0;0;9152;-5872
21/08/2024 16:45;21/08/2024 17:00;68;kWh;-12012;337;0;0;12349;-11675
21/08/2024 17:00;21/08/2024 17:15;69;kWh;-44343;0;0;0;44343;-44343
21/08/2024 17:15;21/08/2024 17:30;70;kWh;-26733;0;0;0;26733;-26733
21/08/2024 17:30;21/08/2024 17:45;71;kWh;-36796;5237;0;0;42033;-31559
21/08/2024 17:45;21/08/2024 18:00;72;kWh;-60861;199;0;0;61060;-60662
21/08/2024 18:00;21/08/2024 18:15;73;kWh;-95845;0;0;0;95845;-95845
21/08/2024 18:15;21/08/2024 18:30;74;kWh;-26648;2823;0;0;29471;-23825
21/08/2024 18:30;21/08/2024 18:45;75;kWh;-29699;460;0;0;30159;-29239
21/08/2024 18:45;21/08/2024 19:00;76;kWh;-9038;2342;0;0;11380;-6696
21/08/2024 19:00;21/08/2024 19:15;77;kWh;-20910;0;0;0;20910;-20910
21/08/2024 19:15;21/08/2024 19:30;78;kWh;-9723;7331;0;0;17054;-2392
21/08/2024 19:30;21/08/2024 19:45;79;kWh;0;24023;0;0;24023;24023
21/08/2024 19:45;21/08/2024 20:00;80;kWh;0;39951;0;0;39951;39951
21/08/2024 20:00;21/08/2024 20:15;81;kWh;-1285;5254;0;0;6539;3969
21/08/2024 20:15;21/08/2024 20:30;82;kWh;0;9917;0;0;9917;9917
21/08/2024 20:30;21/08/2024 20:45;83;kWh;0;13067;0;0;13067;13067
21/08/2024 20:45;21/08/2024 21:00;84;kWh;0;28113;0;0;28113;28113
21/08/2024 21:00;21/08/2024 21:15;85;kWh;0;27358;0;0;27358;27358
21/08/2024 21:15;21/08/2024 21:30;86;kWh;0;21642;0;0;21642;21642
21/08/2024 21:30;21/08/2024 21:45;87;kWh;-2298;462;0;0;2760;-1836
21/08/2024 21:45;21/08/2024 22:00;88;kWh;-13958;0;0;0;13958;-13958
21/08/2024 22:00;21/08/2024 22:15;89;kWh;-937;9696;0;0;10633;8759
21/08/2024 22:15;21/08/2024 22:30;90;kWh;0;3195;0;0;3195;3195
21/08/2024 22:30;21/08/2024 22:45;91;kWh;-649;0;0;0;649;-649
21/08/2024 22:45;21/08/2024 23:00;92;kWh;-23303;0;0;0;23303;-23303
21/08/2024 23:00;21/08/2024 23:15;93;kWh;-3948;1171;0;0;5119;-2777
21/08/2024 23:15;21/08/2024 23:30;94;kWh;-9525;0;0;0;9525;-9525
21/08/2024 23:30;21/08/2024 23:45;95;kWh;-23032;0;0;0;23032;-23032
21/08/2024 23:45;22/08/2024 00:00;96;kWh;-29609;0;0;0;29609;-29609
22/08/2024 00:00;22/08/2024 00:15;1;kWh;-20410;0;0;0;20410;-20410
22/08/2024 00:15;22/08/2024 00:30;2;kWh;-7680;0;0;0;7680;-7680
22/08/2024 00:30;22/08/2024 00:45;3;kWh;-10383;0;0;0;10383;-10383
22/08/2024 00:45;22/08/2024 01:00;4;kWh;-11543;0;0;0;11543;-11543
22/08/2024 01:00;22/08/2024 01:15;5;kWh;-5204;0;0;0;5204;-5204
22/08/2024 01:15;22/08/2024 01:30;6;kWh;-646;0;0;0;646;-646
22/08/2024 01:30;22/08/2024 01:45;7;kWh;-7;0;0;0;7;-7
22/08/2024 01:45;22/08/2024 02:00;8;kWh;-4238;0;0;0;4238;-4238
22/08/2024 02:00;22/08/2024 02:15;9;kWh;-1538;1171;0;0;2709;-367
22/08/2024 02:15;22/08/2024 02:30;10;kWh;-2;4420;0;0;4422;4418
22/08/2024 02:30;22/08/2024 02:45;11;kWh;-6648;64;0;0;6712;-6584
22/08/2024 02:45;22/08/2024 03:00;12;kWh;-6312;903;0;0;7215;-5409
22/08/2024 03:00;22/08/2024 03:15;13;kWh;-7020;2398;0;0;9418;-4622
22/08/2024 03:15;22/08/2024 03:30;14;kWh;-4155;14;0;0;4169;-4141
22/08/2024 03:30;22/08/2024 03:45;15;kWh;-8591;267;0;0;8858;-8324
22/08/2024 03:45;22/08/2024 04:00;16;kWh;-10618;0;0;0;10618;-10618
22/08/2024 04:00;22/08/2024 04:15;17;kWh;-2781;0;0;0;2781;-2781
22/08/2024 04:15;22/08/2024 04:30;18;kWh;-4753;0;0;0;4753;-4753
22/08/2024 04:30;22/08/2024 04:45;19;kWh;-4693;751;0;0;5444;-3942
22/08/2024 04:45;22/08/2024 05:00;20;kWh;-647;0;0;0;647;-647
22/08/2024 05:00;22/08/2024 05:15;21;kWh;-2039;5399;0;0;7438;3360
22/08/2024 05:15;22/08/2024 05:30;22;kWh;0;4846;0;0;4846;4846
22/08/2024 05:30;22/08/2024 05:45;23;kWh;-7;6325;0;0;6332;6318
22/08/2024 05:45;22/08/2024 06:00;24;kWh;-7467;22;0;0;7489;-7445
22/08/2024 06:00;22/08/2024 06:15;25;kWh;-3119;2094;0;0;5213;-1025
22/08/2024 06:15;22/08/2024 06:30;26;kWh;0;3090;0;0;3090;3090
22/08/2024 06:30;22/08/2024 06:45;27;kWh;0;3612;0;0;3612;3612
22/08/2024 06:45;22/08/2024 07:00;28;kWh;0;1464;0;0;1464;1464
22/08/2024 07:00;22/08/2024 07:15;29;kWh;-7495;3485;0;0;10980;-4010
22/08/2024 07:15;22/08/2024 07:30;30;kWh;-781;9863;0;0;10644;9082
22/08/2024 07:30;22/08/2024 07:45;31;kWh;-9404;1339;0;0;10743;-8065
22/08/2024 07:45;22/08/2024 08:00;32;kWh;-27214;702;0;0;27916;-26512
22/08/2024 08:00;22/08/2024 08:15;33;kWh;-5688;12362;0;0;18050;6674
22/08/2024 08:15;22/08/2024 08:30;34;kWh;-7651;1301;0;0;8952;-6350
22/08/2024 08:30;22/08/2024 08:45;35;kWh;-11998;1669;0;0;13667;-10329
22/08/2024 08:45;22/08/2024 09:00;36;kWh;-18363;889;0;0;19252;-17474
22/08/2024 09:00;22/08/2024 09:15;37;kWh;-8379;3998;0;0;12377;-4381
22/08/2024 09:15;22/08/2024 09:30;38;kWh;-19574;0;0;0;19574;-19574
22/08/2024 09:30;22/08/2024 09:45;39;kWh;-28758;11;0;0;28769;-28747
22/08/2024 09:45;22/08/2024 10:00;40;kWh;-103922;115;0;0;104037;-103807
22/08/2024 10:00;22/08/2024 10:15;41;kWh;-47747;4637;0;0;52384;-43110
22/08/2024 10:15;22/08/2024 10:30;42;kWh;-32269;0;0;0;32269;-32269
22/08/2024 10:30;22/08/2024 10:45;43;kWh;-54063;0;0;0;54063;-54063
22/08/2024 10:45;22/08/2024 11:00;44;kWh;-60466;55;0;0;60521;-60411
22/08/2024 11:00;22/08/2024 11:15;45;kWh;-47418;541;0;0;47959;-46877
22/08/2024 11:15;22/08/2024 11:30;46;kWh;-22125;0;0;0;22125;-22125
22/08/2024 11:30;22/08/2024 11:45;47;kWh;-5809;461;0;0;6270;-5348
22/08/2024 11:45;22/08/2024 12:00;48;kWh;-970;3736;0;0;4706;2766
22/08/2024 12:00;22/08/2024 12:15;49;kWh;-1858;15374;0;0;17232;13516
22/08/2024 12:15;22/08/2024 12:30;50;kWh;-913;1118;0;0;2031;205
22/08/2024 12:30;22/08/2024 12:45;51;kWh;-1018;1052;0;0;2070;34
22/08/2024 12:45;22/08/2024 13:00;52;kWh;-14045;0;0;0;14045;-14045
22/08/2024 13:00;22/08/2024 13:15;53;kWh;-51193;0;0;0;51193;-51193
22/08/2024 13:15;22/08/2024 13:30;54;kWh;-61409;0;0;0;61409;-61409
22/08/2024 13:30;22/08/2024 13:45;55;kWh;-43063;0;0;0;43063;-43063
22/08/2024 13:45;22/08/2024 14:00;56;kWh;-27261;0;0;0;27261;-27261
22/08/2024 14:00;22/08/2024 14:15;57;kWh;-76892;0;0;0;76892;-76892
22/08/2024 14:15;22/08/2024 14:30;58;kWh;-101680;0;0;0;101680;-101680
22/08/2024 14:30;22/08/2024 14:45;59;kWh;-83390;0;0;0;83390;-83390
22/08/2024 14:45;22/08/2024 15:00;60;kWh;-64745;0;0;0;64745;-64745
22/08/2024 15:00;22/08/2024 15:15;61;kWh;-64296;0;0;0;64296;-64296
22/08/2024 15:15;22/08/2024 15:30;62;kWh;-17586;3350;0;0;20936;-14236
22/08/2024 15:30;22/08/2024 15:45;63;kWh;-15712;1314;0;0;17026;-14398
22/08/2024 15:45;22/08/2024 16:00;64;kWh;-3314;9783;0;0;13097;6469
22/08/2024 16:00;22/08/2024 16:15;65;kWh;-234;11503;0;0;11737;11269
22/08/2024 16:15;22/08/2024 16:30;66;kWh;-1007;17680;0;0;18687;16673
22/08/2024 16:30;22/08/2024 16:45;67;kWh;-18692;15117;0;0;33809;-3575
22/08/2024 16:45;22/08/2024 17:00;68;kWh;-407;11267;0;0;11674;10860
22/08/2024 17:00;22/08/2024 17:15;69;kWh;-19074;11365;0;0;30439;-7709
22/08/2024 17:15;22/08/2024 17:30;70;kWh;-9565;4510;0;0;14075;-5055
22/08/2024 17:30;22/08/2024 17:45;71;kWh;0;28399;0;0;28399;28399
22/08/2024 17:45;22/08/2024 18:00;72;kWh;-11;20215;0;0;20226;20204
22/08/2024 18:00;22/08/2024 18:15;73;kWh;-196;36246;0;0;36442;36050
22/08/2024 18:15;22/08/2024 18:30;74;kWh;0;94341;0;0;94341;94341
22/08/2024 18:30;22/08/2024 18:45;75;kWh;0;93334;0;0;93334;93334
22/08/2024 18:45;22/08/2024 19:00;76;kWh;0;39253;0;0;39253;39253
22/08/2024 19:00;22/08/2024 19:15;77;kWh;-9129;1048;0;0;10177;-8081
22/08/2024 19:15;22/08/2024 19:30;78;kWh;-5606;0;0;0;5606;-5606
22/08/2024 19:30;22/08/2024 19:45;79;kWh;-444;0;0;0;444;-444
22/08/2024 19:45;22/08/2024 20:00;80;kWh;-83;0;0;0;83;-83
22/08/2024 20:00;22/08/2024 20:15;81;kWh;0;3503;0;0;3503;3503
22/08/2024 20:15;22/08/2024 20:30;82;kWh;0;25300;0;0;25300;25300
22/08/2024 20:30;22/08/2024 20:45;83;kWh;0;16440;0;0;16440;16440
22/08/2024 20:45;22/08/2024 21:00;84;kWh;0;6572;0;0;6572;6572
22/08/2024 21:00;22/08/2024 21:15;85;kWh;0;38073;0;0;38073;38073
22/08/2024 21:15;22/08/2024 21:30;86;kWh;0;1015;0;0;1015;1015
22/08/2024 21:30;22/08/2024 21:45;87;kWh;-1154;0;0;0;1154;-1154
22/08/2024 21:45;22/08/2024 22:00;88;kWh;-1548;0;0;0;1548;-1548
22/08/2024 22:00;22/08/2024 22:15;89;kWh;-369;34287;0;0;34656;33918
22/08/2024 22:15;22/08/2024 22:30;90;kWh;0;41273;0;0;41273;41273
22/08/2024 22:30;22/08/2024 22:45;91;kWh;-737;2325;0;0;3062;1588
22/08/2024 22:45;22/08/2024 23:00;92;kWh;-57;8350;0;0;8407;8293
22/08/2024 23:00;22/08/2024 23:15;93;kWh;0;28127;0;0;28127;28127
22/08/2024 23:15;22/08/2024 23:30;94;kWh;0;24183;0;0;24183;24183
22/08/2024 23:30;22/08/2024 23:45;95;kWh;0;24458;0;0;24458;24458
22/08/2024 23:45;23/08/2024 00:00;96;kWh;-396;3796;0;0;4192;3400
23/08/2024 00:00;23/08/2024 00:15;1;kWh;-1164;7609;0;0;8773;6445
23/08/2024 00:15;23/08/2024 00:30;2;kWh;0;23839;0;0;23839;23839
23/08/2024 00:30;23/08/2024 00:45;3;kWh;0;1651;0;0;1651;1651
23/08/2024 00:45;23/08/2024 01:00;4;kWh;-45;274;0;0;319;229
23/08/2024 01:00;23/08/2024 01:15;5;kWh;-221;0;0;0;221;-221
23/08/2024 01:15;23/08/2024 01:30;6;kWh;-113;556;0;0;669;443
23/08/2024 01:30;23/08/2024 01:45;7;kWh;-666;0;0;0;666;-666
23/08/2024 01:45;23/08/2024 02:00;8;kWh;-8298;0;0;0;8298;-8298
23/08/2024 02:00;23/08/2024 02:15;9;kWh;-4233;0;0;0;4233;-4233
23/08/2024 02:15;23/08/2024 02:30;10;kWh;-10802;0;0;0;10802;-10802
23/08/2024 02:30;23/08/2024 02:45;11;kWh;-17658;0;0;0;17658;-17658
23/08/2024 02:45;23/08/2024 03:00;12;kWh;-18032;0;0;0;18032;-18032
23/08/2024 03:00;23/08/2024 03:15;13;kWh;-19315;0;0;0;19315;-19315
23/08/2024 03:15;23/08/2024 03:30;14;kWh;-15016;0;0;0;15016;-15016
23/08/2024 03:30;23/08/2024 03:45;15;kWh;-12303;0;0;0;12303;-12303
23/08/2024 03:45;23/08/2024 04:00;16;kWh;-24685;0;0;0;24685;-24685
23/08/2024 04:00;23/08/2024 04:15;17;kWh;-24565;0;0;0;24565;-24565
23/08/2024 04:15;23/08/2024 04:30;18;kWh;-15563;0;0;0;15563;-15563
23/08/2024 04:30;23/08/2024 04:45;19;kWh;-16684;0;0;0;16684;-16684
23/08/2024 04:45;23/08/2024 05:00;20;kWh;-6941;0;0;0;6941;-6941
23/08/2024 05:00;23/08/2024 05:15;21;kWh;-7273;30;0;0;7303;-7243
23/08/2024 05:15;23/08/2024 05:30;22;kWh;-14485;3;0;0;14488;-14482
23/08/2024 05:30;23/08/2024 05:45;23;kWh;-9792;0;0;0;9792;-9792
23/08/2024 05:45;23/08/2024 06:00;24;kWh;-1520;0;0;0;1520;-1520
23/08/2024 06:00;23/08/2024 06:15;25;kWh;-14121;5195;0;0;19316;-8926
23/08/2024 06:15;23/08/2024 06:30;26;kWh;-34907;1831;0;0;36738;-33076
23/08/2024 06:30;23/08/2024 06:45;27;kWh;-10048;1120;0;0;11168;-8928
23/08/2024 06:45;23/08/2024 07:00;28;kWh;-1135;22;0;0;1157;-1113
23/08/2024 07:00;23/08/2024 07:15;29;kWh;-10681;4087;0;0;14768;-6594
23/08/2024 07:15;23/08/2024 07:30;30;kWh;-4131;457;0;0;4588;-3674
23/08/2024 07:30;23/08/2024 07:45;31;kWh;-10582;0;0;0;10582;-10582
23/08/2024 07:45;23/08/2024 08:00;32;kWh;-5516;283;0;0;5799;-5233
23/08/2024 08:00;23/08/2024 08:15;33;kWh;-1782;4908;0;0;6690;3126
23/08/2024 08:15;23/08/2024 08:30;34;kWh;-4331;0;0;0;4331;-4331
23/08/2024 08:30;23/08/2024 08:45;35;kWh;-13351;697;0;0;14048;-12654
23/08/2024 08:45;23/08/2024 09:00;36;kWh;-12537;0;0;0;12537;-12537
23/08/2024 09:00;23/08/2024 09:15;37;kWh;-27658;5660;0;0;33318;-21998
23/08/2024 09:15;23/08/2024 09:30;38;kWh;-26388;2052;0;0;28440;-24336
23/08/2024 09:30;23/08/2024 09:45;39;kWh;-49995;784;0;0;50779;-49211
23/08/2024 09:45;23/08/2024 10:00;40;kWh;-35043;1440;0;0;36483;-33603
23/08/2024 10:00;23/08/2024 10:15;41;kWh;-28562;6028;0;0;34590;-22534
23/08/2024 10:15;23/08/2024 10:30;42;kWh;-2561;87;0;0;2648;-2474
23/08/2024 10:30;23/08/2024 10:45;43;kWh;-5645;0;0;0;5645;-5645
23/08/2024 10:45;23/08/2024 11:00;44;kWh;-15423;0;0;0;15423;-15423
23/08/2024 11:00;23/08/2024 11:15;45;kWh;-17968;6389;0;0;24357;-11579
23/08/2024 11:15;23/08/2024 11:30;46;kWh;0;93;0;0;93;93
23/08/2024 11:30;23/08/2024 11:45;47;kWh;0;4904;0;0;4904;4904
23/08/2024 11:45;23/08/2024 12:00;48;kWh;0;53804;0;0;53804;53804
23/08/2024 12:00;23/08/2024 12:15;49;kWh;0;27500;0;0;27500;27500
23/08/2024 12:15;23/08/2024 12:30;50;kWh;0;38640;0;0;38640;38640
23/08/2024 12:30;23/08/2024 12:45;51;kWh;0;30303;0;0;30303;30303
23/08/2024 12:45;23/08/2024 13:00;52;kWh;-741;5720;0;0;6461;4979
23/08/2024 13:00;23/08/2024 13:15;53;kWh;-5889;29;0;0;5918;-5860
23/08/2024 13:15;23/08/2024 13:30;54;kWh;-10175;0;0;0;10175;-10175
23/08/2024 13:30;23/08/2024 13:45;55;kWh;-17776;0;0;0;17776;-17776
23/08/2024 13:45;23/08/2024 14:00;56;kWh;-71317;0;0;0;71317;-71317
23/08/2024 14:00;23/08/2024 14:15;57;kWh;-36464;0;0;0;36464;-36464
23/08/2024 14:15;23/08/2024 14:30;58;kWh;-16930;0;0;0;16930;-16930
23/08/2024 14:30;23/08/2024 14:45;59;kWh;-15464;0;0;0;15464;-15464
23/08/2024 14:45;23/08/2024 15:00;60;kWh;-32985;0;0;0;32985;-32985
23/08/2024 15:00;23/08/2024 15:15;61;kWh;-8529;3967;0;0;12496;-4562
23/08/2024 15:15;23/08/2024 15:30;62;kWh;-6178;1985;0;0;8163;-4193
23/08/2024 15:30;23/08/2024 15:45;63;kWh;-5440;108;0;0;5548;-5332
23/08/2024 15:45;23/08/2024 16:00;64;kWh;-17046;0;0;0;17046;-17046
23/08/2024 16:00;23/08/2024 16:15;65;kWh;-19825;0;0;0;19825;-19825
23/08/2024 16:15;23/08/2024 16:30;66;kWh;-23412;0;0;0;23412;-23412
23/08/2024 16:30;23/08/2024 16:45;67;kWh;-13106;272;0;0;13378;-12834
23/08/2024 16:45;23/08/2024 17:00;68;kWh;-15893;159;0;0;16052;-15734
23/08/2024 17:00;23/08/2024 17:15;69;kWh;-7660;0;0;0;7660;-7660
23/08/2024 17:15;23/08/2024 17:30;70;kWh;-37602;3693;0;0;41295;-33909
23/08/2024 17:30;23/08/2024 17:45;71;kWh;-31152;455;0;0;31607;-30697
23/08/2024 17:45;23/08/2024 18:00;72;kWh;-2034;0;0;0;2034;-2034
23/08/2024 18:00;23/08/2024 18:15;73;kWh;-20221;122;0;0;20343;-20099
23/08/2024 18:15;23/08/2024 18:30;74;kWh;-116;4255;0;0;4371;4139
23/08/2024 18:30;23/08/2024 18:45;75;kWh;0;51442;0;0;51442;51442
23/08/2024 18:45;23/08/2024 19:00;76;kWh;0;79893;0;0;79893;79893
23/08/2024 19:00;23/08/2024 19:15;77;kWh;-669;8615;0;0;9284;7946
23/08/2024 19:15;23/08/2024 19:30;78;kWh;0;22300;0;0;22300;22300
23/08/2024 19:30;23/08/2024 19:45;79;kWh;0;24650;0;0;24650;24650
23/08/2024 19:45;23/08/2024 20:00;80;kWh;0;26280;0;0;26280;26280
23/08/2024 20:00;23/08/2024 20:15;81;kWh;0;13637;0;0;13637;13637
23/08/2024 20:15;23/08/2024 20:30;82;kWh;-4223;0;0;0;4223;-4223
23/08/2024 20:30;23/08/2024 20:45;83;kWh;-10540;0;0;0;10540;-10540
23/08/2024 20:45;23/08/2024 21:00;84;kWh;-16090;0;0;0;16090;-16090
23/08/2024 21:00;23/08/2024 21:15;85;kWh;-2652;1468;0;0;4120;-1184
23/08/2024 21:15;23/08/2024 21:30;86;kWh;-155;1859;0;0;2014;1704
23/08/2024 21:30;23/08/2024 21:45;87;kWh;-1278;218;0;0;1496;-1060
23/08/2024 21:45;23/08/2024 22:00;88;kWh;0;15817;0;0;15817;15817
23/08/2024 22:00;23/08/2024 22:15;89;kWh;0;23883;0;0;23883;23883
23/08/2024 22:15;23/08/2024 22:30;90;kWh;0;53017;0;0;53017;53017
23/08/2024 22:30;23/08/2024 22:45;91;kWh;0;8632;0;0;8632;8632
23/08/2024 22:45;23/08/2024 23:00;92;kWh;-286;0;0;0;286;-286
23/08/2024 23:00;23/08/2024 23:15;93;kWh;-818;0;0;0;818;-818
23/08/2024 23:15;23/08/2024 23:30;94;kWh;-3528;0;0;0;3528;-3528
23/08/2024 23:30;23/08/2024 23:45;95;kWh;-5094;0;0;0;5094;-5094
23/08/2024 23:45;24/08/2024 00:00;96;kWh;-2645;0;0;0;2645;-2645
24/08/2024 00:00;24/08/2024 00:15;1;kWh;-6466;1647;0;0;8113;-4819
24/08/2024 00:15;24/08/2024 00:30;2;kWh;0;24419;0;0;24419;24419
24/08/2024 00:30;24/08/2024 00:45;3;kWh;0;37985;0;0;37985;37985
24/08/2024 00:45;24/08/2024 01:00;4;kWh;0;52475;0;0;52475;52475
24/08/2024 01:00;24/08/2024 01:15;5;kWh;0;62189;0;0;62189;62189
24/08/2024 01:15;24/08/2024 01:30;6;kWh;0;56939;0;0;56939;56939
24/08/2024 01:30;24/08/2024 01:45;7;kWh;0;38156;0;0;38156;38156
24/08/2024 01:45;24/08/2024 02:00;8;kWh;0;25015;0;0;25015;25015
24/08/2024 02:00;24/08/2024 02:15;9;kWh;0;43340;0;0;43340;43340
24/08/2024 02:15;24/08/2024 02:30;10;kWh;0;19452;0;0;19452;19452
24/08/2024 02:30;24/08/2024 02:45;11;kWh;-410;0;0;0;410;-410
24/08/2024 02:45;24/08/2024 03:00;12;kWh;-1984;0;0;0;1984;-1984
24/08/2024 03:00;24/08/2024 03:15;13;kWh;-8500;0;0;0;8500;-8500
24/08/2024 03:15;24/08/2024 03:30;14;kWh;-44522;0;0;0;44522;-44522
24/08/2024 03:30;24/08/2024 03:45;15;kWh;-30525;0;0;0;30525;-30525
24/08/2024 03:45;24/08/2024 04:00;16;kWh;-28862;0;0;0;28862;-28862
24/08/2024 04:00;24/08/2024 04:15;17;kWh;-25211;0;0;0;25211;-25211
24/08/2024 04:15;24/08/2024 04:30;18;kWh;-34576;0;0;0;34576;-34576
24/08/2024 04:30;24/08/2024 04:45;19;kWh;-12888;0;0;0;12888;-12888
24/08/2024 04:45;24/08/2024 05:00;20;kWh;-2510;0;0;0;2510;-2510
24/08/2024 05:00;24/08/2024 05:15;21;kWh;-3358;0;0;0;3358;-3358
24/08/2024 05:15;24/08/2024 05:30;22;kWh;0;0;0;0;0;0
24/08/2024 05:30;24/08/2024 05:45;23;kWh;0;0;0;0;0;0
24/08/2024 05:45;24/08/2024 06:00;24;kWh;-265;0;0;0;265;-265
24/08/2024 06:00;24/08/2024 06:15;25;kWh;0;0;0;0;0;0
24/08/2024 06:15;24/08/2024 06:30;26;kWh;0;7;0;0;7;7
24/08/2024 06:30;24/08/2024 06:45;27;kWh;0;931;0;0;931;931
24/08/2024 06:45;24/08/2024 07:00;28;kWh;-48;0;0;0;48;-48
24/08/2024 07:00;24/08/2024 07:15;29;kWh;-842;2813;0;0;3655;1971
24/08/2024 07:15;24/08/2024 07:30;30;kWh;0;40006;0;0;40006;40006
24/08/2024 07:30;24/08/2024 07:45;31;kWh;0;66130;0;0;66130;66130
24/08/2024 07:45;24/08/2024 08:00;32;kWh;0;50128;0;0;50128;50128
24/08/2024 08:00;24/08/2024 08:15;33;kWh;0;85545;0;0;85545;85545
24/08/2024 08:15;24/08/2024 08:30;34;kWh;0;115800;0;0;115800;115800
24/08/2024 08:30;24/08/2024 08:45;35;kWh;0;119578;0;0;119578;119578
24/08/2024 08:45;24/08/2024 09:00;36;kWh;0;83973;0;0;83973;83973
24/08/2024 09:00;24/08/2024 09:15;37;kWh;0;59587;0;0;59587;59587
24/08/2024 09:15;24/08/2024 09:30;38;kWh;0;68701;0;0;68701;68701
24/08/2024 09:30;24/08/2024 09:45;39;kWh;0;44412;0;0;44412;44412
24/08/2024 09:45;24/08/2024 10:00;40;kWh;-613;428;0;0;1041;-185
24/08/2024 10:00;24/08/2024 10:15;41;kWh;-72;46256;0;0;46328;46184
24/08/2024 10:15;24/08/2024 10:30;42;kWh;0;17897;0;0;17897;17897
24/08/2024 10:30;24/08/2024 10:45;43;kWh;0;69;0;0;69;69
24/08/2024 10:45;24/08/2024 11:00;44;kWh;-16;1108;0;0;1124;1092
24/08/2024 11:00;24/08/2024 11:15;45;kWh;0;100850;0;0;100850;100850
24/08/2024 11:15;24/08/2024 11:30;46;kWh;-110;70454;0;0;70564;70344
24/08/2024 11:30;24/08/2024 11:45;47;kWh;-413;28891;0;0;29304;28478
24/08/2024 11:45;24/08/2024 12:00;48;kWh;0;3208;0;0;3208;3208
24/08/2024 12:00;24/08/2024 12:15;49;kWh;-658;0;0;0;658;-658
24/08/2024 12:15;24/08/2024 12:30;50;kWh;-542;0;0;0;542;-542
24/08/2024 12:30;24/08/2024 12:45;51;kWh;-1057;68;0;0;1125;-989
24/08/2024 12:45;24/08/2024 13:00;52;kWh;-5701;0;0;0;5701;-5701
24/08/2024 13:00;24/08/2024 13:15;53;kWh;-3851;0;0;0;3851;-3851
24/08/2024 13:15;24/08/2024 13:30;54;kWh;-14882;0;0;0;14882;-14882
24/08/2024 13:30;24/08/2024 13:45;55;kWh;-22866;0;0;0;22866;-22866
24/08/2024 13:45;24/08/2024 14:00;56;kWh;-47511;0;0;0;47511;-47511
24/08/2024 14:00;24/08/2024 14:15;57;kWh;-10052;0;0;0;10052;-10052
24/08/2024 14:15;24/08/2024 14:30;58;kWh;-14514;0;0;0;14514;-14514
24/08/2024 14:30;24/08/2024 14:45;59;kWh;-11170;0;0;0;11170;-11170
24/08/2024 14:45;24/08/2024 15:00;60;kWh;-6942;1034;0;0;7976;-5908
24/08/2024 15:00;24/08/2024 15:15;61;kWh;-41156;133;0;0;41289;-41023
24/08/2024 15:15;24/08/2024 15:30;62;kWh;-12391;51544;0;0;63935;39153
24/08/2024 15:30;24/08/2024 15:45;63;kWh;0;24262;0;0;24262;24262
24/08/2024 15:45;24/08/2024 16:00;64;kWh;0;52203;0;0;52203;52203
24/08/2024 16:00;24/08/2024 16:15;65;kWh;0;10283;0;0;10283;10283
24/08/2024 16:15;24/08/2024 16:30;66;kWh;0;8176;0;0;8176;8176
24/08/2024 16:30;24/08/2024 16:45;67;kWh;-49;4664;0;0;4713;4615
24/08/2024 16:45;24/08/2024 17:00;68;kWh;-32;1495;0;0;1527;1463
24/08/2024 17:00;24/08/2024 17:15;69;kWh;-11360;0;0;0;11360;-11360
24/08/2024 17:15;24/08/2024 17:30;70;kWh;-922;6469;0;0;7391;5547
24/08/2024 17:30;24/08/2024 17:45;71;kWh;0;88924;0;0;88924;88924
24/08/2024 17:45;24/08/2024 18:00;72;kWh;0;104729;0;0;104729;104729
24/08/2024 18:00;24/08/2024 18:15;73;kWh;0;12758;0;0;12758;12758
24/08/2024 18:15;24/08/2024 18:30;74;kWh;0;9889;0;0;9889;9889
24/08/2024 18:30;24/08/2024 18:45;75;kWh;0;4392;0;0;4392;4392
24/08/2024 18:45;24/08/2024 19:00;76;kWh;0;85768;0;0;85768;85768
24/08/2024 19:00;24/08/2024 19:15;77;kWh;0;31962;0;0;31962;31962
24/08/2024 19:15;24/08/2024 19:30;78;kWh;-8166;2;0;0;8168;-8164
24/08/2024 19:30;24/08/2024 19:45;79;kWh;-25662;0;0;0;25662;-25662
24/08/2024 19:45;24/08/2024 20:00;80;kWh;-15071;0;0;0;15071;-15071
24/08/2024 20:00;24/08/2024 20:15;81;kWh;-22059;10448;0;0;32507;-11611
24/08/2024 20:15;24/08/2024 20:30;82;kWh;-49341;6179;0;0;55520;-43162
24/08/2024 20:30;24/08/2024 20:45;83;kWh;-23540;0;0;0;23540;-23540
24/08/2024 20:45;24/08/2024 21:00;84;kWh;-19106;0;0;0;19106;-19106
24/08/2024 21:00;24/08/2024 21:15;85;kWh;-8818;0;0;0;8818;-8818
24/08/2024 21:15;24/08/2024 21:30;86;kWh;-3458;0;0;0;3458;-3458
24/08/2024 21:30;24/08/2024 21:45;87;kWh;-13553;0;0;0;13553;-13553
24/08/2024 21:45;24/08/2024 22:00;88;kWh;-15354;0;0;0;15354;-15354
24/08/2024 22:00;24/08/2024 22:15;89;kWh;-7798;855;0;0;8653;-6943
24/08/2024 22:15;24/08/2024 22:30;90;kWh;-10919;0;0;0;10919;-10919
24/08/2024 22:30;24/08/2024 22:45;91;kWh;-7692;0;0;0;7692;-7692
24/08/2024 22:45;24/08/2024 23:00;92;kWh;-6377;0;0;0;6377;-6377
24/08/2024 23:00;24/08/2024 23:15;93;kWh;-198;0;0;0;198;-198
24/08/2024 23:15;24/08/2024 23:30;94;kWh;-283;57;0;0;340;-226
24/08/2024 23:30;24/08/2024 23:45;95;kWh;0;33861;0;0;33861;33861
24/08/2024 23:45;25/08/2024 00:00;96;kWh;-1104;775;0;0;1879;-329
25/08/2024 00:00;25/08/2024 00:15;1;kWh;-7342;2457;0;0;9799;-4885
25/08/2024 00:15;25/08/2024 00:30;2;kWh;-761;84;0;0;845;-677
25/08/2024 00:30;25/08/2024 00:45;3;kWh;-3219;0;0;0;3219;-3219
25/08/2024 00:45;25/08/2024 01:00;4;kWh;-5227;0;0;0;5227;-5227
25/08/2024 01:00;25/08/2024 01:15;5;kWh;-275;2158;0;0;2433;1883
25/08/2024 01:15;25/08/2024 01:30;6;kWh;-249;1477;0;0;1726;1228
25/08/2024 01:30;25/08/2024 01:45;7;kWh;-249;9;0;0;258;-240
25/08/2024 01:45;25/08/2024 02:00;8;kWh;-249;1761;0;0;2010;1512
25/08/2024 02:00;25/08/2024 02:15;9;kWh;-249;16148;0;0;16397;15899
25/08/2024 02:15;25/08/2024 02:30;10;kWh;-249;37331;0;0;37580;37082
25/08/2024 02:30;25/08/2024 02:45;11;kWh;-249;18436;0;0;18685;18187
25/08/2024 02:45;25/08/2024 03:00;12;kWh;-425;14741;0;0;15166;14316
25/08/2024 03:00;25/08/2024 03:15;13;kWh;-1524;0;0;0;1524;-1524
25/08/2024 03:15;25/08/2024 03:30;14;kWh;-8352;0;0;0;8352;-8352
25/08/2024 03:30;25/08/2024 03:45;15;kWh;-2279;827;0;0;3106;-1452
25/08/2024 03:45;25/08/2024 04:00;16;kWh;-923;78;0;0;1001;-845
25/08/2024 04:00;25/08/2024 04:15;17;kWh;-3168;0;0;0;3168;-3168
25/08/2024 04:15;25/08/2024 04:30;18;kWh;-3574;0;0;0;3574;-3574
25/08/2024 04:30;25/08/2024 04:45;19;kWh;-5726;0;0;0;5726;-5726
25/08/2024 04:45;25/08/2024 05:00;20;kWh;-5387;0;0;0;5387;-5387
25/08/2024 05:00;25/08/2024 05:15;21;kWh;-6632;0;0;0;6632;-6632
25/08/2024 05:15;25/08/2024 05:30;22;kWh;-7825;0;0;0;7825;-7825
25/08/2024 05:30;25/08/2024 05:45;23;kWh;-1548;0;0;0;1548;-1548
25/08/2024 05:45;25/08/2024 06:00;24;kWh;-295;0;0;0;295;-295
25/08/2024 06:00;25/08/2024 06:15;25;kWh;-249;12147;0;0;12396;11898
25/08/2024 06:15;25/08/2024 06:30;26;kWh;-2608;13;0;0;2621;-2595
25/08/2024 06:30;25/08/2024 06:45;27;kWh;-1152;1449;0;0;2601;297
25/08/2024 06:45;25/08/2024 07:00;28;kWh;-2485;883;0;0;3368;-1602
25/08/2024 07:00;25/08/2024 07:15;29;kWh;-310;25348;0;0;25658;25038
25/08/2024 07:15;25/08/2024 07:30;30;kWh;-5101;7761;0;0;12862;2660
25/08/2024 07:30;25/08/2024 07:45;31;kWh;-9345;0;0;0;9345;-9345
25/08/2024 07:45;25/08/2024 08:00;32;kWh;-20596;0;0;0;20596;-20596
25/08/2024 08:00;25/08/2024 08:15;33;kWh;-1362;2325;0;0;3687;963
25/08/2024 08:15;25/08/2024 08:30;34;kWh;-4191;0;0;0;4191;-4191
25/08/2024 08:30;25/08/2024 08:45;35;kWh;-17685;532;0;0;18217;-17153
25/08/2024 08:45;25/08/2024 09:00;36;kWh;-26135;71;0;0;26206;-26064
25/08/2024 09:00;25/08/2024 09:15;37;kWh;-11644;28396;0;0;40040;16752
25/08/2024 09:15;25/08/2024 09:30;38;kWh;-3705;3829;0;0;7534;124
25/08/2024 09:30;25/08/2024 09:45;39;kWh;-24499;3011;0;0;27510;-21488
25/08/2024 09:45;25/08/2024 10:00;40;kWh;-20953;2549;0;0;23502;-18404
25/08/2024 10:00;25/08/2024 10:15;41;kWh;-34308;1987;0;0;36295;-32321
25/08/2024 10:15;25/08/2024 10:30;42;kWh;-14716;0;0;0;14716;-14716
25/08/2024 10:30;25/08/2024 10:45;43;kWh;-14837;0;0;0;14837;-14837
25/08/2024 10:45;25/08/2024 11:00;44;kWh;-11025;0;0;0;11025;-11025
25/08/2024 11:00;25/08/2024 11:15;45;kWh;-15221;3115;0;0;18336;-12106
25/08/2024 11:15;25/08/2024 11:30;46;kWh;-3253;1446;0;0;4699;-1807
25/08/2024 11:30;25/08/2024 11:45;47;kWh;-15033;1431;0;0;16464;-13602
25/08/2024 11:45;25/08/2024 12:00;48;kWh;-14092;713;0;0;14805;-13379
25/08/2024 12:00;25/08/2024 12:15;49;kWh;-7720;0;0;0;7720;-7720
25/08/2024 12:15;25/08/2024 12:30;50;kWh;-8814;0;0;0;8814;-8814
25/08/2024 12:30;25/08/2024 12:45;51;kWh;-2891;97;0;0;2988;-2794
25/08/2024 12:45;25/08/2024 13:00;52;kWh;-4464;268;0;0;4732;-4196
25/08/2024 13:00;25/08/2024 13:15;53;kWh;-501;1404;0;0;1905;903
25/08/2024 13:15;25/08/2024 13:30;54;kWh;-249;1503;0;0;1752;1254
25/08/2024 13:30;25/08/2024 13:45;55;kWh;-662;42;0;0;704;-620
25/08/2024 13:45;25/08/2024 14:00;56;kWh;-9048;1626;0;0;10674;-7422
25/08/2024 14:00;25/08/2024 14:15;57;kWh;-3593;589;0;0;4182;-3004
25/08/2024 14:15;25/08/2024 14:30;58;kWh;-5991;0;0;0;5991;-5991
25/08/2024 14:30;25/08/2024 14:45;59;kWh;-10644;88;0;0;10732;-10556
25/08/2024 14:45;25/08/2024 15:00;60;kWh;-16829;0;0;0;16829;-16829
25/08/2024 15:00;25/08/2024 15:15;61;kWh;-10708;0;0;0;10708;-10708
25/08/2024 15:15;25/08/2024 15:30;62;kWh;-249;253;0;0;502;4
25/08/2024 15:30;25/08/2024 15:45;63;kWh;-249;1034;0;0;1283;785
25/08/2024 15:45;25/08/2024 16:00;64;kWh;-253;1562;0;0;1815;1309
25/08/2024 16:00;25/08/2024 16:15;65;kWh;-1662;952;0;0;2614;-710
25/08/2024 16:15;25/08/2024 16:30;66;kWh;-249;16700;0;0;16949;16451
25/08/2024 16:30;25/08/2024 16:45;67;kWh;-249;16904;0;0;17153;16655
25/08/2024 16:45;25/08/2024 17:00;68;kWh;-2320;448;0;0;2768;-1872
25/08/2024 17:00;25/08/2024 17:15;69;kWh;-3602;3;0;0;3605;-3599
25/08/2024 17:15;25/08/2024 17:30;70;kWh;-266;151;0;0;417;-115
25/08/2024 17:30;25/08/2024 17:45;71;kWh;-1778;4446;0;0;6224;2668
25/08/2024 17:45;25/08/2024 18:00;72;kWh;-249;10486;0;0;10735;10237
25/08/2024 18:00;25/08/2024 18:15;73;kWh;-15118;107;0;0;15225;-15011
25/08/2024 18:15;25/08/2024 18:30;74;kWh;-7601;3632;0;0;11233;-3969
25/08/2024 18:30;25/08/2024 18:45;75;kWh;-4891;3645;0;0;8536;-1246
25/08/2024 18:45;25/08/2024 19:00;76;kWh;-1794;0;0;0;1794;-1794
25/08/2024 19:00;25/08/2024 19:15;77;kWh;-263;3354;0;0;3617;3091
25/08/2024 19:15;25/08/2024 19:30;78;kWh;-249;30069;0;0;30318;29820
25/08/2024 19:30;25/08/2024 19:45;79;kWh;-249;29186;0;0;29435;28937
25/08/2024 19:45;25/08/2024 20:00;80;kWh;-249;57448;0;0;57697;57199
25/08/2024 20:00;25/08/2024 20:15;81;kWh;-249;51793;0;0;52042;51544
25/08/2024 20:15;25/08/2024 20:30;82;kWh;-249;15899;0;0;16148;15650
25/08/2024 20:30;25/08/2024 20:45;83;kWh;-249;3902;0;0;4151;3653
25/08/2024 20:45;25/08/2024 21:00;84;kWh;-2593;0;0;0;2593;-2593
25/08/2024 21:00;25/08/2024 21:15;85;kWh;-12885;0;0;0;12885;-12885
25/08/2024 21:15;25/08/2024 21:30;86;kWh;-2943;0;0;0;2943;-2943
25/08/2024 21:30;25/08/2024 21:45;87;kWh;-249;0;0;0;249;-249
25/08/2024 21:45;25/08/2024 22:00;88;kWh;-15661;0;0;0;15661;-15661
25/08/2024 22:00;25/08/2024 22:15;89;kWh;-1030;720;0;0;1750;-310
25/08/2024 22:15;25/08/2024 22:30;90;kWh;-249;26;0;0;275;-223
25/08/2024 22:30;25/08/2024 22:45;91;kWh;-630;0;0;0;630;-630
25/08/2024 22:45;25/08/2024 23:00;92;kWh;-11831;0;0;0;11831;-11831
25/08/2024 23:00;25/08/2024 23:15;93;kWh;-7539;0;0;0;7539;-7539
25/08/2024 23:15;25/08/2024 23:30;94;kWh;-12349;0;0;0;12349;-12349
25/08/2024 23:30;25/08/2024 23:45;95;kWh;-4692;0;0;0;4692;-4692
25/08/2024 23:45;26/08/2024 00:00;96;kWh;-13804;0;0;0;13804;-13804
26/08/2024 00:00;26/08/2024 00:15;1;kWh;0;6673;0;0;6673;6673
26/08/2024 00:15;26/08/2024 00:30;2;kWh;-131;3187;0;0;3318;3056
26/08/2024 00:30;26/08/2024 00:45;3;kWh;-6976;0;0;0;6976;-6976
26/08/2024 00:45;26/08/2024 01:00;4;kWh;-11200;0;0;0;11200;-11200
26/08/2024 01:00;26/08/2024 01:15;5;kWh;-13497;396;0;0;13893;-13101
26/08/2024 01:15;26/08/2024 01:30;6;kWh;-22973;0;0;0;22973;-22973
26/08/2024 01:30;26/08/2024 01:45;7;kWh;-13978;16;0;0;13994;-13962
26/08/2024 01:45;26/08/2024 02:00;8;kWh;-22862;0;0;0;22862;-22862
26/08/2024 02:00;26/08/2024 02:15;9;kWh;-9195;0;0;0;9195;-9195
26/08/2024 02:15;26/08/2024 02:30;10;kWh;-9672;0;0;0;9672;-9672
26/08/2024 02:30;26/08/2024 02:45;11;kWh;-10777;0;0;0;10777;-10777
26/08/2024 02:45;26/08/2024 03:00;12;kWh;-18947;0;0;0;18947;-18947
26/08/2024 03:00;26/08/2024 03:15;13;kWh;-6414;0;0;0;6414;-6414
26/08/2024 03:15;26/08/2024 03:30;14;kWh;-3751;0;0;0;3751;-3751
26/08/2024 03:30;26/08/2024 03:45;15;kWh;-524;24;0;0;548;-500
26/08/2024 03:45;26/08/2024 04:00;16;kWh;-6358;0;0;0;6358;-6358
26/08/2024 04:00;26/08/2024 04:15;17;kWh;-2535;0;0;0;2535;-2535
26/08/2024 04:15;26/08/2024 04:30;18;kWh;-1752;0;0;0;1752;-1752
26/08/2024 04:30;26/08/2024 04:45;19;kWh;-5225;210;0;0;5435;-5015
26/08/2024 04:45;26/08/2024 05:00;20;kWh;-789;70;0;0;859;-719
26/08/2024 05:00;26/08/2024 05:15;21;kWh;-8977;0;0;0;8977;-8977
26/08/2024 05:15;26/08/2024 05:30;22;kWh;-10642;0;0;0;10642;-10642
26/08/2024 05:30;26/08/2024 05:45;23;kWh;-1157;84;0;0;1241;-1073
26/08/2024 05:45;26/08/2024 06:00;24;kWh;-4254;2459;0;0;6713;-1795
26/08/2024 06:00;26/08/2024 06:15;25;kWh;-15110;17938;0;0;33048;2828
26/08/2024 06:15;26/08/2024 06:30;26;kWh;-605;17466;0;0;18071;16861
26/08/2024 06:30;26/08/2024 06:45;27;kWh;-1593;295;0;0;1888;-1298
26/08/2024 06:45;26/08/2024 07:00;28;kWh;0;2078;0;0;2078;2078
26/08/2024 07:00;26/08/2024 07:15;29;kWh;-1039;4305;0;0;5344;3266
26/08/2024 07:15;26/08/2024 07:30;30;kWh;0;10589;0;0;10589;10589
26/08/2024 07:30;26/08/2024 07:45;31;kWh;0;20801;0;0;20801;20801
26/08/2024 07:45;26/08/2024 08:00;32;kWh;-2329;7183;0;0;9512;4854
26/08/2024 08:00;26/08/2024 08:15;33;kWh;0;20363;0;0;20363;20363
26/08/2024 08:15;26/08/2024 08:30;34;kWh;-5671;489;0;0;6160;-5182
26/08/2024 08:30;26/08/2024 08:45;35;kWh;-17560;0;0;0;17560;-17560
26/08/2024 08:45;26/08/2024 09:00;36;kWh;-29573;0;0;0;29573;-29573
26/08/2024 09:00;26/08/2024 09:15;37;kWh;-21408;164;0;0;21572;-21244
26/08/2024 09:15;26/08/2024 09:30;38;kWh;-32677;0;0;0;32677;-32677
26/08/2024 09:30;26/08/2024 09:45;39;kWh;-24145;0;0;0;24145;-24145
26/08/2024 09:45;26/08/2024 10:00;40;kWh;-22995;18753;0;0;41748;-4242
26/08/2024 10:00;26/08/2024 10:15;41;kWh;-33259;2852;0;0;36111;-30407
26/08/2024 10:15;26/08/2024 10:30;42;kWh;-38016;484;0;0;38500;-37532
26/08/2024 10:30;26/08/2024 10:45;43;kWh;-39216;822;0;0;40038;-38394
26/08/2024 10:45;26/08/2024 11:00;44;kWh;-43383;1934;0;0;45317;-41449
26/08/2024 11:00;26/08/2024 11:15;45;kWh;-49372;320;0;0;49692;-49052
26/08/2024 11:15;26/08/2024 11:30;46;kWh;-42936;0;0;0;42936;-42936
26/08/2024 11:30;26/08/2024 11:45;47;kWh;-30000;0;0;0;30000;-30000
26/08/2024 11:45;26/08/2024 12:00;48;kWh;-39012;284;0;0;39296;-38728
26/08/2024 12:00;26/08/2024 12:15;49;kWh;-60;62999;0;0;63059;62939
26/08/2024 12:15;26/08/2024 12:30;50;kWh;-28343;6478;0;0;34821;-21865
26/08/2024 12:30;26/08/2024 12:45;51;kWh;-21941;2912;0;0;24853;-19029
26/08/2024 12:45;26/08/2024 13:00;52;kWh;-4293;899;0;0;5192;-3394
26/08/2024 13:00;26/08/2024 13:15;53;kWh;-976;4070;0;0;5046;3094
26/08/2024 13:15;26/08/2024 13:30;54;kWh;-21786;3105;0;0;24891;-18681
26/08/2024 13:30;26/08/2024 13:45;55;kWh;-8699;17811;0;0;26510;9112
26/08/2024 13:45;26/08/2024 14:00;56;kWh;-1939;11575;0;0;13514;9636
26/08/2024 14:00;26/08/2024 14:15;57;kWh;-12688;503;0;0;13191;-12185
26/08/2024 14:15;26/08/2024 14:30;58;kWh;-34;7118;0;0;7152;7084
26/08/2024 14:30;26/08/2024 14:45;59;kWh;-468;18445;0;0;18913;17977
26/08/2024 14:45;26/08/2024 15:00;60;kWh;-6950;1826;0;0;8776;-5124
26/08/2024 15:00;26/08/2024 15:15;61;kWh;-29572;0;0;0;29572;-29572
26/08/2024 15:15;26/08/2024 15:30;62;kWh;-16049;0;0;0;16049;-16049
26/08/2024 15:30;26/08/2024 15:45;63;kWh;-4057;0;0;0;4057;-4057
26/08/2024 15:45;26/08/2024 16:00;64;kWh;-3234;0;0;0;3234;-3234
26/08/2024 16:00;26/08/2024 16:15;65;kWh;-6703;0;0;0;6703;-6703
26/08/2024 16:15;26/08/2024 16:30;66;kWh;-481;285;0;0;766;-196
26/08/2024 16:30;26/08/2024 16:45;67;kWh;0;524;0;0;524;524
26/08/2024 16:45;26/08/2024 17:00;68;kWh;0;4;0;0;4;4
26/08/2024 17:00;26/08/2024 17:15;69;kWh;0;7987;0;0;7987;7987
26/08/2024 17:15;26/08/2024 17:30;70;kWh;0;10840;0;0;10840;10840
26/08/2024 17:30;26/08/2024 17:45;71;kWh;-572;82;0;0;654;-490
26/08/2024 17:45;26/08/2024 18:00;72;kWh;-740;0;0;0;740;-740
26/08/2024 18:00;26/08/2024 18:15;73;kWh;-5229;0;0;0;5229;-5229
26/08/2024 18:15;26/08/2024 18:30;74;kWh;-17191;6907;0;0;24098;-10284
26/08/2024 18:30;26/08/2024 18:45;75;kWh;-21278;2474;0;0;23752;-18804
26/08/2024 18:45;26/08/2024 19:00;76;kWh;-6411;0;0;0;6411;-6411
26/08/2024 19:00;26/08/2024 19:15;77;kWh;-27752;543;0;0;28295;-27209
26/08/2024 19:15;26/08/2024 19:30;78;kWh;0;11957;0;0;11957;11957
26/08/2024 19:30;26/08/2024 19:45;79;kWh;0;17193;0;0;17193;17193
26/08/2024 19:45;26/08/2024 20:00;80;kWh;0;88820;0;0;88820;88820
26/08/2024 20:00;26/08/2024 20:15;81;kWh;0;42381;0;0;42381;42381
26/08/2024 20:15;26/08/2024 20:30;82;kWh;0;27868;0;0;27868;27868
26/08/2024 20:30;26/08/2024 20:45;83;kWh;0;29873;0;0;29873;29873
26/08/2024 20:45;26/08/2024 21:00;84;kWh;0;50023;0;0;50023;50023
26/08/2024 21:00;26/08/2024 21:15;85;kWh;0;40144;0;0;40144;40144
26/08/2024 21:15;26/08/2024 21:30;86;kWh;0;3554;0;0;3554;3554
26/08/2024 21:30;26/08/2024 21:45;87;kWh;0;565;0;0;565;565
26/08/2024 21:45;26/08/2024 22:00;88;kWh;-42;73;0;0;115;31
26/08/2024 22:00;26/08/2024 22:15;89;kWh;-27787;0;0;0;27787;-27787
26/08/2024 22:15;26/08/2024 22:30;90;kWh;-38674;0;0;0;38674;-38674
26/08/2024 22:30;26/08/2024 22:45;91;kWh;-30549;0;0;0;30549;-30549
26/08/2024 22:45;26/08/2024 23:00;92;kWh;-59819;0;0;0;59819;-59819
26/08/2024 23:00;26/08/2024 23:15;93;kWh;-25409;0;0;0;25409;-25409
26/08/2024 23:15;26/08/2024 23:30;94;kWh;-14466;0;0;0;14466;-14466
26/08/2024 23:30;26/08/2024 23:45;95;kWh;-32859;0;0;0;32859;-32859
26/08/2024 23:45;27/08/2024 00:00;96;kWh;-43816;0;0;0;43816;-43816
27/08/2024 00:00;27/08/2024 00:15;1;kWh;-22170;0;0;0;22170;-22170
27/08/2024 00:15;27/08/2024 00:30;2;kWh;-7208;0;0;0;7208;-7208
27/08/2024 00:30;27/08/2024 00:45;3;kWh;-5633;0;0;0;5633;-5633
27/08/2024 00:45;27/08/2024 01:00;4;kWh;-11132;0;0;0;11132;-11132
27/08/2024 01:00;27/08/2024 01:15;5;kWh;-13195;0;0;0;13195;-13195
27/08/2024 01:15;27/08/2024 01:30;6;kWh;-7276;0;0;0;7276;-7276
27/08/2024 01:30;27/08/2024 01:45;7;kWh;-3793;0;0;0;3793;-3793
27/08/2024 01:45;27/08/2024 02:00;8;kWh;-16547;0;0;0;16547;-16547
27/08/2024 02:00;27/08/2024 02:15;9;kWh;-25181;0;0;0;25181;-25181
27/08/2024 02:15;27/08/2024 02:30;10;kWh;-23109;0;0;0;23109;-23109
27/08/2024 02:30;27/08/2024 02:45;11;kWh;-10267;0;0;0;10267;-10267
27/08/2024 02:45;27/08/2024 03:00;12;kWh;-11568;0;0;0;11568;-11568
27/08/2024 03:00;27/08/2024 03:15;13;kWh;-5558;0;0;0;5558;-5558
27/08/2024 03:15;27/08/2024 03:30;14;kWh;-1717;0;0;0;1717;-1717
27/08/2024 03:30;27/08/2024 03:45;15;kWh;0;0;0;0;0;0
27/08/2024 03:45;27/08/2024 04:00;16;kWh;0;0;0;0;0;0
27/08/2024 04:00;27/08/2024 04:15;17;kWh;0;3242;0;0;3242;3242
27/08/2024 04:15;27/08/2024 04:30;18;kWh;0;4348;0;0;4348;4348
27/08/2024 04:30;27/08/2024 04:45;19;kWh;0;3300;0;0;3300;3300
27/08/2024 04:45;27/08/2024 05:00;20;kWh;-110;1477;0;0;1587;1367
27/08/2024 05:00;27/08/2024 05:15;21;kWh;-2484;0;0;0;2484;-2484
27/08/2024 05:15;27/08/2024 05:30;22;kWh;-8431;0;0;0;8431;-8431
27/08/2024 05:30;27/08/2024 05:45;23;kWh;-26094;0;0;0;26094;-26094
27/08/2024 05:45;27/08/2024 06:00;24;kWh;-4591;0;0;0;4591;-4591
27/08/2024 06:00;27/08/2024 06:15;25;kWh;-9926;10529;0;0;20455;603
27/08/2024 06:15;27/08/2024 06:30;26;kWh;0;9335;0;0;9335;9335
27/08/2024 06:30;27/08/2024 06:45;27;kWh;0;884;0;0;884;884
27/08/2024 06:45;27/08/2024 07:00;28;kWh;0;4543;0;0;4543;4543
27/08/2024 07:00;27/08/2024 07:15;29;kWh;0;12605;0;0;12605;12605
27/08/2024 07:15;27/08/2024 07:30;30;kWh;0;30042;0;0;30042;30042
27/08/2024 07:30;27/08/2024 07:45;31;kWh;0;24248;0;0;24248;24248
27/08/2024 07:45;27/08/2024 08:00;32;kWh;0;24272;0;0;24272;24272
27/08/2024 08:00;27/08/2024 08:15;33;kWh;0;1061;0;0;1061;1061
27/08/2024 08:15;27/08/2024 08:30;34;kWh;-44;2538;0;0;2582;2494
27/08/2024 08:30;27/08/2024 08:45;35;kWh;-589;0;0;0;589;-589
27/08/2024 08:45;27/08/2024 09:00;36;kWh;-5189;0;0;0;5189;-5189
27/08/2024 09:00;27/08/2024 09:15;37;kWh;-23323;6392;0;0;29715;-16931
27/08/2024 09:15;27/08/2024 09:30;38;kWh;-11041;57;0;0;11098;-10984
27/08/2024 09:30;27/08/2024 09:45;39;kWh;-28417;0;0;0;28417;-28417
27/08/2024 09:45;27/08/2024 10:00;40;kWh;-10110;0;0;0;10110;-10110
27/08/2024 10:00;27/08/2024 10:15;41;kWh;-16135;0;0;0;16135;-16135
27/08/2024 10:15;27/08/2024 10:30;42;kWh;-498;2303;0;0;2801;1805
27/08/2024 10:30;27/08/2024 10:45;43;kWh;-706;398;0;0;1104;-308
27/08/2024 10:45;27/08/2024 11:00;44;kWh;-36389;0;0;0;36389;-36389
27/08/2024 11:00;27/08/2024 11:15;45;kWh;-4182;0;0;0;4182;-4182
27/08/2024 11:15;27/08/2024 11:30;46;kWh;-10545;0;0;0;10545;-10545
27/08/2024 11:30;27/08/2024 11:45;47;kWh;-22877;0;0;0;22877;-22877
27/08/2024 11:45;27/08/2024 12:00;48;kWh;-34131;0;0;0;34131;-34131
27/08/2024 12:00;27/08/2024 12:15;49;kWh;-24277;0;0;0;24277;-24277
27/08/2024 12:15;27/08/2024 12:30;50;kWh;-18856;0;0;0;18856;-18856
27/08/2024 12:30;27/08/2024 12:45;51;kWh;-9222;0;0;0;9222;-9222
27/08/2024 12:45;27/08/2024 13:00;52;kWh;-20843;0;0;0;20843;-20843
27/08/2024 13:00;27/08/2024 13:15;53;kWh;-6014;1740;0;0;7754;-4274
27/08/2024 13:15;27/08/2024 13:30;54;kWh;0;3714;0;0;3714;3714
27/08/2024 13:30;27/08/2024 13:45;55;kWh;0;5490;0;0;5490;5490
27/08/2024 13:45;27/08/2024 14:00;56;kWh;0;3481;0;0;3481;3481
27/08/2024 14:00;27/08/2024 14:15;57;kWh;0;210;0;0;210;210
27/08/2024 14:15;27/08/2024 14:30;58;kWh;-172;59;0;0;231;-113
27/08/2024 14:30;27/08/2024 14:45;59;kWh;0;2644;0;0;2644;2644
27/08/2024 14:45;27/08/2024 15:00;60;kWh;-120;64;0;0;184;-56
27/08/2024 15:00;27/08/2024 15:15;61;kWh;-12851;0;0;0;12851;-12851
27/08/2024 15:15;27/08/2024 15:30;62;kWh;-7753;0;0;0;7753;-7753
27/08/2024 15:30;27/08/2024 15:45;63;kWh;-9183;0;0;0;9183;-9183
27/08/2024 15:45;27/08/2024 16:00;64;kWh;-9956;966;0;0;10922;-8990
27/08/2024 16:00;27/08/2024 16:15;65;kWh;-29106;18;0;0;29124;-29088
27/08/2024 16:15;27/08/2024 16:30;66;kWh;-15054;0;0;0;15054;-15054
27/08/2024 16:30;27/08/2024 16:45;67;kWh;-11498;703;0;0;12201;-10795
27/08/2024 16:45;27/08/2024 17:00;68;kWh;-11126;879;0;0;12005;-10247
27/08/2024 17:00;27/08/2024 17:15;69;kWh;-6;1305;0;0;1311;1299
27/08/2024 17:15;27/08/2024 17:30;70;kWh;-13206;0;0;0;13206;-13206
27/08/2024 17:30;27/08/2024 17:45;71;kWh;-20037;39;0;0;20076;-19998
27/08/2024 17:45;27/08/2024 18:00;72;kWh;-4697;113;0;0;4810;-4584
27/08/2024 18:00;27/08/2024 18:15;73;kWh;-17643;0;0;0;17643;-17643
27/08/2024 18:15;27/08/2024 18:30;74;kWh;-27224;0;0;0;27224;-27224
27/08/2024 18:30;27/08/2024 18:45;75;kWh;-18127;0;0;0;18127;-18127
27/08/2024 18:45;27/08/2024 19:00;76;kWh;-1899;0;0;0;1899;-1899
27/08/2024 19:00;27/08/2024 19:15;77;kWh;-1152;1365;0;0;2517;213
27/08/2024 19:15;27/08/2024 19:30;78;kWh;0;13543;0;0;13543;13543
27/08/2024 19:30;27/08/2024 19:45;79;kWh;0;45636;0;0;45636;45636
27/08/2024 19:45;27/08/2024 20:00;80;kWh;0;75756;0;0;75756;75756
27/08/2024 20:00;27/08/2024 20:15;81;kWh;0;41680;0;0;41680;41680
27/08/2024 20:15;27/08/2024 20:30;82;kWh;0;15157;0;0;15157;15157
27/08/2024 20:30;27/08/2024 20:45;83;kWh;0;11135;0;0;11135;11135
27/08/2024 20:45;27/08/2024 21:00;84;kWh;0;27411;0;0;27411;27411
27/08/2024 21:00;27/08/2024 21:15;85;kWh;0;31570;0;0;31570;31570
27/08/2024 21:15;27/08/2024 21:30;86;kWh;0;1262;0;0;1262;1262
27/08/2024 21:30;27/08/2024 21:45;87;kWh;0;1624;0;0;1624;1624
27/08/2024 21:45;27/08/2024 22:00;88;kWh;0;46;0;0;46;46
27/08/2024 22:00;27/08/2024 22:15;89;kWh;0;1482;0;0;1482;1482
27/08/2024 22:15;27/08/2024 22:30;90;kWh;0;7024;0;0;7024;7024
27/08/2024 22:30;27/08/2024 22:45;91;kWh;0;1835;0;0;1835;1835
27/08/2024 22:45;27/08/2024 23:00;92;kWh;0;22559;0;0;22559;22559
27/08/2024 23:00;27/08/2024 23:15;93;kWh;0;3896;0;0;3896;3896
27/08/2024 23:15;27/08/2024 23:30;94;kWh;0;2192;0;0;2192;2192
27/08/2024 23:30;27/08/2024 23:45;95;kWh;0;6548;0;0;6548;6548
27/08/2024 23:45;28/08/2024 00:00;96;kWh;-4287;0;0;0;4287;-4287
28/08/2024 00:00;28/08/2024 00:15;1;kWh;-6094;0;0;0;6094;-6094
28/08/2024 00:15;28/08/2024 00:30;2;kWh;-12028;0;0;0;12028;-12028
28/08/2024 00:30;28/08/2024 00:45;3;kWh;-12870;0;0;0;12870;-12870
28/08/2024 00:45;28/08/2024 01:00;4;kWh;-19594;0;0;0;19594;-19594
28/08/2024 01:00;28/08/2024 01:15;5;kWh;-10492;0;0;0;10492;-10492
28/08/2024 01:15;28/08/2024 01:30;6;kWh;0;356;0;0;356;356
28/08/2024 01:30;28/08/2024 01:45;7;kWh;-850;0;0;0;850;-850
28/08/2024 01:45;28/08/2024 02:00;8;kWh;-10418;0;0;0;10418;-10418
28/08/2024 02:00;28/08/2024 02:15;9;kWh;-67;2947;0;0;3014;2880
28/08/2024 02:15;28/08/2024 02:30;10;kWh;0;1698;0;0;1698;1698
28/08/2024 02:30;28/08/2024 02:45;11;kWh;0;0;0;0;0;0
28/08/2024 02:45;28/08/2024 03:00;12;kWh;0;77;0;0;77;77
28/08/2024 03:00;28/08/2024 03:15;13;kWh;0;5;0;0;5;5
28/08/2024 03:15;28/08/2024 03:30;14;kWh;0;77;0;0;77;77
28/08/2024 03:30;28/08/2024 03:45;15;kWh;0;3744;0;0;3744;3744
28/08/2024 03:45;28/08/2024 04:00;16;kWh;0;19394;0;0;19394;19394
28/08/2024 04:00;28/08/2024 04:15;17;kWh;0;8568;0;0;8568;8568
28/08/2024 04:15;28/08/2024 04:30;18;kWh;0;9886;0;0;9886;9886
28/08/2024 04:30;28/08/2024 04:45;19;kWh;0;11549;0;0;11549;11549
28/08/2024 04:45;28/08/2024 05:00;20;kWh;0;4404;0;0;4404;4404
28/08/2024 05:00;28/08/2024 05:15;21;kWh;0;0;0;0;0;0
28/08/2024 05:15;28/08/2024 05:30;22;kWh;-2487;0;0;0;2487;-2487
28/08/2024 05:30;28/08/2024 05:45;23;kWh;-14106;0;0;0;14106;-14106
28/08/2024 05:45;28/08/2024 06:00;24;kWh;-2577;0;0;0;2577;-2577
28/08/2024 06:00;28/08/2024 06:15;25;kWh;-10680;0;0;0;10680;-10680
28/08/2024 06:15;28/08/2024 06:30;26;kWh;0;17036;0;0;17036;17036
28/08/2024 06:30;28/08/2024 06:45;27;kWh;0;36790;0;0;36790;36790
28/08/2024 06:45;28/08/2024 07:00;28;kWh;0;48193;0;0;48193;48193
28/08/2024 07:00;28/08/2024 07:15;29;kWh;0;57950;0;0;57950;57950
28/08/2024 07:15;28/08/2024 07:30;30;kWh;0;59022;0;0;59022;59022
28/08/2024 07:30;28/08/2024 07:45;31;kWh;0;58895;0;0;58895;58895
28/08/2024 07:45;28/08/2024 08:00;32;kWh;0;52990;0;0;52990;52990
28/08/2024 08:00;28/08/2024 08:15;33;kWh;0;32788;0;0;32788;32788
28/08/2024 08:15;28/08/2024 08:30;34;kWh;-35;258;0;0;293;223
28/08/2024 08:30;28/08/2024 08:45;35;kWh;-29147;0;0;0;29147;-29147
28/08/2024 08:45;28/08/2024 09:00;36;kWh;-40702;0;0;0;40702;-40702
28/08/2024 09:00;28/08/2024 09:15;37;kWh;-14909;0;0;0;14909;-14909
28/08/2024 09:15;28/08/2024 09:30;38;kWh;-22;7342;0;0;7364;7320
28/08/2024 09:30;28/08/2024 09:45;39;kWh;-43;3949;0;0;3992;3906
28/08/2024 09:45;28/08/2024 10:00;40;kWh;-2425;0;0;0;2425;-2425
28/08/2024 10:00;28/08/2024 10:15;41;kWh;-8744;0;0;0;8744;-8744
28/08/2024 10:15;28/08/2024 10:30;42;kWh;-576;1101;0;0;1677;525
28/08/2024 10:30;28/08/2024 10:45;43;kWh;-2461;0;0;0;2461;-2461
28/08/2024 10:45;28/08/2024 11:00;44;kWh;-804;0;0;0;804;-804
28/08/2024 11:00;28/08/2024 11:15;45;kWh;-280;4936;0;0;5216;4656
28/08/2024 11:15;28/08/2024 11:30;46;kWh;0;27;0;0;27;27
28/08/2024 11:30;28/08/2024 11:45;47;kWh;-23;9057;0;0;9080;9034
28/08/2024 11:45;28/08/2024 12:00;48;kWh;-5778;724;0;0;6502;-5054
28/08/2024 12:00;28/08/2024 12:15;49;kWh;-5569;4214;0;0;9783;-1355
28/08/2024 12:15;28/08/2024 12:30;50;kWh;-11060;261;0;0;11321;-10799
28/08/2024 12:30;28/08/2024 12:45;51;kWh;-2695;0;0;0;2695;-2695
28/08/2024 12:45;28/08/2024 13:00;52;kWh;-14673;0;0;0;14673;-14673
28/08/2024 13:00;28/08/2024 13:15;53;kWh;-6446;222;0;0;6668;-6224
28/08/2024 13:15;28/08/2024 13:30;54;kWh;-15653;0;0;0;15653;-15653
28/08/2024 13:30;28/08/2024 13:45;55;kWh;-18375;585;0;0;18960;-17790
28/08/2024 13:45;28/08/2024 14:00;56;kWh;-13475;0;0;0;13475;-13475
28/08/2024 14:00;28/08/2024 14:15;57;kWh;-6678;0;0;0;6678;-6678
28/08/2024 14:15;28/08/2024 14:30;58;kWh;-1935;0;0;0;1935;-1935
28/08/2024 14:30;28/08/2024 14:45;59;kWh;-2262;0;0;0;2262;-2262
28/08/2024 14:45;28/08/2024 15:00;60;kWh;-4027;0;0;0;4027;-4027
28/08/2024 15:00;28/08/2024 15:15;61;kWh;-4675;65;0;0;4740;-4610
28/08/2024 15:15;28/08/2024 15:30;62;kWh;0;3994;0;0;3994;3994
28/08/2024 15:30;28/08/2024 15:45;63;kWh;0;12689;0;0;12689;12689
28/08/2024 15:45;28/08/2024 16:00;64;kWh;0;16034;0;0;16034;16034
28/08/2024 16:00;28/08/2024 16:15;65;kWh;0;213;0;0;213;213
28/08/2024 16:15;28/08/2024 16:30;66;kWh;0;0;0;0;0;0
28/08/2024 16:30;28/08/2024 16:45;67;kWh;-966;284;0;0;1250;-682
28/08/2024 16:45;28/08/2024 17:00;68;kWh;-102;2846;0;0;2948;2744
28/08/2024 17:00;28/08/2024 17:15;69;kWh;-16532;0;0;0;16532;-16532
28/08/2024 17:15;28/08/2024 17:30;70;kWh;0;4;0;0;4;4
28/08/2024 17:30;28/08/2024 17:45;71;kWh;0;890;0;0;890;890
28/08/2024 17:45;28/08/2024 18:00;72;kWh;0;4071;0;0;4071;4071
28/08/2024 18:00;28/08/2024 18:15;73;kWh;-8575;15288;0;0;23863;6713
28/08/2024 18:15;28/08/2024 18:30;74;kWh;-45448;0;0;0;45448;-45448
28/08/2024 18:30;28/08/2024 18:45;75;kWh;-14396;0;0;0;14396;-14396
28/08/2024 18:45;28/08/2024 19:00;76;kWh;-2191;0;0;0;2191;-2191
28/08/2024 19:00;28/08/2024 19:15;77;kWh;-4772;1078;0;0;5850;-3694
28/08/2024 19:15;28/08/2024 19:30;78;kWh;0;22044;0;0;22044;22044
28/08/2024 19:30;28/08/2024 19:45;79;kWh;0;65546;0;0;65546;65546
28/08/2024 19:45;28/08/2024 20:00;80;kWh;0;91593;0;0;91593;91593
28/08/2024 20:00;28/08/2024 20:15;81;kWh;0;44357;0;0;44357;44357
28/08/2024 20:15;28/08/2024 20:30;82;kWh;0;5905;0;0;5905;5905
28/08/2024 20:30;28/08/2024 20:45;83;kWh;0;1797;0;0;1797;1797
28/08/2024 20:45;28/08/2024 21:00;84;kWh;0;6260;0;0;6260;6260
28/08/2024 21:00;28/08/2024 21:15;85;kWh;0;9501;0;0;9501;9501
28/08/2024 21:15;28/08/2024 21:30;86;kWh;0;12730;0;0;12730;12730
28/08/2024 21:30;28/08/2024 21:45;87;kWh;0;12;0;0;12;12
28/08/2024 21:45;28/08/2024 22:00;88;kWh;-4500;0;0;0;4500;-4500
28/08/2024 22:00;28/08/2024 22:15;89;kWh;-3424;0;0;0;3424;-3424
28/08/2024 22:15;28/08/2024 22:30;90;kWh;0;257;0;0;257;257
28/08/2024 22:30;28/08/2024 22:45;91;kWh;0;220;0;0;220;220
28/08/2024 22:45;28/08/2024 23:00;92;kWh;-17;10487;0;0;10504;10470
28/08/2024 23:00;28/08/2024 23:15;93;kWh;-57;4447;0;0;4504;4390
28/08/2024 23:15;28/08/2024 23:30;94;kWh;0;12604;0;0;12604;12604
28/08/2024 23:30;28/08/2024 23:45;95;kWh;0;8448;0;0;8448;8448
28/08/2024 23:45;29/08/2024 00:00;96;kWh;0;11564;0;0;11564;11564
29/08/2024 00:00;29/08/2024 00:15;1;kWh;0;978;0;0;978;978
29/08/2024 00:15;29/08/2024 00:30;2;kWh;-7918;0;0;0;7918;-7918
29/08/2024 00:30;29/08/2024 00:45;3;kWh;-6231;0;0;0;6231;-6231
29/08/2024 00:45;29/08/2024 01:00;4;kWh;-13181;0;0;0;13181;-13181
29/08/2024 01:00;29/08/2024 01:15;5;kWh;-7257;929;0;0;8186;-6328
29/08/2024 01:15;29/08/2024 01:30;6;kWh;0;1853;0;0;1853;1853
29/08/2024 01:30;29/08/2024 01:45;7;kWh;-4898;0;0;0;4898;-4898
29/08/2024 01:45;29/08/2024 02:00;8;kWh;-9139;0;0;0;9139;-9139
29/08/2024 02:00;29/08/2024 02:15;9;kWh;-4901;1598;0;0;6499;-3303
29/08/2024 02:15;29/08/2024 02:30;10;kWh;0;2475;0;0;2475;2475
29/08/2024 02:30;29/08/2024 02:45;11;kWh;0;4335;0;0;4335;4335
29/08/2024 02:45;29/08/2024 03:00;12;kWh;0;991;0;0;991;991
29/08/2024 03:00;29/08/2024 03:15;13;kWh;0;0;0;0;0;0
29/08/2024 03:15;29/08/2024 03:30;14;kWh;0;0;0;0;0;0
29/08/2024 03:30;29/08/2024 03:45;15;kWh;0;0;0;0;0;0
29/08/2024 03:45;29/08/2024 04:00;16;kWh;-17054;0;0;0;17054;-17054
29/08/2024 04:00;29/08/2024 04:15;17;kWh;-36103;0;0;0;36103;-36103
29/08/2024 04:15;29/08/2024 04:30;18;kWh;-26876;0;0;0;26876;-26876
29/08/2024 04:30;29/08/2024 04:45;19;kWh;-8134;0;0;0;8134;-8134
29/08/2024 04:45;29/08/2024 05:00;20;kWh;-1067;0;0;0;1067;-1067
29/08/2024 05:00;29/08/2024 05:15;21;kWh;-540;0;0;0;540;-540
29/08/2024 05:15;29/08/2024 05:30;22;kWh;0;934;0;0;934;934
29/08/2024 05:30;29/08/2024 05:45;23;kWh;0;17630;0;0;17630;17630
29/08/2024 05:45;29/08/2024 06:00;24;kWh;0;22050;0;0;22050;22050
29/08/2024 06:00;29/08/2024 06:15;25;kWh;0;22989;0;0;22989;22989
29/08/2024 06:15;29/08/2024 06:30;26;kWh;0;78107;0;0;78107;78107
29/08/2024 06:30;29/08/2024 06:45;27;kWh;0;63733;0;0;63733;63733
29/08/2024 06:45;29/08/2024 07:00;28;kWh;0;72335;0;0;72335;72335
29/08/2024 07:00;29/08/2024 07:15;29;kWh;0;84561;0;0;84561;84561
29/08/2024 07:15;29/08/2024 07:30;30;kWh;0;102840;0;0;102840;102840
29/08/2024 07:30;29/08/2024 07:45;31;kWh;0;67277;0;0;67277;67277
29/08/2024 07:45;29/08/2024 08:00;32;kWh;0;6790;0;0;6790;6790
29/08/2024 08:00;29/08/2024 08:15;33;kWh;0;10143;0;0;10143;10143
29/08/2024 08:15;29/08/2024 08:30;34;kWh;-2482;82;0;0;2564;-2400
29/08/2024 08:30;29/08/2024 08:45;35;kWh;-50270;0;0;0;50270;-50270
29/08/2024 08:45;29/08/2024 09:00;36;kWh;-32234;0;0;0;32234;-32234
29/08/2024 09:00;29/08/2024 09:15;37;kWh;-6265;19893;0;0;26158;13628
29/08/2024 09:15;29/08/2024 09:30;38;kWh;0;33754;0;0;33754;33754
29/08/2024 09:30;29/08/2024 09:45;39;kWh;-242;1908;0;0;2150;1666
29/08/2024 09:45;29/08/2024 10:00;40;kWh;-3467;0;0;0;3467;-3467
29/08/2024 10:00;29/08/2024 10:15;41;kWh;-814;661;0;0;1475;-153
29/08/2024 10:15;29/08/2024 10:30;42;kWh;0;3291;0;0;3291;3291
29/08/2024 10:30;29/08/2024 10:45;43;kWh;-1786;12;0;0;1798;-1774
29/08/2024 10:45;29/08/2024 11:00;44;kWh;-4095;0;0;0;4095;-4095
29/08/2024 11:00;29/08/2024 11:15;45;kWh;-15284;0;0;0;15284;-15284
29/08/2024 11:15;29/08/2024 11:30;46;kWh;-3403;29;0;0;3432;-3374
29/08/2024 11:30;29/08/2024 11:45;47;kWh;0;2042;0;0;2042;2042
29/08/2024 11:45;29/08/2024 12:00;48;kWh;0;2020;0;0;2020;2020
29/08/2024 12:00;29/08/2024 12:15;49;kWh;0;2450;0;0;2450;2450
29/08/2024 12:15;29/08/2024 12:30;50;kWh;0;1067;0;0;1067;1067
29/08/2024 12:30;29/08/2024 12:45;51;kWh;0;0;0;0;0;0
29/08/2024 12:45;29/08/2024 13:00;52;kWh;-4199;0;0;0;4199;-4199
29/08/2024 13:00;29/08/2024 13:15;53;kWh;-5183;0;0;0;5183;-5183
29/08/2024 13:15;29/08/2024 13:30;54;kWh;-3425;0;0;0;3425;-3425
29/08/2024 13:30;29/08/2024 13:45;55;kWh;-8123;0;0;0;8123;-8123
29/08/2024 13:45;29/08/2024 14:00;56;kWh;-10044;90;0;0;10134;-9954
29/08/2024 14:00;29/08/2024 14:15;57;kWh;-11095;178;0;0;11273;-10917
29/08/2024 14:15;29/08/2024 14:30;58;kWh;-1930;0;0;0;1930;-1930
29/08/2024 14:30;29/08/2024 14:45;59;kWh;-1757;5717;0;0;7474;3960
29/08/2024 14:45;29/08/2024 15:00;60;kWh;0;30857;0;0;30857;30857
29/08/2024 15:00;29/08/2024 15:15;61;kWh;0;96598;0;0;96598;96598
29/08/2024 15:15;29/08/2024 15:30;62;kWh;0;37499;0;0;37499;37499
29/08/2024 15:30;29/08/2024 15:45;63;kWh;0;46760;0;0;46760;46760
29/08/2024 15:45;29/08/2024 16:00;64;kWh;-271;26360;0;0;26631;26089
29/08/2024 16:00;29/08/2024 16:15;65;kWh;-35077;68;0;0;35145;-35009
29/08/2024 16:15;29/08/2024 16:30;66;kWh;-29065;188;0;0;29253;-28877
29/08/2024 16:30;29/08/2024 16:45;67;kWh;-31973;1021;0;0;32994;-30952
29/08/2024 16:45;29/08/2024 17:00;68;kWh;-26110;26;0;0;26136;-26084
29/08/2024 17:00;29/08/2024 17:15;69;kWh;-41287;871;0;0;42158;-40416
29/08/2024 17:15;29/08/2024 17:30;70;kWh;-25199;1456;0;0;26655;-23743
29/08/2024 17:30;29/08/2024 17:45;71;kWh;-34038;0;0;0;34038;-34038
29/08/2024 17:45;29/08/2024 18:00;72;kWh;-37217;0;0;0;37217;-37217
29/08/2024 18:00;29/08/2024 18:15;73;kWh;-13322;1835;0;0;15157;-11487
29/08/2024 18:15;29/08/2024 18:30;74;kWh;0;8824;0;0;8824;8824
29/08/2024 18:30;29/08/2024 18:45;75;kWh;-434;8007;0;0;8441;7573
29/08/2024 18:45;29/08/2024 19:00;76;kWh;0;6790;0;0;6790;6790
29/08/2024 19:00;29/08/2024 19:15;77;kWh;-13514;518;0;0;14032;-12996
29/08/2024 19:15;29/08/2024 19:30;78;kWh;-15582;0;0;0;15582;-15582
29/08/2024 19:30;29/08/2024 19:45;79;kWh;-541;0;0;0;541;-541
29/08/2024 19:45;29/08/2024 20:00;80;kWh;0;2303;0;0;2303;2303
29/08/2024 20:00;29/08/2024 20:15;81;kWh;0;38875;0;0;38875;38875
29/08/2024 20:15;29/08/2024 20:30;82;kWh;0;58615;0;0;58615;58615
29/08/2024 20:30;29/08/2024 20:45;83;kWh;0;66656;0;0;66656;66656
29/08/2024 20:45;29/08/2024 21:00;84;kWh;0;69101;0;0;69101;69101
29/08/2024 21:00;29/08/2024 21:15;85;kWh;0;44075;0;0;44075;44075
29/08/2024 21:15;29/08/2024 21:30;86;kWh;0;12612;0;0;12612;12612
29/08/2024 21:30;29/08/2024 21:45;87;kWh;0;37083;0;0;37083;37083
29/08/2024 21:45;29/08/2024 22:00;88;kWh;0;23380;0;0;23380;23380
29/08/2024 22:00;29/08/2024 22:15;89;kWh;-31;27163;0;0;27194;27132
29/08/2024 22:15;29/08/2024 22:30;90;kWh;0;36444;0;0;36444;36444
29/08/2024 22:30;29/08/2024 22:45;91;kWh;0;2112;0;0;2112;2112
29/08/2024 22:45;29/08/2024 23:00;92;kWh;0;51;0;0;51;51
29/08/2024 23:00;29/08/2024 23:15;93;kWh;0;52362;0;0;52362;52362
29/08/2024 23:15;29/08/2024 23:30;94;kWh;0;2695;0;0;2695;2695
29/08/2024 23:30;29/08/2024 23:45;95;kWh;-1539;0;0;0;1539;-1539
29/08/2024 23:45;30/08/2024 00:00;96;kWh;-2379;0;0;0;2379;-2379
30/08/2024 00:00;30/08/2024 00:15;1;kWh;-1;28322;0;0;28323;28321
30/08/2024 00:15;30/08/2024 00:30;2;kWh;0;24292;0;0;24292;24292
30/08/2024 00:30;30/08/2024 00:45;3;kWh;0;6451;0;0;6451;6451
30/08/2024 00:45;30/08/2024 01:00;4;kWh;0;14713;0;0;14713;14713
30/08/2024 01:00;30/08/2024 01:15;5;kWh;0;3145;0;0;3145;3145
30/08/2024 01:15;30/08/2024 01:30;6;kWh;0;96;0;0;96;96
30/08/2024 01:30;30/08/2024 01:45;7;kWh;-197;0;0;0;197;-197
30/08/2024 01:45;30/08/2024 02:00;8;kWh;-2699;0;0;0;2699;-2699
30/08/2024 02:00;30/08/2024 02:15;9;kWh;-3783;0;0;0;3783;-3783
30/08/2024 02:15;30/08/2024 02:30;10;kWh;-731;0;0;0;731;-731
30/08/2024 02:30;30/08/2024 02:45;11;kWh;-501;0;0;0;501;-501
30/08/2024 02:45;30/08/2024 03:00;12;kWh;-8;580;0;0;588;572
30/08/2024 03:00;30/08/2024 03:15;13;kWh;0;12698;0;0;12698;12698
30/08/2024 03:15;30/08/2024 03:30;14;kWh;0;21769;0;0;21769;21769
30/08/2024 03:30;30/08/2024 03:45;15;kWh;0;12363;0;0;12363;12363
30/08/2024 03:45;30/08/2024 04:00;16;kWh;0;8991;0;0;8991;8991
30/08/2024 04:00;30/08/2024 04:15;17;kWh;0;7744;0;0;7744;7744
30/08/2024 04:15;30/08/2024 04:30;18;kWh;0;5483;0;0;5483;5483
30/08/2024 04:30;30/08/2024 04:45;19;kWh;0;2949;0;0;2949;2949
30/08/2024 04:45;30/08/2024 05:00;20;kWh;-906;186;0;0;1092;-720
30/08/2024 05:00;30/08/2024 05:15;21;kWh;-24039;0;0;0;24039;-24039
30/08/2024 05:15;30/08/2024 05:30;22;kWh;-29476;0;0;0;29476;-29476
30/08/2024 05:30;30/08/2024 05:45;23;kWh;-8802;0;0;0;8802;-8802
30/08/2024 05:45;30/08/2024 06:00;24;kWh;-6272;0;0;0;6272;-6272
30/08/2024 06:00;30/08/2024 06:15;25;kWh;-22727;0;0;0;22727;-22727
30/08/2024 06:15;30/08/2024 06:30;26;kWh;-12449;72;0;0;12521;-12377
30/08/2024 06:30;30/08/2024 06:45;27;kWh;-7;23493;0;0;23500;23486
30/08/2024 06:45;30/08/2024 07:00;28;kWh;0;16084;0;0;16084;16084
30/08/2024 07:00;30/08/2024 07:15;29;kWh;-2099;123;0;0;2222;-1976
30/08/2024 07:15;30/08/2024 07:30;30;kWh;0;1897;0;0;1897;1897
30/08/2024 07:30;30/08/2024 07:45;31;kWh;-2852;25;0;0;2877;-2827
30/08/2024 07:45;30/08/2024 08:00;32;kWh;-12840;0;0;0;12840;-12840
30/08/2024 08:00;30/08/2024 08:15;33;kWh;-8490;969;0;0;9459;-7521
30/08/2024 08:15;30/08/2024 08:30;34;kWh;0;19774;0;0;19774;19774
30/08/2024 08:30;30/08/2024 08:45;35;kWh;0;25382;0;0;25382;25382
30/08/2024 08:45;30/08/2024 09:00;36;kWh;0;748;0;0;748;748
30/08/2024 09:00;30/08/2024 09:15;37;kWh;0;17151;0;0;17151;17151
30/08/2024 09:15;30/08/2024 09:30;38;kWh;0;1640;0;0;1640;1640
30/08/2024 09:30;30/08/2024 09:45;39;kWh;-2767;290;0;0;3057;-2477
30/08/2024 09:45;30/08/2024 10:00;40;kWh;-8785;0;0;0;8785;-8785
30/08/2024 10:00;30/08/2024 10:15;41;kWh;-219;26430;0;0;26649;26211
30/08/2024 10:15;30/08/2024 10:30;42;kWh;0;45041;0;0;45041;45041
30/08/2024 10:30;30/08/2024 10:45;43;kWh;0;7800;0;0;7800;7800
30/08/2024 10:45;30/08/2024 11:00;44;kWh;0;4512;0;0;4512;4512
30/08/2024 11:00;30/08/2024 11:15;45;kWh;0;1361;0;0;1361;1361
30/08/2024 11:15;30/08/2024 11:30;46;kWh;0;1004;0;0;1004;1004
30/08/2024 11:30;30/08/2024 11:45;47;kWh;0;2214;0;0;2214;2214
30/08/2024 11:45;30/08/2024 12:00;48;kWh;0;11413;0;0;11413;11413
30/08/2024 12:00;30/08/2024 12:15;49;kWh;0;456;0;0;456;456
30/08/2024 12:15;30/08/2024 12:30;50;kWh;0;23;0;0;23;23
30/08/2024 12:30;30/08/2024 12:45;51;kWh;0;14600;0;0;14600;14600
30/08/2024 12:45;30/08/2024 13:00;52;kWh;0;2180;0;0;2180;2180
30/08/2024 13:00;30/08/2024 13:15;53;kWh;0;22456;0;0;22456;22456
30/08/2024 13:15;30/08/2024 13:30;54;kWh;0;42310;0;0;42310;42310
30/08/2024 13:30;30/08/2024 13:45;55;kWh;0;20512;0;0;20512;20512
30/08/2024 13:45;30/08/2024 14:00;56;kWh;0;2704;0;0;2704;2704
30/08/2024 14:00;30/08/2024 14:15;57;kWh;-2004;0;0;0;2004;-2004
30/08/2024 14:15;30/08/2024 14:30;58;kWh;-6639;0;0;0;6639;-6639
30/08/2024 14:30;30/08/2024 14:45;59;kWh;-36130;0;0;0;36130;-36130
30/08/2024 14:45;30/08/2024 15:00;60;kWh;-77889;0;0;0;77889;-77889
30/08/2024 15:00;30/08/2024 15:15;61;kWh;-57872;0;0;0;57872;-57872
30/08/2024 15:15;30/08/2024 15:30;62;kWh;-35249;0;0;0;35249;-35249
30/08/2024 15:30;30/08/2024 15:45;63;kWh;-30290;0;0;0;30290;-30290
30/08/2024 15:45;30/08/2024 16:00;64;kWh;-69428;0;0;0;69428;-69428
30/08/2024 16:00;30/08/2024 16:15;65;kWh;-17295;4089;0;0;21384;-13206
30/08/2024 16:15;30/08/2024 16:30;66;kWh;0;4836;0;0;4836;4836
30/08/2024 16:30;30/08/2024 16:45;67;kWh;-7544;0;0;0;7544;-7544
30/08/2024 16:45;30/08/2024 17:00;68;kWh;-25929;0;0;0;25929;-25929
30/08/2024 17:00;30/08/2024 17:15;69;kWh;-57252;0;0;0;57252;-57252
30/08/2024 17:15;30/08/2024 17:30;70;kWh;-57537;0;0;0;57537;-57537
30/08/2024 17:30;30/08/2024 17:45;71;kWh;-51590;38;0;0;51628;-51552
30/08/2024 17:45;30/08/2024 18:00;72;kWh;-56338;54;0;0;56392;-56284
30/08/2024 18:00;30/08/2024 18:15;73;kWh;-151;9399;0;0;9550;9248
30/08/2024 18:15;30/08/2024 18:30;74;kWh;0;3479;0;0;3479;3479
30/08/2024 18:30;30/08/2024 18:45;75;kWh;-5623;234;0;0;5857;-5389
30/08/2024 18:45;30/08/2024 19:00;76;kWh;-28835;0;0;0;28835;-28835
30/08/2024 19:00;30/08/2024 19:15;77;kWh;-22122;0;0;0;22122;-22122
30/08/2024 19:15;30/08/2024 19:30;78;kWh;-11689;0;0;0;11689;-11689
30/08/2024 19:30;30/08/2024 19:45;79;kWh;-2521;0;0;0;2521;-2521
30/08/2024 19:45;30/08/2024 20:00;80;kWh;-61;0;0;0;61;-61
30/08/2024 20:00;30/08/2024 20:15;81;kWh;-9;0;0;0;9;-9
30/08/2024 20:15;30/08/2024 20:30;82;kWh;0;1878;0;0;1878;1878
30/08/2024 20:30;30/08/2024 20:45;83;kWh;0;12109;0;0;12109;12109
30/08/2024 20:45;30/08/2024 21:00;84;kWh;0;2337;0;0;2337;2337
30/08/2024 21:00;30/08/2024 21:15;85;kWh;0;3862;0;0;3862;3862
30/08/2024 21:15;30/08/2024 21:30;86;kWh;0;181;0;0;181;181
30/08/2024 21:30;30/08/2024 21:45;87;kWh;-768;0;0;0;768;-768
30/08/2024 21:45;30/08/2024 22:00;88;kWh;-8088;0;0;0;8088;-8088
30/08/2024 22:00;30/08/2024 22:15;89;kWh;-17756;88;0;0;17844;-17668
30/08/2024 22:15;30/08/2024 22:30;90;kWh;0;921;0;0;921;921
30/08/2024 22:30;30/08/2024 22:45;91;kWh;0;0;0;0;0;0
30/08/2024 22:45;30/08/2024 23:00;92;kWh;0;2;0;0;2;2
30/08/2024 23:00;30/08/2024 23:15;93;kWh;0;13255;0;0;13255;13255
30/08/2024 23:15;30/08/2024 23:30;94;kWh;0;8713;0;0;8713;8713
30/08/2024 23:30;30/08/2024 23:45;95;kWh;0;2915;0;0;2915;2915
30/08/2024 23:45;31/08/2024 00:00;96;kWh;0;16914;0;0;16914;16914
31/08/2024 00:00;31/08/2024 00:15;1;kWh;-631;1553;0;0;2184;922
31/08/2024 00:15;31/08/2024 00:30;2;kWh;-460;5777;0;0;6237;5317
31/08/2024 00:30;31/08/2024 00:45;3;kWh;-9804;0;0;0;9804;-9804
31/08/2024 00:45;31/08/2024 01:00;4;kWh;-8990;0;0;0;8990;-8990
31/08/2024 01:00;31/08/2024 01:15;5;kWh;-844;0;0;0;844;-844
31/08/2024 01:15;31/08/2024 01:30;6;kWh;-577;0;0;0;577;-577
31/08/2024 01:30;31/08/2024 01:45;7;kWh;0;0;0;0;0;0
31/08/2024 01:45;31/08/2024 02:00;8;kWh;-1186;0;0;0;1186;-1186
31/08/2024 02:00;31/08/2024 02:15;9;kWh;-16428;8008;0;0;24436;-8420
31/08/2024 02:15;31/08/2024 02:30;10;kWh;0;6542;0;0;6542;6542
31/08/2024 02:30;31/08/2024 02:45;11;kWh;0;246;0;0;246;246
31/08/2024 02:45;31/08/2024 03:00;12;kWh;0;0;0;0;0;0
31/08/2024 03:00;31/08/2024 03:15;13;kWh;-243;0;0;0;243;-243
31/08/2024 03:15;31/08/2024 03:30;14;kWh;-2054;284;0;0;2338;-1770
31/08/2024 03:30;31/08/2024 03:45;15;kWh;0;1281;0;0;1281;1281
31/08/2024 03:45;31/08/2024 04:00;16;kWh;0;481;0;0;481;481
31/08/2024 04:00;31/08/2024 04:15;17;kWh;0;16148;0;0;16148;16148
31/08/2024 04:15;31/08/2024 04:30;18;kWh;0;24530;0;0;24530;24530
31/08/2024 04:30;31/08/2024 04:45;19;kWh;0;18068;0;0;18068;18068
31/08/2024 04:45;31/08/2024 05:00;20;kWh;0;688;0;0;688;688
31/08/2024 05:00;31/08/2024 05:15;21;kWh;-3494;0;0;0;3494;-3494
31/08/2024 05:15;31/08/2024 05:30;22;kWh;-13523;0;0;0;13523;-13523
31/08/2024 05:30;31/08/2024 05:45;23;kWh;-12139;0;0;0;12139;-12139
31/08/2024 05:45;31/08/2024 06:00;24;kWh;-7789;0;0;0;7789;-7789
31/08/2024 06:00;31/08/2024 06:15;25;kWh;-10916;1143;0;0;12059;-9773
31/08/2024 06:15;31/08/2024 06:30;26;kWh;-5593;0;0;0;5593;-5593
31/08/2024 06:30;31/08/2024 06:45;27;kWh;-20844;0;0;0;20844;-20844
31/08/2024 06:45;31/08/2024 07:00;28;kWh;-18959;701;0;0;19660;-18258
31/08/2024 07:00;31/08/2024 07:15;29;kWh;-2379;9106;0;0;11485;6727
31/08/2024 07:15;31/08/2024 07:30;30;kWh;-4402;6406;0;0;10808;2004
31/08/2024 07:30;31/08/2024 07:45;31;kWh;-721;0;0;0;721;-721
31/08/2024 07:45;31/08/2024 08:00;32;kWh;-9809;0;0;0;9809;-9809
31/08/2024 08:00;31/08/2024 08:15;33;kWh;-841;1965;0;0;2806;1124
31/08/2024 08:15;31/08/2024 08:30;34;kWh;0;18194;0;0;18194;18194
31/08/2024 08:30;31/08/2024 08:45;35;kWh;0;46;0;0;46;46
31/08/2024 08:45;31/08/2024 09:00;36;kWh;-4274;157;0;0;4431;-4117
31/08/2024 09:00;31/08/2024 09:15;37;kWh;-3;40197;0;0;40200;40194
31/08/2024 09:15;31/08/2024 09:30;38;kWh;-6173;56;0;0;6229;-6117
31/08/2024 09:30;31/08/2024 09:45;39;kWh;-11773;4152;0;0;15925;-7621
31/08/2024 09:45;31/08/2024 10:00;40;kWh;-19232;422;0;0;19654;-18810
31/08/2024 10:00;31/08/2024 10:15;41;kWh;-42764;3908;0;0;46672;-38856
31/08/2024 10:15;31/08/2024 10:30;42;kWh;-35742;809;0;0;36551;-34933
31/08/2024 10:30;31/08/2024 10:45;43;kWh;-20831;0;0;0;20831;-20831
31/08/2024 10:45;31/08/2024 11:00;44;kWh;-17088;6;0;0;17094;-17082
31/08/2024 11:00;31/08/2024 11:15;45;kWh;-54653;63;0;0;54716;-54590
31/08/2024 11:15;31/08/2024 11:30;46;kWh;-15090;3331;0;0;18421;-11759
31/08/2024 11:30;31/08/2024 11:45;47;kWh;-36705;0;0;0;36705;-36705
31/08/2024 11:45;31/08/2024 12:00;48;kWh;-59928;0;0;0;59928;-59928
31/08/2024 12:00;31/08/2024 12:15;49;kWh;-49179;0;0;0;49179;-49179
31/08/2024 12:15;31/08/2024 12:30;50;kWh;-50605;0;0;0;50605;-50605
31/08/2024 12:30;31/08/2024 12:45;51;kWh;-44491;0;0;0;44491;-44491
31/08/2024 12:45;31/08/2024 13:00;52;kWh;-42390;0;0;0;42390;-42390
31/08/2024 13:00;31/08/2024 13:15;53;kWh;-17756;0;0;0;17756;-17756
31/08/2024 13:15;31/08/2024 13:30;54;kWh;-44364;0;0;0;44364;-44364
31/08/2024 13:30;31/08/2024 13:45;55;kWh;-37291;776;0;0;38067;-36515
31/08/2024 13:45;31/08/2024 14:00;56;kWh;-25772;0;0;0;25772;-25772
31/08/2024 14:00;31/08/2024 14:15;57;kWh;-29453;876;0;0;30329;-28577
31/08/2024 14:15;31/08/2024 14:30;58;kWh;-49651;209;0;0;49860;-49442
31/08/2024 14:30;31/08/2024 14:45;59;kWh;-27814;0;0;0;27814;-27814
31/08/2024 14:45;31/08/2024 15:00;60;kWh;-17121;0;0;0;17121;-17121
31/08/2024 15:00;31/08/2024 15:15;61;kWh;-35807;0;0;0;35807;-35807
31/08/2024 15:15;31/08/2024 15:30;62;kWh;-31073;0;0;0;31073;-31073
31/08/2024 15:30;31/08/2024 15:45;63;kWh;-19888;0;0;0;19888;-19888
31/08/2024 15:45;31/08/2024 16:00;64;kWh;-12589;0;0;0;12589;-12589
31/08/2024 16:00;31/08/2024 16:15;65;kWh;-12636;1020;0;0;13656;-11616
31/08/2024 16:15;31/08/2024 16:30;66;kWh;-479;1534;0;0;2013;1055
31/08/2024 16:30;31/08/2024 16:45;67;kWh;-2405;18446;0;0;20851;16041
31/08/2024 16:45;31/08/2024 17:00;68;kWh;-869;10492;0;0;11361;9623
31/08/2024 17:00;31/08/2024 17:15;69;kWh;-16357;0;0;0;16357;-16357
31/08/2024 17:15;31/08/2024 17:30;70;kWh;-1739;0;0;0;1739;-1739
31/08/2024 17:30;31/08/2024 17:45;71;kWh;0;1187;0;0;1187;1187
31/08/2024 17:45;31/08/2024 18:00;72;kWh;0;15383;0;0;15383;15383
31/08/2024 18:00;31/08/2024 18:15;73;kWh;0;4519;0;0;4519;4519
31/08/2024 18:15;31/08/2024 18:30;74;kWh;0;16149;0;0;16149;16149
31/08/2024 18:30;31/08/2024 18:45;75;kWh;0;21650;0;0;21650;21650
31/08/2024 18:45;31/08/2024 19:00;76;kWh;0;28181;0;0;28181;28181
31/08/2024 19:00;31/08/2024 19:15;77;kWh;0;19375;0;0;19375;19375
31/08/2024 19:15;31/08/2024 19:30;78;kWh;0;52663;0;0;52663;52663
31/08/2024 19:30;31/08/2024 19:45;79;kWh;0;7974;0;0;7974;7974
31/08/2024 19:45;31/08/2024 20:00;80;kWh;-5902;0;0;0;5902;-5902
31/08/2024 20:00;31/08/2024 20:15;81;kWh;-22425;0;0;0;22425;-22425
31/08/2024 20:15;31/08/2024 20:30;82;kWh;-17934;0;0;0;17934;-17934
31/08/2024 20:30;31/08/2024 20:45;83;kWh;-29665;0;0;0;29665;-29665
31/08/2024 20:45;31/08/2024 21:00;84;kWh;-18137;0;0;0;18137;-18137
31/08/2024 21:00;31/08/2024 21:15;85;kWh;-8669;0;0;0;8669;-8669
31/08/2024 21:15;31/08/2024 21:30;86;kWh;-13962;0;0;0;13962;-13962
31/08/2024 21:30;31/08/2024 21:45;87;kWh;-19940;0;0;0;19940;-19940
31/08/2024 21:45;31/08/2024 22:00;88;kWh;-31488;0;0;0;31488;-31488
31/08/2024 22:00;31/08/2024 22:15;89;kWh;-10555;0;0;0;10555;-10555
31/08/2024 22:15;31/08/2024 22:30;90;kWh;-24262;0;0;0;24262;-24262
31/08/2024 22:30;31/08/2024 22:45;91;kWh;-3834;0;0;0;3834;-3834
31/08/2024 22:45;31/08/2024 23:00;92;kWh;-656;0;0;0;656;-656
31/08/2024 23:00;31/08/2024 23:15;93;kWh;-19798;0;0;0;19798;-19798
31/08/2024 23:15;31/08/2024 23:30;94;kWh;-26136;0;0;0;26136;-26136
31/08/2024 23:30;31/08/2024 23:45;95;kWh;-15284;0;0;0;15284;-15284
31/08/2024 23:45;01/09/2024 00:00;96;kWh;0;0;0;0;0;0
01/09/2024 00:00;01/09/2024 00:15;1;kWh;-476;8042;0;0;8518;7566
01/09/2024 00:15;01/09/2024 00:30;2;kWh;-1570;8177;0;0;9747;6607
01/09/2024 00:30;01/09/2024 00:45;3;kWh;0;25205;0;0;25205;25205
01/09/2024 00:45;01/09/2024 01:00;4;kWh;-4643;6756;0;0;11399;2113
01/09/2024 01:00;01/09/2024 01:15;5;kWh;-16312;201;0;0;16513;-16111
01/09/2024 01:15;01/09/2024 01:30;6;kWh;-13990;11;0;0;14001;-13979
01/09/2024 01:30;01/09/2024 01:45;7;kWh;-16928;72;0;0;17000;-16856
01/09/2024 01:45;01/09/2024 02:00;8;kWh;-11015;1008;0;0;12023;-10007
01/09/2024 02:00;01/09/2024 02:15;9;kWh;-15093;1942;0;0;17035;-13151
01/09/2024 02:15;01/09/2024 02:30;10;kWh;-575;195;0;0;770;-380
01/09/2024 02:30;01/09/2024 02:45;11;kWh;-329;347;0;0;676;18
01/09/2024 02:45;01/09/2024 03:00;12;kWh;0;4373;0;0;4373;4373
01/09/2024 03:00;01/09/2024 03:15;13;kWh;0;7451;0;0;7451;7451
01/09/2024 03:15;01/09/2024 03:30;14;kWh;0;22837;0;0;22837;22837
01/09/2024 03:30;01/09/2024 03:45;15;kWh;0;39188;0;0;39188;39188
01/09/2024 03:45;01/09/2024 04:00;16;kWh;0;43614;0;0;43614;43614
01/09/2024 04:00;01/09/2024 04:15;17;kWh;0;53520;0;0;53520;53520
01/09/2024 04:15;01/09/2024 04:30;18;kWh;0;72127;0;0;72127;72127
01/09/2024 04:30;01/09/2024 04:45;19;kWh;0;62867;0;0;62867;62867
01/09/2024 04:45;01/09/2024 05:00;20;kWh;0;52657;0;0;52657;52657
01/09/2024 05:00;01/09/2024 05:15;21;kWh;0;13368;0;0;13368;13368
01/09/2024 05:15;01/09/2024 05:30;22;kWh;0;26806;0;0;26806;26806
01/09/2024 05:30;01/09/2024 05:45;23;kWh;0;27393;0;0;27393;27393
01/09/2024 05:45;01/09/2024 06:00;24;kWh;0;16318;0;0;16318;16318
01/09/2024 06:00;01/09/2024 06:15;25;kWh;0;37906;0;0;37906;37906
01/09/2024 06:15;01/09/2024 06:30;26;kWh;0;47918;0;0;47918;47918
01/09/2024 06:30;01/09/2024 06:45;27;kWh;0;31910;0;0;31910;31910
01/09/2024 06:45;01/09/2024 07:00;28;kWh;0;11385;0;0;11385;11385
01/09/2024 07:00;01/09/2024 07:15;29;kWh;0;43753;0;0;43753;43753
01/09/2024 07:15;01/09/2024 07:30;30;kWh;0;52014;0;0;52014;52014
01/09/2024 07:30;01/09/2024 07:45;31;kWh;0;62479;0;0;62479;62479
01/09/2024 07:45;01/09/2024 08:00;32;kWh;-4878;11575;0;0;16453;6697
01/09/2024 08:00;01/09/2024 08:15;33;kWh;-2345;30408;0;0;32753;28063
01/09/2024 08:15;01/09/2024 08:30;34;kWh;-3572;16562;0;0;20134;12990
01/09/2024 08:30;01/09/2024 08:45;35;kWh;-1756;1408;0;0;3164;-348
01/09/2024 08:45;01/09/2024 09:00;36;kWh;-2041;80;0;0;2121;-1961
01/09/2024 09:00;01/09/2024 09:15;37;kWh;0;35013;0;0;35013;35013
01/09/2024 09:15;01/09/2024 09:30;38;kWh;0;58554;0;0;58554;58554
01/09/2024 09:30;01/09/2024 09:45;39;kWh;-2737;11332;0;0;14069;8595
01/09/2024 09:45;01/09/2024 10:00;40;kWh;-17734;263;0;0;17997;-17471
01/09/2024 10:00;01/09/2024 10:15;41;kWh;-198;77332;0;0;77530;77134
01/09/2024 10:15;01/09/2024 10:30;42;kWh;0;32052;0;0;32052;32052
01/09/2024 10:30;01/09/2024 10:45;43;kWh;-15047;54;0;0;15101;-14993
01/09/2024 10:45;01/09/2024 11:00;44;kWh;-34852;0;0;0;34852;-34852
01/09/2024 11:00;01/09/2024 11:15;45;kWh;-2845;84;0;0;2929;-2761
01/09/2024 11:15;01/09/2024 11:30;46;kWh;-10189;0;0;0;10189;-10189
01/09/2024 11:30;01/09/2024 11:45;47;kWh;-20656;0;0;0;20656;-20656
01/09/2024 11:45;01/09/2024 12:00;48;kWh;-28494;0;0;0;28494;-28494
01/09/2024 12:00;01/09/2024 12:15;49;kWh;-9804;4266;0;0;14070;-5538
01/09/2024 12:15;01/09/2024 12:30;50;kWh;-19034;0;0;0;19034;-19034
01/09/2024 12:30;01/09/2024 12:45;51;kWh;-33856;0;0;0;33856;-33856
01/09/2024 12:45;01/09/2024 13:00;52;kWh;-36858;0;0;0;36858;-36858
01/09/2024 13:00;01/09/2024 13:15;53;kWh;-23305;0;0;0;23305;-23305
01/09/2024 13:15;01/09/2024 13:30;54;kWh;-39509;0;0;0;39509;-39509
01/09/2024 13:30;01/09/2024 13:45;55;kWh;-18882;0;0;0;18882;-18882
01/09/2024 13:45;01/09/2024 14:00;56;kWh;-18168;2015;0;0;20183;-16153
01/09/2024 14:00;01/09/2024 14:15;57;kWh;-5461;7531;0;0;12992;2070
01/09/2024 14:15;01/09/2024 14:30;58;kWh;-2675;11535;0;0;14210;8860
01/09/2024 14:30;01/09/2024 14:45;59;kWh;-497;15738;0;0;16235;15241
01/09/2024 14:45;01/09/2024 15:00;60;kWh;-5215;512;0;0;5727;-4703
01/09/2024 15:00;01/09/2024 15:15;61;kWh;-37280;3050;0;0;40330;-34230
01/09/2024 15:15;01/09/2024 15:30;62;kWh;-16327;2955;0;0;19282;-13372
01/09/2024 15:30;01/09/2024 15:45;63;kWh;-3971;8899;0;0;12870;4928
01/09/2024 15:45;01/09/2024 16:00;64;kWh;-462;19317;0;0;19779;18855
01/09/2024 16:00;01/09/2024 16:15;65;kWh;-23506;4996;0;0;28502;-18510
01/09/2024 16:15;01/09/2024 16:30;66;kWh;-4122;15684;0;0;19806;11562
01/09/2024 16:30;01/09/2024 16:45;67;kWh;0;49225;0;0;49225;49225
01/09/2024 16:45;01/09/2024 17:00;68;kWh;0;31729;0;0;31729;31729
01/09/2024 17:00;01/09/2024 17:15;69;kWh;-33912;5628;0;0;39540;-28284
01/09/2024 17:15;01/09/2024 17:30;70;kWh;-8338;11594;0;0;19932;3256
01/09/2024 17:30;01/09/2024 17:45;71;kWh;0;55415;0;0;55415;55415
01/09/2024 17:45;01/09/2024 18:00;72;kWh;-14732;11009;0;0;25741;-3723
01/09/2024 18:00;01/09/2024 18:15;73;kWh;-2357;18680;0;0;21037;16323
01/09/2024 18:15;01/09/2024 18:30;74;kWh;-1084;26304;0;0;27388;25220
01/09/2024 18:30;01/09/2024 18:45;75;kWh;-104;53923;0;0;54027;53819
01/09/2024 18:45;01/09/2024 19:00;76;kWh;0;81720;0;0;81720;81720
01/09/2024 19:00;01/09/2024 19:15;77;kWh;-46;21638;0;0;21684;21592
01/09/2024 19:15;01/09/2024 19:30;78;kWh;0;47031;0;0;47031;47031
01/09/2024 19:30;01/09/2024 19:45;79;kWh;0;78523;0;0;78523;78523
01/09/2024 19:45;01/09/2024 20:00;80;kWh;0;97022;0;0;97022;97022
01/09/2024 20:00;01/09/2024 20:15;81;kWh;-1314;24963;0;0;26277;23649
01/09/2024 20:15;01/09/2024 20:30;82;kWh;-16;10793;0;0;10809;10777
01/09/2024 20:30;01/09/2024 20:45;83;kWh;0;10202;0;0;10202;10202
01/09/2024 20:45;01/09/2024 21:00;84;kWh;0;1206;0;0;1206;1206
01/09/2024 21:00;01/09/2024 21:15;85;kWh;0;22844;0;0;22844;22844
01/09/2024 21:15;01/09/2024 21:30;86;kWh;-155;2320;0;0;2475;2165
01/09/2024 21:30;01/09/2024 21:45;87;kWh;-1142;3027;0;0;4169;1885
01/09/2024 21:45;01/09/2024 22:00;88;kWh;-2209;0;0;0;2209;-2209
01/09/2024 22:00;01/09/2024 22:15;89;kWh;-1360;6920;0;0;8280;5560
01/09/2024 22:15;01/09/2024 22:30;90;kWh;0;30111;0;0;30111;30111
01/09/2024 22:30;01/09/2024 22:45;91;kWh;0;37507;0;0;37507;37507
01/09/2024 22:45;01/09/2024 23:00;92;kWh;0;29161;0;0;29161;29161
01/09/2024 23:00;01/09/2024 23:15;93;kWh;-373;34010;0;0;34383;33637
01/09/2024 23:15;01/09/2024 23:30;94;kWh;0;36300;0;0;36300;36300
01/09/2024 23:30;01/09/2024 23:45;95;kWh;0;50198;0;0;50198;50198
01/09/2024 23:45;02/09/2024 00:00;96;kWh;0;51852;0;0;51852;51852
02/09/2024 00:00;02/09/2024 00:15;1;kWh;-20317;16454;0;0;36771;-3863
02/09/2024 00:15;02/09/2024 00:30;2;kWh;-16546;5640;0;0;22186;-10906
02/09/2024 00:30;02/09/2024 00:45;3;kWh;-26669;0;0;0;26669;-26669
02/09/2024 00:45;02/09/2024 01:00;4;kWh;-23624;251;0;0;23875;-23373
02/09/2024 01:00;02/09/2024 01:15;5;kWh;-13711;0;0;0;13711;-13711
02/09/2024 01:15;02/09/2024 01:30;6;kWh;-12102;0;0;0;12102;-12102
02/09/2024 01:30;02/09/2024 01:45;7;kWh;-22440;0;0;0;22440;-22440
02/09/2024 01:45;02/09/2024 02:00;8;kWh;-22627;0;0;0;22627;-22627
02/09/2024 02:00;02/09/2024 02:15;9;kWh;-209;0;0;0;209;-209
02/09/2024 02:15;02/09/2024 02:30;10;kWh;0;6403;0;0;6403;6403
02/09/2024 02:30;02/09/2024 02:45;11;kWh;-1047;340;0;0;1387;-707
02/09/2024 02:45;02/09/2024 03:00;12;kWh;-2771;0;0;0;2771;-2771
02/09/2024 03:00;02/09/2024 03:15;13;kWh;0;12256;0;0;12256;12256
02/09/2024 03:15;02/09/2024 03:30;14;kWh;0;14768;0;0;14768;14768
02/09/2024 03:30;02/09/2024 03:45;15;kWh;0;10623;0;0;10623;10623
02/09/2024 03:45;02/09/2024 04:00;16;kWh;0;9587;0;0;9587;9587
02/09/2024 04:00;02/09/2024 04:15;17;kWh;0;12882;0;0;12882;12882
02/09/2024 04:15;02/09/2024 04:30;18;kWh;0;2926;0;0;2926;2926
02/09/2024 04:30;02/09/2024 04:45;19;kWh;0;13;0;0;13;13
02/09/2024 04:45;02/09/2024 05:00;20;kWh;-1935;0;0;0;1935;-1935
02/09/2024 05:00;02/09/2024 05:15;21;kWh;-11089;0;0;0;11089;-11089
02/09/2024 05:15;02/09/2024 05:30;22;kWh;0;17529;0;0;17529;17529
02/09/2024 05:30;02/09/2024 05:45;23;kWh;0;36707;0;0;36707;36707
02/09/2024 05:45;02/09/2024 06:00;24;kWh;-1803;3360;0;0;5163;1557
02/09/2024 06:00;02/09/2024 06:15;25;kWh;-3449;15113;0;0;18562;11664
02/09/2024 06:15;02/09/2024 06:30;26;kWh;0;37817;0;0;37817;37817
02/09/2024 06:30;02/09/2024 06:45;27;kWh;0;49855;0;0;49855;49855
02/09/2024 06:45;02/09/2024 07:00;28;kWh;-17;38208;0;0;38225;38191
02/09/2024 07:00;02/09/2024 07:15;29;kWh;-34528;0;0;0;34528;-34528
02/09/2024 07:15;02/09/2024 07:30;30;kWh;-4404;0;0;0;4404;-4404
02/09/2024 07:30;02/09/2024 07:45;31;kWh;-383;7714;0;0;8097;7331
02/09/2024 07:45;02/09/2024 08:00;32;kWh;-3307;120;0;0;3427;-3187
02/09/2024 08:00;02/09/2024 08:15;33;kWh;-618;18429;0;0;19047;17811
02/09/2024 08:15;02/09/2024 08:30;34;kWh;-6896;2;0;0;6898;-6894
02/09/2024 08:30;02/09/2024 08:45;35;kWh;-25167;0;0;0;25167;-25167
02/09/2024 08:45;02/09/2024 09:00;36;kWh;-30992;0;0;0;30992;-30992
02/09/2024 09:00;02/09/2024 09:15;37;kWh;-6672;20938;0;0;27610;14266
02/09/2024 09:15;02/09/2024 09:30;38;kWh;0;28994;0;0;28994;28994
02/09/2024 09:30;02/09/2024 09:45;39;kWh;-4;4708;0;0;4712;4704
02/09/2024 09:45;02/09/2024 10:00;40;kWh;-16;4155;0;0;4171;4139
02/09/2024 10:00;02/09/2024 10:15;41;kWh;0;6978;0;0;6978;6978
02/09/2024 10:15;02/09/2024 10:30;42;kWh;0;2276;0;0;2276;2276
02/09/2024 10:30;02/09/2024 10:45;43;kWh;0;8919;0;0;8919;8919
02/09/2024 10:45;02/09/2024 11:00;44;kWh;0;33800;0;0;33800;33800
02/09/2024 11:00;02/09/2024 11:15;45;kWh;0;24783;0;0;24783;24783
02/09/2024 11:15;02/09/2024 11:30;46;kWh;-365;43469;0;0;43834;43104
02/09/2024 11:30;02/09/2024 11:45;47;kWh;-12677;763;0;0;13440;-11914
02/09/2024 11:45;02/09/2024 12:00;48;kWh;-21632;0;0;0;21632;-21632
02/09/2024 12:00;02/09/2024 12:15;49;kWh;-10790;0;0;0;10790;-10790
02/09/2024 12:15;02/09/2024 12:30;50;kWh;-20448;0;0;0;20448;-20448
02/09/2024 12:30;02/09/2024 12:45;51;kWh;-16764;0;0;0;16764;-16764
02/09/2024 12:45;02/09/2024 13:00;52;kWh;-13006;0;0;0;13006;-13006
02/09/2024 13:00;02/09/2024 13:15;53;kWh;-3174;0;0;0;3174;-3174
02/09/2024 13:15;02/09/2024 13:30;54;kWh;-11116;0;0;0;11116;-11116
02/09/2024 13:30;02/09/2024 13:45;55;kWh;-12919;242;0;0;13161;-12677
02/09/2024 13:45;02/09/2024 14:00;56;kWh;-16849;0;0;0;16849;-16849
02/09/2024 14:00;02/09/2024 14:15;57;kWh;-21312;0;0;0;21312;-21312
02/09/2024 14:15;02/09/2024 14:30;58;kWh;-10844;0;0;0;10844;-10844
02/09/2024 14:30;02/09/2024 14:45;59;kWh;-2082;0;0;0;2082;-2082
02/09/2024 14:45;02/09/2024 15:00;60;kWh;-352;0;0;0;352;-352
02/09/2024 15:00;02/09/2024 15:15;61;kWh;-4146;0;0;0;4146;-4146
02/09/2024 15:15;02/09/2024 15:30;62;kWh;-825;0;0;0;825;-825
02/09/2024 15:30;02/09/2024 15:45;63;kWh;0;5200;0;0;5200;5200
02/09/2024 15:45;02/09/2024 16:00;64;kWh;0;24668;0;0;24668;24668
02/09/2024 16:00;02/09/2024 16:15;65;kWh;0;11196;0;0;11196;11196
02/09/2024 16:15;02/09/2024 16:30;66;kWh;0;1526;0;0;1526;1526
02/09/2024 16:30;02/09/2024 16:45;67;kWh;0;13;0;0;13;13
02/09/2024 16:45;02/09/2024 17:00;68;kWh;-446;32;0;0;478;-414
02/09/2024 17:00;02/09/2024 17:15;69;kWh;-2616;7961;0;0;10577;5345
02/09/2024 17:15;02/09/2024 17:30;70;kWh;0;15761;0;0;15761;15761
02/09/2024 17:30;02/09/2024 17:45;71;kWh;0;7444;0;0;7444;7444
02/09/2024 17:45;02/09/2024 18:00;72;kWh;-99;0;0;0;99;-99
02/09/2024 18:00;02/09/2024 18:15;73;kWh;-41148;0;0;0;41148;-41148
02/09/2024 18:15;02/09/2024 18:30;74;kWh;-12422;0;0;0;12422;-12422
02/09/2024 18:30;02/09/2024 18:45;75;kWh;-3347;0;0;0;3347;-3347
02/09/2024 18:45;02/09/2024 19:00;76;kWh;0;0;0;0;0;0
02/09/2024 19:00;02/09/2024 19:15;77;kWh;-438;0;0;0;438;-438
02/09/2024 19:15;02/09/2024 19:30;78;kWh;0;18479;0;0;18479;18479
02/09/2024 19:30;02/09/2024 19:45;79;kWh;0;49502;0;0;49502;49502
02/09/2024 19:45;02/09/2024 20:00;80;kWh;0;49415;0;0;49415;49415
02/09/2024 20:00;02/09/2024 20:15;81;kWh;0;13408;0;0;13408;13408
02/09/2024 20:15;02/09/2024 20:30;82;kWh;0;10389;0;0;10389;10389
02/09/2024 20:30;02/09/2024 20:45;83;kWh;-1028;64;0;0;1092;-964
02/09/2024 20:45;02/09/2024 21:00;84;kWh;-41691;0;0;0;41691;-41691
02/09/2024 21:00;02/09/2024 21:15;85;kWh;-13737;0;0;0;13737;-13737
02/09/2024 21:15;02/09/2024 21:30;86;kWh;0;0;0;0;0;0
02/09/2024 21:30;02/09/2024 21:45;87;kWh;0;0;0;0;0;0
02/09/2024 21:45;02/09/2024 22:00;88;kWh;-16047;0;0;0;16047;-16047
02/09/2024 22:00;02/09/2024 22:15;89;kWh;-25756;0;0;0;25756;-25756
02/09/2024 22:15;02/09/2024 22:30;90;kWh;-537;0;0;0;537;-537
02/09/2024 22:30;02/09/2024 22:45;91;kWh;0;0;0;0;0;0
02/09/2024 22:45;02/09/2024 23:00;92;kWh;0;0;0;0;0;0
02/09/2024 23:00;02/09/2024 23:15;93;kWh;0;20063;0;0;20063;20063
02/09/2024 23:15;02/09/2024 23:30;94;kWh;0;10403;0;0;10403;10403
02/09/2024 23:30;02/09/2024 23:45;95;kWh;0;11500;0;0;11500;11500
02/09/2024 23:45;03/09/2024 00:00;96;kWh;0;32;0;0;32;32
03/09/2024 00:00;03/09/2024 00:15;1;kWh;0;746;0;0;746;746
03/09/2024 00:15;03/09/2024 00:30;2;kWh;0;82;0;0;82;82
03/09/2024 00:30;03/09/2024 00:45;3;kWh;0;0;0;0;0;0
03/09/2024 00:45;03/09/2024 01:00;4;kWh;0;172;0;0;172;172
03/09/2024 01:00;03/09/2024 01:15;5;kWh;0;6218;0;0;6218;6218
03/09/2024 01:15;03/09/2024 01:30;6;kWh;0;8865;0;0;8865;8865
03/09/2024 01:30;03/09/2024 01:45;7;kWh;0;1618;0;0;1618;1618
03/09/2024 01:45;03/09/2024 02:00;8;kWh;0;233;0;0;233;233
03/09/2024 02:00;03/09/2024 02:15;9;kWh;-162;0;0;0;162;-162
03/09/2024 02:15;03/09/2024 02:30;10;kWh;-27;0;0;0;27;-27
03/09/2024 02:30;03/09/2024 02:45;11;kWh;0;2466;0;0;2466;2466
03/09/2024 02:45;03/09/2024 03:00;12;kWh;0;2605;0;0;2605;2605
03/09/2024 03:00;03/09/2024 03:15;13;kWh;0;26300;0;0;26300;26300
03/09/2024 03:15;03/09/2024 03:30;14;kWh;0;5951;0;0;5951;5951
03/09/2024 03:30;03/09/2024 03:45;15;kWh;0;3072;0;0;3072;3072
03/09/2024 03:45;03/09/2024 04:00;16;kWh;-1997;15;0;0;2012;-1982
03/09/2024 04:00;03/09/2024 04:15;17;kWh;-16310;0;0;0;16310;-16310
03/09/2024 04:15;03/09/2024 04:30;18;kWh;-22076;0;0;0;22076;-22076
03/09/2024 04:30;03/09/2024 04:45;19;kWh;-15157;0;0;0;15157;-15157
03/09/2024 04:45;03/09/2024 05:00;20;kWh;-17579;0;0;0;17579;-17579
03/09/2024 05:00;03/09/2024 05:15;21;kWh;-1778;0;0;0;1778;-1778
03/09/2024 05:15;03/09/2024 05:30;22;kWh;0;5404;0;0;5404;5404
03/09/2024 05:30;03/09/2024 05:45;23;kWh;-180;8458;0;0;8638;8278
03/09/2024 05:45;03/09/2024 06:00;24;kWh;-12373;1027;0;0;13400;-11346
03/09/2024 06:00;03/09/2024 06:15;25;kWh;0;47094;0;0;47094;47094
03/09/2024 06:15;03/09/2024 06:30;26;kWh;0;91864;0;0;91864;91864
03/09/2024 06:30;03/09/2024 06:45;27;kWh;0;77630;0;0;77630;77630
03/09/2024 06:45;03/09/2024 07:00;28;kWh;0;74819;0;0;74819;74819
03/09/2024 07:00;03/09/2024 07:15;29;kWh;-8259;731;0;0;8990;-7528
03/09/2024 07:15;03/09/2024 07:30;30;kWh;-1;306;0;0;307;305
03/09/2024 07:30;03/09/2024 07:45;31;kWh;0;2168;0;0;2168;2168
03/09/2024 07:45;03/09/2024 08:00;32;kWh;-48;6;0;0;54;-42
03/09/2024 08:00;03/09/2024 08:15;33;kWh;-481;0;0;0;481;-481
03/09/2024 08:15;03/09/2024 08:30;34;kWh;-20273;0;0;0;20273;-20273
03/09/2024 08:30;03/09/2024 08:45;35;kWh;-31804;0;0;0;31804;-31804
03/09/2024 08:45;03/09/2024 09:00;36;kWh;-23813;0;0;0;23813;-23813
03/09/2024 09:00;03/09/2024 09:15;37;kWh;-6644;583;0;0;7227;-6061
03/09/2024 09:15;03/09/2024 09:30;38;kWh;-40532;0;0;0;40532;-40532
03/09/2024 09:30;03/09/2024 09:45;39;kWh;-28466;0;0;0;28466;-28466
03/09/2024 09:45;03/09/2024 10:00;40;kWh;-51875;0;0;0;51875;-51875
03/09/2024 10:00;03/09/2024 10:15;41;kWh;-64936;0;0;0;64936;-64936
03/09/2024 10:15;03/09/2024 10:30;42;kWh;-56164;0;0;0;56164;-56164
03/09/2024 10:30;03/09/2024 10:45;43;kWh;-51004;0;0;0;51004;-51004
03/09/2024 10:45;03/09/2024 11:00;44;kWh;-45180;0;0;0;45180;-45180
03/09/2024 11:00;03/09/2024 11:15;45;kWh;-38399;0;0;0;38399;-38399
03/09/2024 11:15;03/09/2024 11:30;46;kWh;-4655;0;0;0;4655;-4655
03/09/2024 11:30;03/09/2024 11:45;47;kWh;-16626;0;0;0;16626;-16626
03/09/2024 11:45;03/09/2024 12:00;48;kWh;-30894;0;0;0;30894;-30894
03/09/2024 12:00;03/09/2024 12:15;49;kWh;-39457;0;0;0;39457;-39457
03/09/2024 12:15;03/09/2024 12:30;50;kWh;-34661;0;0;0;34661;-34661
03/09/2024 12:30;03/09/2024 12:45;51;kWh;-46216;0;0;0;46216;-46216
03/09/2024 12:45;03/09/2024 13:00;52;kWh;-12558;0;0;0;12558;-12558
03/09/2024 13:00;03/09/2024 13:15;53;kWh;-1191;0;0;0;1191;-1191
03/09/2024 13:15;03/09/2024 13:30;54;kWh;-390;0;0;0;390;-390
03/09/2024 13:30;03/09/2024 13:45;55;kWh;0;1461;0;0;1461;1461
03/09/2024 13:45;03/09/2024 14:00;56;kWh;-6;651;0;0;657;645
03/09/2024 14:00;03/09/2024 14:15;57;kWh;-24826;0;0;0;24826;-24826
03/09/2024 14:15;03/09/2024 14:30;58;kWh;-1843;0;0;0;1843;-1843
03/09/2024 14:30;03/09/2024 14:45;59;kWh;-4478;0;0;0;4478;-4478
03/09/2024 14:45;03/09/2024 15:00;60;kWh;-886;0;0;0;886;-886
03/09/2024 15:00;03/09/2024 15:15;61;kWh;-17863;0;0;0;17863;-17863
03/09/2024 15:15;03/09/2024 15:30;62;kWh;-17248;0;0;0;17248;-17248
03/09/2024 15:30;03/09/2024 15:45;63;kWh;0;0;0;0;0;0
03/09/2024 15:45;03/09/2024 16:00;64;kWh;0;4682;0;0;4682;4682
03/09/2024 16:00;03/09/2024 16:15;65;kWh;0;3351;0;0;3351;3351
03/09/2024 16:15;03/09/2024 16:30;66;kWh;0;12346;0;0;12346;12346
03/09/2024 16:30;03/09/2024 16:45;67;kWh;0;9494;0;0;9494;9494
03/09/2024 16:45;03/09/2024 17:00;68;kWh;-26614;0;0;0;26614;-26614
03/09/2024 17:00;03/09/2024 17:15;69;kWh;-60269;0;0;0;60269;-60269
03/09/2024 17:15;03/09/2024 17:30;70;kWh;-58117;0;0;0;58117;-58117
03/09/2024 17:30;03/09/2024 17:45;71;kWh;-19520;0;0;0;19520;-19520
03/09/2024 17:45;03/09/2024 18:00;72;kWh;-1173;0;0;0;1173;-1173
03/09/2024 18:00;03/09/2024 18:15;73;kWh;-3296;6811;0;0;10107;3515
03/09/2024 18:15;03/09/2024 18:30;74;kWh;0;33383;0;0;33383;33383
03/09/2024 18:30;03/09/2024 18:45;75;kWh;0;51435;0;0;51435;51435
03/09/2024 18:45;03/09/2024 19:00;76;kWh;0;55700;0;0;55700;55700
03/09/2024 19:00;03/09/2024 19:15;77;kWh;0;20350;0;0;20350;20350
03/09/2024 19:15;03/09/2024 19:30;78;kWh;0;49024;0;0;49024;49024
03/09/2024 19:30;03/09/2024 19:45;79;kWh;0;65597;0;0;65597;65597
03/09/2024 19:45;03/09/2024 20:00;80;kWh;0;74475;0;0;74475;74475
03/09/2024 20:00;03/09/2024 20:15;81;kWh;-2917;5630;0;0;8547;2713
03/09/2024 20:15;03/09/2024 20:30;82;kWh;-7045;1149;0;0;8194;-5896
03/09/2024 20:30;03/09/2024 20:45;83;kWh;0;24259;0;0;24259;24259
03/09/2024 20:45;03/09/2024 21:00;84;kWh;0;1444;0;0;1444;1444
03/09/2024 21:00;03/09/2024 21:15;85;kWh;0;18482;0;0;18482;18482
03/09/2024 21:15;03/09/2024 21:30;86;kWh;-1208;668;0;0;1876;-540
03/09/2024 21:30;03/09/2024 21:45;87;kWh;-9721;14;0;0;9735;-9707
03/09/2024 21:45;03/09/2024 22:00;88;kWh;-30698;0;0;0;30698;-30698
03/09/2024 22:00;03/09/2024 22:15;89;kWh;-6294;2372;0;0;8666;-3922
03/09/2024 22:15;03/09/2024 22:30;90;kWh;0;3202;0;0;3202;3202
03/09/2024 22:30;03/09/2024 22:45;91;kWh;0;1398;0;0;1398;1398
03/09/2024 22:45;03/09/2024 23:00;92;kWh;-2231;0;0;0;2231;-2231
03/09/2024 23:00;03/09/2024 23:15;93;kWh;-1467;14386;0;0;15853;12919
03/09/2024 23:15;03/09/2024 23:30;94;kWh;0;15811;0;0;15811;15811
03/09/2024 23:30;03/09/2024 23:45;95;kWh;0;1560;0;0;1560;1560
03/09/2024 23:45;04/09/2024 00:00;96;kWh;0;772;0;0;772;772
04/09/2024 00:00;04/09/2024 00:15;1;kWh;0;7847;0;0;7847;7847
04/09/2024 00:15;04/09/2024 00:30;2;kWh;0;11812;0;0;11812;11812
04/09/2024 00:30;04/09/2024 00:45;3;kWh;0;1605;0;0;1605;1605
04/09/2024 00:45;04/09/2024 01:00;4;kWh;0;131;0;0;131;131
04/09/2024 01:00;04/09/2024 01:15;5;kWh;0;1125;0;0;1125;1125
04/09/2024 01:15;04/09/2024 01:30;6;kWh;-2107;0;0;0;2107;-2107
04/09/2024 01:30;04/09/2024 01:45;7;kWh;-8635;0;0;0;8635;-8635
04/09/2024 01:45;04/09/2024 02:00;8;kWh;-5826;0;0;0;5826;-5826
04/09/2024 02:00;04/09/2024 02:15;9;kWh;-2904;0;0;0;2904;-2904
04/09/2024 02:15;04/09/2024 02:30;10;kWh;-2407;0;0;0;2407;-2407
04/09/2024 02:30;04/09/2024 02:45;11;kWh;-2917;0;0;0;2917;-2917
04/09/2024 02:45;04/09/2024 03:00;12;kWh;-1383;0;0;0;1383;-1383
04/09/2024 03:00;04/09/2024 03:15;13;kWh;-713;0;0;0;713;-713
04/09/2024 03:15;04/09/2024 03:30;14;kWh;-246;0;0;0;246;-246
04/09/2024 03:30;04/09/2024 03:45;15;kWh;-432;0;0;0;432;-432
04/09/2024 03:45;04/09/2024 04:00;16;kWh;-21;0;0;0;21;-21
04/09/2024 04:00;04/09/2024 04:15;17;kWh;-5477;0;0;0;5477;-5477
04/09/2024 04:15;04/09/2024 04:30;18;kWh;-3579;0;0;0;3579;-3579
04/09/2024 04:30;04/09/2024 04:45;19;kWh;-2572;0;0;0;2572;-2572
04/09/2024 04:45;04/09/2024 05:00;20;kWh;-9504;0;0;0;9504;-9504
04/09/2024 05:00;04/09/2024 05:15;21;kWh;-29984;0;0;0;29984;-29984
04/09/2024 05:15;04/09/2024 05:30;22;kWh;-15698;0;0;0;15698;-15698
04/09/2024 05:30;04/09/2024 05:45;23;kWh;-22102;0;0;0;22102;-22102
04/09/2024 05:45;04/09/2024 06:00;24;kWh;-9663;0;0;0;9663;-9663
04/09/2024 06:00;04/09/2024 06:15;25;kWh;-27935;0;0;0;27935;-27935
04/09/2024 06:15;04/09/2024 06:30;26;kWh;-18635;0;0;0;18635;-18635
04/09/2024 06:30;04/09/2024 06:45;27;kWh;-1874;0;0;0;1874;-1874
04/09/2024 06:45;04/09/2024 07:00;28;kWh;0;0;0;0;0;0
04/09/2024 07:00;04/09/2024 07:15;29;kWh;-1728;0;0;0;1728;-1728
04/09/2024 07:15;04/09/2024 07:30;30;kWh;-763;0;0;0;763;-763
04/09/2024 07:30;04/09/2024 07:45;31;kWh;-710;0;0;0;710;-710
04/09/2024 07:45;04/09/2024 08:00;32;kWh;-800;0;0;0;800;-800
04/09/2024 08:00;04/09/2024 08:15;33;kWh;-3715;0;0;0;3715;-3715
04/09/2024 08:15;04/09/2024 08:30;34;kWh;-5087;0;0;0;5087;-5087
04/09/2024 08:30;04/09/2024 08:45;35;kWh;-6033;0;0;0;6033;-6033
04/09/2024 08:45;04/09/2024 09:00;36;kWh;-7975;8909;0;0;16884;934
04/09/2024 09:00;04/09/2024 09:15;37;kWh;0;19275;0;0;19275;19275
04/09/2024 09:15;04/09/2024 09:30;38;kWh;0;1920;0;0;1920;1920
04/09/2024 09:30;04/09/2024 09:45;39;kWh;0;3943;0;0;3943;3943
04/09/2024 09:45;04/09/2024 10:00;40;kWh;-11;532;0;0;543;521
04/09/2024 10:00;04/09/2024 10:15;41;kWh;-633;0;0;0;633;-633
04/09/2024 10:15;04/09/2024 10:30;42;kWh;-482;0;0;0;482;-482
04/09/2024 10:30;04/09/2024 10:45;43;kWh;-5521;0;0;0;5521;-5521
04/09/2024 10:45;04/09/2024 11:00;44;kWh;-3630;0;0;0;3630;-3630
04/09/2024 11:00;04/09/2024 11:15;45;kWh;-233;0;0;0;233;-233
04/09/2024 11:15;04/09/2024 11:30;46;kWh;0;16120;0;0;16120;16120
04/09/2024 11:30;04/09/2024 11:45;47;kWh;0;14191;0;0;14191;14191
04/09/2024 11:45;04/09/2024 12:00;48;kWh;0;3047;0;0;3047;3047
04/09/2024 12:00;04/09/2024 12:15;49;kWh;-1273;5693;0;0;6966;4420
04/09/2024 12:15;04/09/2024 12:30;50;kWh;-23841;0;0;0;23841;-23841
04/09/2024 12:30;04/09/2024 12:45;51;kWh;-17904;0;0;0;17904;-17904
04/09/2024 12:45;04/09/2024 13:00;52;kWh;-38457;0;0;0;38457;-38457
04/09/2024 13:00;04/09/2024 13:15;53;kWh;-25012;0;0;0;25012;-25012
04/09/2024 13:15;04/09/2024 13:30;54;kWh;-3631;0;0;0;3631;-3631
04/09/2024 13:30;04/09/2024 13:45;55;kWh;-4752;0;0;0;4752;-4752
04/09/2024 13:45;04/09/2024 14:00;56;kWh;-15574;0;0;0;15574;-15574
04/09/2024 14:00;04/09/2024 14:15;57;kWh;-562;18452;0;0;19014;17890
04/09/2024 14:15;04/09/2024 14:30;58;kWh;0;11072;0;0;11072;11072
04/09/2024 14:30;04/09/2024 14:45;59;kWh;0;3124;0;0;3124;3124
04/09/2024 14:45;04/09/2024 15:00;60;kWh;0;2304;0;0;2304;2304
04/09/2024 15:00;04/09/2024 15:15;61;kWh;-2531;0;0;0;2531;-2531
04/09/2024 15:15;04/09/2024 15:30;62;kWh;-12974;0;0;0;12974;-12974
04/09/2024 15:30;04/09/2024 15:45;63;kWh;0;0;0;0;0;0
04/09/2024 15:45;04/09/2024 16:00;64;kWh;0;2162;0;0;2162;2162
04/09/2024 16:00;04/09/2024 16:15;65;kWh;0;3050;0;0;3050;3050
04/09/2024 16:15;04/09/2024 16:30;66;kWh;0;7911;0;0;7911;7911
04/09/2024 16:30;04/09/2024 16:45;67;kWh;0;9481;0;0;9481;9481
04/09/2024 16:45;04/09/2024 17:00;68;kWh;0;2699;0;0;2699;2699
04/09/2024 17:00;04/09/2024 17:15;69;kWh;0;136;0;0;136;136
04/09/2024 17:15;04/09/2024 17:30;70;kWh;0;1671;0;0;1671;1671
04/09/2024 17:30;04/09/2024 17:45;71;kWh;0;2005;0;0;2005;2005
04/09/2024 17:45;04/09/2024 18:00;72;kWh;0;7266;0;0;7266;7266
04/09/2024 18:00;04/09/2024 18:15;73;kWh;0;1132;0;0;1132;1132
04/09/2024 18:15;04/09/2024 18:30;74;kWh;0;3;0;0;3;3
04/09/2024 18:30;04/09/2024 18:45;75;kWh;-19011;0;0;0;19011;-19011
04/09/2024 18:45;04/09/2024 19:00;76;kWh;-11777;0;0;0;11777;-11777
04/09/2024 19:00;04/09/2024 19:15;77;kWh;-33886;0;0;0;33886;-33886
04/09/2024 19:15;04/09/2024 19:30;78;kWh;-16316;0;0;0;16316;-16316
04/09/2024 19:30;04/09/2024 19:45;79;kWh;-4924;0;0;0;4924;-4924
04/09/2024 19:45;04/09/2024 20:00;80;kWh;-3845;0;0;0;3845;-3845
04/09/2024 20:00;04/09/2024 20:15;81;kWh;-92;10895;0;0;10987;10803
04/09/2024 20:15;04/09/2024 20:30;82;kWh;0;15590;0;0;15590;15590
04/09/2024 20:30;04/09/2024 20:45;83;kWh;0;17853;0;0;17853;17853
04/09/2024 20:45;04/09/2024 21:00;84;kWh;-42;0;0;0;42;-42
04/09/2024 21:00;04/09/2024 21:15;85;kWh;0;2437;0;0;2437;2437
04/09/2024 21:15;04/09/2024 21:30;86;kWh;0;0;0;0;0;0
04/09/2024 21:30;04/09/2024 21:45;87;kWh;-1028;0;0;0;1028;-1028
04/09/2024 21:45;04/09/2024 22:00;88;kWh;-16508;0;0;0;16508;-16508
04/09/2024 22:00;04/09/2024 22:15;89;kWh;-6714;184;0;0;6898;-6530
04/09/2024 22:15;04/09/2024 22:30;90;kWh;-6525;0;0;0;6525;-6525
04/09/2024 22:30;04/09/2024 22:45;91;kWh;0;616;0;0;616;616
04/09/2024 22:45;04/09/2024 23:00;92;kWh;-38;380;0;0;418;342
04/09/2024 23:00;04/09/2024 23:15;93;kWh;-1291;444;0;0;1735;-847
04/09/2024 23:15;04/09/2024 23:30;94;kWh;0;1181;0;0;1181;1181
04/09/2024 23:30;04/09/2024 23:45;95;kWh;0;16304;0;0;16304;16304
04/09/2024 23:45;05/09/2024 00:00;96;kWh;0;436;0;0;436;436
05/09/2024 00:00;05/09/2024 00:15;1;kWh;-1;0;0;0;1;-1
05/09/2024 00:15;05/09/2024 00:30;2;kWh;-15790;0;0;0;15790;-15790
05/09/2024 00:30;05/09/2024 00:45;3;kWh;-49184;0;0;0;49184;-49184
05/09/2024 00:45;05/09/2024 01:00;4;kWh;-67271;0;0;0;67271;-67271
05/09/2024 01:00;05/09/2024 01:15;5;kWh;-19591;0;0;0;19591;-19591
05/09/2024 01:15;05/09/2024 01:30;6;kWh;-34524;0;0;0;34524;-34524
05/09/2024 01:30;05/09/2024 01:45;7;kWh;-15733;0;0;0;15733;-15733
05/09/2024 01:45;05/09/2024 02:00;8;kWh;-24791;0;0;0;24791;-24791
05/09/2024 02:00;05/09/2024 02:15;9;kWh;-2148;668;0;0;2816;-1480
05/09/2024 02:15;05/09/2024 02:30;10;kWh;-1341;0;0;0;1341;-1341
05/09/2024 02:30;05/09/2024 02:45;11;kWh;-2704;0;0;0;2704;-2704
05/09/2024 02:45;05/09/2024 03:00;12;kWh;-9551;0;0;0;9551;-9551
05/09/2024 03:00;05/09/2024 03:15;13;kWh;-5721;0;0;0;5721;-5721
05/09/2024 03:15;05/09/2024 03:30;14;kWh;-7446;0;0;0;7446;-7446
05/09/2024 03:30;05/09/2024 03:45;15;kWh;-47225;0;0;0;47225;-47225
05/09/2024 03:45;05/09/2024 04:00;16;kWh;-49547;0;0;0;49547;-49547
05/09/2024 04:00;05/09/2024 04:15;17;kWh;-70793;0;0;0;70793;-70793
05/09/2024 04:15;05/09/2024 04:30;18;kWh;-61864;0;0;0;61864;-61864
05/09/2024 04:30;05/09/2024 04:45;19;kWh;-59670;0;0;0;59670;-59670
05/09/2024 04:45;05/09/2024 05:00;20;kWh;-46347;0;0;0;46347;-46347
05/09/2024 05:00;05/09/2024 05:15;21;kWh;-6943;14889;0;0;21832;7946
05/09/2024 05:15;05/09/2024 05:30;22;kWh;0;7613;0;0;7613;7613
05/09/2024 05:30;05/09/2024 05:45;23;kWh;0;13426;0;0;13426;13426
05/09/2024 05:45;05/09/2024 06:00;24;kWh;0;10279;0;0;10279;10279
05/09/2024 06:00;05/09/2024 06:15;25;kWh;-491;33724;0;0;34215;33233
05/09/2024 06:15;05/09/2024 06:30;26;kWh;-4415;9985;0;0;14400;5570
05/09/2024 06:30;05/09/2024 06:45;27;kWh;0;22315;0;0;22315;22315
05/09/2024 06:45;05/09/2024 07:00;28;kWh;-2037;5307;0;0;7344;3270
05/09/2024 07:00;05/09/2024 07:15;29;kWh;-24461;445;0;0;24906;-24016
05/09/2024 07:15;05/09/2024 07:30;30;kWh;-24712;125;0;0;24837;-24587
05/09/2024 07:30;05/09/2024 07:45;31;kWh;-13690;6344;0;0;20034;-7346
05/09/2024 07:45;05/09/2024 08:00;32;kWh;-9043;7296;0;0;16339;-1747
05/09/2024 08:00;05/09/2024 08:15;33;kWh;-22102;12881;0;0;34983;-9221
05/09/2024 08:15;05/09/2024 08:30;34;kWh;-37749;0;0;0;37749;-37749
05/09/2024 08:30;05/09/2024 08:45;35;kWh;-30467;138;0;0;30605;-30329
05/09/2024 08:45;05/09/2024 09:00;36;kWh;-38514;0;0;0;38514;-38514
05/09/2024 09:00;05/09/2024 09:15;37;kWh;-1889;26422;0;0;28311;24533
05/09/2024 09:15;05/09/2024 09:30;38;kWh;0;57872;0;0;57872;57872
05/09/2024 09:30;05/09/2024 09:45;39;kWh;0;40598;0;0;40598;40598
05/09/2024 09:45;05/09/2024 10:00;40;kWh;0;36218;0;0;36218;36218
05/09/2024 10:00;05/09/2024 10:15;41;kWh;0;20948;0;0;20948;20948
05/09/2024 10:15;05/09/2024 10:30;42;kWh;0;30939;0;0;30939;30939
05/09/2024 10:30;05/09/2024 10:45;43;kWh;-452;5010;0;0;5462;4558
05/09/2024 10:45;05/09/2024 11:00;44;kWh;-2694;14135;0;0;16829;11441
05/09/2024 11:00;05/09/2024 11:15;45;kWh;-3096;0;0;0;3096;-3096
05/09/2024 11:15;05/09/2024 11:30;46;kWh;-7256;0;0;0;7256;-7256
05/09/2024 11:30;05/09/2024 11:45;47;kWh;-16686;0;0;0;16686;-16686
05/09/2024 11:45;05/09/2024 12:00;48;kWh;-9082;578;0;0;9660;-8504
05/09/2024 12:00;05/09/2024 12:15;49;kWh;-53914;26484;0;0;80398;-27430
05/09/2024 12:15;05/09/2024 12:30;50;kWh;-83542;957;0;0;84499;-82585
05/09/2024 12:30;05/09/2024 12:45;51;kWh;-115867;1431;0;0;117298;-114436
05/09/2024 12:45;05/09/2024 13:00;52;kWh;-65477;0;0;0;65477;-65477
05/09/2024 13:00;05/09/2024 13:15;53;kWh;-64481;0;0;0;64481;-64481
05/09/2024 13:15;05/09/2024 13:30;54;kWh;-80526;0;0;0;80526;-80526
05/09/2024 13:30;05/09/2024 13:45;55;kWh;-60622;0;0;0;60622;-60622
05/09/2024 13:45;05/09/2024 14:00;56;kWh;-85743;0;0;0;85743;-85743
05/09/2024 14:00;05/09/2024 14:15;57;kWh;-37844;8722;0;0;46566;-29122
05/09/2024 14:15;05/09/2024 14:30;58;kWh;-40813;9981;0;0;50794;-30832
05/09/2024 14:30;05/09/2024 14:45;59;kWh;-34060;1867;0;0;35927;-32193
05/09/2024 14:45;05/09/2024 15:00;60;kWh;-30639;1293;0;0;31932;-29346
05/09/2024 15:00;05/09/2024 15:15;61;kWh;-31501;2823;0;0;34324;-28678
05/09/2024 15:15;05/09/2024 15:30;62;kWh;-23403;666;0;0;24069;-22737
05/09/2024 15:30;05/09/2024 15:45;63;kWh;-4143;7286;0;0;11429;3143
05/09/2024 15:45;05/09/2024 16:00;64;kWh;-3979;26772;0;0;30751;22793
05/09/2024 16:00;05/09/2024 16:15;65;kWh;-1937;4075;0;0;6012;2138
05/09/2024 16:15;05/09/2024 16:30;66;kWh;-635;19079;0;0;19714;18444
05/09/2024 16:30;05/09/2024 16:45;67;kWh;0;69283;0;0;69283;69283
05/09/2024 16:45;05/09/2024 17:00;68;kWh;0;96245;0;0;96245;96245
05/09/2024 17:00;05/09/2024 17:15;69;kWh;-21007;14627;0;0;35634;-6380
05/09/2024 17:15;05/09/2024 17:30;70;kWh;-14301;20924;0;0;35225;6623
05/09/2024 17:30;05/09/2024 17:45;71;kWh;-5276;19351;0;0;24627;14075
05/09/2024 17:45;05/09/2024 18:00;72;kWh;-8;74468;0;0;74476;74460
05/09/2024 18:00;05/09/2024 18:15;73;kWh;-59547;6294;0;0;65841;-53253
05/09/2024 18:15;05/09/2024 18:30;74;kWh;-10186;8024;0;0;18210;-2162
05/09/2024 18:30;05/09/2024 18:45;75;kWh;-6561;15149;0;0;21710;8588
05/09/2024 18:45;05/09/2024 19:00;76;kWh;0;25777;0;0;25777;25777
05/09/2024 19:00;05/09/2024 19:15;77;kWh;-6582;16101;0;0;22683;9519
05/09/2024 19:15;05/09/2024 19:30;78;kWh;0;32715;0;0;32715;32715
05/09/2024 19:30;05/09/2024 19:45;79;kWh;0;70529;0;0;70529;70529
05/09/2024 19:45;05/09/2024 20:00;80;kWh;0;81792;0;0;81792;81792
05/09/2024 20:00;05/09/2024 20:15;81;kWh;0;75636;0;0;75636;75636
05/09/2024 20:15;05/09/2024 20:30;82;kWh;0;104183;0;0;104183;104183
05/09/2024 20:30;05/09/2024 20:45;83;kWh;0;105791;0;0;105791;105791
05/09/2024 20:45;05/09/2024 21:00;84;kWh;0;82517;0;0;82517;82517
05/09/2024 21:00;05/09/2024 21:15;85;kWh;0;46533;0;0;46533;46533
05/09/2024 21:15;05/09/2024 21:30;86;kWh;0;54803;0;0;54803;54803
05/09/2024 21:30;05/09/2024 21:45;87;kWh;-699;4966;0;0;5665;4267
05/09/2024 21:45;05/09/2024 22:00;88;kWh;-576;2057;0;0;2633;1481
05/09/2024 22:00;05/09/2024 22:15;89;kWh;-191;40254;0;0;40445;40063
05/09/2024 22:15;05/09/2024 22:30;90;kWh;0;22622;0;0;22622;22622
05/09/2024 22:30;05/09/2024 22:45;91;kWh;-178;2338;0;0;2516;2160
05/09/2024 22:45;05/09/2024 23:00;92;kWh;-6836;461;0;0;7297;-6375
05/09/2024 23:00;05/09/2024 23:15;93;kWh;-108;79399;0;0;79507;79291
05/09/2024 23:15;05/09/2024 23:30;94;kWh;0;32111;0;0;32111;32111
05/09/2024 23:30;05/09/2024 23:45;95;kWh;-5587;221;0;0;5808;-5366
05/09/2024 23:45;06/09/2024 00:00;96;kWh;-8439;6068;0;0;14507;-2371
06/09/2024 00:00;06/09/2024 00:15;1;kWh;-14460;9717;0;0;24177;-4743
06/09/2024 00:15;06/09/2024 00:30;2;kWh;-755;5781;0;0;6536;5026
06/09/2024 00:30;06/09/2024 00:45;3;kWh;0;11486;0;0;11486;11486
06/09/2024 00:45;06/09/2024 01:00;4;kWh;-1290;12710;0;0;14000;11420
06/09/2024 01:00;06/09/2024 01:15;5;kWh;-749;42176;0;0;42925;41427
06/09/2024 01:15;06/09/2024 01:30;6;kWh;0;20471;0;0;20471;20471
06/09/2024 01:30;06/09/2024 01:45;7;kWh;0;20158;0;0;20158;20158
06/09/2024 01:45;06/09/2024 02:00;8;kWh;-66;9005;0;0;9071;8939
06/09/2024 02:00;06/09/2024 02:15;9;kWh;-161;8811;0;0;8972;8650
06/09/2024 02:15;06/09/2024 02:30;10;kWh;-6612;8;0;0;6620;-6604
06/09/2024 02:30;06/09/2024 02:45;11;kWh;-34864;365;0;0;35229;-34499
06/09/2024 02:45;06/09/2024 03:00;12;kWh;-38065;0;0;0;38065;-38065
06/09/2024 03:00;06/09/2024 03:15;13;kWh;-20791;640;0;0;21431;-20151
06/09/2024 03:15;06/09/2024 03:30;14;kWh;-22962;650;0;0;23612;-22312
06/09/2024 03:30;06/09/2024 03:45;15;kWh;-11681;357;0;0;12038;-11324
06/09/2024 03:45;06/09/2024 04:00;16;kWh;-9918;1960;0;0;11878;-7958
06/09/2024 04:00;06/09/2024 04:15;17;kWh;-8139;1728;0;0;9867;-6411
06/09/2024 04:15;06/09/2024 04:30;18;kWh;-5850;0;0;0;5850;-5850
06/09/2024 04:30;06/09/2024 04:45;19;kWh;-10527;0;0;0;10527;-10527
06/09/2024 04:45;06/09/2024 05:00;20;kWh;-6597;8;0;0;6605;-6589
06/09/2024 05:00;06/09/2024 05:15;21;kWh;0;7085;0;0;7085;7085
06/09/2024 05:15;06/09/2024 05:30;22;kWh;0;30631;0;0;30631;30631
06/09/2024 05:30;06/09/2024 05:45;23;kWh;0;52123;0;0;52123;52123
06/09/2024 05:45;06/09/2024 06:00;24;kWh;-186;50727;0;0;50913;50541
06/09/2024 06:00;06/09/2024 06:15;25;kWh;-13855;11024;0;0;24879;-2831
06/09/2024 06:15;06/09/2024 06:30;26;kWh;0;34887;0;0;34887;34887
06/09/2024 06:30;06/09/2024 06:45;27;kWh;0;40293;0;0;40293;40293
06/09/2024 06:45;06/09/2024 07:00;28;kWh;0;41273;0;0;41273;41273
06/09/2024 07:00;06/09/2024 07:15;29;kWh;-3791;9867;0;0;13658;6076
06/09/2024 07:15;06/09/2024 07:30;30;kWh;0;38981;0;0;38981;38981
06/09/2024 07:30;06/09/2024 07:45;31;kWh;0;55526;0;0;55526;55526
06/09/2024 07:45;06/09/2024 08:00;32;kWh;0;86987;0;0;86987;86987
06/09/2024 08:00;06/09/2024 08:15;33;kWh;0;84193;0;0;84193;84193
06/09/2024 08:15;06/09/2024 08:30;34;kWh;0;32757;0;0;32757;32757
06/09/2024 08:30;06/09/2024 08:45;35;kWh;0;33440;0;0;33440;33440
06/09/2024 08:45;06/09/2024 09:00;36;kWh;0;27336;0;0;27336;27336
06/09/2024 09:00;06/09/2024 09:15;37;kWh;-690;38684;0;0;39374;37994
06/09/2024 09:15;06/09/2024 09:30;38;kWh;-6033;49302;0;0;55335;43269
06/09/2024 09:30;06/09/2024 09:45;39;kWh;-6835;15092;0;0;21927;8257
06/09/2024 09:45;06/09/2024 10:00;40;kWh;-12561;24396;0;0;36957;11835
06/09/2024 10:00;06/09/2024 10:15;41;kWh;0;28341;0;0;28341;28341
06/09/2024 10:15;06/09/2024 10:30;42;kWh;0;49627;0;0;49627;49627
06/09/2024 10:30;06/09/2024 10:45;43;kWh;0;89230;0;0;89230;89230
06/09/2024 10:45;06/09/2024 11:00;44;kWh;0;61996;0;0;61996;61996
06/09/2024 11:00;06/09/2024 11:15;45;kWh;0;63622;0;0;63622;63622
06/09/2024 11:15;06/09/2024 11:30;46;kWh;0;67671;0;0;67671;67671
06/09/2024 11:30;06/09/2024 11:45;47;kWh;0;50457;0;0;50457;50457
06/09/2024 11:45;06/09/2024 12:00;48;kWh;0;48929;0;0;48929;48929
06/09/2024 12:00;06/09/2024 12:15;49;kWh;-11;3702;0;0;3713;3691
06/09/2024 12:15;06/09/2024 12:30;50;kWh;-3543;25459;0;0;29002;21916
06/09/2024 12:30;06/09/2024 12:45;51;kWh;-353;33090;0;0;33443;32737
06/09/2024 12:45;06/09/2024 13:00;52;kWh;-3607;13694;0;0;17301;10087
06/09/2024 13:00;06/09/2024 13:15;53;kWh;-29859;2022;0;0;31881;-27837
06/09/2024 13:15;06/09/2024 13:30;54;kWh;-20727;9835;0;0;30562;-10892
06/09/2024 13:30;06/09/2024 13:45;55;kWh;-12915;7114;0;0;20029;-5801
06/09/2024 13:45;06/09/2024 14:00;56;kWh;-4861;6709;0;0;11570;1848
06/09/2024 14:00;06/09/2024 14:15;57;kWh;-37650;1498;0;0;39148;-36152
06/09/2024 14:15;06/09/2024 14:30;58;kWh;-26839;459;0;0;27298;-26380
06/09/2024 14:30;06/09/2024 14:45;59;kWh;-18002;636;0;0;18638;-17366
06/09/2024 14:45;06/09/2024 15:00;60;kWh;-10103;1192;0;0;11295;-8911
06/09/2024 15:00;06/09/2024 15:15;61;kWh;-6560;2466;0;0;9026;-4094
06/09/2024 15:15;06/09/2024 15:30;62;kWh;-16;27974;0;0;27990;27958
06/09/2024 15:30;06/09/2024 15:45;63;kWh;-416;36109;0;0;36525;35693
06/09/2024 15:45;06/09/2024 16:00;64;kWh;-317;56650;0;0;56967;56333
06/09/2024 16:00;06/09/2024 16:15;65;kWh;-1963;12499;0;0;14462;10536
06/09/2024 16:15;06/09/2024 16:30;66;kWh;-140;18436;0;0;18576;18296
06/09/2024 16:30;06/09/2024 16:45;67;kWh;0;19466;0;0;19466;19466
06/09/2024 16:45;06/09/2024 17:00;68;kWh;-27311;6663;0;0;33974;-20648
06/09/2024 17:00;06/09/2024 17:15;69;kWh;-21876;400;0;0;22276;-21476
06/09/2024 17:15;06/09/2024 17:30;70;kWh;-18798;331;0;0;19129;-18467
06/09/2024 17:30;06/09/2024 17:45;71;kWh;-27576;486;0;0;28062;-27090
06/09/2024 17:45;06/09/2024 18:00;72;kWh;-10559;9758;0;0;20317;-801
06/09/2024 18:00;06/09/2024 18:15;73;kWh;-25477;249;0;0;25726;-25228
06/09/2024 18:15;06/09/2024 18:30;74;kWh;-68;3075;0;0;3143;3007
06/09/2024 18:30;06/09/2024 18:45;75;kWh;-1061;365;0;0;1426;-696
06/09/2024 18:45;06/09/2024 19:00;76;kWh;-19706;249;0;0;19955;-19457
06/09/2024 19:00;06/09/2024 19:15;77;kWh;-45643;249;0;0;45892;-45394
06/09/2024 19:15;06/09/2024 19:30;78;kWh;-33382;249;0;0;33631;-33133
06/09/2024 19:30;06/09/2024 19:45;79;kWh;-51915;249;0;0;52164;-51666
06/09/2024 19:45;06/09/2024 20:00;80;kWh;-76461;249;0;0;76710;-76212
06/09/2024 20:00;06/09/2024 20:15;81;kWh;-61074;249;0;0;61323;-60825
06/09/2024 20:15;06/09/2024 20:30;82;kWh;-46600;249;0;0;46849;-46351
06/09/2024 20:30;06/09/2024 20:45;83;kWh;-23330;249;0;0;23579;-23081
06/09/2024 20:45;06/09/2024 21:00;84;kWh;-23029;249;0;0;23278;-22780
06/09/2024 21:00;06/09/2024 21:15;85;kWh;-416;26747;0;0;27163;26331
06/09/2024 21:15;06/09/2024 21:30;86;kWh;0;13049;0;0;13049;13049
06/09/2024 21:30;06/09/2024 21:45;87;kWh;0;26658;0;0;26658;26658
06/09/2024 21:45;06/09/2024 22:00;88;kWh;0;15872;0;0;15872;15872
06/09/2024 22:00;06/09/2024 22:15;89;kWh;0;16438;0;0;16438;16438
06/09/2024 22:15;06/09/2024 22:30;90;kWh;0;6765;0;0;6765;6765
06/09/2024 22:30;06/09/2024 22:45;91;kWh;-1042;1967;0;0;3009;925
06/09/2024 22:45;06/09/2024 23:00;92;kWh;-2475;466;0;0;2941;-2009
06/09/2024 23:00;06/09/2024 23:15;93;kWh;-10956;8054;0;0;19010;-2902
06/09/2024 23:15;06/09/2024 23:30;94;kWh;0;26042;0;0;26042;26042
06/09/2024 23:30;06/09/2024 23:45;95;kWh;0;7869;0;0;7869;7869
06/09/2024 23:45;07/09/2024 00:00;96;kWh;-311;788;0;0;1099;477
07/09/2024 00:00;07/09/2024 00:15;1;kWh;0;6673;0;0;6673;6673
07/09/2024 00:15;07/09/2024 00:30;2;kWh;0;13273;0;0;13273;13273
07/09/2024 00:30;07/09/2024 00:45;3;kWh;0;19436;0;0;19436;19436
07/09/2024 00:45;07/09/2024 01:00;4;kWh;0;1371;0;0;1371;1371
07/09/2024 01:00;07/09/2024 01:15;5;kWh;0;34072;0;0;34072;34072
07/09/2024 01:15;07/09/2024 01:30;6;kWh;0;29144;0;0;29144;29144
07/09/2024 01:30;07/09/2024 01:45;7;kWh;0;26276;0;0;26276;26276
07/09/2024 01:45;07/09/2024 02:00;8;kWh;0;26128;0;0;26128;26128
07/09/2024 02:00;07/09/2024 02:15;9;kWh;0;29728;0;0;29728;29728
07/09/2024 02:15;07/09/2024 02:30;10;kWh;0;40729;0;0;40729;40729
07/09/2024 02:30;07/09/2024 02:45;11;kWh;0;28325;0;0;28325;28325
07/09/2024 02:45;07/09/2024 03:00;12;kWh;-113;6677;0;0;6790;6564
07/09/2024 03:00;07/09/2024 03:15;13;kWh;-17799;0;0;0;17799;-17799
07/09/2024 03:15;07/09/2024 03:30;14;kWh;-4449;0;0;0;4449;-4449
07/09/2024 03:30;07/09/2024 03:45;15;kWh;-7587;0;0;0;7587;-7587
07/09/2024 03:45;07/09/2024 04:00;16;kWh;-20816;0;0;0;20816;-20816
07/09/2024 04:00;07/09/2024 04:15;17;kWh;-34660;0;0;0;34660;-34660
07/09/2024 04:15;07/09/2024 04:30;18;kWh;-10254;0;0;0;10254;-10254
07/09/2024 04:30;07/09/2024 04:45;19;kWh;-13811;0;0;0;13811;-13811
07/09/2024 04:45;07/09/2024 05:00;20;kWh;-24268;0;0;0;24268;-24268
07/09/2024 05:00;07/09/2024 05:15;21;kWh;-10638;0;0;0;10638;-10638
07/09/2024 05:15;07/09/2024 05:30;22;kWh;-4573;0;0;0;4573;-4573
07/09/2024 05:30;07/09/2024 05:45;23;kWh;-7744;0;0;0;7744;-7744
07/09/2024 05:45;07/09/2024 06:00;24;kWh;-11084;0;0;0;11084;-11084
07/09/2024 06:00;07/09/2024 06:15;25;kWh;-33562;0;0;0;33562;-33562
07/09/2024 06:15;07/09/2024 06:30;26;kWh;-27847;0;0;0;27847;-27847
07/09/2024 06:30;07/09/2024 06:45;27;kWh;-25511;0;0;0;25511;-25511
07/09/2024 06:45;07/09/2024 07:00;28;kWh;-19311;0;0;0;19311;-19311
07/09/2024 07:00;07/09/2024 07:15;29;kWh;-25581;0;0;0;25581;-25581
07/09/2024 07:15;07/09/2024 07:30;30;kWh;-25647;0;0;0;25647;-25647
07/09/2024 07:30;07/09/2024 07:45;31;kWh;-41168;0;0;0;41168;-41168
07/09/2024 07:45;07/09/2024 08:00;32;kWh;-49600;0;0;0;49600;-49600
07/09/2024 08:00;07/09/2024 08:15;33;kWh;-11286;0;0;0;11286;-11286
07/09/2024 08:15;07/09/2024 08:30;34;kWh;-1686;0;0;0;1686;-1686
07/09/2024 08:30;07/09/2024 08:45;35;kWh;0;0;0;0;0;0
07/09/2024 08:45;07/09/2024 09:00;36;kWh;-1209;0;0;0;1209;-1209
07/09/2024 09:00;07/09/2024 09:15;37;kWh;-10713;18780;0;0;29493;8067
07/09/2024 09:15;07/09/2024 09:30;38;kWh;0;15284;0;0;15284;15284
07/09/2024 09:30;07/09/2024 09:45;39;kWh;0;2478;0;0;2478;2478
07/09/2024 09:45;07/09/2024 10:00;40;kWh;0;1031;0;0;1031;1031
07/09/2024 10:00;07/09/2024 10:15;41;kWh;0;9593;0;0;9593;9593
07/09/2024 10:15;07/09/2024 10:30;42;kWh;0;13399;0;0;13399;13399
07/09/2024 10:30;07/09/2024 10:45;43;kWh;-133;48;0;0;181;-85
07/09/2024 10:45;07/09/2024 11:00;44;kWh;-18715;0;0;0;18715;-18715
07/09/2024 11:00;07/09/2024 11:15;45;kWh;-31541;0;0;0;31541;-31541
07/09/2024 11:15;07/09/2024 11:30;46;kWh;-14462;0;0;0;14462;-14462
07/09/2024 11:30;07/09/2024 11:45;47;kWh;-28243;0;0;0;28243;-28243
07/09/2024 11:45;07/09/2024 12:00;48;kWh;-38788;0;0;0;38788;-38788
07/09/2024 12:00;07/09/2024 12:15;49;kWh;-33214;0;0;0;33214;-33214
07/09/2024 12:15;07/09/2024 12:30;50;kWh;-15098;0;0;0;15098;-15098
07/09/2024 12:30;07/09/2024 12:45;51;kWh;-12326;0;0;0;12326;-12326
07/09/2024 12:45;07/09/2024 13:00;52;kWh;-28780;0;0;0;28780;-28780
07/09/2024 13:00;07/09/2024 13:15;53;kWh;-2973;0;0;0;2973;-2973
07/09/2024 13:15;07/09/2024 13:30;54;kWh;0;1968;0;0;1968;1968
07/09/2024 13:30;07/09/2024 13:45;55;kWh;0;1618;0;0;1618;1618
07/09/2024 13:45;07/09/2024 14:00;56;kWh;0;592;0;0;592;592
07/09/2024 14:00;07/09/2024 14:15;57;kWh;0;0;0;0;0;0
07/09/2024 14:15;07/09/2024 14:30;58;kWh;0;165;0;0;165;165
07/09/2024 14:30;07/09/2024 14:45;59;kWh;0;1800;0;0;1800;1800
07/09/2024 14:45;07/09/2024 15:00;60;kWh;0;2359;0;0;2359;2359
07/09/2024 15:00;07/09/2024 15:15;61;kWh;-19342;14;0;0;19356;-19328
07/09/2024 15:15;07/09/2024 15:30;62;kWh;-35110;259;0;0;35369;-34851
07/09/2024 15:30;07/09/2024 15:45;63;kWh;-5770;0;0;0;5770;-5770
07/09/2024 15:45;07/09/2024 16:00;64;kWh;-1971;0;0;0;1971;-1971
07/09/2024 16:00;07/09/2024 16:15;65;kWh;-10962;0;0;0;10962;-10962
07/09/2024 16:15;07/09/2024 16:30;66;kWh;-12798;0;0;0;12798;-12798
07/09/2024 16:30;07/09/2024 16:45;67;kWh;-9288;318;0;0;9606;-8970
07/09/2024 16:45;07/09/2024 17:00;68;kWh;-9200;0;0;0;9200;-9200
07/09/2024 17:00;07/09/2024 17:15;69;kWh;-11281;88;0;0;11369;-11193
07/09/2024 17:15;07/09/2024 17:30;70;kWh;-2549;0;0;0;2549;-2549
07/09/2024 17:30;07/09/2024 17:45;71;kWh;-2753;0;0;0;2753;-2753
07/09/2024 17:45;07/09/2024 18:00;72;kWh;-4988;0;0;0;4988;-4988
07/09/2024 18:00;07/09/2024 18:15;73;kWh;-1450;647;0;0;2097;-803
07/09/2024 18:15;07/09/2024 18:30;74;kWh;-2349;128;0;0;2477;-2221
07/09/2024 18:30;07/09/2024 18:45;75;kWh;-2133;0;0;0;2133;-2133
07/09/2024 18:45;07/09/2024 19:00;76;kWh;-883;0;0;0;883;-883
07/09/2024 19:00;07/09/2024 19:15;77;kWh;-24578;0;0;0;24578;-24578
07/09/2024 19:15;07/09/2024 19:30;78;kWh;-12447;0;0;0;12447;-12447
07/09/2024 19:30;07/09/2024 19:45;79;kWh;-8775;0;0;0;8775;-8775
07/09/2024 19:45;07/09/2024 20:00;80;kWh;-23770;0;0;0;23770;-23770
07/09/2024 20:00;07/09/2024 20:15;81;kWh;-18;23601;0;0;23619;23583
07/09/2024 20:15;07/09/2024 20:30;82;kWh;0;40843;0;0;40843;40843
07/09/2024 20:30;07/09/2024 20:45;83;kWh;0;53003;0;0;53003;53003
07/09/2024 20:45;07/09/2024 21:00;84;kWh;0;45006;0;0;45006;45006
07/09/2024 21:00;07/09/2024 21:15;85;kWh;0;15299;0;0;15299;15299
07/09/2024 21:15;07/09/2024 21:30;86;kWh;0;416;0;0;416;416
07/09/2024 21:30;07/09/2024 21:45;87;kWh;-6235;1;0;0;6236;-6234
07/09/2024 21:45;07/09/2024 22:00;88;kWh;-71091;0;0;0;71091;-71091
07/09/2024 22:00;07/09/2024 22:15;89;kWh;-13124;0;0;0;13124;-13124
07/09/2024 22:15;07/09/2024 22:30;90;kWh;-18834;0;0;0;18834;-18834
07/09/2024 22:30;07/09/2024 22:45;91;kWh;-19579;0;0;0;19579;-19579
07/09/2024 22:45;07/09/2024 23:00;92;kWh;-13824;0;0;0;13824;-13824
07/09/2024 23:00;07/09/2024 23:15;93;kWh;-30053;0;0;0;30053;-30053
07/09/2024 23:15;07/09/2024 23:30;94;kWh;-1488;0;0;0;1488;-1488
07/09/2024 23:30;07/09/2024 23:45;95;kWh;0;0;0;0;0;0
07/09/2024 23:45;08/09/2024 00:00;96;kWh;-3226;0;0;0;3226;-3226
08/09/2024 00:00;08/09/2024 00:15;1;kWh;-3954;0;0;0;3954;-3954
08/09/2024 00:15;08/09/2024 00:30;2;kWh;-33189;0;0;0;33189;-33189
08/09/2024 00:30;08/09/2024 00:45;3;kWh;-45043;0;0;0;45043;-45043
08/09/2024 00:45;08/09/2024 01:00;4;kWh;-20181;0;0;0;20181;-20181
08/09/2024 01:00;08/09/2024 01:15;5;kWh;-6260;3021;0;0;9281;-3239
08/09/2024 01:15;08/09/2024 01:30;6;kWh;0;35569;0;0;35569;35569
08/09/2024 01:30;08/09/2024 01:45;7;kWh;0;106479;0;0;106479;106479
08/09/2024 01:45;08/09/2024 02:00;8;kWh;0;77429;0;0;77429;77429
08/09/2024 02:00;08/09/2024 02:15;9;kWh;0;92769;0;0;92769;92769
08/09/2024 02:15;08/09/2024 02:30;10;kWh;0;103614;0;0;103614;103614
08/09/2024 02:30;08/09/2024 02:45;11;kWh;0;116211;0;0;116211;116211
08/09/2024 02:45;08/09/2024 03:00;12;kWh;0;116276;0;0;116276;116276
08/09/2024 03:00;08/09/2024 03:15;13;kWh;0;20894;0;0;20894;20894
08/09/2024 03:15;08/09/2024 03:30;14;kWh;0;11524;0;0;11524;11524
08/09/2024 03:30;08/09/2024 03:45;15;kWh;0;39020;0;0;39020;39020
08/09/2024 03:45;08/09/2024 04:00;16;kWh;0;54488;0;0;54488;54488
08/09/2024 04:00;08/09/2024 04:15;17;kWh;-886;2570;0;0;3456;1684
08/09/2024 04:15;08/09/2024 04:30;18;kWh;-1332;0;0;0;1332;-1332
08/09/2024 04:30;08/09/2024 04:45;19;kWh;-17182;0;0;0;17182;-17182
08/09/2024 04:45;08/09/2024 05:00;20;kWh;-10137;0;0;0;10137;-10137
08/09/2024 05:00;08/09/2024 05:15;21;kWh;-18871;0;0;0;18871;-18871
08/09/2024 05:15;08/09/2024 05:30;22;kWh;-12590;0;0;0;12590;-12590
08/09/2024 05:30;08/09/2024 05:45;23;kWh;-2112;10969;0;0;13081;8857
08/09/2024 05:45;08/09/2024 06:00;24;kWh;0;39673;0;0;39673;39673
08/09/2024 06:00;08/09/2024 06:15;25;kWh;0;59398;0;0;59398;59398
08/09/2024 06:15;08/09/2024 06:30;26;kWh;0;54396;0;0;54396;54396
08/09/2024 06:30;08/09/2024 06:45;27;kWh;0;15976;0;0;15976;15976
08/09/2024 06:45;08/09/2024 07:00;28;kWh;-8793;0;0;0;8793;-8793
08/09/2024 07:00;08/09/2024 07:15;29;kWh;-10028;0;0;0;10028;-10028
08/09/2024 07:15;08/09/2024 07:30;30;kWh;-18948;0;0;0;18948;-18948
08/09/2024 07:30;08/09/2024 07:45;31;kWh;-2892;0;0;0;2892;-2892
08/09/2024 07:45;08/09/2024 08:00;32;kWh;-8533;0;0;0;8533;-8533
08/09/2024 08:00;08/09/2024 08:15;33;kWh;-5481;38288;0;0;43769;32807
08/09/2024 08:15;08/09/2024 08:30;34;kWh;0;23248;0;0;23248;23248
08/09/2024 08:30;08/09/2024 08:45;35;kWh;0;210;0;0;210;210
08/09/2024 08:45;08/09/2024 09:00;36;kWh;-3890;0;0;0;3890;-3890
08/09/2024 09:00;08/09/2024 09:15;37;kWh;-1172;9294;0;0;10466;8122
08/09/2024 09:15;08/09/2024 09:30;38;kWh;-5535;99;0;0;5634;-5436
08/09/2024 09:30;08/09/2024 09:45;39;kWh;-13927;0;0;0;13927;-13927
08/09/2024 09:45;08/09/2024 10:00;40;kWh;-18027;0;0;0;18027;-18027
08/09/2024 10:00;08/09/2024 10:15;41;kWh;-3654;0;0;0;3654;-3654
08/09/2024 10:15;08/09/2024 10:30;42;kWh;-1769;0;0;0;1769;-1769
08/09/2024 10:30;08/09/2024 10:45;43;kWh;-8242;0;0;0;8242;-8242
08/09/2024 10:45;08/09/2024 11:00;44;kWh;-19430;0;0;0;19430;-19430
08/09/2024 11:00;08/09/2024 11:15;45;kWh;-5798;0;0;0;5798;-5798
08/09/2024 11:15;08/09/2024 11:30;46;kWh;-935;0;0;0;935;-935
08/09/2024 11:30;08/09/2024 11:45;47;kWh;-12622;0;0;0;12622;-12622
08/09/2024 11:45;08/09/2024 12:00;48;kWh;-7636;0;0;0;7636;-7636
08/09/2024 12:00;08/09/2024 12:15;49;kWh;-2455;0;0;0;2455;-2455
08/09/2024 12:15;08/09/2024 12:30;50;kWh;-1863;0;0;0;1863;-1863
08/09/2024 12:30;08/09/2024 12:45;51;kWh;-2162;0;0;0;2162;-2162
08/09/2024 12:45;08/09/2024 13:00;52;kWh;-7333;0;0;0;7333;-7333
08/09/2024 13:00;08/09/2024 13:15;53;kWh;-4141;0;0;0;4141;-4141
08/09/2024 13:15;08/09/2024 13:30;54;kWh;-8786;0;0;0;8786;-8786
08/09/2024 13:30;08/09/2024 13:45;55;kWh;-23271;0;0;0;23271;-23271
08/09/2024 13:45;08/09/2024 14:00;56;kWh;-22575;0;0;0;22575;-22575
08/09/2024 14:00;08/09/2024 14:15;57;kWh;-19344;13;0;0;19357;-19331
08/09/2024 14:15;08/09/2024 14:30;58;kWh;-44500;24;0;0;44524;-44476
08/09/2024 14:30;08/09/2024 14:45;59;kWh;-15088;2905;0;0;17993;-12183
08/09/2024 14:45;08/09/2024 15:00;60;kWh;-16635;509;0;0;17144;-16126
08/09/2024 15:00;08/09/2024 15:15;61;kWh;-21912;0;0;0;21912;-21912
08/09/2024 15:15;08/09/2024 15:30;62;kWh;-11854;1102;0;0;12956;-10752
08/09/2024 15:30;08/09/2024 15:45;63;kWh;-4867;226;0;0;5093;-4641
08/09/2024 15:45;08/09/2024 16:00;64;kWh;-201;0;0;0;201;-201
08/09/2024 16:00;08/09/2024 16:15;65;kWh;-11538;68;0;0;11606;-11470
08/09/2024 16:15;08/09/2024 16:30;66;kWh;0;414;0;0;414;414
08/09/2024 16:30;08/09/2024 16:45;67;kWh;0;27107;0;0;27107;27107
08/09/2024 16:45;08/09/2024 17:00;68;kWh;0;49471;0;0;49471;49471
08/09/2024 17:00;08/09/2024 17:15;69;kWh;-1655;14150;0;0;15805;12495
08/09/2024 17:15;08/09/2024 17:30;70;kWh;-1983;1808;0;0;3791;-175
08/09/2024 17:30;08/09/2024 17:45;71;kWh;0;6461;0;0;6461;6461
08/09/2024 17:45;08/09/2024 18:00;72;kWh;-7233;0;0;0;7233;-7233
08/09/2024 18:00;08/09/2024 18:15;73;kWh;-32190;0;0;0;32190;-32190
08/09/2024 18:15;08/09/2024 18:30;74;kWh;-36779;0;0;0;36779;-36779
08/09/2024 18:30;08/09/2024 18:45;75;kWh;-9210;0;0;0;9210;-9210
08/09/2024 18:45;08/09/2024 19:00;76;kWh;-16946;395;0;0;17341;-16551
08/09/2024 19:00;08/09/2024 19:15;77;kWh;-34373;476;0;0;34849;-33897
08/09/2024 19:15;08/09/2024 19:30;78;kWh;-19285;0;0;0;19285;-19285
08/09/2024 19:30;08/09/2024 19:45;79;kWh;-498;0;0;0;498;-498
08/09/2024 19:45;08/09/2024 20:00;80;kWh;0;13745;0;0;13745;13745
08/09/2024 20:00;08/09/2024 20:15;81;kWh;-6097;7998;0;0;14095;1901
08/09/2024 20:15;08/09/2024 20:30;82;kWh;-5197;0;0;0;5197;-5197
08/09/2024 20:30;08/09/2024 20:45;83;kWh;-277;0;0;0;277;-277
08/09/2024 20:45;08/09/2024 21:00;84;kWh;-4798;0;0;0;4798;-4798
08/09/2024 21:00;08/09/2024 21:15;85;kWh;-18190;0;0;0;18190;-18190
08/09/2024 21:15;08/09/2024 21:30;86;kWh;-10573;0;0;0;10573;-10573
08/09/2024 21:30;08/09/2024 21:45;87;kWh;-6260;0;0;0;6260;-6260
08/09/2024 21:45;08/09/2024 22:00;88;kWh;-3403;0;0;0;3403;-3403
08/09/2024 22:00;08/09/2024 22:15;89;kWh;-903;1679;0;0;2582;776
08/09/2024 22:15;08/09/2024 22:30;90;kWh;0;1405;0;0;1405;1405
08/09/2024 22:30;08/09/2024 22:45;91;kWh;-217;110;0;0;327;-107
08/09/2024 22:45;08/09/2024 23:00;92;kWh;-6911;0;0;0;6911;-6911
08/09/2024 23:00;08/09/2024 23:15;93;kWh;-7905;0;0;0;7905;-7905
08/09/2024 23:15;08/09/2024 23:30;94;kWh;-1731;0;0;0;1731;-1731
08/09/2024 23:30;08/09/2024 23:45;95;kWh;-2356;0;0;0;2356;-2356
08/09/2024 23:45;09/09/2024 00:00;96;kWh;-2729;0;0;0;2729;-2729
09/09/2024 00:00;09/09/2024 00:15;1;kWh;-106;1309;0;0;1415;1203
09/09/2024 00:15;09/09/2024 00:30;2;kWh;0;3963;0;0;3963;3963
09/09/2024 00:30;09/09/2024 00:45;3;kWh;0;5775;0;0;5775;5775
09/09/2024 00:45;09/09/2024 01:00;4;kWh;0;24486;0;0;24486;24486
09/09/2024 01:00;09/09/2024 01:15;5;kWh;0;11291;0;0;11291;11291
09/09/2024 01:15;09/09/2024 01:30;6;kWh;0;0;0;0;0;0
09/09/2024 01:30;09/09/2024 01:45;7;kWh;-668;0;0;0;668;-668
09/09/2024 01:45;09/09/2024 02:00;8;kWh;-1707;0;0;0;1707;-1707
09/09/2024 02:00;09/09/2024 02:15;9;kWh;-964;816;0;0;1780;-148
09/09/2024 02:15;09/09/2024 02:30;10;kWh;0;5783;0;0;5783;5783
09/09/2024 02:30;09/09/2024 02:45;11;kWh;0;16022;0;0;16022;16022
09/09/2024 02:45;09/09/2024 03:00;12;kWh;0;699;0;0;699;699
09/09/2024 03:00;09/09/2024 03:15;13;kWh;0;13256;0;0;13256;13256
09/09/2024 03:15;09/09/2024 03:30;14;kWh;0;8190;0;0;8190;8190
09/09/2024 03:30;09/09/2024 03:45;15;kWh;0;0;0;0;0;0
09/09/2024 03:45;09/09/2024 04:00;16;kWh;-58;332;0;0;390;274
09/09/2024 04:00;09/09/2024 04:15;17;kWh;-5535;0;0;0;5535;-5535
09/09/2024 04:15;09/09/2024 04:30;18;kWh;-4598;0;0;0;4598;-4598
09/09/2024 04:30;09/09/2024 04:45;19;kWh;-2936;0;0;0;2936;-2936
09/09/2024 04:45;09/09/2024 05:00;20;kWh;-1773;0;0;0;1773;-1773
09/09/2024 05:00;09/09/2024 05:15;21;kWh;-728;0;0;0;728;-728
09/09/2024 05:15;09/09/2024 05:30;22;kWh;-852;0;0;0;852;-852
09/09/2024 05:30;09/09/2024 05:45;23;kWh;-682;0;0;0;682;-682
09/09/2024 05:45;09/09/2024 06:00;24;kWh;-18526;0;0;0;18526;-18526
09/09/2024 06:00;09/09/2024 06:15;25;kWh;-27392;0;0;0;27392;-27392
09/09/2024 06:15;09/09/2024 06:30;26;kWh;-579;0;0;0;579;-579
09/09/2024 06:30;09/09/2024 06:45;27;kWh;0;0;0;0;0;0
09/09/2024 06:45;09/09/2024 07:00;28;kWh;0;0;0;0;0;0
09/09/2024 07:00;09/09/2024 07:15;29;kWh;-20004;0;0;0;20004;-20004
09/09/2024 07:15;09/09/2024 07:30;30;kWh;-1868;0;0;0;1868;-1868
09/09/2024 07:30;09/09/2024 07:45;31;kWh;0;3075;0;0;3075;3075
09/09/2024 07:45;09/09/2024 08:00;32;kWh;0;7628;0;0;7628;7628
09/09/2024 08:00;09/09/2024 08:15;33;kWh;0;3274;0;0;3274;3274
09/09/2024 08:15;09/09/2024 08:30;34;kWh;0;133;0;0;133;133
09/09/2024 08:30;09/09/2024 08:45;35;kWh;-482;0;0;0;482;-482
09/09/2024 08:45;09/09/2024 09:00;36;kWh;-1385;0;0;0;1385;-1385
09/09/2024 09:00;09/09/2024 09:15;37;kWh;-897;0;0;0;897;-897
09/09/2024 09:15;09/09/2024 09:30;38;kWh;-2187;0;0;0;2187;-2187
09/09/2024 09:30;09/09/2024 09:45;39;kWh;-6253;0;0;0;6253;-6253
09/09/2024 09:45;09/09/2024 10:00;40;kWh;-6130;230;0;0;6360;-5900
09/09/2024 10:00;09/09/2024 10:15;41;kWh;-104;1653;0;0;1757;1549
09/09/2024 10:15;09/09/2024 10:30;42;kWh;-1122;0;0;0;1122;-1122
09/09/2024 10:30;09/09/2024 10:45;43;kWh;-8809;0;0;0;8809;-8809
09/09/2024 10:45;09/09/2024 11:00;44;kWh;-38089;0;0;0;38089;-38089
09/09/2024 11:00;09/09/2024 11:15;45;kWh;-31340;0;0;0;31340;-31340
09/09/2024 11:15;09/09/2024 11:30;46;kWh;-51474;0;0;0;51474;-51474
09/09/2024 11:30;09/09/2024 11:45;47;kWh;-49845;0;0;0;49845;-49845
09/09/2024 11:45;09/09/2024 12:00;48;kWh;-29739;0;0;0;29739;-29739
09/09/2024 12:00;09/09/2024 12:15;49;kWh;-30714;0;0;0;30714;-30714
09/09/2024 12:15;09/09/2024 12:30;50;kWh;-26408;0;0;0;26408;-26408
09/09/2024 12:30;09/09/2024 12:45;51;kWh;-10247;0;0;0;10247;-10247
09/09/2024 12:45;09/09/2024 13:00;52;kWh;-28;22;0;0;50;-6
09/09/2024 13:00;09/09/2024 13:15;53;kWh;0;30468;0;0;30468;30468
09/09/2024 13:15;09/09/2024 13:30;54;kWh;0;3629;0;0;3629;3629
09/09/2024 13:30;09/09/2024 13:45;55;kWh;-6;1897;0;0;1903;1891
09/09/2024 13:45;09/09/2024 14:00;56;kWh;-1782;35;0;0;1817;-1747
09/09/2024 14:00;09/09/2024 14:15;57;kWh;-1286;0;0;0;1286;-1286
09/09/2024 14:15;09/09/2024 14:30;58;kWh;-362;0;0;0;362;-362
09/09/2024 14:30;09/09/2024 14:45;59;kWh;-13152;0;0;0;13152;-13152
09/09/2024 14:45;09/09/2024 15:00;60;kWh;-23067;0;0;0;23067;-23067
09/09/2024 15:00;09/09/2024 15:15;61;kWh;-426;13786;0;0;14212;13360
09/09/2024 15:15;09/09/2024 15:30;62;kWh;0;69210;0;0;69210;69210
09/09/2024 15:30;09/09/2024 15:45;63;kWh;0;118145;0;0;118145;118145
09/09/2024 15:45;09/09/2024 16:00;64;kWh;0;39223;0;0;39223;39223
09/09/2024 16:00;09/09/2024 16:15;65;kWh;0;1131;0;0;1131;1131
09/09/2024 16:15;09/09/2024 16:30;66;kWh;-12781;0;0;0;12781;-12781
09/09/2024 16:30;09/09/2024 16:45;67;kWh;-34673;627;0;0;35300;-34046
09/09/2024 16:45;09/09/2024 17:00;68;kWh;-6084;172;0;0;6256;-5912
09/09/2024 17:00;09/09/2024 17:15;69;kWh;-6422;0;0;0;6422;-6422
09/09/2024 17:15;09/09/2024 17:30;70;kWh;-1523;0;0;0;1523;-1523
09/09/2024 17:30;09/09/2024 17:45;71;kWh;-4145;0;0;0;4145;-4145
09/09/2024 17:45;09/09/2024 18:00;72;kWh;-34176;28;0;0;34204;-34148
09/09/2024 18:00;09/09/2024 18:15;73;kWh;-33121;67;0;0;33188;-33054
09/09/2024 18:15;09/09/2024 18:30;74;kWh;-34731;0;0;0;34731;-34731
09/09/2024 18:30;09/09/2024 18:45;75;kWh;-38421;0;0;0;38421;-38421
09/09/2024 18:45;09/09/2024 19:00;76;kWh;-6765;0;0;0;6765;-6765
09/09/2024 19:00;09/09/2024 19:15;77;kWh;-42459;0;0;0;42459;-42459
09/09/2024 19:15;09/09/2024 19:30;78;kWh;-15595;0;0;0;15595;-15595
09/09/2024 19:30;09/09/2024 19:45;79;kWh;-17424;0;0;0;17424;-17424
09/09/2024 19:45;09/09/2024 20:00;80;kWh;-51510;0;0;0;51510;-51510
09/09/2024 20:00;09/09/2024 20:15;81;kWh;-32045;0;0;0;32045;-32045
09/09/2024 20:15;09/09/2024 20:30;82;kWh;-22306;0;0;0;22306;-22306
09/09/2024 20:30;09/09/2024 20:45;83;kWh;-24567;0;0;0;24567;-24567
09/09/2024 20:45;09/09/2024 21:00;84;kWh;-34882;0;0;0;34882;-34882
09/09/2024 21:00;09/09/2024 21:15;85;kWh;-40397;887;0;0;41284;-39510
09/09/2024 21:15;09/09/2024 21:30;86;kWh;-40114;0;0;0;40114;-40114
09/09/2024 21:30;09/09/2024 21:45;87;kWh;-38632;91;0;0;38723;-38541
09/09/2024 21:45;09/09/2024 22:00;88;kWh;-31994;168;0;0;32162;-31826
09/09/2024 22:00;09/09/2024 22:15;89;kWh;-47891;0;0;0;47891;-47891
09/09/2024 22:15;09/09/2024 22:30;90;kWh;-36180;0;0;0;36180;-36180
09/09/2024 22:30;09/09/2024 22:45;91;kWh;-25329;198;0;0;25527;-25131
09/09/2024 22:45;09/09/2024 23:00;92;kWh;-10836;4120;0;0;14956;-6716
09/09/2024 23:00;09/09/2024 23:15;93;kWh;-57005;11;0;0;57016;-56994
09/09/2024 23:15;09/09/2024 23:30;94;kWh;-39066;0;0;0;39066;-39066
09/09/2024 23:30;09/09/2024 23:45;95;kWh;-48186;0;0;0;48186;-48186
09/09/2024 23:45;10/09/2024 00:00;96;kWh;-38190;0;0;0;38190;-38190
10/09/2024 00:00;10/09/2024 00:15;1;kWh;-7665;0;0;0;7665;-7665
10/09/2024 00:15;10/09/2024 00:30;2;kWh;-196;4184;0;0;4380;3988
10/09/2024 00:30;10/09/2024 00:45;3;kWh;0;459;0;0;459;459
10/09/2024 00:45;10/09/2024 01:00;4;kWh;-63;3490;0;0;3553;3427
10/09/2024 01:00;10/09/2024 01:15;5;kWh;-680;36;0;0;716;-644
10/09/2024 01:15;10/09/2024 01:30;6;kWh;-24434;0;0;0;24434;-24434
10/09/2024 01:30;10/09/2024 01:45;7;kWh;-50099;0;0;0;50099;-50099
10/09/2024 01:45;10/09/2024 02:00;8;kWh;-38238;0;0;0;38238;-38238
10/09/2024 02:00;10/09/2024 02:15;9;kWh;-24478;61;0;0;24539;-24417
10/09/2024 02:15;10/09/2024 02:30;10;kWh;-30991;179;0;0;31170;-30812
10/09/2024 02:30;10/09/2024 02:45;11;kWh;-28023;0;0;0;28023;-28023
10/09/2024 02:45;10/09/2024 03:00;12;kWh;-17152;0;0;0;17152;-17152
10/09/2024 03:00;10/09/2024 03:15;13;kWh;-12189;0;0;0;12189;-12189
10/09/2024 03:15;10/09/2024 03:30;14;kWh;-32921;0;0;0;32921;-32921
10/09/2024 03:30;10/09/2024 03:45;15;kWh;-25430;0;0;0;25430;-25430
10/09/2024 03:45;10/09/2024 04:00;16;kWh;-21844;0;0;0;21844;-21844
10/09/2024 04:00;10/09/2024 04:15;17;kWh;-3791;0;0;0;3791;-3791
10/09/2024 04:15;10/09/2024 04:30;18;kWh;-12981;0;0;0;12981;-12981
10/09/2024 04:30;10/09/2024 04:45;19;kWh;-16642;0;0;0;16642;-16642
10/09/2024 04:45;10/09/2024 05:00;20;kWh;-29802;0;0;0;29802;-29802
10/09/2024 05:00;10/09/2024 05:15;21;kWh;-25694;0;0;0;25694;-25694
10/09/2024 05:15;10/09/2024 05:30;22;kWh;-20080;1472;0;0;21552;-18608
10/09/2024 05:30;10/09/2024 05:45;23;kWh;0;4794;0;0;4794;4794
10/09/2024 05:45;10/09/2024 06:00;24;kWh;0;7260;0;0;7260;7260
10/09/2024 06:00;10/09/2024 06:15;25;kWh;0;15137;0;0;15137;15137
10/09/2024 06:15;10/09/2024 06:30;26;kWh;-19748;175;0;0;19923;-19573
10/09/2024 06:30;10/09/2024 06:45;27;kWh;-7607;0;0;0;7607;-7607
10/09/2024 06:45;10/09/2024 07:00;28;kWh;-28528;0;0;0;28528;-28528
10/09/2024 07:00;10/09/2024 07:15;29;kWh;-30403;1516;0;0;31919;-28887
10/09/2024 07:15;10/09/2024 07:30;30;kWh;-29665;1095;0;0;30760;-28570
10/09/2024 07:30;10/09/2024 07:45;31;kWh;-12471;316;0;0;12787;-12155
10/09/2024 07:45;10/09/2024 08:00;32;kWh;-11239;1308;0;0;12547;-9931
10/09/2024 08:00;10/09/2024 08:15;33;kWh;-23247;183;0;0;23430;-23064
10/09/2024 08:15;10/09/2024 08:30;34;kWh;-18732;0;0;0;18732;-18732
10/09/2024 08:30;10/09/2024 08:45;35;kWh;-21351;0;0;0;21351;-21351
10/09/2024 08:45;10/09/2024 09:00;36;kWh;-22241;0;0;0;22241;-22241
10/09/2024 09:00;10/09/2024 09:15;37;kWh;-9091;17777;0;0;26868;8686
10/09/2024 09:15;10/09/2024 09:30;38;kWh;-26718;0;0;0;26718;-26718
10/09/2024 09:30;10/09/2024 09:45;39;kWh;-47865;0;0;0;47865;-47865
10/09/2024 09:45;10/09/2024 10:00;40;kWh;-58135;0;0;0;58135;-58135
10/09/2024 10:00;10/09/2024 10:15;41;kWh;-40686;0;0;0;40686;-40686
10/09/2024 10:15;10/09/2024 10:30;42;kWh;-64324;0;0;0;64324;-64324
10/09/2024 10:30;10/09/2024 10:45;43;kWh;-61000;0;0;0;61000;-61000
10/09/2024 10:45;10/09/2024 11:00;44;kWh;-54459;0;0;0;54459;-54459
10/09/2024 11:00;10/09/2024 11:15;45;kWh;-44599;13371;0;0;57970;-31228
10/09/2024 11:15;10/09/2024 11:30;46;kWh;-41480;884;0;0;42364;-40596
10/09/2024 11:30;10/09/2024 11:45;47;kWh;-43250;1685;0;0;44935;-41565
10/09/2024 11:45;10/09/2024 12:00;48;kWh;-14074;10862;0;0;24936;-3212
10/09/2024 12:00;10/09/2024 12:15;49;kWh;-4976;8637;0;0;13613;3661
10/09/2024 12:15;10/09/2024 12:30;50;kWh;0;60994;0;0;60994;60994
10/09/2024 12:30;10/09/2024 12:45;51;kWh;0;33647;0;0;33647;33647
10/09/2024 12:45;10/09/2024 13:00;52;kWh;0;93885;0;0;93885;93885
10/09/2024 13:00;10/09/2024 13:15;53;kWh;-3938;17631;0;0;21569;13693
10/09/2024 13:15;10/09/2024 13:30;54;kWh;0;42970;0;0;42970;42970
10/09/2024 13:30;10/09/2024 13:45;55;kWh;0;44844;0;0;44844;44844
10/09/2024 13:45;10/09/2024 14:00;56;kWh;0;59523;0;0;59523;59523
10/09/2024 14:00;10/09/2024 14:15;57;kWh;-21757;13093;0;0;34850;-8664
10/09/2024 14:15;10/09/2024 14:30;58;kWh;-9494;0;0;0;9494;-9494
10/09/2024 14:30;10/09/2024 14:45;59;kWh;-15467;2040;0;0;17507;-13427
10/09/2024 14:45;10/09/2024 15:00;60;kWh;-10489;1782;0;0;12271;-8707
10/09/2024 15:00;10/09/2024 15:15;61;kWh;-16805;170;0;0;16975;-16635
10/09/2024 15:15;10/09/2024 15:30;62;kWh;-27096;61;0;0;27157;-27035
10/09/2024 15:30;10/09/2024 15:45;63;kWh;-43592;723;0;0;44315;-42869
10/09/2024 15:45;10/09/2024 16:00;64;kWh;-28450;0;0;0;28450;-28450
10/09/2024 16:00;10/09/2024 16:15;65;kWh;-28755;188;0;0;28943;-28567
10/09/2024 16:15;10/09/2024 16:30;66;kWh;-13704;779;0;0;14483;-12925
10/09/2024 16:30;10/09/2024 16:45;67;kWh;-29561;1374;0;0;30935;-28187
10/09/2024 16:45;10/09/2024 17:00;68;kWh;-14386;882;0;0;15268;-13504
10/09/2024 17:00;10/09/2024 17:15;69;kWh;-21029;528;0;0;21557;-20501
10/09/2024 17:15;10/09/2024 17:30;70;kWh;0;8884;0;0;8884;8884
10/09/2024 17:30;10/09/2024 17:45;71;kWh;0;30095;0;0;30095;30095
10/09/2024 17:45;10/09/2024 18:00;72;kWh;-9263;3713;0;0;12976;-5550
10/09/2024 18:00;10/09/2024 18:15;73;kWh;-3745;9135;0;0;12880;5390
10/09/2024 18:15;10/09/2024 18:30;74;kWh;-19759;3;0;0;19762;-19756
10/09/2024 18:30;10/09/2024 18:45;75;kWh;-7635;170;0;0;7805;-7465
10/09/2024 18:45;10/09/2024 19:00;76;kWh;-23993;0;0;0;23993;-23993
10/09/2024 19:00;10/09/2024 19:15;77;kWh;-21203;4381;0;0;25584;-16822
10/09/2024 19:15;10/09/2024 19:30;78;kWh;-10936;8417;0;0;19353;-2519
10/09/2024 19:30;10/09/2024 19:45;79;kWh;-15716;4674;0;0;20390;-11042
10/09/2024 19:45;10/09/2024 20:00;80;kWh;-13484;2434;0;0;15918;-11050
10/09/2024 20:00;10/09/2024 20:15;81;kWh;-10648;0;0;0;10648;-10648
10/09/2024 20:15;10/09/2024 20:30;82;kWh;-18744;0;0;0;18744;-18744
10/09/2024 20:30;10/09/2024 20:45;83;kWh;-6824;211;0;0;7035;-6613
10/09/2024 20:45;10/09/2024 21:00;84;kWh;-66;33425;0;0;33491;33359
10/09/2024 21:00;10/09/2024 21:15;85;kWh;0;29618;0;0;29618;29618
10/09/2024 21:15;10/09/2024 21:30;86;kWh;-378;5170;0;0;5548;4792
10/09/2024 21:30;10/09/2024 21:45;87;kWh;-22806;3284;0;0;26090;-19522
10/09/2024 21:45;10/09/2024 22:00;88;kWh;-2721;14210;0;0;16931;11489
10/09/2024 22:00;10/09/2024 22:15;89;kWh;0;37834;0;0;37834;37834
10/09/2024 22:15;10/09/2024 22:30;90;kWh;0;51454;0;0;51454;51454
10/09/2024 22:30;10/09/2024 22:45;91;kWh;0;22036;0;0;22036;22036
10/09/2024 22:45;10/09/2024 23:00;92;kWh;-2208;13091;0;0;15299;10883
10/09/2024 23:00;10/09/2024 23:15;93;kWh;-7793;9874;0;0;17667;2081
10/09/2024 23:15;10/09/2024 23:30;94;kWh;0;16487;0;0;16487;16487
10/09/2024 23:30;10/09/2024 23:45;95;kWh;-4770;5895;0;0;10665;1125
10/09/2024 23:45;11/09/2024 00:00;96;kWh;0;2098;0;0;2098;2098
11/09/2024 00:00;11/09/2024 00:15;1;kWh;0;11213;0;0;11213;11213
11/09/2024 00:15;11/09/2024 00:30;2;kWh;0;28210;0;0;28210;28210
11/09/2024 00:30;11/09/2024 00:45;3;kWh;0;55362;0;0;55362;55362
11/09/2024 00:45;11/09/2024 01:00;4;kWh;0;111101;0;0;111101;111101
11/09/2024 01:00;11/09/2024 01:15;5;kWh;0;101433;0;0;101433;101433
11/09/2024 01:15;11/09/2024 01:30;6;kWh;0;87016;0;0;87016;87016
11/09/2024 01:30;11/09/2024 01:45;7;kWh;0;100281;0;0;100281;100281
11/09/2024 01:45;11/09/2024 02:00;8;kWh;0;49450;0;0;49450;49450
11/09/2024 02:00;11/09/2024 02:15;9;kWh;0;53549;0;0;53549;53549
11/09/2024 02:15;11/09/2024 02:30;10;kWh;0;8784;0;0;8784;8784
11/09/2024 02:30;11/09/2024 02:45;11;kWh;-3164;27103;0;0;30267;23939
11/09/2024 02:45;11/09/2024 03:00;12;kWh;0;31561;0;0;31561;31561
11/09/2024 03:00;11/09/2024 03:15;13;kWh;-6131;10154;0;0;16285;4023
11/09/2024 03:15;11/09/2024 03:30;14;kWh;-10571;5551;0;0;16122;-5020
11/09/2024 03:30;11/09/2024 03:45;15;kWh;-6445;1934;0;0;8379;-4511
11/09/2024 03:45;11/09/2024 04:00;16;kWh;-3646;609;0;0;4255;-3037
11/09/2024 04:00;11/09/2024 04:15;17;kWh;-5818;0;0;0;5818;-5818
11/09/2024 04:15;11/09/2024 04:30;18;kWh;-16223;0;0;0;16223;-16223
11/09/2024 04:30;11/09/2024 04:45;19;kWh;-20354;0;0;0;20354;-20354
11/09/2024 04:45;11/09/2024 05:00;20;kWh;-12226;0;0;0;12226;-12226
11/09/2024 05:00;11/09/2024 05:15;21;kWh;-22604;0;0;0;22604;-22604
11/09/2024 05:15;11/09/2024 05:30;22;kWh;-25882;0;0;0;25882;-25882
11/09/2024 05:30;11/09/2024 05:45;23;kWh;-28585;0;0;0;28585;-28585
11/09/2024 05:45;11/09/2024 06:00;24;kWh;-13272;0;0;0;13272;-13272
11/09/2024 06:00;11/09/2024 06:15;25;kWh;-4226;0;0;0;4226;-4226
11/09/2024 06:15;11/09/2024 06:30;26;kWh;-13504;218;0;0;13722;-13286
11/09/2024 06:30;11/09/2024 06:45;27;kWh;-19362;48;0;0;19410;-19314
11/09/2024 06:45;11/09/2024 07:00;28;kWh;-1667;668;0;0;2335;-999
11/09/2024 07:00;11/09/2024 07:15;29;kWh;-16140;2054;0;0;18194;-14086
11/09/2024 07:15;11/09/2024 07:30;30;kWh;-12058;385;0;0;12443;-11673
11/09/2024 07:30;11/09/2024 07:45;31;kWh;-18303;0;0;0;18303;-18303
11/09/2024 07:45;11/09/2024 08:00;32;kWh;-16895;0;0;0;16895;-16895
11/09/2024 08:00;11/09/2024 08:15;33;kWh;-330;2408;0;0;2738;2078
11/09/2024 08:15;11/09/2024 08:30;34;kWh;-1907;0;0;0;1907;-1907
11/09/2024 08:30;11/09/2024 08:45;35;kWh;-21320;0;0;0;21320;-21320
11/09/2024 08:45;11/09/2024 09:00;36;kWh;-20199;0;0;0;20199;-20199
11/09/2024 09:00;11/09/2024 09:15;37;kWh;-1409;4976;0;0;6385;3567
11/09/2024 09:15;11/09/2024 09:30;38;kWh;-14788;0;0;0;14788;-14788
11/09/2024 09:30;11/09/2024 09:45;39;kWh;-13158;0;0;0;13158;-13158
11/09/2024 09:45;11/09/2024 10:00;40;kWh;-20127;0;0;0;20127;-20127
11/09/2024 10:00;11/09/2024 10:15;41;kWh;-9867;17843;0;0;27710;7976
11/09/2024 10:15;11/09/2024 10:30;42;kWh;-4751;882;0;0;5633;-3869
11/09/2024 10:30;11/09/2024 10:45;43;kWh;-8013;12641;0;0;20654;4628
11/09/2024 10:45;11/09/2024 11:00;44;kWh;-16784;351;0;0;17135;-16433
11/09/2024 11:00;11/09/2024 11:15;45;kWh;0;449;0;0;449;449
11/09/2024 11:15;11/09/2024 11:30;46;kWh;-5412;2266;0;0;7678;-3146
11/09/2024 11:30;11/09/2024 11:45;47;kWh;-7741;568;0;0;8309;-7173
11/09/2024 11:45;11/09/2024 12:00;48;kWh;-13523;549;0;0;14072;-12974
11/09/2024 12:00;11/09/2024 12:15;49;kWh;-53163;3171;0;0;56334;-49992
11/09/2024 12:15;11/09/2024 12:30;50;kWh;-22778;3372;0;0;26150;-19406
11/09/2024 12:30;11/09/2024 12:45;51;kWh;-17179;543;0;0;17722;-16636
11/09/2024 12:45;11/09/2024 13:00;52;kWh;-21161;6274;0;0;27435;-14887
11/09/2024 13:00;11/09/2024 13:15;53;kWh;-1201;9703;0;0;10904;8502
11/09/2024 13:15;11/09/2024 13:30;54;kWh;0;44379;0;0;44379;44379
11/09/2024 13:30;11/09/2024 13:45;55;kWh;-12790;63152;0;0;75942;50362
11/09/2024 13:45;11/09/2024 14:00;56;kWh;-42371;3468;0;0;45839;-38903
11/09/2024 14:00;11/09/2024 14:15;57;kWh;-24707;5664;0;0;30371;-19043
11/09/2024 14:15;11/09/2024 14:30;58;kWh;-16939;3168;0;0;20107;-13771
11/09/2024 14:30;11/09/2024 14:45;59;kWh;-17010;2382;0;0;19392;-14628
11/09/2024 14:45;11/09/2024 15:00;60;kWh;-32123;4695;0;0;36818;-27428
11/09/2024 15:00;11/09/2024 15:15;61;kWh;-39681;2609;0;0;42290;-37072
11/09/2024 15:15;11/09/2024 15:30;62;kWh;-8506;15939;0;0;24445;7433
11/09/2024 15:30;11/09/2024 15:45;63;kWh;0;67082;0;0;67082;67082
11/09/2024 15:45;11/09/2024 16:00;64;kWh;0;94886;0;0;94886;94886
11/09/2024 16:00;11/09/2024 16:15;65;kWh;-910;6403;0;0;7313;5493
11/09/2024 16:15;11/09/2024 16:30;66;kWh;0;49291;0;0;49291;49291
11/09/2024 16:30;11/09/2024 16:45;67;kWh;0;17407;0;0;17407;17407
11/09/2024 16:45;11/09/2024 17:00;68;kWh;0;12561;0;0;12561;12561
11/09/2024 17:00;11/09/2024 17:15;69;kWh;-15115;4751;0;0;19866;-10364
11/09/2024 17:15;11/09/2024 17:30;70;kWh;-5712;4200;0;0;9912;-1512
11/09/2024 17:30;11/09/2024 17:45;71;kWh;0;2814;0;0;2814;2814
11/09/2024 17:45;11/09/2024 18:00;72;kWh;-460;0;0;0;460;-460
11/09/2024 18:00;11/09/2024 18:15;73;kWh;-340;0;0;0;340;-340
11/09/2024 18:15;11/09/2024 18:30;74;kWh;-28357;0;0;0;28357;-28357
11/09/2024 18:30;11/09/2024 18:45;75;kWh;-31552;0;0;0;31552;-31552
11/09/2024 18:45;11/09/2024 19:00;76;kWh;-955;0;0;0;955;-955
11/09/2024 19:00;11/09/2024 19:15;77;kWh;-3214;0;0;0;3214;-3214
11/09/2024 19:15;11/09/2024 19:30;78;kWh;-1446;0;0;0;1446;-1446
11/09/2024 19:30;11/09/2024 19:45;79;kWh;-569;0;0;0;569;-569
11/09/2024 19:45;11/09/2024 20:00;80;kWh;0;0;0;0;0;0
11/09/2024 20:00;11/09/2024 20:15;81;kWh;-3168;0;0;0;3168;-3168
11/09/2024 20:15;11/09/2024 20:30;82;kWh;-26836;0;0;0;26836;-26836
11/09/2024 20:30;11/09/2024 20:45;83;kWh;-50446;0;0;0;50446;-50446
11/09/2024 20:45;11/09/2024 21:00;84;kWh;-55819;0;0;0;55819;-55819
11/09/2024 21:00;11/09/2024 21:15;85;kWh;-58303;0;0;0;58303;-58303
11/09/2024 21:15;11/09/2024 21:30;86;kWh;-51482;0;0;0;51482;-51482
11/09/2024 21:30;11/09/2024 21:45;87;kWh;-72492;0;0;0;72492;-72492
11/09/2024 21:45;11/09/2024 22:00;88;kWh;-63924;0;0;0;63924;-63924
11/09/2024 22:00;11/09/2024 22:15;89;kWh;-37718;0;0;0;37718;-37718
11/09/2024 22:15;11/09/2024 22:30;90;kWh;-17631;0;0;0;17631;-17631
11/09/2024 22:30;11/09/2024 22:45;91;kWh;-7522;0;0;0;7522;-7522
11/09/2024 22:45;11/09/2024 23:00;92;kWh;-18459;0;0;0;18459;-18459
11/09/2024 23:00;11/09/2024 23:15;93;kWh;-14929;0;0;0;14929;-14929
11/09/2024 23:15;11/09/2024 23:30;94;kWh;-2286;0;0;0;2286;-2286
11/09/2024 23:30;11/09/2024 23:45;95;kWh;-3996;0;0;0;3996;-3996
11/09/2024 23:45;12/09/2024 00:00;96;kWh;-28109;0;0;0;28109;-28109
12/09/2024 00:00;12/09/2024 00:15;1;kWh;-38861;0;0;0;38861;-38861
12/09/2024 00:15;12/09/2024 00:30;2;kWh;-18578;0;0;0;18578;-18578
12/09/2024 00:30;12/09/2024 00:45;3;kWh;-66150;0;0;0;66150;-66150
12/09/2024 00:45;12/09/2024 01:00;4;kWh;-44868;0;0;0;44868;-44868
12/09/2024 01:00;12/09/2024 01:15;5;kWh;-33890;0;0;0;33890;-33890
12/09/2024 01:15;12/09/2024 01:30;6;kWh;-11161;0;0;0;11161;-11161
12/09/2024 01:30;12/09/2024 01:45;7;kWh;-21693;0;0;0;21693;-21693
12/09/2024 01:45;12/09/2024 02:00;8;kWh;-56862;0;0;0;56862;-56862
12/09/2024 02:00;12/09/2024 02:15;9;kWh;-34027;0;0;0;34027;-34027
12/09/2024 02:15;12/09/2024 02:30;10;kWh;-8427;0;0;0;8427;-8427
12/09/2024 02:30;12/09/2024 02:45;11;kWh;-79;0;0;0;79;-79
12/09/2024 02:45;12/09/2024 03:00;12;kWh;-43;0;0;0;43;-43
12/09/2024 03:00;12/09/2024 03:15;13;kWh;-14672;0;0;0;14672;-14672
12/09/2024 03:15;12/09/2024 03:30;14;kWh;-66067;0;0;0;66067;-66067
12/09/2024 03:30;12/09/2024 03:45;15;kWh;-64753;0;0;0;64753;-64753
12/09/2024 03:45;12/09/2024 04:00;16;kWh;-78110;0;0;0;78110;-78110
12/09/2024 04:00;12/09/2024 04:15;17;kWh;-65970;0;0;0;65970;-65970
12/09/2024 04:15;12/09/2024 04:30;18;kWh;-56550;0;0;0;56550;-56550
12/09/2024 04:30;12/09/2024 04:45;19;kWh;-9794;0;0;0;9794;-9794
12/09/2024 04:45;12/09/2024 05:00;20;kWh;-2632;0;0;0;2632;-2632
12/09/2024 05:00;12/09/2024 05:15;21;kWh;-1079;0;0;0;1079;-1079
12/09/2024 05:15;12/09/2024 05:30;22;kWh;0;53;0;0;53;53
12/09/2024 05:30;12/09/2024 05:45;23;kWh;0;7784;0;0;7784;7784
12/09/2024 05:45;12/09/2024 06:00;24;kWh;0;13070;0;0;13070;13070
12/09/2024 06:00;12/09/2024 06:15;25;kWh;0;0;0;0;0;0
12/09/2024 06:15;12/09/2024 06:30;26;kWh;-1292;48;0;0;1340;-1244
12/09/2024 06:30;12/09/2024 06:45;27;kWh;-538;287;0;0;825;-251
12/09/2024 06:45;12/09/2024 07:00;28;kWh;0;8341;0;0;8341;8341
12/09/2024 07:00;12/09/2024 07:15;29;kWh;-33857;1347;0;0;35204;-32510
12/09/2024 07:15;12/09/2024 07:30;30;kWh;-13529;0;0;0;13529;-13529
12/09/2024 07:30;12/09/2024 07:45;31;kWh;-1410;0;0;0;1410;-1410
12/09/2024 07:45;12/09/2024 08:00;32;kWh;-2342;0;0;0;2342;-2342
12/09/2024 08:00;12/09/2024 08:15;33;kWh;-13126;0;0;0;13126;-13126
12/09/2024 08:15;12/09/2024 08:30;34;kWh;-4472;0;0;0;4472;-4472
12/09/2024 08:30;12/09/2024 08:45;35;kWh;-10420;0;0;0;10420;-10420
12/09/2024 08:45;12/09/2024 09:00;36;kWh;-82086;0;0;0;82086;-82086
12/09/2024 09:00;12/09/2024 09:15;37;kWh;-14871;0;0;0;14871;-14871
12/09/2024 09:15;12/09/2024 09:30;38;kWh;-24019;0;0;0;24019;-24019
12/09/2024 09:30;12/09/2024 09:45;39;kWh;-29498;0;0;0;29498;-29498
12/09/2024 09:45;12/09/2024 10:00;40;kWh;-21786;0;0;0;21786;-21786
12/09/2024 10:00;12/09/2024 10:15;41;kWh;-34378;0;0;0;34378;-34378
12/09/2024 10:15;12/09/2024 10:30;42;kWh;-39249;0;0;0;39249;-39249
12/09/2024 10:30;12/09/2024 10:45;43;kWh;-39676;0;0;0;39676;-39676
12/09/2024 10:45;12/09/2024 11:00;44;kWh;-48789;0;0;0;48789;-48789
12/09/2024 11:00;12/09/2024 11:15;45;kWh;-45018;0;0;0;45018;-45018
12/09/2024 11:15;12/09/2024 11:30;46;kWh;-48202;0;0;0;48202;-48202
12/09/2024 11:30;12/09/2024 11:45;47;kWh;-21488;0;0;0;21488;-21488
12/09/2024 11:45;12/09/2024 12:00;48;kWh;-7400;0;0;0;7400;-7400
12/09/2024 12:00;12/09/2024 12:15;49;kWh;-67;1001;0;0;1068;934
12/09/2024 12:15;12/09/2024 12:30;50;kWh;0;6194;0;0;6194;6194
12/09/2024 12:30;12/09/2024 12:45;51;kWh;0;76603;0;0;76603;76603
12/09/2024 12:45;12/09/2024 13:00;52;kWh;0;38089;0;0;38089;38089
12/09/2024 13:00;12/09/2024 13:15;53;kWh;0;19028;0;0;19028;19028
12/09/2024 13:15;12/09/2024 13:30;54;kWh;0;2483;0;0;2483;2483
12/09/2024 13:30;12/09/2024 13:45;55;kWh;-33490;0;0;0;33490;-33490
12/09/2024 13:45;12/09/2024 14:00;56;kWh;-25995;0;0;0;25995;-25995
12/09/2024 14:00;12/09/2024 14:15;57;kWh;-31447;226;0;0;31673;-31221
12/09/2024 14:15;12/09/2024 14:30;58;kWh;-46636;510;0;0;47146;-46126
12/09/2024 14:30;12/09/2024 14:45;59;kWh;-74512;0;0;0;74512;-74512
12/09/2024 14:45;12/09/2024 15:00;60;kWh;-83965;0;0;0;83965;-83965
12/09/2024 15:00;12/09/2024 15:15;61;kWh;-72358;0;0;0;72358;-72358
12/09/2024 15:15;12/09/2024 15:30;62;kWh;-74437;0;0;0;74437;-74437
12/09/2024 15:30;12/09/2024 15:45;63;kWh;-85025;0;0;0;85025;-85025
12/09/2024 15:45;12/09/2024 16:00;64;kWh;-63672;0;0;0;63672;-63672
12/09/2024 16:00;12/09/2024 16:15;65;kWh;-14827;0;0;0;14827;-14827
12/09/2024 16:15;12/09/2024 16:30;66;kWh;-45433;0;0;0;45433;-45433
12/09/2024 16:30;12/09/2024 16:45;67;kWh;-66283;0;0;0;66283;-66283
12/09/2024 16:45;12/09/2024 17:00;68;kWh;-39847;0;0;0;39847;-39847
12/09/2024 17:00;12/09/2024 17:15;69;kWh;-55859;0;0;0;55859;-55859
12/09/2024 17:15;12/09/2024 17:30;70;kWh;-2464;0;0;0;2464;-2464
12/09/2024 17:30;12/09/2024 17:45;71;kWh;-33164;0;0;0;33164;-33164
12/09/2024 17:45;12/09/2024 18:00;72;kWh;-45577;0;0;0;45577;-45577
12/09/2024 18:00;12/09/2024 18:15;73;kWh;-76788;0;0;0;76788;-76788
12/09/2024 18:15;12/09/2024 18:30;74;kWh;-73852;0;0;0;73852;-73852
12/09/2024 18:30;12/09/2024 18:45;75;kWh;-43845;0;0;0;43845;-43845
12/09/2024 18:45;12/09/2024 19:00;76;kWh;-18403;0;0;0;18403;-18403
12/09/2024 19:00;12/09/2024 19:15;77;kWh;-24680;0;0;0;24680;-24680
12/09/2024 19:15;12/09/2024 19:30;78;kWh;-484;1032;0;0;1516;548
12/09/2024 19:30;12/09/2024 19:45;79;kWh;0;2757;0;0;2757;2757
12/09/2024 19:45;12/09/2024 20:00;80;kWh;0;6397;0;0;6397;6397
12/09/2024 20:00;12/09/2024 20:15;81;kWh;0;45532;0;0;45532;45532
12/09/2024 20:15;12/09/2024 20:30;82;kWh;0;19721;0;0;19721;19721
12/09/2024 20:30;12/09/2024 20:45;83;kWh;0;10182;0;0;10182;10182
12/09/2024 20:45;12/09/2024 21:00;84;kWh;0;18388;0;0;18388;18388
12/09/2024 21:00;12/09/2024 21:15;85;kWh;0;10417;0;0;10417;10417
12/09/2024 21:15;12/09/2024 21:30;86;kWh;-10229;1012;0;0;11241;-9217
12/09/2024 21:30;12/09/2024 21:45;87;kWh;-43312;0;0;0;43312;-43312
12/09/2024 21:45;12/09/2024 22:00;88;kWh;-86777;0;0;0;86777;-86777
12/09/2024 22:00;12/09/2024 22:15;89;kWh;-48418;27;0;0;48445;-48391
12/09/2024 22:15;12/09/2024 22:30;90;kWh;0;15820;0;0;15820;15820
12/09/2024 22:30;12/09/2024 22:45;91;kWh;0;264;0;0;264;264
12/09/2024 22:45;12/09/2024 23:00;92;kWh;0;5793;0;0;5793;5793
12/09/2024 23:00;12/09/2024 23:15;93;kWh;0;5526;0;0;5526;5526
12/09/2024 23:15;12/09/2024 23:30;94;kWh;-16145;0;0;0;16145;-16145
12/09/2024 23:30;12/09/2024 23:45;95;kWh;-15335;0;0;0;15335;-15335
12/09/2024 23:45;13/09/2024 00:00;96;kWh;-2470;0;0;0;2470;-2470
13/09/2024 00:00;13/09/2024 00:15;1;kWh;-6004;0;0;0;6004;-6004
13/09/2024 00:15;13/09/2024 00:30;2;kWh;-7630;0;0;0;7630;-7630
13/09/2024 00:30;13/09/2024 00:45;3;kWh;-2185;0;0;0;2185;-2185
13/09/2024 00:45;13/09/2024 01:00;4;kWh;-1165;0;0;0;1165;-1165
13/09/2024 01:00;13/09/2024 01:15;5;kWh;0;24846;0;0;24846;24846
13/09/2024 01:15;13/09/2024 01:30;6;kWh;0;7283;0;0;7283;7283
13/09/2024 01:30;13/09/2024 01:45;7;kWh;-11066;0;0;0;11066;-11066
13/09/2024 01:45;13/09/2024 02:00;8;kWh;-51148;0;0;0;51148;-51148
13/09/2024 02:00;13/09/2024 02:15;9;kWh;-8511;4609;0;0;13120;-3902
13/09/2024 02:15;13/09/2024 02:30;10;kWh;0;18652;0;0;18652;18652
13/09/2024 02:30;13/09/2024 02:45;11;kWh;0;30240;0;0;30240;30240
13/09/2024 02:45;13/09/2024 03:00;12;kWh;0;837;0;0;837;837
13/09/2024 03:00;13/09/2024 03:15;13;kWh;0;0;0;0;0;0
13/09/2024 03:15;13/09/2024 03:30;14;kWh;0;15014;0;0;15014;15014
13/09/2024 03:30;13/09/2024 03:45;15;kWh;0;42505;0;0;42505;42505
13/09/2024 03:45;13/09/2024 04:00;16;kWh;0;20129;0;0;20129;20129
13/09/2024 04:00;13/09/2024 04:15;17;kWh;0;9110;0;0;9110;9110
13/09/2024 04:15;13/09/2024 04:30;18;kWh;0;0;0;0;0;0
13/09/2024 04:30;13/09/2024 04:45;19;kWh;0;2141;0;0;2141;2141
13/09/2024 04:45;13/09/2024 05:00;20;kWh;0;430;0;0;430;430
13/09/2024 05:00;13/09/2024 05:15;21;kWh;0;0;0;0;0;0
13/09/2024 05:15;13/09/2024 05:30;22;kWh;0;11142;0;0;11142;11142
13/09/2024 05:30;13/09/2024 05:45;23;kWh;0;30224;0;0;30224;30224
13/09/2024 05:45;13/09/2024 06:00;24;kWh;0;5590;0;0;5590;5590
13/09/2024 06:00;13/09/2024 06:15;25;kWh;0;4243;0;0;4243;4243
13/09/2024 06:15;13/09/2024 06:30;26;kWh;0;10872;0;0;10872;10872
13/09/2024 06:30;13/09/2024 06:45;27;kWh;0;59846;0;0;59846;59846
13/09/2024 06:45;13/09/2024 07:00;28;kWh;0;43302;0;0;43302;43302
13/09/2024 07:00;13/09/2024 07:15;29;kWh;-1555;3063;0;0;4618;1508
13/09/2024 07:15;13/09/2024 07:30;30;kWh;-5;0;0;0;5;-5
13/09/2024 07:30;13/09/2024 07:45;31;kWh;0;0;0;0;0;0
13/09/2024 07:45;13/09/2024 08:00;32;kWh;0;16;0;0;16;16
13/09/2024 08:00;13/09/2024 08:15;33;kWh;0;8522;0;0;8522;8522
13/09/2024 08:15;13/09/2024 08:30;34;kWh;-1428;0;0;0;1428;-1428
13/09/2024 08:30;13/09/2024 08:45;35;kWh;-46340;0;0;0;46340;-46340
13/09/2024 08:45;13/09/2024 09:00;36;kWh;-22238;0;0;0;22238;-22238
13/09/2024 09:00;13/09/2024 09:15;37;kWh;-6270;0;0;0;6270;-6270
13/09/2024 09:15;13/09/2024 09:30;38;kWh;-24734;0;0;0;24734;-24734
13/09/2024 09:30;13/09/2024 09:45;39;kWh;-38895;0;0;0;38895;-38895
13/09/2024 09:45;13/09/2024 10:00;40;kWh;-39970;0;0;0;39970;-39970
13/09/2024 10:00;13/09/2024 10:15;41;kWh;-43365;567;0;0;43932;-42798
13/09/2024 10:15;13/09/2024 10:30;42;kWh;-19422;2;0;0;19424;-19420
13/09/2024 10:30;13/09/2024 10:45;43;kWh;-40396;0;0;0;40396;-40396
13/09/2024 10:45;13/09/2024 11:00;44;kWh;-34971;0;0;0;34971;-34971
13/09/2024 11:00;13/09/2024 11:15;45;kWh;-28263;886;0;0;29149;-27377
13/09/2024 11:15;13/09/2024 11:30;46;kWh;0;351;0;0;351;351
13/09/2024 11:30;13/09/2024 11:45;47;kWh;0;8523;0;0;8523;8523
13/09/2024 11:45;13/09/2024 12:00;48;kWh;0;21499;0;0;21499;21499
13/09/2024 12:00;13/09/2024 12:15;49;kWh;0;3022;0;0;3022;3022
13/09/2024 12:15;13/09/2024 12:30;50;kWh;0;1412;0;0;1412;1412
13/09/2024 12:30;13/09/2024 12:45;51;kWh;0;33106;0;0;33106;33106
13/09/2024 12:45;13/09/2024 13:00;52;kWh;0;19778;0;0;19778;19778
13/09/2024 13:00;13/09/2024 13:15;53;kWh;0;3536;0;0;3536;3536
13/09/2024 13:15;13/09/2024 13:30;54;kWh;0;10097;0;0;10097;10097
13/09/2024 13:30;13/09/2024 13:45;55;kWh;-10469;13;0;0;10482;-10456
13/09/2024 13:45;13/09/2024 14:00;56;kWh;-27717;0;0;0;27717;-27717
13/09/2024 14:00;13/09/2024 14:15;57;kWh;-8204;0;0;0;8204;-8204
13/09/2024 14:15;13/09/2024 14:30;58;kWh;-15902;0;0;0;15902;-15902
13/09/2024 14:30;13/09/2024 14:45;59;kWh;-10262;0;0;0;10262;-10262
13/09/2024 14:45;13/09/2024 15:00;60;kWh;-16827;0;0;0;16827;-16827
13/09/2024 15:00;13/09/2024 15:15;61;kWh;-21484;0;0;0;21484;-21484
13/09/2024 15:15;13/09/2024 15:30;62;kWh;-23928;0;0;0;23928;-23928
13/09/2024 15:30;13/09/2024 15:45;63;kWh;-22879;0;0;0;22879;-22879
13/09/2024 15:45;13/09/2024 16:00;64;kWh;-22465;4059;0;0;26524;-18406
13/09/2024 16:00;13/09/2024 16:15;65;kWh;-19390;255;0;0;19645;-19135
13/09/2024 16:15;13/09/2024 16:30;66;kWh;-11590;0;0;0;11590;-11590
13/09/2024 16:30;13/09/2024 16:45;67;kWh;-16149;0;0;0;16149;-16149
13/09/2024 16:45;13/09/2024 17:00;68;kWh;-876;0;0;0;876;-876
13/09/2024 17:00;13/09/2024 17:15;69;kWh;-2375;0;0;0;2375;-2375
13/09/2024 17:15;13/09/2024 17:30;70;kWh;-16941;0;0;0;16941;-16941
13/09/2024 17:30;13/09/2024 17:45;71;kWh;-14772;249;0;0;15021;-14523
13/09/2024 17:45;13/09/2024 18:00;72;kWh;-1198;0;0;0;1198;-1198
13/09/2024 18:00;13/09/2024 18:15;73;kWh;-238;0;0;0;238;-238
13/09/2024 18:15;13/09/2024 18:30;74;kWh;-4940;0;0;0;4940;-4940
13/09/2024 18:30;13/09/2024 18:45;75;kWh;-17428;0;0;0;17428;-17428
13/09/2024 18:45;13/09/2024 19:00;76;kWh;-13;0;0;0;13;-13
13/09/2024 19:00;13/09/2024 19:15;77;kWh;-441;0;0;0;441;-441
13/09/2024 19:15;13/09/2024 19:30;78;kWh;0;8920;0;0;8920;8920
13/09/2024 19:30;13/09/2024 19:45;79;kWh;0;7135;0;0;7135;7135
13/09/2024 19:45;13/09/2024 20:00;80;kWh;0;1525;0;0;1525;1525
13/09/2024 20:00;13/09/2024 20:15;81;kWh;0;2645;0;0;2645;2645
13/09/2024 20:15;13/09/2024 20:30;82;kWh;0;2004;0;0;2004;2004
13/09/2024 20:30;13/09/2024 20:45;83;kWh;0;3019;0;0;3019;3019
13/09/2024 20:45;13/09/2024 21:00;84;kWh;-741;4467;0;0;5208;3726
13/09/2024 21:00;13/09/2024 21:15;85;kWh;-1028;831;0;0;1859;-197
13/09/2024 21:15;13/09/2024 21:30;86;kWh;-12393;0;0;0;12393;-12393
13/09/2024 21:30;13/09/2024 21:45;87;kWh;-11798;0;0;0;11798;-11798
13/09/2024 21:45;13/09/2024 22:00;88;kWh;-2945;0;0;0;2945;-2945
13/09/2024 22:00;13/09/2024 22:15;89;kWh;-13806;0;0;0;13806;-13806
13/09/2024 22:15;13/09/2024 22:30;90;kWh;-16059;0;0;0;16059;-16059
13/09/2024 22:30;13/09/2024 22:45;91;kWh;-3594;1384;0;0;4978;-2210
13/09/2024 22:45;13/09/2024 23:00;92;kWh;-1;12661;0;0;12662;12660
13/09/2024 23:00;13/09/2024 23:15;93;kWh;-4597;0;0;0;4597;-4597
13/09/2024 23:15;13/09/2024 23:30;94;kWh;-1155;0;0;0;1155;-1155
13/09/2024 23:30;13/09/2024 23:45;95;kWh;-463;2195;0;0;2658;1732
13/09/2024 23:45;14/09/2024 00:00;96;kWh;-3262;3555;0;0;6817;293
14/09/2024 00:00;14/09/2024 00:15;1;kWh;-16968;0;0;0;16968;-16968
14/09/2024 00:15;14/09/2024 00:30;2;kWh;-7324;0;0;0;7324;-7324
14/09/2024 00:30;14/09/2024 00:45;3;kWh;-2380;0;0;0;2380;-2380
14/09/2024 00:45;14/09/2024 01:00;4;kWh;-1685;0;0;0;1685;-1685
14/09/2024 01:00;14/09/2024 01:15;5;kWh;0;19023;0;0;19023;19023
14/09/2024 01:15;14/09/2024 01:30;6;kWh;0;18514;0;0;18514;18514
14/09/2024 01:30;14/09/2024 01:45;7;kWh;0;14115;0;0;14115;14115
14/09/2024 01:45;14/09/2024 02:00;8;kWh;0;27200;0;0;27200;27200
14/09/2024 02:00;14/09/2024 02:15;9;kWh;0;20341;0;0;20341;20341
14/09/2024 02:15;14/09/2024 02:30;10;kWh;0;29381;0;0;29381;29381
14/09/2024 02:30;14/09/2024 02:45;11;kWh;0;37500;0;0;37500;37500
14/09/2024 02:45;14/09/2024 03:00;12;kWh;0;27337;0;0;27337;27337
14/09/2024 03:00;14/09/2024 03:15;13;kWh;0;5823;0;0;5823;5823
14/09/2024 03:15;14/09/2024 03:30;14;kWh;-18582;0;0;0;18582;-18582
14/09/2024 03:30;14/09/2024 03:45;15;kWh;-3409;0;0;0;3409;-3409
14/09/2024 03:45;14/09/2024 04:00;16;kWh;-11715;0;0;0;11715;-11715
14/09/2024 04:00;14/09/2024 04:15;17;kWh;-9853;0;0;0;9853;-9853
14/09/2024 04:15;14/09/2024 04:30;18;kWh;-1050;0;0;0;1050;-1050
14/09/2024 04:30;14/09/2024 04:45;19;kWh;-1658;0;0;0;1658;-1658
14/09/2024 04:45;14/09/2024 05:00;20;kWh;-996;0;0;0;996;-996
14/09/2024 05:00;14/09/2024 05:15;21;kWh;-1849;0;0;0;1849;-1849
14/09/2024 05:15;14/09/2024 05:30;22;kWh;0;3671;0;0;3671;3671
14/09/2024 05:30;14/09/2024 05:45;23;kWh;0;6701;0;0;6701;6701
14/09/2024 05:45;14/09/2024 06:00;24;kWh;0;1619;0;0;1619;1619
14/09/2024 06:00;14/09/2024 06:15;25;kWh;-1834;8570;0;0;10404;6736
14/09/2024 06:15;14/09/2024 06:30;26;kWh;0;30783;0;0;30783;30783
14/09/2024 06:30;14/09/2024 06:45;27;kWh;0;26415;0;0;26415;26415
14/09/2024 06:45;14/09/2024 07:00;28;kWh;0;6088;0;0;6088;6088
14/09/2024 07:00;14/09/2024 07:15;29;kWh;0;53839;0;0;53839;53839
14/09/2024 07:15;14/09/2024 07:30;30;kWh;0;27019;0;0;27019;27019
14/09/2024 07:30;14/09/2024 07:45;31;kWh;0;12259;0;0;12259;12259
14/09/2024 07:45;14/09/2024 08:00;32;kWh;-2606;318;0;0;2924;-2288
14/09/2024 08:00;14/09/2024 08:15;33;kWh;-1294;222;0;0;1516;-1072
14/09/2024 08:15;14/09/2024 08:30;34;kWh;-3392;0;0;0;3392;-3392
14/09/2024 08:30;14/09/2024 08:45;35;kWh;-19258;0;0;0;19258;-19258
14/09/2024 08:45;14/09/2024 09:00;36;kWh;-43021;0;0;0;43021;-43021
14/09/2024 09:00;14/09/2024 09:15;37;kWh;-10168;0;0;0;10168;-10168
14/09/2024 09:15;14/09/2024 09:30;38;kWh;-16542;0;0;0;16542;-16542
14/09/2024 09:30;14/09/2024 09:45;39;kWh;-42305;0;0;0;42305;-42305
14/09/2024 09:45;14/09/2024 10:00;40;kWh;-44324;0;0;0;44324;-44324
14/09/2024 10:00;14/09/2024 10:15;41;kWh;-22612;0;0;0;22612;-22612
14/09/2024 10:15;14/09/2024 10:30;42;kWh;-22884;0;0;0;22884;-22884
14/09/2024 10:30;14/09/2024 10:45;43;kWh;-44843;0;0;0;44843;-44843
14/09/2024 10:45;14/09/2024 11:00;44;kWh;-34654;0;0;0;34654;-34654
14/09/2024 11:00;14/09/2024 11:15;45;kWh;-26170;0;0;0;26170;-26170
14/09/2024 11:15;14/09/2024 11:30;46;kWh;-30958;0;0;0;30958;-30958
14/09/2024 11:30;14/09/2024 11:45;47;kWh;-26369;0;0;0;26369;-26369
14/09/2024 11:45;14/09/2024 12:00;48;kWh;-1568;0;0;0;1568;-1568
14/09/2024 12:00;14/09/2024 12:15;49;kWh;-141;0;0;0;141;-141
14/09/2024 12:15;14/09/2024 12:30;50;kWh;-110;0;0;0;110;-110
14/09/2024 12:30;14/09/2024 12:45;51;kWh;-3282;0;0;0;3282;-3282
14/09/2024 12:45;14/09/2024 13:00;52;kWh;-9203;0;0;0;9203;-9203
14/09/2024 13:00;14/09/2024 13:15;53;kWh;-15993;1097;0;0;17090;-14896
14/09/2024 13:15;14/09/2024 13:30;54;kWh;-16730;0;0;0;16730;-16730
14/09/2024 13:30;14/09/2024 13:45;55;kWh;-23757;0;0;0;23757;-23757
14/09/2024 13:45;14/09/2024 14:00;56;kWh;-15277;0;0;0;15277;-15277
14/09/2024 14:00;14/09/2024 14:15;57;kWh;-21025;0;0;0;21025;-21025
14/09/2024 14:15;14/09/2024 14:30;58;kWh;-17277;370;0;0;17647;-16907
14/09/2024 14:30;14/09/2024 14:45;59;kWh;-27284;683;0;0;27967;-26601
14/09/2024 14:45;14/09/2024 15:00;60;kWh;-30745;0;0;0;30745;-30745
14/09/2024 15:00;14/09/2024 15:15;61;kWh;-33224;0;0;0;33224;-33224
14/09/2024 15:15;14/09/2024 15:30;62;kWh;-29805;0;0;0;29805;-29805
14/09/2024 15:30;14/09/2024 15:45;63;kWh;-22827;28;0;0;22855;-22799
14/09/2024 15:45;14/09/2024 16:00;64;kWh;-29700;70;0;0;29770;-29630
14/09/2024 16:00;14/09/2024 16:15;65;kWh;-41613;0;0;0;41613;-41613
14/09/2024 16:15;14/09/2024 16:30;66;kWh;-31752;0;0;0;31752;-31752
14/09/2024 16:30;14/09/2024 16:45;67;kWh;-28696;0;0;0;28696;-28696
14/09/2024 16:45;14/09/2024 17:00;68;kWh;-25550;0;0;0;25550;-25550
14/09/2024 17:00;14/09/2024 17:15;69;kWh;-21312;0;0;0;21312;-21312
14/09/2024 17:15;14/09/2024 17:30;70;kWh;-26156;78;0;0;26234;-26078
14/09/2024 17:30;14/09/2024 17:45;71;kWh;-24980;303;0;0;25283;-24677
14/09/2024 17:45;14/09/2024 18:00;72;kWh;-11625;0;0;0;11625;-11625
14/09/2024 18:00;14/09/2024 18:15;73;kWh;-462;0;0;0;462;-462
14/09/2024 18:15;14/09/2024 18:30;74;kWh;-8781;0;0;0;8781;-8781
14/09/2024 18:30;14/09/2024 18:45;75;kWh;0;160;0;0;160;160
14/09/2024 18:45;14/09/2024 19:00;76;kWh;0;8452;0;0;8452;8452
14/09/2024 19:00;14/09/2024 19:15;77;kWh;0;7853;0;0;7853;7853
14/09/2024 19:15;14/09/2024 19:30;78;kWh;0;34213;0;0;34213;34213
14/09/2024 19:30;14/09/2024 19:45;79;kWh;0;23040;0;0;23040;23040
14/09/2024 19:45;14/09/2024 20:00;80;kWh;0;3060;0;0;3060;3060
14/09/2024 20:00;14/09/2024 20:15;81;kWh;0;7315;0;0;7315;7315
14/09/2024 20:15;14/09/2024 20:30;82;kWh;0;20150;0;0;20150;20150
14/09/2024 20:30;14/09/2024 20:45;83;kWh;-6;611;0;0;617;605
14/09/2024 20:45;14/09/2024 21:00;84;kWh;-12298;0;0;0;12298;-12298
14/09/2024 21:00;14/09/2024 21:15;85;kWh;-10781;0;0;0;10781;-10781
14/09/2024 21:15;14/09/2024 21:30;86;kWh;-20069;0;0;0;20069;-20069
14/09/2024 21:30;14/09/2024 21:45;87;kWh;-24759;0;0;0;24759;-24759
14/09/2024 21:45;14/09/2024 22:00;88;kWh;-44728;0;0;0;44728;-44728
14/09/2024 22:00;14/09/2024 22:15;89;kWh;-24926;0;0;0;24926;-24926
14/09/2024 22:15;14/09/2024 22:30;90;kWh;-2745;0;0;0;2745;-2745
14/09/2024 22:30;14/09/2024 22:45;91;kWh;-4964;0;0;0;4964;-4964
14/09/2024 22:45;14/09/2024 23:00;92;kWh;-8992;0;0;0;8992;-8992
14/09/2024 23:00;14/09/2024 23:15;93;kWh;-11598;0;0;0;11598;-11598
14/09/2024 23:15;14/09/2024 23:30;94;kWh;-4377;0;0;0;4377;-4377
14/09/2024 23:30;14/09/2024 23:45;95;kWh;-15665;0;0;0;15665;-15665
14/09/2024 23:45;15/09/2024 00:00;96;kWh;-6422;610;0;0;7032;-5812
15/09/2024 00:00;15/09/2024 00:15;1;kWh;-19790;3868;0;0;23658;-15922
15/09/2024 00:15;15/09/2024 00:30;2;kWh;-1599;5105;0;0;6704;3506
15/09/2024 00:30;15/09/2024 00:45;3;kWh;-14043;0;0;0;14043;-14043
15/09/2024 00:45;15/09/2024 01:00;4;kWh;-3839;0;0;0;3839;-3839
15/09/2024 01:00;15/09/2024 01:15;5;kWh;-11428;0;0;0;11428;-11428
15/09/2024 01:15;15/09/2024 01:30;6;kWh;-23985;0;0;0;23985;-23985
15/09/2024 01:30;15/09/2024 01:45;7;kWh;-26487;0;0;0;26487;-26487
15/09/2024 01:45;15/09/2024 02:00;8;kWh;-22134;0;0;0;22134;-22134
15/09/2024 02:00;15/09/2024 02:15;9;kWh;-8361;0;0;0;8361;-8361
15/09/2024 02:15;15/09/2024 02:30;10;kWh;0;0;0;0;0;0
15/09/2024 02:30;15/09/2024 02:45;11;kWh;0;0;0;0;0;0
15/09/2024 02:45;15/09/2024 03:00;12;kWh;-54;0;0;0;54;-54
15/09/2024 03:00;15/09/2024 03:15;13;kWh;-20;2303;0;0;2323;2283
15/09/2024 03:15;15/09/2024 03:30;14;kWh;0;4016;0;0;4016;4016
15/09/2024 03:30;15/09/2024 03:45;15;kWh;0;2438;0;0;2438;2438
15/09/2024 03:45;15/09/2024 04:00;16;kWh;0;376;0;0;376;376
15/09/2024 04:00;15/09/2024 04:15;17;kWh;0;0;0;0;0;0
15/09/2024 04:15;15/09/2024 04:30;18;kWh;0;0;0;0;0;0
15/09/2024 04:30;15/09/2024 04:45;19;kWh;0;0;0;0;0;0
15/09/2024 04:45;15/09/2024 05:00;20;kWh;0;0;0;0;0;0
15/09/2024 05:00;15/09/2024 05:15;21;kWh;0;0;0;0;0;0
15/09/2024 05:15;15/09/2024 05:30;22;kWh;-1461;0;0;0;1461;-1461
15/09/2024 05:30;15/09/2024 05:45;23;kWh;-5182;0;0;0;5182;-5182
15/09/2024 05:45;15/09/2024 06:00;24;kWh;-8170;0;0;0;8170;-8170
15/09/2024 06:00;15/09/2024 06:15;25;kWh;-1867;0;0;0;1867;-1867
15/09/2024 06:15;15/09/2024 06:30;26;kWh;-18;0;0;0;18;-18
15/09/2024 06:30;15/09/2024 06:45;27;kWh;0;2821;0;0;2821;2821
15/09/2024 06:45;15/09/2024 07:00;28;kWh;0;3787;0;0;3787;3787
15/09/2024 07:00;15/09/2024 07:15;29;kWh;0;2118;0;0;2118;2118
15/09/2024 07:15;15/09/2024 07:30;30;kWh;0;1243;0;0;1243;1243
15/09/2024 07:30;15/09/2024 07:45;31;kWh;0;0;0;0;0;0
15/09/2024 07:45;15/09/2024 08:00;32;kWh;-991;130;0;0;1121;-861
15/09/2024 08:00;15/09/2024 08:15;33;kWh;0;17076;0;0;17076;17076
15/09/2024 08:15;15/09/2024 08:30;34;kWh;-40;0;0;0;40;-40
15/09/2024 08:30;15/09/2024 08:45;35;kWh;-8914;0;0;0;8914;-8914
15/09/2024 08:45;15/09/2024 09:00;36;kWh;-12577;0;0;0;12577;-12577
15/09/2024 09:00;15/09/2024 09:15;37;kWh;-9717;2391;0;0;12108;-7326
15/09/2024 09:15;15/09/2024 09:30;38;kWh;-8091;0;0;0;8091;-8091
15/09/2024 09:30;15/09/2024 09:45;39;kWh;-15390;0;0;0;15390;-15390
15/09/2024 09:45;15/09/2024 10:00;40;kWh;-20006;0;0;0;20006;-20006
15/09/2024 10:00;15/09/2024 10:15;41;kWh;-7;0;0;0;7;-7
15/09/2024 10:15;15/09/2024 10:30;42;kWh;-2509;0;0;0;2509;-2509
15/09/2024 10:30;15/09/2024 10:45;43;kWh;-15990;0;0;0;15990;-15990
15/09/2024 10:45;15/09/2024 11:00;44;kWh;-32674;0;0;0;32674;-32674
15/09/2024 11:00;15/09/2024 11:15;45;kWh;-6488;0;0;0;6488;-6488
15/09/2024 11:15;15/09/2024 11:30;46;kWh;-3430;0;0;0;3430;-3430
15/09/2024 11:30;15/09/2024 11:45;47;kWh;-40009;0;0;0;40009;-40009
15/09/2024 11:45;15/09/2024 12:00;48;kWh;-33086;0;0;0;33086;-33086
15/09/2024 12:00;15/09/2024 12:15;49;kWh;-12720;0;0;0;12720;-12720
15/09/2024 12:15;15/09/2024 12:30;50;kWh;-8987;0;0;0;8987;-8987
15/09/2024 12:30;15/09/2024 12:45;51;kWh;-3717;0;0;0;3717;-3717
15/09/2024 12:45;15/09/2024 13:00;52;kWh;0;10177;0;0;10177;10177
15/09/2024 13:00;15/09/2024 13:15;53;kWh;0;64100;0;0;64100;64100
15/09/2024 13:15;15/09/2024 13:30;54;kWh;0;55120;0;0;55120;55120
15/09/2024 13:30;15/09/2024 13:45;55;kWh;0;6474;0;0;6474;6474
15/09/2024 13:45;15/09/2024 14:00;56;kWh;-8;0;0;0;8;-8
15/09/2024 14:00;15/09/2024 14:15;57;kWh;-5778;0;0;0;5778;-5778
15/09/2024 14:15;15/09/2024 14:30;58;kWh;-16348;0;0;0;16348;-16348
15/09/2024 14:30;15/09/2024 14:45;59;kWh;-9449;0;0;0;9449;-9449
15/09/2024 14:45;15/09/2024 15:00;60;kWh;-7937;0;0;0;7937;-7937
15/09/2024 15:00;15/09/2024 15:15;61;kWh;-20731;12;0;0;20743;-20719
15/09/2024 15:15;15/09/2024 15:30;62;kWh;-20840;41;0;0;20881;-20799
15/09/2024 15:30;15/09/2024 15:45;63;kWh;-4996;0;0;0;4996;-4996
15/09/2024 15:45;15/09/2024 16:00;64;kWh;0;10463;0;0;10463;10463
15/09/2024 16:00;15/09/2024 16:15;65;kWh;-150;2364;0;0;2514;2214
15/09/2024 16:15;15/09/2024 16:30;66;kWh;0;0;0;0;0;0
15/09/2024 16:30;15/09/2024 16:45;67;kWh;0;2273;0;0;2273;2273
15/09/2024 16:45;15/09/2024 17:00;68;kWh;0;7472;0;0;7472;7472
15/09/2024 17:00;15/09/2024 17:15;69;kWh;0;1433;0;0;1433;1433
15/09/2024 17:15;15/09/2024 17:30;70;kWh;0;0;0;0;0;0
15/09/2024 17:30;15/09/2024 17:45;71;kWh;-1990;0;0;0;1990;-1990
15/09/2024 17:45;15/09/2024 18:00;72;kWh;-21593;0;0;0;21593;-21593
15/09/2024 18:00;15/09/2024 18:15;73;kWh;-246;6750;0;0;6996;6504
15/09/2024 18:15;15/09/2024 18:30;74;kWh;0;6862;0;0;6862;6862
15/09/2024 18:30;15/09/2024 18:45;75;kWh;0;8806;0;0;8806;8806
15/09/2024 18:45;15/09/2024 19:00;76;kWh;0;28502;0;0;28502;28502
15/09/2024 19:00;15/09/2024 19:15;77;kWh;0;24576;0;0;24576;24576
15/09/2024 19:15;15/09/2024 19:30;78;kWh;0;41769;0;0;41769;41769
15/09/2024 19:30;15/09/2024 19:45;79;kWh;0;37568;0;0;37568;37568
15/09/2024 19:45;15/09/2024 20:00;80;kWh;0;57044;0;0;57044;57044
15/09/2024 20:00;15/09/2024 20:15;81;kWh;0;23239;0;0;23239;23239
15/09/2024 20:15;15/09/2024 20:30;82;kWh;0;18336;0;0;18336;18336
15/09/2024 20:30;15/09/2024 20:45;83;kWh;0;3699;0;0;3699;3699
15/09/2024 20:45;15/09/2024 21:00;84;kWh;-1642;0;0;0;1642;-1642
15/09/2024 21:00;15/09/2024 21:15;85;kWh;-6322;0;0;0;6322;-6322
15/09/2024 21:15;15/09/2024 21:30;86;kWh;-786;652;0;0;1438;-134
15/09/2024 21:30;15/09/2024 21:45;87;kWh;0;10165;0;0;10165;10165
15/09/2024 21:45;15/09/2024 22:00;88;kWh;-205;2743;0;0;2948;2538
15/09/2024 22:00;15/09/2024 22:15;89;kWh;-1332;2921;0;0;4253;1589
15/09/2024 22:15;15/09/2024 22:30;90;kWh;0;27808;0;0;27808;27808
15/09/2024 22:30;15/09/2024 22:45;91;kWh;0;8392;0;0;8392;8392
15/09/2024 22:45;15/09/2024 23:00;92;kWh;0;4425;0;0;4425;4425
15/09/2024 23:00;15/09/2024 23:15;93;kWh;-1637;7;0;0;1644;-1630
15/09/2024 23:15;15/09/2024 23:30;94;kWh;-5220;0;0;0;5220;-5220
15/09/2024 23:30;15/09/2024 23:45;95;kWh;0;5786;0;0;5786;5786
15/09/2024 23:45;16/09/2024 00:00;96;kWh;0;1020;0;0;1020;1020
16/09/2024 00:00;16/09/2024 00:15;1;kWh;0;1646;0;0;1646;1646
16/09/2024 00:15;16/09/2024 00:30;2;kWh;0;73;0;0;73;73
16/09/2024 00:30;16/09/2024 00:45;3;kWh;-6404;0;0;0;6404;-6404
16/09/2024 00:45;16/09/2024 01:00;4;kWh;-49134;0;0;0;49134;-49134
16/09/2024 01:00;16/09/2024 01:15;5;kWh;-3623;5982;0;0;9605;2359
16/09/2024 01:15;16/09/2024 01:30;6;kWh;-157;3;0;0;160;-154
16/09/2024 01:30;16/09/2024 01:45;7;kWh;-2321;0;0;0;2321;-2321
16/09/2024 01:45;16/09/2024 02:00;8;kWh;-6182;0;0;0;6182;-6182
16/09/2024 02:00;16/09/2024 02:15;9;kWh;-578;88;0;0;666;-490
16/09/2024 02:15;16/09/2024 02:30;10;kWh;0;2230;0;0;2230;2230
16/09/2024 02:30;16/09/2024 02:45;11;kWh;0;3481;0;0;3481;3481
16/09/2024 02:45;16/09/2024 03:00;12;kWh;0;603;0;0;603;603
16/09/2024 03:00;16/09/2024 03:15;13;kWh;-371;0;0;0;371;-371
16/09/2024 03:15;16/09/2024 03:30;14;kWh;-1274;0;0;0;1274;-1274
16/09/2024 03:30;16/09/2024 03:45;15;kWh;-6957;0;0;0;6957;-6957
16/09/2024 03:45;16/09/2024 04:00;16;kWh;-5527;0;0;0;5527;-5527
16/09/2024 04:00;16/09/2024 04:15;17;kWh;-236;3586;0;0;3822;3350
16/09/2024 04:15;16/09/2024 04:30;18;kWh;0;9308;0;0;9308;9308
16/09/2024 04:30;16/09/2024 04:45;19;kWh;0;3674;0;0;3674;3674
16/09/2024 04:45;16/09/2024 05:00;20;kWh;0;5368;0;0;5368;5368
16/09/2024 05:00;16/09/2024 05:15;21;kWh;0;4612;0;0;4612;4612
16/09/2024 05:15;16/09/2024 05:30;22;kWh;0;1486;0;0;1486;1486
16/09/2024 05:30;16/09/2024 05:45;23;kWh;0;1536;0;0;1536;1536
16/09/2024 05:45;16/09/2024 06:00;24;kWh;0;1077;0;0;1077;1077
16/09/2024 06:00;16/09/2024 06:15;25;kWh;-5569;0;0;0;5569;-5569
16/09/2024 06:15;16/09/2024 06:30;26;kWh;0;12171;0;0;12171;12171
16/09/2024 06:30;16/09/2024 06:45;27;kWh;0;55840;0;0;55840;55840
16/09/2024 06:45;16/09/2024 07:00;28;kWh;0;76893;0;0;76893;76893
16/09/2024 07:00;16/09/2024 07:15;29;kWh;0;52987;0;0;52987;52987
16/09/2024 07:15;16/09/2024 07:30;30;kWh;0;67121;0;0;67121;67121
16/09/2024 07:30;16/09/2024 07:45;31;kWh;0;60168;0;0;60168;60168
16/09/2024 07:45;16/09/2024 08:00;32;kWh;0;37027;0;0;37027;37027
16/09/2024 08:00;16/09/2024 08:15;33;kWh;0;2797;0;0;2797;2797
16/09/2024 08:15;16/09/2024 08:30;34;kWh;-1410;0;0;0;1410;-1410
16/09/2024 08:30;16/09/2024 08:45;35;kWh;-9251;0;0;0;9251;-9251
16/09/2024 08:45;16/09/2024 09:00;36;kWh;-1349;0;0;0;1349;-1349
16/09/2024 09:00;16/09/2024 09:15;37;kWh;-12;23315;0;0;23327;23303
16/09/2024 09:15;16/09/2024 09:30;38;kWh;0;28269;0;0;28269;28269
16/09/2024 09:30;16/09/2024 09:45;39;kWh;-1047;11704;0;0;12751;10657
16/09/2024 09:45;16/09/2024 10:00;40;kWh;-42018;0;0;0;42018;-42018
16/09/2024 10:00;16/09/2024 10:15;41;kWh;-16871;0;0;0;16871;-16871
16/09/2024 10:15;16/09/2024 10:30;42;kWh;-2873;0;0;0;2873;-2873
16/09/2024 10:30;16/09/2024 10:45;43;kWh;-13021;0;0;0;13021;-13021
16/09/2024 10:45;16/09/2024 11:00;44;kWh;0;23437;0;0;23437;23437
16/09/2024 11:00;16/09/2024 11:15;45;kWh;-1544;1092;0;0;2636;-452
16/09/2024 11:15;16/09/2024 11:30;46;kWh;-2343;20971;0;0;23314;18628
16/09/2024 11:30;16/09/2024 11:45;47;kWh;-9;19011;0;0;19020;19002
16/09/2024 11:45;16/09/2024 12:00;48;kWh;-4977;7;0;0;4984;-4970
16/09/2024 12:00;16/09/2024 12:15;49;kWh;-2711;117;0;0;2828;-2594
16/09/2024 12:15;16/09/2024 12:30;50;kWh;0;21645;0;0;21645;21645
16/09/2024 12:30;16/09/2024 12:45;51;kWh;0;4221;0;0;4221;4221
16/09/2024 12:45;16/09/2024 13:00;52;kWh;0;5976;0;0;5976;5976
16/09/2024 13:00;16/09/2024 13:15;53;kWh;0;43927;0;0;43927;43927
16/09/2024 13:15;16/09/2024 13:30;54;kWh;0;48582;0;0;48582;48582
16/09/2024 13:30;16/09/2024 13:45;55;kWh;0;25739;0;0;25739;25739
16/09/2024 13:45;16/09/2024 14:00;56;kWh;-2116;3046;0;0;5162;930
16/09/2024 14:00;16/09/2024 14:15;57;kWh;-8141;0;0;0;8141;-8141
16/09/2024 14:15;16/09/2024 14:30;58;kWh;-28974;0;0;0;28974;-28974
16/09/2024 14:30;16/09/2024 14:45;59;kWh;-16000;0;0;0;16000;-16000
16/09/2024 14:45;16/09/2024 15:00;60;kWh;-7051;0;0;0;7051;-7051
16/09/2024 15:00;16/09/2024 15:15;61;kWh;-13263;0;0;0;13263;-13263
16/09/2024 15:15;16/09/2024 15:30;62;kWh;-3286;108;0;0;3394;-3178
16/09/2024 15:30;16/09/2024 15:45;63;kWh;0;13392;0;0;13392;13392
16/09/2024 15:45;16/09/2024 16:00;64;kWh;0;32227;0;0;32227;32227
16/09/2024 16:00;16/09/2024 16:15;65;kWh;0;31741;0;0;31741;31741
16/09/2024 16:15;16/09/2024 16:30;66;kWh;0;75388;0;0;75388;75388
16/09/2024 16:30;16/09/2024 16:45;67;kWh;0;74235;0;0;74235;74235
16/09/2024 16:45;16/09/2024 17:00;68;kWh;0;71824;0;0;71824;71824
16/09/2024 17:00;16/09/2024 17:15;69;kWh;0;20293;0;0;20293;20293
16/09/2024 17:15;16/09/2024 17:30;70;kWh;0;50675;0;0;50675;50675
16/09/2024 17:30;16/09/2024 17:45;71;kWh;0;28941;0;0;28941;28941
16/09/2024 17:45;16/09/2024 18:00;72;kWh;0;5198;0;0;5198;5198
16/09/2024 18:00;16/09/2024 18:15;73;kWh;-21348;0;0;0;21348;-21348
16/09/2024 18:15;16/09/2024 18:30;74;kWh;-21718;0;0;0;21718;-21718
16/09/2024 18:30;16/09/2024 18:45;75;kWh;-10698;0;0;0;10698;-10698
16/09/2024 18:45;16/09/2024 19:00;76;kWh;-2926;0;0;0;2926;-2926
16/09/2024 19:00;16/09/2024 19:15;77;kWh;-24895;29;0;0;24924;-24866
16/09/2024 19:15;16/09/2024 19:30;78;kWh;0;1052;0;0;1052;1052
16/09/2024 19:30;16/09/2024 19:45;79;kWh;0;7868;0;0;7868;7868
16/09/2024 19:45;16/09/2024 20:00;80;kWh;0;26113;0;0;26113;26113
16/09/2024 20:00;16/09/2024 20:15;81;kWh;0;49246;0;0;49246;49246
16/09/2024 20:15;16/09/2024 20:30;82;kWh;0;46771;0;0;46771;46771
16/09/2024 20:30;16/09/2024 20:45;83;kWh;0;16463;0;0;16463;16463
16/09/2024 20:45;16/09/2024 21:00;84;kWh;0;37956;0;0;37956;37956
16/09/2024 21:00;16/09/2024 21:15;85;kWh;0;36556;0;0;36556;36556
16/09/2024 21:15;16/09/2024 21:30;86;kWh;0;10721;0;0;10721;10721
16/09/2024 21:30;16/09/2024 21:45;87;kWh;-9738;257;0;0;9995;-9481
16/09/2024 21:45;16/09/2024 22:00;88;kWh;-874;0;0;0;874;-874
16/09/2024 22:00;16/09/2024 22:15;89;kWh;0;443;0;0;443;443
16/09/2024 22:15;16/09/2024 22:30;90;kWh;0;11792;0;0;11792;11792
16/09/2024 22:30;16/09/2024 22:45;91;kWh;-127;76;0;0;203;-51
16/09/2024 22:45;16/09/2024 23:00;92;kWh;-21981;0;0;0;21981;-21981
16/09/2024 23:00;16/09/2024 23:15;93;kWh;-10733;4135;0;0;14868;-6598
16/09/2024 23:15;16/09/2024 23:30;94;kWh;0;1104;0;0;1104;1104
16/09/2024 23:30;16/09/2024 23:45;95;kWh;-2787;0;0;0;2787;-2787
16/09/2024 23:45;17/09/2024 00:00;96;kWh;-22030;0;0;0;22030;-22030
17/09/2024 00:00;17/09/2024 00:15;1;kWh;-5178;3030;0;0;8208;-2148
17/09/2024 00:15;17/09/2024 00:30;2;kWh;0;2804;0;0;2804;2804
17/09/2024 00:30;17/09/2024 00:45;3;kWh;-4769;0;0;0;4769;-4769
17/09/2024 00:45;17/09/2024 01:00;4;kWh;-11670;0;0;0;11670;-11670
17/09/2024 01:00;17/09/2024 01:15;5;kWh;-3898;0;0;0;3898;-3898
17/09/2024 01:15;17/09/2024 01:30;6;kWh;-8367;0;0;0;8367;-8367
17/09/2024 01:30;17/09/2024 01:45;7;kWh;-24453;0;0;0;24453;-24453
17/09/2024 01:45;17/09/2024 02:00;8;kWh;-29016;0;0;0;29016;-29016
17/09/2024 02:00;17/09/2024 02:15;9;kWh;-8126;0;0;0;8126;-8126
17/09/2024 02:15;17/09/2024 02:30;10;kWh;0;0;0;0;0;0
17/09/2024 02:30;17/09/2024 02:45;11;kWh;0;0;0;0;0;0
17/09/2024 02:45;17/09/2024 03:00;12;kWh;0;0;0;0;0;0
17/09/2024 03:00;17/09/2024 03:15;13;kWh;0;3171;0;0;3171;3171
17/09/2024 03:15;17/09/2024 03:30;14;kWh;0;14359;0;0;14359;14359
17/09/2024 03:30;17/09/2024 03:45;15;kWh;0;17128;0;0;17128;17128
17/09/2024 03:45;17/09/2024 04:00;16;kWh;0;2353;0;0;2353;2353
17/09/2024 04:00;17/09/2024 04:15;17;kWh;0;38;0;0;38;38
17/09/2024 04:15;17/09/2024 04:30;18;kWh;0;0;0;0;0;0
17/09/2024 04:30;17/09/2024 04:45;19;kWh;-434;0;0;0;434;-434
17/09/2024 04:45;17/09/2024 05:00;20;kWh;-3033;0;0;0;3033;-3033
17/09/2024 05:00;17/09/2024 05:15;21;kWh;-24026;0;0;0;24026;-24026
17/09/2024 05:15;17/09/2024 05:30;22;kWh;-1663;2557;0;0;4220;894
17/09/2024 05:30;17/09/2024 05:45;23;kWh;0;9397;0;0;9397;9397
17/09/2024 05:45;17/09/2024 06:00;24;kWh;-376;0;0;0;376;-376
17/09/2024 06:00;17/09/2024 06:15;25;kWh;0;47502;0;0;47502;47502
17/09/2024 06:15;17/09/2024 06:30;26;kWh;0;55415;0;0;55415;55415
17/09/2024 06:30;17/09/2024 06:45;27;kWh;0;42591;0;0;42591;42591
17/09/2024 06:45;17/09/2024 07:00;28;kWh;0;45673;0;0;45673;45673
17/09/2024 07:00;17/09/2024 07:15;29;kWh;0;20624;0;0;20624;20624
17/09/2024 07:15;17/09/2024 07:30;30;kWh;0;28938;0;0;28938;28938
17/09/2024 07:30;17/09/2024 07:45;31;kWh;0;57378;0;0;57378;57378
17/09/2024 07:45;17/09/2024 08:00;32;kWh;0;28975;0;0;28975;28975
17/09/2024 08:00;17/09/2024 08:15;33;kWh;0;15729;0;0;15729;15729
17/09/2024 08:15;17/09/2024 08:30;34;kWh;0;121;0;0;121;121
17/09/2024 08:30;17/09/2024 08:45;35;kWh;-1220;0;0;0;1220;-1220
17/09/2024 08:45;17/09/2024 09:00;36;kWh;-13713;0;0;0;13713;-13713
17/09/2024 09:00;17/09/2024 09:15;37;kWh;-11589;0;0;0;11589;-11589
17/09/2024 09:15;17/09/2024 09:30;38;kWh;-4210;0;0;0;4210;-4210
17/09/2024 09:30;17/09/2024 09:45;39;kWh;-10532;0;0;0;10532;-10532
17/09/2024 09:45;17/09/2024 10:00;40;kWh;-1608;0;0;0;1608;-1608
17/09/2024 10:00;17/09/2024 10:15;41;kWh;-8430;351;0;0;8781;-8079
17/09/2024 10:15;17/09/2024 10:30;42;kWh;0;8729;0;0;8729;8729
17/09/2024 10:30;17/09/2024 10:45;43;kWh;0;5861;0;0;5861;5861
17/09/2024 10:45;17/09/2024 11:00;44;kWh;0;21956;0;0;21956;21956
17/09/2024 11:00;17/09/2024 11:15;45;kWh;0;33608;0;0;33608;33608
17/09/2024 11:15;17/09/2024 11:30;46;kWh;0;17361;0;0;17361;17361
17/09/2024 11:30;17/09/2024 11:45;47;kWh;0;8118;0;0;8118;8118
17/09/2024 11:45;17/09/2024 12:00;48;kWh;-2;397;0;0;399;395
17/09/2024 12:00;17/09/2024 12:15;49;kWh;-1814;0;0;0;1814;-1814
17/09/2024 12:15;17/09/2024 12:30;50;kWh;-17810;0;0;0;17810;-17810
17/09/2024 12:30;17/09/2024 12:45;51;kWh;-19379;0;0;0;19379;-19379
17/09/2024 12:45;17/09/2024 13:00;52;kWh;-19790;0;0;0;19790;-19790
17/09/2024 13:00;17/09/2024 13:15;53;kWh;-7495;0;0;0;7495;-7495
17/09/2024 13:15;17/09/2024 13:30;54;kWh;-4534;0;0;0;4534;-4534
17/09/2024 13:30;17/09/2024 13:45;55;kWh;-10081;0;0;0;10081;-10081
17/09/2024 13:45;17/09/2024 14:00;56;kWh;-21287;0;0;0;21287;-21287
17/09/2024 14:00;17/09/2024 14:15;57;kWh;-1663;0;0;0;1663;-1663
17/09/2024 14:15;17/09/2024 14:30;58;kWh;-2960;0;0;0;2960;-2960
17/09/2024 14:30;17/09/2024 14:45;59;kWh;-3653;0;0;0;3653;-3653
17/09/2024 14:45;17/09/2024 15:00;60;kWh;-10841;0;0;0;10841;-10841
17/09/2024 15:00;17/09/2024 15:15;61;kWh;-19066;0;0;0;19066;-19066
17/09/2024 15:15;17/09/2024 15:30;62;kWh;-9983;0;0;0;9983;-9983
17/09/2024 15:30;17/09/2024 15:45;63;kWh;-2017;0;0;0;2017;-2017
17/09/2024 15:45;17/09/2024 16:00;64;kWh;-3976;0;0;0;3976;-3976
17/09/2024 16:00;17/09/2024 16:15;65;kWh;-13430;0;0;0;13430;-13430
17/09/2024 16:15;17/09/2024 16:30;66;kWh;-1234;0;0;0;1234;-1234
17/09/2024 16:30;17/09/2024 16:45;67;kWh;-10087;0;0;0;10087;-10087
17/09/2024 16:45;17/09/2024 17:00;68;kWh;-377;0;0;0;377;-377
17/09/2024 17:00;17/09/2024 17:15;69;kWh;-12459;131;0;0;12590;-12328
17/09/2024 17:15;17/09/2024 17:30;70;kWh;0;610;0;0;610;610
17/09/2024 17:30;17/09/2024 17:45;71;kWh;0;16283;0;0;16283;16283
17/09/2024 17:45;17/09/2024 18:00;72;kWh;0;16105;0;0;16105;16105
17/09/2024 18:00;17/09/2024 18:15;73;kWh;-14;3051;0;0;3065;3037
17/09/2024 18:15;17/09/2024 18:30;74;kWh;-24;2349;0;0;2373;2325
17/09/2024 18:30;17/09/2024 18:45;75;kWh;0;4069;0;0;4069;4069
17/09/2024 18:45;17/09/2024 19:00;76;kWh;0;21816;0;0;21816;21816
17/09/2024 19:00;17/09/2024 19:15;77;kWh;0;9413;0;0;9413;9413
17/09/2024 19:15;17/09/2024 19:30;78;kWh;0;23341;0;0;23341;23341
17/09/2024 19:30;17/09/2024 19:45;79;kWh;0;31659;0;0;31659;31659
17/09/2024 19:45;17/09/2024 20:00;80;kWh;0;49594;0;0;49594;49594
17/09/2024 20:00;17/09/2024 20:15;81;kWh;0;21837;0;0;21837;21837
17/09/2024 20:15;17/09/2024 20:30;82;kWh;0;6029;0;0;6029;6029
17/09/2024 20:30;17/09/2024 20:45;83;kWh;-995;0;0;0;995;-995
17/09/2024 20:45;17/09/2024 21:00;84;kWh;-18400;0;0;0;18400;-18400
17/09/2024 21:00;17/09/2024 21:15;85;kWh;-10268;0;0;0;10268;-10268
17/09/2024 21:15;17/09/2024 21:30;86;kWh;-130;0;0;0;130;-130
17/09/2024 21:30;17/09/2024 21:45;87;kWh;-6958;0;0;0;6958;-6958
17/09/2024 21:45;17/09/2024 22:00;88;kWh;-8046;0;0;0;8046;-8046
17/09/2024 22:00;17/09/2024 22:15;89;kWh;-11872;0;0;0;11872;-11872
17/09/2024 22:15;17/09/2024 22:30;90;kWh;-713;0;0;0;713;-713
17/09/2024 22:30;17/09/2024 22:45;91;kWh;-1582;0;0;0;1582;-1582
17/09/2024 22:45;17/09/2024 23:00;92;kWh;-374;0;0;0;374;-374
17/09/2024 23:00;17/09/2024 23:15;93;kWh;-310;0;0;0;310;-310
17/09/2024 23:15;17/09/2024 23:30;94;kWh;0;1827;0;0;1827;1827
17/09/2024 23:30;17/09/2024 23:45;95;kWh;0;7662;0;0;7662;7662
17/09/2024 23:45;18/09/2024 00:00;96;kWh;0;13300;0;0;13300;13300
18/09/2024 00:00;18/09/2024 00:15;1;kWh;0;5574;0;0;5574;5574
18/09/2024 00:15;18/09/2024 00:30;2;kWh;0;30256;0;0;30256;30256
18/09/2024 00:30;18/09/2024 00:45;3;kWh;0;17652;0;0;17652;17652
18/09/2024 00:45;18/09/2024 01:00;4;kWh;0;252;0;0;252;252
18/09/2024 01:00;18/09/2024 01:15;5;kWh;0;12233;0;0;12233;12233
18/09/2024 01:15;18/09/2024 01:30;6;kWh;0;12717;0;0;12717;12717
18/09/2024 01:30;18/09/2024 01:45;7;kWh;0;14647;0;0;14647;14647
18/09/2024 01:45;18/09/2024 02:00;8;kWh;0;24369;0;0;24369;24369
18/09/2024 02:00;18/09/2024 02:15;9;kWh;0;4797;0;0;4797;4797
18/09/2024 02:15;18/09/2024 02:30;10;kWh;-381;5893;0;0;6274;5512
18/09/2024 02:30;18/09/2024 02:45;11;kWh;-860;0;0;0;860;-860
18/09/2024 02:45;18/09/2024 03:00;12;kWh;-21;3827;0;0;3848;3806
18/09/2024 03:00;18/09/2024 03:15;13;kWh;0;1809;0;0;1809;1809
18/09/2024 03:15;18/09/2024 03:30;14;kWh;0;1373;0;0;1373;1373
18/09/2024 03:30;18/09/2024 03:45;15;kWh;0;76;0;0;76;76
18/09/2024 03:45;18/09/2024 04:00;16;kWh;-2;0;0;0;2;-2
18/09/2024 04:00;18/09/2024 04:15;17;kWh;-2535;0;0;0;2535;-2535
18/09/2024 04:15;18/09/2024 04:30;18;kWh;-126;0;0;0;126;-126
18/09/2024 04:30;18/09/2024 04:45;19;kWh;0;0;0;0;0;0
18/09/2024 04:45;18/09/2024 05:00;20;kWh;0;0;0;0;0;0
18/09/2024 05:00;18/09/2024 05:15;21;kWh;-915;0;0;0;915;-915
18/09/2024 05:15;18/09/2024 05:30;22;kWh;-17;3157;0;0;3174;3140
18/09/2024 05:30;18/09/2024 05:45;23;kWh;0;26770;0;0;26770;26770
18/09/2024 05:45;18/09/2024 06:00;24;kWh;0;16181;0;0;16181;16181
18/09/2024 06:00;18/09/2024 06:15;25;kWh;0;1969;0;0;1969;1969
18/09/2024 06:15;18/09/2024 06:30;26;kWh;0;8222;0;0;8222;8222
18/09/2024 06:30;18/09/2024 06:45;27;kWh;0;16639;0;0;16639;16639
18/09/2024 06:45;18/09/2024 07:00;28;kWh;0;35634;0;0;35634;35634
18/09/2024 07:00;18/09/2024 07:15;29;kWh;0;18166;0;0;18166;18166
18/09/2024 07:15;18/09/2024 07:30;30;kWh;0;30668;0;0;30668;30668
18/09/2024 07:30;18/09/2024 07:45;31;kWh;0;44897;0;0;44897;44897
18/09/2024 07:45;18/09/2024 08:00;32;kWh;0;61660;0;0;61660;61660
18/09/2024 08:00;18/09/2024 08:15;33;kWh;0;85447;0;0;85447;85447
18/09/2024 08:15;18/09/2024 08:30;34;kWh;0;61867;0;0;61867;61867
18/09/2024 08:30;18/09/2024 08:45;35;kWh;0;93665;0;0;93665;93665
18/09/2024 08:45;18/09/2024 09:00;36;kWh;0;76993;0;0;76993;76993
18/09/2024 09:00;18/09/2024 09:15;37;kWh;0;22467;0;0;22467;22467
18/09/2024 09:15;18/09/2024 09:30;38;kWh;0;74492;0;0;74492;74492
18/09/2024 09:30;18/09/2024 09:45;39;kWh;0;85524;0;0;85524;85524
18/09/2024 09:45;18/09/2024 10:00;40;kWh;0;64024;0;0;64024;64024
18/09/2024 10:00;18/09/2024 10:15;41;kWh;0;1546;0;0;1546;1546
18/09/2024 10:15;18/09/2024 10:30;42;kWh;0;3014;0;0;3014;3014
18/09/2024 10:30;18/09/2024 10:45;43;kWh;0;15163;0;0;15163;15163
18/09/2024 10:45;18/09/2024 11:00;44;kWh;-2175;3092;0;0;5267;917
18/09/2024 11:00;18/09/2024 11:15;45;kWh;-787;30765;0;0;31552;29978
18/09/2024 11:15;18/09/2024 11:30;46;kWh;-8271;2358;0;0;10629;-5913
18/09/2024 11:30;18/09/2024 11:45;47;kWh;-4134;10;0;0;4144;-4124
18/09/2024 11:45;18/09/2024 12:00;48;kWh;-7615;0;0;0;7615;-7615
18/09/2024 12:00;18/09/2024 12:15;49;kWh;-229;34591;0;0;34820;34362
18/09/2024 12:15;18/09/2024 12:30;50;kWh;-8245;0;0;0;8245;-8245
18/09/2024 12:30;18/09/2024 12:45;51;kWh;-14797;0;0;0;14797;-14797
18/09/2024 12:45;18/09/2024 13:00;52;kWh;-33586;0;0;0;33586;-33586
18/09/2024 13:00;18/09/2024 13:15;53;kWh;-17690;0;0;0;17690;-17690
18/09/2024 13:15;18/09/2024 13:30;54;kWh;-21622;0;0;0;21622;-21622
18/09/2024 13:30;18/09/2024 13:45;55;kWh;-41987;0;0;0;41987;-41987
18/09/2024 13:45;18/09/2024 14:00;56;kWh;-31060;0;0;0;31060;-31060
18/09/2024 14:00;18/09/2024 14:15;57;kWh;-11990;0;0;0;11990;-11990
18/09/2024 14:15;18/09/2024 14:30;58;kWh;-4480;0;0;0;4480;-4480
18/09/2024 14:30;18/09/2024 14:45;59;kWh;-13867;0;0;0;13867;-13867
18/09/2024 14:45;18/09/2024 15:00;60;kWh;-1351;0;0;0;1351;-1351
18/09/2024 15:00;18/09/2024 15:15;61;kWh;-8894;0;0;0;8894;-8894
18/09/2024 15:15;18/09/2024 15:30;62;kWh;-1665;16;0;0;1681;-1649
18/09/2024 15:30;18/09/2024 15:45;63;kWh;-1084;0;0;0;1084;-1084
18/09/2024 15:45;18/09/2024 16:00;64;kWh;-1002;0;0;0;1002;-1002
18/09/2024 16:00;18/09/2024 16:15;65;kWh;-9435;657;0;0;10092;-8778
18/09/2024 16:15;18/09/2024 16:30;66;kWh;0;3024;0;0;3024;3024
18/09/2024 16:30;18/09/2024 16:45;67;kWh;0;12354;0;0;12354;12354
18/09/2024 16:45;18/09/2024 17:00;68;kWh;0;59388;0;0;59388;59388
18/09/2024 17:00;18/09/2024 17:15;69;kWh;0;12157;0;0;12157;12157
18/09/2024 17:15;18/09/2024 17:30;70;kWh;0;1826;0;0;1826;1826
18/09/2024 17:30;18/09/2024 17:45;71;kWh;-145;11108;0;0;11253;10963
18/09/2024 17:45;18/09/2024 18:00;72;kWh;0;14670;0;0;14670;14670
18/09/2024 18:00;18/09/2024 18:15;73;kWh;-13079;0;0;0;13079;-13079
18/09/2024 18:15;18/09/2024 18:30;74;kWh;-3427;0;0;0;3427;-3427
18/09/2024 18:30;18/09/2024 18:45;75;kWh;-575;0;0;0;575;-575
18/09/2024 18:45;18/09/2024 19:00;76;kWh;0;801;0;0;801;801
18/09/2024 19:00;18/09/2024 19:15;77;kWh;-10274;321;0;0;10595;-9953
18/09/2024 19:15;18/09/2024 19:30;78;kWh;-17191;0;0;0;17191;-17191
18/09/2024 19:30;18/09/2024 19:45;79;kWh;-5935;0;0;0;5935;-5935
18/09/2024 19:45;18/09/2024 20:00;80;kWh;-733;0;0;0;733;-733
18/09/2024 20:00;18/09/2024 20:15;81;kWh;-345;0;0;0;345;-345
18/09/2024 20:15;18/09/2024 20:30;82;kWh;-3334;0;0;0;3334;-3334
18/09/2024 20:30;18/09/2024 20:45;83;kWh;-9870;0;0;0;9870;-9870
18/09/2024 20:45;18/09/2024 21:00;84;kWh;-30445;0;0;0;30445;-30445
18/09/2024 21:00;18/09/2024 21:15;85;kWh;-6690;0;0;0;6690;-6690
18/09/2024 21:15;18/09/2024 21:30;86;kWh;-10841;0;0;0;10841;-10841
18/09/2024 21:30;18/09/2024 21:45;87;kWh;-17333;0;0;0;17333;-17333
18/09/2024 21:45;18/09/2024 22:00;88;kWh;-7026;0;0;0;7026;-7026
18/09/2024 22:00;18/09/2024 22:15;89;kWh;-126;0;0;0;126;-126
18/09/2024 22:15;18/09/2024 22:30;90;kWh;-320;0;0;0;320;-320
18/09/2024 22:30;18/09/2024 22:45;91;kWh;-12866;0;0;0;12866;-12866
18/09/2024 22:45;18/09/2024 23:00;92;kWh;-12944;0;0;0;12944;-12944
18/09/2024 23:00;18/09/2024 23:15;93;kWh;-5737;0;0;0;5737;-5737
18/09/2024 23:15;18/09/2024 23:30;94;kWh;-10640;0;0;0;10640;-10640
18/09/2024 23:30;18/09/2024 23:45;95;kWh;-550;0;0;0;550;-550
18/09/2024 23:45;19/09/2024 00:00;96;kWh;-14667;0;0;0;14667;-14667
19/09/2024 00:00;19/09/2024 00:15;1;kWh;-15908;0;0;0;15908;-15908
19/09/2024 00:15;19/09/2024 00:30;2;kWh;-12178;0;0;0;12178;-12178
19/09/2024 00:30;19/09/2024 00:45;3;kWh;-5859;226;0;0;6085;-5633
19/09/2024 00:45;19/09/2024 01:00;4;kWh;-1359;137;0;0;1496;-1222
19/09/2024 01:00;19/09/2024 01:15;5;kWh;0;2083;0;0;2083;2083
19/09/2024 01:15;19/09/2024 01:30;6;kWh;0;8713;0;0;8713;8713
19/09/2024 01:30;19/09/2024 01:45;7;kWh;0;13280;0;0;13280;13280
19/09/2024 01:45;19/09/2024 02:00;8;kWh;0;5514;0;0;5514;5514
19/09/2024 02:00;19/09/2024 02:15;9;kWh;0;7547;0;0;7547;7547
19/09/2024 02:15;19/09/2024 02:30;10;kWh;0;10408;0;0;10408;10408
19/09/2024 02:30;19/09/2024 02:45;11;kWh;0;28617;0;0;28617;28617
19/09/2024 02:45;19/09/2024 03:00;12;kWh;0;30848;0;0;30848;30848
19/09/2024 03:00;19/09/2024 03:15;13;kWh;-6347;2281;0;0;8628;-4066
19/09/2024 03:15;19/09/2024 03:30;14;kWh;-206;38380;0;0;38586;38174
19/09/2024 03:30;19/09/2024 03:45;15;kWh;0;8669;0;0;8669;8669
19/09/2024 03:45;19/09/2024 04:00;16;kWh;-820;6086;0;0;6906;5266
19/09/2024 04:00;19/09/2024 04:15;17;kWh;-4703;11919;0;0;16622;7216
19/09/2024 04:15;19/09/2024 04:30;18;kWh;0;48004;0;0;48004;48004
19/09/2024 04:30;19/09/2024 04:45;19;kWh;0;16415;0;0;16415;16415
19/09/2024 04:45;19/09/2024 05:00;20;kWh;0;3403;0;0;3403;3403
19/09/2024 05:00;19/09/2024 05:15;21;kWh;0;7126;0;0;7126;7126
19/09/2024 05:15;19/09/2024 05:30;22;kWh;0;996;0;0;996;996
19/09/2024 05:30;19/09/2024 05:45;23;kWh;0;0;0;0;0;0
19/09/2024 05:45;19/09/2024 06:00;24;kWh;-72;0;0;0;72;-72
19/09/2024 06:00;19/09/2024 06:15;25;kWh;-1094;5777;0;0;6871;4683
19/09/2024 06:15;19/09/2024 06:30;26;kWh;0;18856;0;0;18856;18856
19/09/2024 06:30;19/09/2024 06:45;27;kWh;0;23709;0;0;23709;23709
19/09/2024 06:45;19/09/2024 07:00;28;kWh;0;52094;0;0;52094;52094
19/09/2024 07:00;19/09/2024 07:15;29;kWh;0;24301;0;0;24301;24301
19/09/2024 07:15;19/09/2024 07:30;30;kWh;0;44372;0;0;44372;44372
19/09/2024 07:30;19/09/2024 07:45;31;kWh;0;52412;0;0;52412;52412
19/09/2024 07:45;19/09/2024 08:00;32;kWh;0;37021;0;0;37021;37021
19/09/2024 08:00;19/09/2024 08:15;33;kWh;-41;901;0;0;942;860
19/09/2024 08:15;19/09/2024 08:30;34;kWh;-15562;0;0;0;15562;-15562
19/09/2024 08:30;19/09/2024 08:45;35;kWh;-16975;0;0;0;16975;-16975
19/09/2024 08:45;19/09/2024 09:00;36;kWh;-1096;337;0;0;1433;-759
19/09/2024 09:00;19/09/2024 09:15;37;kWh;0;246;0;0;246;246
19/09/2024 09:15;19/09/2024 09:30;38;kWh;0;27781;0;0;27781;27781
19/09/2024 09:30;19/09/2024 09:45;39;kWh;-1;12251;0;0;12252;12250
19/09/2024 09:45;19/09/2024 10:00;40;kWh;-8;14711;0;0;14719;14703
19/09/2024 10:00;19/09/2024 10:15;41;kWh;0;11514;0;0;11514;11514
19/09/2024 10:15;19/09/2024 10:30;42;kWh;0;42767;0;0;42767;42767
19/09/2024 10:30;19/09/2024 10:45;43;kWh;-34;13990;0;0;14024;13956
19/09/2024 10:45;19/09/2024 11:00;44;kWh;-6476;7;0;0;6483;-6469
19/09/2024 11:00;19/09/2024 11:15;45;kWh;-697;37896;0;0;38593;37199
19/09/2024 11:15;19/09/2024 11:30;46;kWh;-1101;1897;0;0;2998;796
19/09/2024 11:30;19/09/2024 11:45;47;kWh;-3560;3;0;0;3563;-3557
19/09/2024 11:45;19/09/2024 12:00;48;kWh;-6497;0;0;0;6497;-6497
19/09/2024 12:00;19/09/2024 12:15;49;kWh;-3066;9233;0;0;12299;6167
19/09/2024 12:15;19/09/2024 12:30;50;kWh;-5238;138;0;0;5376;-5100
19/09/2024 12:30;19/09/2024 12:45;51;kWh;-27057;0;0;0;27057;-27057
19/09/2024 12:45;19/09/2024 13:00;52;kWh;-37218;0;0;0;37218;-37218
19/09/2024 13:00;19/09/2024 13:15;53;kWh;-20486;0;0;0;20486;-20486
19/09/2024 13:15;19/09/2024 13:30;54;kWh;-13734;0;0;0;13734;-13734
19/09/2024 13:30;19/09/2024 13:45;55;kWh;-21800;0;0;0;21800;-21800
19/09/2024 13:45;19/09/2024 14:00;56;kWh;-18023;0;0;0;18023;-18023
19/09/2024 14:00;19/09/2024 14:15;57;kWh;-16005;0;0;0;16005;-16005
19/09/2024 14:15;19/09/2024 14:30;58;kWh;-9605;0;0;0;9605;-9605
19/09/2024 14:30;19/09/2024 14:45;59;kWh;-10338;0;0;0;10338;-10338
19/09/2024 14:45;19/09/2024 15:00;60;kWh;-7534;0;0;0;7534;-7534
19/09/2024 15:00;19/09/2024 15:15;61;kWh;-24558;0;0;0;24558;-24558
19/09/2024 15:15;19/09/2024 15:30;62;kWh;-8423;18;0;0;8441;-8405
19/09/2024 15:30;19/09/2024 15:45;63;kWh;0;203;0;0;203;203
19/09/2024 15:45;19/09/2024 16:00;64;kWh;0;12921;0;0;12921;12921
19/09/2024 16:00;19/09/2024 16:15;65;kWh;-7366;1297;0;0;8663;-6069
19/09/2024 16:15;19/09/2024 16:30;66;kWh;-35;12276;0;0;12311;12241
19/09/2024 16:30;19/09/2024 16:45;67;kWh;0;26794;0;0;26794;26794
19/09/2024 16:45;19/09/2024 17:00;68;kWh;0;41850;0;0;41850;41850
19/09/2024 17:00;19/09/2024 17:15;69;kWh;0;7562;0;0;7562;7562
19/09/2024 17:15;19/09/2024 17:30;70;kWh;-170;10247;0;0;10417;10077
19/09/2024 17:30;19/09/2024 17:45;71;kWh;0;11024;0;0;11024;11024
19/09/2024 17:45;19/09/2024 18:00;72;kWh;0;0;0;0;0;0
19/09/2024 18:00;19/09/2024 18:15;73;kWh;-2263;224;0;0;2487;-2039
19/09/2024 18:15;19/09/2024 18:30;74;kWh;0;8775;0;0;8775;8775
19/09/2024 18:30;19/09/2024 18:45;75;kWh;0;3158;0;0;3158;3158
19/09/2024 18:45;19/09/2024 19:00;76;kWh;0;30431;0;0;30431;30431
19/09/2024 19:00;19/09/2024 19:15;77;kWh;0;2836;0;0;2836;2836
19/09/2024 19:15;19/09/2024 19:30;78;kWh;-955;0;0;0;955;-955
19/09/2024 19:30;19/09/2024 19:45;79;kWh;-16871;0;0;0;16871;-16871
19/09/2024 19:45;19/09/2024 20:00;80;kWh;-5140;0;0;0;5140;-5140
19/09/2024 20:00;19/09/2024 20:15;81;kWh;-5505;4536;0;0;10041;-969
19/09/2024 20:15;19/09/2024 20:30;82;kWh;-18191;0;0;0;18191;-18191
19/09/2024 20:30;19/09/2024 20:45;83;kWh;-32719;0;0;0;32719;-32719
19/09/2024 20:45;19/09/2024 21:00;84;kWh;-48229;0;0;0;48229;-48229
19/09/2024 21:00;19/09/2024 21:15;85;kWh;-34761;0;0;0;34761;-34761
19/09/2024 21:15;19/09/2024 21:30;86;kWh;-32345;0;0;0;32345;-32345
19/09/2024 21:30;19/09/2024 21:45;87;kWh;-35767;0;0;0;35767;-35767
19/09/2024 21:45;19/09/2024 22:00;88;kWh;-33678;0;0;0;33678;-33678
19/09/2024 22:00;19/09/2024 22:15;89;kWh;-13621;0;0;0;13621;-13621
19/09/2024 22:15;19/09/2024 22:30;90;kWh;-11480;0;0;0;11480;-11480
19/09/2024 22:30;19/09/2024 22:45;91;kWh;-13214;0;0;0;13214;-13214
19/09/2024 22:45;19/09/2024 23:00;92;kWh;-3922;0;0;0;3922;-3922
19/09/2024 23:00;19/09/2024 23:15;93;kWh;-1058;8467;0;0;9525;7409
19/09/2024 23:15;19/09/2024 23:30;94;kWh;0;5568;0;0;5568;5568
19/09/2024 23:30;19/09/2024 23:45;95;kWh;0;9841;0;0;9841;9841
19/09/2024 23:45;20/09/2024 00:00;96;kWh;-23;1007;0;0;1030;984
20/09/2024 00:00;20/09/2024 00:15;1;kWh;-793;23336;0;0;24129;22543
20/09/2024 00:15;20/09/2024 00:30;2;kWh;0;30955;0;0;30955;30955
20/09/2024 00:30;20/09/2024 00:45;3;kWh;0;6207;0;0;6207;6207
20/09/2024 00:45;20/09/2024 01:00;4;kWh;0;10620;0;0;10620;10620
20/09/2024 01:00;20/09/2024 01:15;5;kWh;-5196;2493;0;0;7689;-2703
20/09/2024 01:15;20/09/2024 01:30;6;kWh;-17009;0;0;0;17009;-17009
20/09/2024 01:30;20/09/2024 01:45;7;kWh;-7927;582;0;0;8509;-7345
20/09/2024 01:45;20/09/2024 02:00;8;kWh;-4396;0;0;0;4396;-4396
20/09/2024 02:00;20/09/2024 02:15;9;kWh;-1056;0;0;0;1056;-1056
20/09/2024 02:15;20/09/2024 02:30;10;kWh;0;0;0;0;0;0
20/09/2024 02:30;20/09/2024 02:45;11;kWh;0;0;0;0;0;0
20/09/2024 02:45;20/09/2024 03:00;12;kWh;-10639;0;0;0;10639;-10639
20/09/2024 03:00;20/09/2024 03:15;13;kWh;-7273;332;0;0;7605;-6941
20/09/2024 03:15;20/09/2024 03:30;14;kWh;0;0;0;0;0;0
20/09/2024 03:30;20/09/2024 03:45;15;kWh;-3242;0;0;0;3242;-3242
20/09/2024 03:45;20/09/2024 04:00;16;kWh;-4253;0;0;0;4253;-4253
20/09/2024 04:00;20/09/2024 04:15;17;kWh;-242;918;0;0;1160;676
20/09/2024 04:15;20/09/2024 04:30;18;kWh;-9774;4;0;0;9778;-9770
20/09/2024 04:30;20/09/2024 04:45;19;kWh;-20951;0;0;0;20951;-20951
20/09/2024 04:45;20/09/2024 05:00;20;kWh;-3053;0;0;0;3053;-3053
20/09/2024 05:00;20/09/2024 05:15;21;kWh;-694;4314;0;0;5008;3620
20/09/2024 05:15;20/09/2024 05:30;22;kWh;-1586;6479;0;0;8065;4893
20/09/2024 05:30;20/09/2024 05:45;23;kWh;-2433;0;0;0;2433;-2433
20/09/2024 05:45;20/09/2024 06:00;24;kWh;-32249;0;0;0;32249;-32249
20/09/2024 06:00;20/09/2024 06:15;25;kWh;-874;25050;0;0;25924;24176
20/09/2024 06:15;20/09/2024 06:30;26;kWh;-16195;142;0;0;16337;-16053
20/09/2024 06:30;20/09/2024 06:45;27;kWh;-7810;1079;0;0;8889;-6731
20/09/2024 06:45;20/09/2024 07:00;28;kWh;-9617;65;0;0;9682;-9552
20/09/2024 07:00;20/09/2024 07:15;29;kWh;-26567;0;0;0;26567;-26567
20/09/2024 07:15;20/09/2024 07:30;30;kWh;-4706;0;0;0;4706;-4706
20/09/2024 07:30;20/09/2024 07:45;31;kWh;-3399;0;0;0;3399;-3399
20/09/2024 07:45;20/09/2024 08:00;32;kWh;0;20803;0;0;20803;20803
20/09/2024 08:00;20/09/2024 08:15;33;kWh;-591;14689;0;0;15280;14098
20/09/2024 08:15;20/09/2024 08:30;34;kWh;-1067;0;0;0;1067;-1067
20/09/2024 08:30;20/09/2024 08:45;35;kWh;-857;1037;0;0;1894;180
20/09/2024 08:45;20/09/2024 09:00;36;kWh;-25025;0;0;0;25025;-25025
20/09/2024 09:00;20/09/2024 09:15;37;kWh;-16568;17382;0;0;33950;814
20/09/2024 09:15;20/09/2024 09:30;38;kWh;-179;7879;0;0;8058;7700
20/09/2024 09:30;20/09/2024 09:45;39;kWh;-8356;0;0;0;8356;-8356
20/09/2024 09:45;20/09/2024 10:00;40;kWh;-11267;0;0;0;11267;-11267
20/09/2024 10:00;20/09/2024 10:15;41;kWh;-1870;0;0;0;1870;-1870
20/09/2024 10:15;20/09/2024 10:30;42;kWh;-13538;0;0;0;13538;-13538
20/09/2024 10:30;20/09/2024 10:45;43;kWh;-18452;0;0;0;18452;-18452
20/09/2024 10:45;20/09/2024 11:00;44;kWh;-27443;0;0;0;27443;-27443
20/09/2024 11:00;20/09/2024 11:15;45;kWh;-22725;0;0;0;22725;-22725
20/09/2024 11:15;20/09/2024 11:30;46;kWh;-9779;0;0;0;9779;-9779
20/09/2024 11:30;20/09/2024 11:45;47;kWh;-34101;0;0;0;34101;-34101
20/09/2024 11:45;20/09/2024 12:00;48;kWh;-20222;0;0;0;20222;-20222
20/09/2024 12:00;20/09/2024 12:15;49;kWh;-20579;0;0;0;20579;-20579
20/09/2024 12:15;20/09/2024 12:30;50;kWh;-31373;0;0;0;31373;-31373
20/09/2024 12:30;20/09/2024 12:45;51;kWh;-37777;0;0;0;37777;-37777
20/09/2024 12:45;20/09/2024 13:00;52;kWh;-24011;0;0;0;24011;-24011
20/09/2024 13:00;20/09/2024 13:15;53;kWh;-17346;0;0;0;17346;-17346
20/09/2024 13:15;20/09/2024 13:30;54;kWh;-33332;0;0;0;33332;-33332
20/09/2024 13:30;20/09/2024 13:45;55;kWh;-31189;0;0;0;31189;-31189
20/09/2024 13:45;20/09/2024 14:00;56;kWh;-18428;0;0;0;18428;-18428
20/09/2024 14:00;20/09/2024 14:15;57;kWh;-13661;557;0;0;14218;-13104
20/09/2024 14:15;20/09/2024 14:30;58;kWh;-15777;129;0;0;15906;-15648
20/09/2024 14:30;20/09/2024 14:45;59;kWh;-22004;512;0;0;22516;-21492
20/09/2024 14:45;20/09/2024 15:00;60;kWh;-18704;848;0;0;19552;-17856
20/09/2024 15:00;20/09/2024 15:15;61;kWh;-25054;0;0;0;25054;-25054
20/09/2024 15:15;20/09/2024 15:30;62;kWh;-13726;0;0;0;13726;-13726
20/09/2024 15:30;20/09/2024 15:45;63;kWh;-17613;0;0;0;17613;-17613
20/09/2024 15:45;20/09/2024 16:00;64;kWh;-3236;0;0;0;3236;-3236
20/09/2024 16:00;20/09/2024 16:15;65;kWh;-17089;928;0;0;18017;-16161
20/09/2024 16:15;20/09/2024 16:30;66;kWh;-24454;1517;0;0;25971;-22937
20/09/2024 16:30;20/09/2024 16:45;67;kWh;-16290;3041;0;0;19331;-13249
20/09/2024 16:45;20/09/2024 17:00;68;kWh;-1448;6808;0;0;8256;5360
20/09/2024 17:00;20/09/2024 17:15;69;kWh;-17088;4326;0;0;21414;-12762
20/09/2024 17:15;20/09/2024 17:30;70;kWh;-18496;4210;0;0;22706;-14286
20/09/2024 17:30;20/09/2024 17:45;71;kWh;0;1206;0;0;1206;1206
20/09/2024 17:45;20/09/2024 18:00;72;kWh;0;0;0;0;0;0
20/09/2024 18:00;20/09/2024 18:15;73;kWh;-473;0;0;0;473;-473
20/09/2024 18:15;20/09/2024 18:30;74;kWh;-4300;1471;0;0;5771;-2829
20/09/2024 18:30;20/09/2024 18:45;75;kWh;0;15458;0;0;15458;15458
20/09/2024 18:45;20/09/2024 19:00;76;kWh;0;54825;0;0;54825;54825
20/09/2024 19:00;20/09/2024 19:15;77;kWh;0;7522;0;0;7522;7522
20/09/2024 19:15;20/09/2024 19:30;78;kWh;0;823;0;0;823;823
20/09/2024 19:30;20/09/2024 19:45;79;kWh;0;388;0;0;388;388
20/09/2024 19:45;20/09/2024 20:00;80;kWh;0;0;0;0;0;0
20/09/2024 20:00;20/09/2024 20:15;81;kWh;-103;1331;0;0;1434;1228
20/09/2024 20:15;20/09/2024 20:30;82;kWh;-39300;0;0;0;39300;-39300
20/09/2024 20:30;20/09/2024 20:45;83;kWh;-47166;0;0;0;47166;-47166
20/09/2024 20:45;20/09/2024 21:00;84;kWh;-35051;0;0;0;35051;-35051
20/09/2024 21:00;20/09/2024 21:15;85;kWh;-33638;0;0;0;33638;-33638
20/09/2024 21:15;20/09/2024 21:30;86;kWh;-7797;0;0;0;7797;-7797
20/09/2024 21:30;20/09/2024 21:45;87;kWh;-12633;0;0;0;12633;-12633
20/09/2024 21:45;20/09/2024 22:00;88;kWh;-16680;0;0;0;16680;-16680
20/09/2024 22:00;20/09/2024 22:15;89;kWh;-9393;0;0;0;9393;-9393
20/09/2024 22:15;20/09/2024 22:30;90;kWh;-5427;0;0;0;5427;-5427
20/09/2024 22:30;20/09/2024 22:45;91;kWh;-7949;0;0;0;7949;-7949
20/09/2024 22:45;20/09/2024 23:00;92;kWh;-2958;0;0;0;2958;-2958
20/09/2024 23:00;20/09/2024 23:15;93;kWh;-1149;0;0;0;1149;-1149
20/09/2024 23:15;20/09/2024 23:30;94;kWh;-15306;0;0;0;15306;-15306
20/09/2024 23:30;20/09/2024 23:45;95;kWh;-12912;0;0;0;12912;-12912
20/09/2024 23:45;21/09/2024 00:00;96;kWh;-14290;0;0;0;14290;-14290
21/09/2024 00:00;21/09/2024 00:15;1;kWh;-24333;0;0;0;24333;-24333
21/09/2024 00:15;21/09/2024 00:30;2;kWh;-13371;1036;0;0;14407;-12335
21/09/2024 00:30;21/09/2024 00:45;3;kWh;0;114;0;0;114;114
21/09/2024 00:45;21/09/2024 01:00;4;kWh;-702;0;0;0;702;-702
21/09/2024 01:00;21/09/2024 01:15;5;kWh;-64;17186;0;0;17250;17122
21/09/2024 01:15;21/09/2024 01:30;6;kWh;0;22162;0;0;22162;22162
21/09/2024 01:30;21/09/2024 01:45;7;kWh;0;22868;0;0;22868;22868
21/09/2024 01:45;21/09/2024 02:00;8;kWh;0;36155;0;0;36155;36155
21/09/2024 02:00;21/09/2024 02:15;9;kWh;0;69468;0;0;69468;69468
21/09/2024 02:15;21/09/2024 02:30;10;kWh;0;50705;0;0;50705;50705
21/09/2024 02:30;21/09/2024 02:45;11;kWh;0;48781;0;0;48781;48781
21/09/2024 02:45;21/09/2024 03:00;12;kWh;0;28811;0;0;28811;28811
21/09/2024 03:00;21/09/2024 03:15;13;kWh;0;1910;0;0;1910;1910
21/09/2024 03:15;21/09/2024 03:30;14;kWh;0;3313;0;0;3313;3313
21/09/2024 03:30;21/09/2024 03:45;15;kWh;0;19700;0;0;19700;19700
21/09/2024 03:45;21/09/2024 04:00;16;kWh;0;34628;0;0;34628;34628
21/09/2024 04:00;21/09/2024 04:15;17;kWh;0;8555;0;0;8555;8555
21/09/2024 04:15;21/09/2024 04:30;18;kWh;0;6639;0;0;6639;6639
21/09/2024 04:30;21/09/2024 04:45;19;kWh;0;11103;0;0;11103;11103
21/09/2024 04:45;21/09/2024 05:00;20;kWh;0;2909;0;0;2909;2909
21/09/2024 05:00;21/09/2024 05:15;21;kWh;0;77;0;0;77;77
21/09/2024 05:15;21/09/2024 05:30;22;kWh;0;2629;0;0;2629;2629
21/09/2024 05:30;21/09/2024 05:45;23;kWh;0;2046;0;0;2046;2046
21/09/2024 05:45;21/09/2024 06:00;24;kWh;0;1054;0;0;1054;1054
21/09/2024 06:00;21/09/2024 06:15;25;kWh;0;4546;0;0;4546;4546
21/09/2024 06:15;21/09/2024 06:30;26;kWh;0;2853;0;0;2853;2853
21/09/2024 06:30;21/09/2024 06:45;27;kWh;0;18325;0;0;18325;18325
21/09/2024 06:45;21/09/2024 07:00;28;kWh;0;26779;0;0;26779;26779
21/09/2024 07:00;21/09/2024 07:15;29;kWh;0;21877;0;0;21877;21877
21/09/2024 07:15;21/09/2024 07:30;30;kWh;0;22848;0;0;22848;22848
21/09/2024 07:30;21/09/2024 07:45;31;kWh;-8;5004;0;0;5012;4996
21/09/2024 07:45;21/09/2024 08:00;32;kWh;-523;0;0;0;523;-523
21/09/2024 08:00;21/09/2024 08:15;33;kWh;-2788;0;0;0;2788;-2788
21/09/2024 08:15;21/09/2024 08:30;34;kWh;-1392;0;0;0;1392;-1392
21/09/2024 08:30;21/09/2024 08:45;35;kWh;-1644;0;0;0;1644;-1644
21/09/2024 08:45;21/09/2024 09:00;36;kWh;-816;0;0;0;816;-816
21/09/2024 09:00;21/09/2024 09:15;37;kWh;0;29943;0;0;29943;29943
21/09/2024 09:15;21/09/2024 09:30;38;kWh;0;18545;0;0;18545;18545
21/09/2024 09:30;21/09/2024 09:45;39;kWh;0;8818;0;0;8818;8818
21/09/2024 09:45;21/09/2024 10:00;40;kWh;-993;0;0;0;993;-993
21/09/2024 10:00;21/09/2024 10:15;41;kWh;-2205;12502;0;0;14707;10297
21/09/2024 10:15;21/09/2024 10:30;42;kWh;0;26539;0;0;26539;26539
21/09/2024 10:30;21/09/2024 10:45;43;kWh;-3260;0;0;0;3260;-3260
21/09/2024 10:45;21/09/2024 11:00;44;kWh;-12833;0;0;0;12833;-12833
21/09/2024 11:00;21/09/2024 11:15;45;kWh;0;49;0;0;49;49
21/09/2024 11:15;21/09/2024 11:30;46;kWh;0;1661;0;0;1661;1661
21/09/2024 11:30;21/09/2024 11:45;47;kWh;-3064;0;0;0;3064;-3064
21/09/2024 11:45;21/09/2024 12:00;48;kWh;-5253;0;0;0;5253;-5253
21/09/2024 12:00;21/09/2024 12:15;49;kWh;0;186;0;0;186;186
21/09/2024 12:15;21/09/2024 12:30;50;kWh;-2792;0;0;0;2792;-2792
21/09/2024 12:30;21/09/2024 12:45;51;kWh;-11232;0;0;0;11232;-11232
21/09/2024 12:45;21/09/2024 13:00;52;kWh;-12324;0;0;0;12324;-12324
21/09/2024 13:00;21/09/2024 13:15;53;kWh;-8332;234;0;0;8566;-8098
21/09/2024 13:15;21/09/2024 13:30;54;kWh;-9208;12;0;0;9220;-9196
21/09/2024 13:30;21/09/2024 13:45;55;kWh;-10653;0;0;0;10653;-10653
21/09/2024 13:45;21/09/2024 14:00;56;kWh;-11663;0;0;0;11663;-11663
21/09/2024 14:00;21/09/2024 14:15;57;kWh;-15505;0;0;0;15505;-15505
21/09/2024 14:15;21/09/2024 14:30;58;kWh;-16213;0;0;0;16213;-16213
21/09/2024 14:30;21/09/2024 14:45;59;kWh;-12938;0;0;0;12938;-12938
21/09/2024 14:45;21/09/2024 15:00;60;kWh;-8559;0;0;0;8559;-8559
21/09/2024 15:00;21/09/2024 15:15;61;kWh;-15362;0;0;0;15362;-15362
21/09/2024 15:15;21/09/2024 15:30;62;kWh;-2012;0;0;0;2012;-2012
21/09/2024 15:30;21/09/2024 15:45;63;kWh;-580;632;0;0;1212;52
21/09/2024 15:45;21/09/2024 16:00;64;kWh;-8;1306;0;0;1314;1298
21/09/2024 16:00;21/09/2024 16:15;65;kWh;-10462;148;0;0;10610;-10314
21/09/2024 16:15;21/09/2024 16:30;66;kWh;-737;765;0;0;1502;28
21/09/2024 16:30;21/09/2024 16:45;67;kWh;0;6765;0;0;6765;6765
21/09/2024 16:45;21/09/2024 17:00;68;kWh;0;30580;0;0;30580;30580
21/09/2024 17:00;21/09/2024 17:15;69;kWh;-4724;8405;0;0;13129;3681
21/09/2024 17:15;21/09/2024 17:30;70;kWh;-399;9717;0;0;10116;9318
21/09/2024 17:30;21/09/2024 17:45;71;kWh;-1240;4185;0;0;5425;2945
21/09/2024 17:45;21/09/2024 18:00;72;kWh;0;2702;0;0;2702;2702
21/09/2024 18:00;21/09/2024 18:15;73;kWh;-1673;29478;0;0;31151;27805
21/09/2024 18:15;21/09/2024 18:30;74;kWh;-3823;0;0;0;3823;-3823
21/09/2024 18:30;21/09/2024 18:45;75;kWh;-211;4817;0;0;5028;4606
21/09/2024 18:45;21/09/2024 19:00;76;kWh;0;27464;0;0;27464;27464
21/09/2024 19:00;21/09/2024 19:15;77;kWh;-401;2113;0;0;2514;1712
21/09/2024 19:15;21/09/2024 19:30;78;kWh;-386;0;0;0;386;-386
21/09/2024 19:30;21/09/2024 19:45;79;kWh;0;1861;0;0;1861;1861
21/09/2024 19:45;21/09/2024 20:00;80;kWh;0;24864;0;0;24864;24864
21/09/2024 20:00;21/09/2024 20:15;81;kWh;0;42777;0;0;42777;42777
21/09/2024 20:15;21/09/2024 20:30;82;kWh;-40;25206;0;0;25246;25166
21/09/2024 20:30;21/09/2024 20:45;83;kWh;-14494;87;0;0;14581;-14407
21/09/2024 20:45;21/09/2024 21:00;84;kWh;-27050;0;0;0;27050;-27050
21/09/2024 21:00;21/09/2024 21:15;85;kWh;-13213;0;0;0;13213;-13213
21/09/2024 21:15;21/09/2024 21:30;86;kWh;-16340;0;0;0;16340;-16340
21/09/2024 21:30;21/09/2024 21:45;87;kWh;-26350;0;0;0;26350;-26350
21/09/2024 21:45;21/09/2024 22:00;88;kWh;-14460;0;0;0;14460;-14460
21/09/2024 22:00;21/09/2024 22:15;89;kWh;-32345;0;0;0;32345;-32345
21/09/2024 22:15;21/09/2024 22:30;90;kWh;-16421;0;0;0;16421;-16421
21/09/2024 22:30;21/09/2024 22:45;91;kWh;-12604;0;0;0;12604;-12604
21/09/2024 22:45;21/09/2024 23:00;92;kWh;-8311;0;0;0;8311;-8311
21/09/2024 23:00;21/09/2024 23:15;93;kWh;-5817;283;0;0;6100;-5534
21/09/2024 23:15;21/09/2024 23:30;94;kWh;0;3292;0;0;3292;3292
21/09/2024 23:30;21/09/2024 23:45;95;kWh;0;3560;0;0;3560;3560
21/09/2024 23:45;22/09/2024 00:00;96;kWh;0;6166;0;0;6166;6166
22/09/2024 00:00;22/09/2024 00:15;1;kWh;-2593;374;0;0;2967;-2219
22/09/2024 00:15;22/09/2024 00:30;2;kWh;-4437;0;0;0;4437;-4437
22/09/2024 00:30;22/09/2024 00:45;3;kWh;-16415;0;0;0;16415;-16415
22/09/2024 00:45;22/09/2024 01:00;4;kWh;-9845;0;0;0;9845;-9845
22/09/2024 01:00;22/09/2024 01:15;5;kWh;-235;0;0;0;235;-235
22/09/2024 01:15;22/09/2024 01:30;6;kWh;0;501;0;0;501;501
22/09/2024 01:30;22/09/2024 01:45;7;kWh;0;378;0;0;378;378
22/09/2024 01:45;22/09/2024 02:00;8;kWh;0;9285;0;0;9285;9285
22/09/2024 02:00;22/09/2024 02:15;9;kWh;0;15195;0;0;15195;15195
22/09/2024 02:15;22/09/2024 02:30;10;kWh;0;14273;0;0;14273;14273
22/09/2024 02:30;22/09/2024 02:45;11;kWh;0;16018;0;0;16018;16018
22/09/2024 02:45;22/09/2024 03:00;12;kWh;0;6331;0;0;6331;6331
22/09/2024 03:00;22/09/2024 03:15;13;kWh;0;7796;0;0;7796;7796
22/09/2024 03:15;22/09/2024 03:30;14;kWh;0;12690;0;0;12690;12690
22/09/2024 03:30;22/09/2024 03:45;15;kWh;0;17709;0;0;17709;17709
22/09/2024 03:45;22/09/2024 04:00;16;kWh;0;6817;0;0;6817;6817
22/09/2024 04:00;22/09/2024 04:15;17;kWh;0;499;0;0;499;499
22/09/2024 04:15;22/09/2024 04:30;18;kWh;0;10459;0;0;10459;10459
22/09/2024 04:30;22/09/2024 04:45;19;kWh;0;14490;0;0;14490;14490
22/09/2024 04:45;22/09/2024 05:00;20;kWh;0;14397;0;0;14397;14397
22/09/2024 05:00;22/09/2024 05:15;21;kWh;0;3037;0;0;3037;3037
22/09/2024 05:15;22/09/2024 05:30;22;kWh;0;17046;0;0;17046;17046
22/09/2024 05:30;22/09/2024 05:45;23;kWh;0;27718;0;0;27718;27718
22/09/2024 05:45;22/09/2024 06:00;24;kWh;0;27322;0;0;27322;27322
22/09/2024 06:00;22/09/2024 06:15;25;kWh;0;3438;0;0;3438;3438
22/09/2024 06:15;22/09/2024 06:30;26;kWh;0;1491;0;0;1491;1491
22/09/2024 06:30;22/09/2024 06:45;27;kWh;0;4315;0;0;4315;4315
22/09/2024 06:45;22/09/2024 07:00;28;kWh;0;709;0;0;709;709
22/09/2024 07:00;22/09/2024 07:15;29;kWh;-4988;0;0;0;4988;-4988
22/09/2024 07:15;22/09/2024 07:30;30;kWh;-8751;0;0;0;8751;-8751
22/09/2024 07:30;22/09/2024 07:45;31;kWh;-8954;0;0;0;8954;-8954
22/09/2024 07:45;22/09/2024 08:00;32;kWh;-6941;0;0;0;6941;-6941
22/09/2024 08:00;22/09/2024 08:15;33;kWh;-32948;0;0;0;32948;-32948
22/09/2024 08:15;22/09/2024 08:30;34;kWh;-11077;0;0;0;11077;-11077
22/09/2024 08:30;22/09/2024 08:45;35;kWh;-32422;0;0;0;32422;-32422
22/09/2024 08:45;22/09/2024 09:00;36;kWh;-18642;0;0;0;18642;-18642
22/09/2024 09:00;22/09/2024 09:15;37;kWh;-19022;6972;0;0;25994;-12050
22/09/2024 09:15;22/09/2024 09:30;38;kWh;0;5010;0;0;5010;5010
22/09/2024 09:30;22/09/2024 09:45;39;kWh;0;0;0;0;0;0
22/09/2024 09:45;22/09/2024 10:00;40;kWh;0;0;0;0;0;0
22/09/2024 10:00;22/09/2024 10:15;41;kWh;0;5647;0;0;5647;5647
22/09/2024 10:15;22/09/2024 10:30;42;kWh;0;12772;0;0;12772;12772
22/09/2024 10:30;22/09/2024 10:45;43;kWh;-612;0;0;0;612;-612
22/09/2024 10:45;22/09/2024 11:00;44;kWh;-7010;0;0;0;7010;-7010
22/09/2024 11:00;22/09/2024 11:15;45;kWh;-5368;0;0;0;5368;-5368
22/09/2024 11:15;22/09/2024 11:30;46;kWh;-8527;0;0;0;8527;-8527
22/09/2024 11:30;22/09/2024 11:45;47;kWh;-12085;0;0;0;12085;-12085
22/09/2024 11:45;22/09/2024 12:00;48;kWh;-17943;0;0;0;17943;-17943
22/09/2024 12:00;22/09/2024 12:15;49;kWh;-15468;1134;0;0;16602;-14334
22/09/2024 12:15;22/09/2024 12:30;50;kWh;-23664;394;0;0;24058;-23270
22/09/2024 12:30;22/09/2024 12:45;51;kWh;-10315;453;0;0;10768;-9862
22/09/2024 12:45;22/09/2024 13:00;52;kWh;-4145;0;0;0;4145;-4145
22/09/2024 13:00;22/09/2024 13:15;53;kWh;-5764;0;0;0;5764;-5764
22/09/2024 13:15;22/09/2024 13:30;54;kWh;-2556;0;0;0;2556;-2556
22/09/2024 13:30;22/09/2024 13:45;55;kWh;-1919;0;0;0;1919;-1919
22/09/2024 13:45;22/09/2024 14:00;56;kWh;-6124;0;0;0;6124;-6124
22/09/2024 14:00;22/09/2024 14:15;57;kWh;-2110;0;0;0;2110;-2110
22/09/2024 14:15;22/09/2024 14:30;58;kWh;-427;0;0;0;427;-427
22/09/2024 14:30;22/09/2024 14:45;59;kWh;-2848;0;0;0;2848;-2848
22/09/2024 14:45;22/09/2024 15:00;60;kWh;0;11486;0;0;11486;11486
22/09/2024 15:00;22/09/2024 15:15;61;kWh;0;3980;0;0;3980;3980
22/09/2024 15:15;22/09/2024 15:30;62;kWh;0;20140;0;0;20140;20140
22/09/2024 15:30;22/09/2024 15:45;63;kWh;0;60661;0;0;60661;60661
22/09/2024 15:45;22/09/2024 16:00;64;kWh;-30;26672;0;0;26702;26642
22/09/2024 16:00;22/09/2024 16:15;65;kWh;-7410;0;0;0;7410;-7410
22/09/2024 16:15;22/09/2024 16:30;66;kWh;-80;288;0;0;368;208
22/09/2024 16:30;22/09/2024 16:45;67;kWh;0;950;0;0;950;950
22/09/2024 16:45;22/09/2024 17:00;68;kWh;-8967;0;0;0;8967;-8967
22/09/2024 17:00;22/09/2024 17:15;69;kWh;-3615;22332;0;0;25947;18717
22/09/2024 17:15;22/09/2024 17:30;70;kWh;-1396;1652;0;0;3048;256
22/09/2024 17:30;22/09/2024 17:45;71;kWh;-16904;0;0;0;16904;-16904
22/09/2024 17:45;22/09/2024 18:00;72;kWh;-552;69;0;0;621;-483
22/09/2024 18:00;22/09/2024 18:15;73;kWh;-3538;6181;0;0;9719;2643
22/09/2024 18:15;22/09/2024 18:30;74;kWh;-24285;0;0;0;24285;-24285
22/09/2024 18:30;22/09/2024 18:45;75;kWh;-27755;0;0;0;27755;-27755
22/09/2024 18:45;22/09/2024 19:00;76;kWh;-1300;0;0;0;1300;-1300
22/09/2024 19:00;22/09/2024 19:15;77;kWh;-18476;0;0;0;18476;-18476
22/09/2024 19:15;22/09/2024 19:30;78;kWh;-999;0;0;0;999;-999
22/09/2024 19:30;22/09/2024 19:45;79;kWh;0;50;0;0;50;50
22/09/2024 19:45;22/09/2024 20:00;80;kWh;0;14677;0;0;14677;14677
22/09/2024 20:00;22/09/2024 20:15;81;kWh;0;65266;0;0;65266;65266
22/09/2024 20:15;22/09/2024 20:30;82;kWh;0;24887;0;0;24887;24887
22/09/2024 20:30;22/09/2024 20:45;83;kWh;0;5007;0;0;5007;5007
22/09/2024 20:45;22/09/2024 21:00;84;kWh;0;2651;0;0;2651;2651
22/09/2024 21:00;22/09/2024 21:15;85;kWh;0;46665;0;0;46665;46665
22/09/2024 21:15;22/09/2024 21:30;86;kWh;0;30007;0;0;30007;30007
22/09/2024 21:30;22/09/2024 21:45;87;kWh;0;12891;0;0;12891;12891
22/09/2024 21:45;22/09/2024 22:00;88;kWh;0;3103;0;0;3103;3103
22/09/2024 22:00;22/09/2024 22:15;89;kWh;-7442;0;0;0;7442;-7442
22/09/2024 22:15;22/09/2024 22:30;90;kWh;-17971;0;0;0;17971;-17971
22/09/2024 22:30;22/09/2024 22:45;91;kWh;-26749;0;0;0;26749;-26749
22/09/2024 22:45;22/09/2024 23:00;92;kWh;-17369;0;0;0;17369;-17369
22/09/2024 23:00;22/09/2024 23:15;93;kWh;-23786;0;0;0;23786;-23786
22/09/2024 23:15;22/09/2024 23:30;94;kWh;-19372;0;0;0;19372;-19372
22/09/2024 23:30;22/09/2024 23:45;95;kWh;-11237;0;0;0;11237;-11237
22/09/2024 23:45;23/09/2024 00:00;96;kWh;-37021;0;0;0;37021;-37021
23/09/2024 00:00;23/09/2024 00:15;1;kWh;-29187;0;0;0;29187;-29187
23/09/2024 00:15;23/09/2024 00:30;2;kWh;-108143;0;0;0;108143;-108143
23/09/2024 00:30;23/09/2024 00:45;3;kWh;-87770;0;0;0;87770;-87770
23/09/2024 00:45;23/09/2024 01:00;4;kWh;-83757;0;0;0;83757;-83757
23/09/2024 01:00;23/09/2024 01:15;5;kWh;-47651;0;0;0;47651;-47651
23/09/2024 01:15;23/09/2024 01:30;6;kWh;-95258;0;0;0;95258;-95258
23/09/2024 01:30;23/09/2024 01:45;7;kWh;-27791;11;0;0;27802;-27780
23/09/2024 01:45;23/09/2024 02:00;8;kWh;0;4630;0;0;4630;4630
23/09/2024 02:00;23/09/2024 02:15;9;kWh;0;29991;0;0;29991;29991
23/09/2024 02:15;23/09/2024 02:30;10;kWh;0;3179;0;0;3179;3179
23/09/2024 02:30;23/09/2024 02:45;11;kWh;0;0;0;0;0;0
23/09/2024 02:45;23/09/2024 03:00;12;kWh;-533;0;0;0;533;-533
23/09/2024 03:00;23/09/2024 03:15;13;kWh;-2698;0;0;0;2698;-2698
23/09/2024 03:15;23/09/2024 03:30;14;kWh;-34820;0;0;0;34820;-34820
23/09/2024 03:30;23/09/2024 03:45;15;kWh;-95422;0;0;0;95422;-95422
23/09/2024 03:45;23/09/2024 04:00;16;kWh;-64115;0;0;0;64115;-64115
23/09/2024 04:00;23/09/2024 04:15;17;kWh;-58365;0;0;0;58365;-58365
23/09/2024 04:15;23/09/2024 04:30;18;kWh;-56685;0;0;0;56685;-56685
23/09/2024 04:30;23/09/2024 04:45;19;kWh;-44983;0;0;0;44983;-44983
23/09/2024 04:45;23/09/2024 05:00;20;kWh;-27504;0;0;0;27504;-27504
23/09/2024 05:00;23/09/2024 05:15;21;kWh;-46288;0;0;0;46288;-46288
23/09/2024 05:15;23/09/2024 05:30;22;kWh;-35094;0;0;0;35094;-35094
23/09/2024 05:30;23/09/2024 05:45;23;kWh;-67993;0;0;0;67993;-67993
23/09/2024 05:45;23/09/2024 06:00;24;kWh;-74255;0;0;0;74255;-74255
23/09/2024 06:00;23/09/2024 06:15;25;kWh;-26728;0;0;0;26728;-26728
23/09/2024 06:15;23/09/2024 06:30;26;kWh;-3921;0;0;0;3921;-3921
23/09/2024 06:30;23/09/2024 06:45;27;kWh;-6297;1156;0;0;7453;-5141
23/09/2024 06:45;23/09/2024 07:00;28;kWh;-358;3183;0;0;3541;2825
23/09/2024 07:00;23/09/2024 07:15;29;kWh;-48062;0;0;0;48062;-48062
23/09/2024 07:15;23/09/2024 07:30;30;kWh;-25438;0;0;0;25438;-25438
23/09/2024 07:30;23/09/2024 07:45;31;kWh;-29740;0;0;0;29740;-29740
23/09/2024 07:45;23/09/2024 08:00;32;kWh;-12410;0;0;0;12410;-12410
23/09/2024 08:00;23/09/2024 08:15;33;kWh;-28331;0;0;0;28331;-28331
23/09/2024 08:15;23/09/2024 08:30;34;kWh;-38777;0;0;0;38777;-38777
23/09/2024 08:30;23/09/2024 08:45;35;kWh;-62537;0;0;0;62537;-62537
23/09/2024 08:45;23/09/2024 09:00;36;kWh;-76887;0;0;0;76887;-76887
23/09/2024 09:00;23/09/2024 09:15;37;kWh;-26055;0;0;0;26055;-26055
23/09/2024 09:15;23/09/2024 09:30;38;kWh;-92104;0;0;0;92104;-92104
23/09/2024 09:30;23/09/2024 09:45;39;kWh;-125120;0;0;0;125120;-125120
23/09/2024 09:45;23/09/2024 10:00;40;kWh;-102208;0;0;0;102208;-102208
23/09/2024 10:00;23/09/2024 10:15;41;kWh;-55445;0;0;0;55445;-55445
23/09/2024 10:15;23/09/2024 10:30;42;kWh;-50947;0;0;0;50947;-50947
23/09/2024 10:30;23/09/2024 10:45;43;kWh;-82428;0;0;0;82428;-82428
23/09/2024 10:45;23/09/2024 11:00;44;kWh;-111014;0;0;0;111014;-111014
23/09/2024 11:00;23/09/2024 11:15;45;kWh;-91027;0;0;0;91027;-91027
23/09/2024 11:15;23/09/2024 11:30;46;kWh;-114210;0;0;0;114210;-114210
23/09/2024 11:30;23/09/2024 11:45;47;kWh;-75835;0;0;0;75835;-75835
23/09/2024 11:45;23/09/2024 12:00;48;kWh;-67961;0;0;0;67961;-67961
23/09/2024 12:00;23/09/2024 12:15;49;kWh;-11746;0;0;0;11746;-11746
23/09/2024 12:15;23/09/2024 12:30;50;kWh;-65990;0;0;0;65990;-65990
23/09/2024 12:30;23/09/2024 12:45;51;kWh;-23816;0;0;0;23816;-23816
23/09/2024 12:45;23/09/2024 13:00;52;kWh;-25400;0;0;0;25400;-25400
23/09/2024 13:00;23/09/2024 13:15;53;kWh;-6640;7072;0;0;13712;432
23/09/2024 13:15;23/09/2024 13:30;54;kWh;0;31678;0;0;31678;31678
23/09/2024 13:30;23/09/2024 13:45;55;kWh;0;63540;0;0;63540;63540
23/09/2024 13:45;23/09/2024 14:00;56;kWh;0;49540;0;0;49540;49540
23/09/2024 14:00;23/09/2024 14:15;57;kWh;-1447;5783;0;0;7230;4336
23/09/2024 14:15;23/09/2024 14:30;58;kWh;-36804;0;0;0;36804;-36804
23/09/2024 14:30;23/09/2024 14:45;59;kWh;-17311;0;0;0;17311;-17311
23/09/2024 14:45;23/09/2024 15:00;60;kWh;-60713;0;0;0;60713;-60713
23/09/2024 15:00;23/09/2024 15:15;61;kWh;-31745;0;0;0;31745;-31745
23/09/2024 15:15;23/09/2024 15:30;62;kWh;-37793;0;0;0;37793;-37793
23/09/2024 15:30;23/09/2024 15:45;63;kWh;-54508;0;0;0;54508;-54508
23/09/2024 15:45;23/09/2024 16:00;64;kWh;-81743;0;0;0;81743;-81743
23/09/2024 16:00;23/09/2024 16:15;65;kWh;-66139;0;0;0;66139;-66139
23/09/2024 16:15;23/09/2024 16:30;66;kWh;-14320;0;0;0;14320;-14320
23/09/2024 16:30;23/09/2024 16:45;67;kWh;0;0;0;0;0;0
23/09/2024 16:45;23/09/2024 17:00;68;kWh;-7950;0;0;0;7950;-7950
23/09/2024 17:00;23/09/2024 17:15;69;kWh;-37902;56;0;0;37958;-37846
23/09/2024 17:15;23/09/2024 17:30;70;kWh;-22887;80;0;0;22967;-22807
23/09/2024 17:30;23/09/2024 17:45;71;kWh;-16472;0;0;0;16472;-16472
23/09/2024 17:45;23/09/2024 18:00;72;kWh;-891;0;0;0;891;-891
23/09/2024 18:00;23/09/2024 18:15;73;kWh;-11815;0;0;0;11815;-11815
23/09/2024 18:15;23/09/2024 18:30;74;kWh;-8652;0;0;0;8652;-8652
23/09/2024 18:30;23/09/2024 18:45;75;kWh;-786;63;0;0;849;-723
23/09/2024 18:45;23/09/2024 19:00;76;kWh;0;24337;0;0;24337;24337
23/09/2024 19:00;23/09/2024 19:15;77;kWh;0;20082;0;0;20082;20082
23/09/2024 19:15;23/09/2024 19:30;78;kWh;0;27018;0;0;27018;27018
23/09/2024 19:30;23/09/2024 19:45;79;kWh;0;29877;0;0;29877;29877
23/09/2024 19:45;23/09/2024 20:00;80;kWh;0;35447;0;0;35447;35447
23/09/2024 20:00;23/09/2024 20:15;81;kWh;0;18657;0;0;18657;18657
23/09/2024 20:15;23/09/2024 20:30;82;kWh;0;735;0;0;735;735
23/09/2024 20:30;23/09/2024 20:45;83;kWh;-2514;0;0;0;2514;-2514
23/09/2024 20:45;23/09/2024 21:00;84;kWh;-5261;0;0;0;5261;-5261
23/09/2024 21:00;23/09/2024 21:15;85;kWh;-34444;0;0;0;34444;-34444
23/09/2024 21:15;23/09/2024 21:30;86;kWh;-26971;0;0;0;26971;-26971
23/09/2024 21:30;23/09/2024 21:45;87;kWh;-15812;0;0;0;15812;-15812
23/09/2024 21:45;23/09/2024 22:00;88;kWh;-15869;0;0;0;15869;-15869
23/09/2024 22:00;23/09/2024 22:15;89;kWh;-6793;7626;0;0;14419;833
23/09/2024 22:15;23/09/2024 22:30;90;kWh;0;29135;0;0;29135;29135
23/09/2024 22:30;23/09/2024 22:45;91;kWh;0;34684;0;0;34684;34684
23/09/2024 22:45;23/09/2024 23:00;92;kWh;0;35805;0;0;35805;35805
23/09/2024 23:00;23/09/2024 23:15;93;kWh;-2085;0;0;0;2085;-2085
23/09/2024 23:15;23/09/2024 23:30;94;kWh;-11756;0;0;0;11756;-11756
23/09/2024 23:30;23/09/2024 23:45;95;kWh;-13027;0;0;0;13027;-13027
23/09/2024 23:45;24/09/2024 00:00;96;kWh;-16623;0;0;0;16623;-16623
24/09/2024 00:00;24/09/2024 00:15;1;kWh;-6739;115;0;0;6854;-6624
24/09/2024 00:15;24/09/2024 00:30;2;kWh;0;11681;0;0;11681;11681
24/09/2024 00:30;24/09/2024 00:45;3;kWh;0;9005;0;0;9005;9005
24/09/2024 00:45;24/09/2024 01:00;4;kWh;0;3040;0;0;3040;3040
24/09/2024 01:00;24/09/2024 01:15;5;kWh;0;1196;0;0;1196;1196
24/09/2024 01:15;24/09/2024 01:30;6;kWh;0;11711;0;0;11711;11711
24/09/2024 01:30;24/09/2024 01:45;7;kWh;0;26864;0;0;26864;26864
24/09/2024 01:45;24/09/2024 02:00;8;kWh;0;31190;0;0;31190;31190
24/09/2024 02:00;24/09/2024 02:15;9;kWh;0;2342;0;0;2342;2342
24/09/2024 02:15;24/09/2024 02:30;10;kWh;0;433;0;0;433;433
24/09/2024 02:30;24/09/2024 02:45;11;kWh;0;3652;0;0;3652;3652
24/09/2024 02:45;24/09/2024 03:00;12;kWh;0;438;0;0;438;438
24/09/2024 03:00;24/09/2024 03:15;13;kWh;0;5111;0;0;5111;5111
24/09/2024 03:15;24/09/2024 03:30;14;kWh;0;13628;0;0;13628;13628
24/09/2024 03:30;24/09/2024 03:45;15;kWh;0;5212;0;0;5212;5212
24/09/2024 03:45;24/09/2024 04:00;16;kWh;-2264;0;0;0;2264;-2264
24/09/2024 04:00;24/09/2024 04:15;17;kWh;-242;4343;0;0;4585;4101
24/09/2024 04:15;24/09/2024 04:30;18;kWh;0;4431;0;0;4431;4431
24/09/2024 04:30;24/09/2024 04:45;19;kWh;-3478;0;0;0;3478;-3478
24/09/2024 04:45;24/09/2024 05:00;20;kWh;-3446;0;0;0;3446;-3446
24/09/2024 05:00;24/09/2024 05:15;21;kWh;-1350;0;0;0;1350;-1350
24/09/2024 05:15;24/09/2024 05:30;22;kWh;-195;0;0;0;195;-195
24/09/2024 05:30;24/09/2024 05:45;23;kWh;-513;0;0;0;513;-513
24/09/2024 05:45;24/09/2024 06:00;24;kWh;-21932;0;0;0;21932;-21932
24/09/2024 06:00;24/09/2024 06:15;25;kWh;-20769;0;0;0;20769;-20769
24/09/2024 06:15;24/09/2024 06:30;26;kWh;-1489;1244;0;0;2733;-245
24/09/2024 06:30;24/09/2024 06:45;27;kWh;0;15409;0;0;15409;15409
24/09/2024 06:45;24/09/2024 07:00;28;kWh;0;45388;0;0;45388;45388
24/09/2024 07:00;24/09/2024 07:15;29;kWh;-6312;1907;0;0;8219;-4405
24/09/2024 07:15;24/09/2024 07:30;30;kWh;0;982;0;0;982;982
24/09/2024 07:30;24/09/2024 07:45;31;kWh;0;854;0;0;854;854
24/09/2024 07:45;24/09/2024 08:00;32;kWh;0;662;0;0;662;662
24/09/2024 08:00;24/09/2024 08:15;33;kWh;0;2278;0;0;2278;2278
24/09/2024 08:15;24/09/2024 08:30;34;kWh;0;22735;0;0;22735;22735
24/09/2024 08:30;24/09/2024 08:45;35;kWh;0;12726;0;0;12726;12726
24/09/2024 08:45;24/09/2024 09:00;36;kWh;-480;6;0;0;486;-474
24/09/2024 09:00;24/09/2024 09:15;37;kWh;-634;0;0;0;634;-634
24/09/2024 09:15;24/09/2024 09:30;38;kWh;-3951;0;0;0;3951;-3951
24/09/2024 09:30;24/09/2024 09:45;39;kWh;-14376;0;0;0;14376;-14376
24/09/2024 09:45;24/09/2024 10:00;40;kWh;-16376;0;0;0;16376;-16376
24/09/2024 10:00;24/09/2024 10:15;41;kWh;-15651;0;0;0;15651;-15651
24/09/2024 10:15;24/09/2024 10:30;42;kWh;-10584;0;0;0;10584;-10584
24/09/2024 10:30;24/09/2024 10:45;43;kWh;-469;1167;0;0;1636;698
24/09/2024 10:45;24/09/2024 11:00;44;kWh;-1635;10133;0;0;11768;8498
24/09/2024 11:00;24/09/2024 11:15;45;kWh;0;5249;0;0;5249;5249
24/09/2024 11:15;24/09/2024 11:30;46;kWh;0;53361;0;0;53361;53361
24/09/2024 11:30;24/09/2024 11:45;47;kWh;0;45969;0;0;45969;45969
24/09/2024 11:45;24/09/2024 12:00;48;kWh;0;47806;0;0;47806;47806
24/09/2024 12:00;24/09/2024 12:15;49;kWh;0;74414;0;0;74414;74414
24/09/2024 12:15;24/09/2024 12:30;50;kWh;-440;7186;0;0;7626;6746
24/09/2024 12:30;24/09/2024 12:45;51;kWh;-1547;0;0;0;1547;-1547
24/09/2024 12:45;24/09/2024 13:00;52;kWh;-53652;0;0;0;53652;-53652
24/09/2024 13:00;24/09/2024 13:15;53;kWh;-66932;0;0;0;66932;-66932
24/09/2024 13:15;24/09/2024 13:30;54;kWh;-69484;0;0;0;69484;-69484
24/09/2024 13:30;24/09/2024 13:45;55;kWh;-90578;0;0;0;90578;-90578
24/09/2024 13:45;24/09/2024 14:00;56;kWh;-58784;0;0;0;58784;-58784
24/09/2024 14:00;24/09/2024 14:15;57;kWh;-35280;0;0;0;35280;-35280
24/09/2024 14:15;24/09/2024 14:30;58;kWh;-46650;113;0;0;46763;-46537
24/09/2024 14:30;24/09/2024 14:45;59;kWh;-45621;0;0;0;45621;-45621
24/09/2024 14:45;24/09/2024 15:00;60;kWh;-28178;0;0;0;28178;-28178
24/09/2024 15:00;24/09/2024 15:15;61;kWh;-26114;0;0;0;26114;-26114
24/09/2024 15:15;24/09/2024 15:30;62;kWh;-974;0;0;0;974;-974
24/09/2024 15:30;24/09/2024 15:45;63;kWh;0;5027;0;0;5027;5027
24/09/2024 15:45;24/09/2024 16:00;64;kWh;0;15224;0;0;15224;15224
24/09/2024 16:00;24/09/2024 16:15;65;kWh;0;10052;0;0;10052;10052
24/09/2024 16:15;24/09/2024 16:30;66;kWh;0;399;0;0;399;399
24/09/2024 16:30;24/09/2024 16:45;67;kWh;0;0;0;0;0;0
24/09/2024 16:45;24/09/2024 17:00;68;kWh;0;323;0;0;323;323
24/09/2024 17:00;24/09/2024 17:15;69;kWh;-4749;312;0;0;5061;-4437
24/09/2024 17:15;24/09/2024 17:30;70;kWh;-14204;21;0;0;14225;-14183
24/09/2024 17:30;24/09/2024 17:45;71;kWh;-19579;0;0;0;19579;-19579
24/09/2024 17:45;24/09/2024 18:00;72;kWh;-1024;0;0;0;1024;-1024
24/09/2024 18:00;24/09/2024 18:15;73;kWh;-671;0;0;0;671;-671
24/09/2024 18:15;24/09/2024 18:30;74;kWh;-4705;0;0;0;4705;-4705
24/09/2024 18:30;24/09/2024 18:45;75;kWh;-1083;0;0;0;1083;-1083
24/09/2024 18:45;24/09/2024 19:00;76;kWh;-208;0;0;0;208;-208
24/09/2024 19:00;24/09/2024 19:15;77;kWh;-233;0;0;0;233;-233
24/09/2024 19:15;24/09/2024 19:30;78;kWh;-134;0;0;0;134;-134
24/09/2024 19:30;24/09/2024 19:45;79;kWh;0;0;0;0;0;0
24/09/2024 19:45;24/09/2024 20:00;80;kWh;-12;0;0;0;12;-12
24/09/2024 20:00;24/09/2024 20:15;81;kWh;-2224;0;0;0;2224;-2224
24/09/2024 20:15;24/09/2024 20:30;82;kWh;-18326;0;0;0;18326;-18326
24/09/2024 20:30;24/09/2024 20:45;83;kWh;-24717;0;0;0;24717;-24717
24/09/2024 20:45;24/09/2024 21:00;84;kWh;-15667;0;0;0;15667;-15667
24/09/2024 21:00;24/09/2024 21:15;85;kWh;-8202;0;0;0;8202;-8202
24/09/2024 21:15;24/09/2024 21:30;86;kWh;0;6320;0;0;6320;6320
24/09/2024 21:30;24/09/2024 21:45;87;kWh;0;23618;0;0;23618;23618
24/09/2024 21:45;24/09/2024 22:00;88;kWh;0;42800;0;0;42800;42800
24/09/2024 22:00;24/09/2024 22:15;89;kWh;-30333;2330;0;0;32663;-28003
24/09/2024 22:15;24/09/2024 22:30;90;kWh;-61156;0;0;0;61156;-61156
24/09/2024 22:30;24/09/2024 22:45;91;kWh;-41051;0;0;0;41051;-41051
24/09/2024 22:45;24/09/2024 23:00;92;kWh;-44563;0;0;0;44563;-44563
24/09/2024 23:00;24/09/2024 23:15;93;kWh;-70215;0;0;0;70215;-70215
24/09/2024 23:15;24/09/2024 23:30;94;kWh;-60554;0;0;0;60554;-60554
24/09/2024 23:30;24/09/2024 23:45;95;kWh;-36161;0;0;0;36161;-36161
24/09/2024 23:45;25/09/2024 00:00;96;kWh;-78579;0;0;0;78579;-78579
25/09/2024 00:00;25/09/2024 00:15;1;kWh;-17843;16741;0;0;34584;-1102
25/09/2024 00:15;25/09/2024 00:30;2;kWh;-16320;15350;0;0;31670;-970
25/09/2024 00:30;25/09/2024 00:45;3;kWh;-15007;4207;0;0;19214;-10800
25/09/2024 00:45;25/09/2024 01:00;4;kWh;-18793;228;0;0;19021;-18565
25/09/2024 01:00;25/09/2024 01:15;5;kWh;-14090;0;0;0;14090;-14090
25/09/2024 01:15;25/09/2024 01:30;6;kWh;-12948;755;0;0;13703;-12193
25/09/2024 01:30;25/09/2024 01:45;7;kWh;-22907;42;0;0;22949;-22865
25/09/2024 01:45;25/09/2024 02:00;8;kWh;-37824;0;0;0;37824;-37824
25/09/2024 02:00;25/09/2024 02:15;9;kWh;-20054;0;0;0;20054;-20054
25/09/2024 02:15;25/09/2024 02:30;10;kWh;-30629;0;0;0;30629;-30629
25/09/2024 02:30;25/09/2024 02:45;11;kWh;-24695;0;0;0;24695;-24695
25/09/2024 02:45;25/09/2024 03:00;12;kWh;-12574;0;0;0;12574;-12574
25/09/2024 03:00;25/09/2024 03:15;13;kWh;-24312;26;0;0;24338;-24286
25/09/2024 03:15;25/09/2024 03:30;14;kWh;-5421;71;0;0;5492;-5350
25/09/2024 03:30;25/09/2024 03:45;15;kWh;-234;3131;0;0;3365;2897
25/09/2024 03:45;25/09/2024 04:00;16;kWh;-809;3676;0;0;4485;2867
25/09/2024 04:00;25/09/2024 04:15;17;kWh;0;44510;0;0;44510;44510
25/09/2024 04:15;25/09/2024 04:30;18;kWh;0;66072;0;0;66072;66072
25/09/2024 04:30;25/09/2024 04:45;19;kWh;0;58683;0;0;58683;58683
25/09/2024 04:45;25/09/2024 05:00;20;kWh;-154;34109;0;0;34263;33955
25/09/2024 05:00;25/09/2024 05:15;21;kWh;-33340;396;0;0;33736;-32944
25/09/2024 05:15;25/09/2024 05:30;22;kWh;-29202;1287;0;0;30489;-27915
25/09/2024 05:30;25/09/2024 05:45;23;kWh;-17293;0;0;0;17293;-17293
25/09/2024 05:45;25/09/2024 06:00;24;kWh;-26499;0;0;0;26499;-26499
25/09/2024 06:00;25/09/2024 06:15;25;kWh;-44707;0;0;0;44707;-44707
25/09/2024 06:15;25/09/2024 06:30;26;kWh;-37863;0;0;0;37863;-37863
25/09/2024 06:30;25/09/2024 06:45;27;kWh;-25787;0;0;0;25787;-25787
25/09/2024 06:45;25/09/2024 07:00;28;kWh;-37166;0;0;0;37166;-37166
25/09/2024 07:00;25/09/2024 07:15;29;kWh;-46917;0;0;0;46917;-46917
25/09/2024 07:15;25/09/2024 07:30;30;kWh;-49154;0;0;0;49154;-49154
25/09/2024 07:30;25/09/2024 07:45;31;kWh;-37424;0;0;0;37424;-37424
25/09/2024 07:45;25/09/2024 08:00;32;kWh;-58511;0;0;0;58511;-58511
25/09/2024 08:00;25/09/2024 08:15;33;kWh;-30316;0;0;0;30316;-30316
25/09/2024 08:15;25/09/2024 08:30;34;kWh;-42403;0;0;0;42403;-42403
25/09/2024 08:30;25/09/2024 08:45;35;kWh;-35034;0;0;0;35034;-35034
25/09/2024 08:45;25/09/2024 09:00;36;kWh;-30797;0;0;0;30797;-30797
25/09/2024 09:00;25/09/2024 09:15;37;kWh;-23220;365;0;0;23585;-22855
25/09/2024 09:15;25/09/2024 09:30;38;kWh;-51679;0;0;0;51679;-51679
25/09/2024 09:30;25/09/2024 09:45;39;kWh;-38631;0;0;0;38631;-38631
25/09/2024 09:45;25/09/2024 10:00;40;kWh;-54118;0;0;0;54118;-54118
25/09/2024 10:00;25/09/2024 10:15;41;kWh;-26597;0;0;0;26597;-26597
25/09/2024 10:15;25/09/2024 10:30;42;kWh;-26084;0;0;0;26084;-26084
25/09/2024 10:30;25/09/2024 10:45;43;kWh;-22812;0;0;0;22812;-22812
25/09/2024 10:45;25/09/2024 11:00;44;kWh;-42317;0;0;0;42317;-42317
25/09/2024 11:00;25/09/2024 11:15;45;kWh;-18973;0;0;0;18973;-18973
25/09/2024 11:15;25/09/2024 11:30;46;kWh;-29917;0;0;0;29917;-29917
25/09/2024 11:30;25/09/2024 11:45;47;kWh;-36203;0;0;0;36203;-36203
25/09/2024 11:45;25/09/2024 12:00;48;kWh;-2787;0;0;0;2787;-2787
25/09/2024 12:00;25/09/2024 12:15;49;kWh;-703;2280;0;0;2983;1577
25/09/2024 12:15;25/09/2024 12:30;50;kWh;-375;21517;0;0;21892;21142
25/09/2024 12:30;25/09/2024 12:45;51;kWh;-37883;0;0;0;37883;-37883
25/09/2024 12:45;25/09/2024 13:00;52;kWh;-57017;0;0;0;57017;-57017
25/09/2024 13:00;25/09/2024 13:15;53;kWh;-35033;0;0;0;35033;-35033
25/09/2024 13:15;25/09/2024 13:30;54;kWh;-38732;0;0;0;38732;-38732
25/09/2024 13:30;25/09/2024 13:45;55;kWh;-52839;0;0;0;52839;-52839
25/09/2024 13:45;25/09/2024 14:00;56;kWh;-71755;0;0;0;71755;-71755
25/09/2024 14:00;25/09/2024 14:15;57;kWh;-48894;0;0;0;48894;-48894
25/09/2024 14:15;25/09/2024 14:30;58;kWh;-26359;0;0;0;26359;-26359
25/09/2024 14:30;25/09/2024 14:45;59;kWh;-24066;0;0;0;24066;-24066
25/09/2024 14:45;25/09/2024 15:00;60;kWh;-520;0;0;0;520;-520
25/09/2024 15:00;25/09/2024 15:15;61;kWh;-38425;88;0;0;38513;-38337
25/09/2024 15:15;25/09/2024 15:30;62;kWh;-49403;184;0;0;49587;-49219
25/09/2024 15:30;25/09/2024 15:45;63;kWh;-55221;0;0;0;55221;-55221
25/09/2024 15:45;25/09/2024 16:00;64;kWh;-18473;0;0;0;18473;-18473
25/09/2024 16:00;25/09/2024 16:15;65;kWh;-10237;349;0;0;10586;-9888
25/09/2024 16:15;25/09/2024 16:30;66;kWh;0;178;0;0;178;178
25/09/2024 16:30;25/09/2024 16:45;67;kWh;0;730;0;0;730;730
25/09/2024 16:45;25/09/2024 17:00;68;kWh;0;2598;0;0;2598;2598
25/09/2024 17:00;25/09/2024 17:15;69;kWh;0;2918;0;0;2918;2918
25/09/2024 17:15;25/09/2024 17:30;70;kWh;0;22665;0;0;22665;22665
25/09/2024 17:30;25/09/2024 17:45;71;kWh;0;16336;0;0;16336;16336
25/09/2024 17:45;25/09/2024 18:00;72;kWh;0;19415;0;0;19415;19415
25/09/2024 18:00;25/09/2024 18:15;73;kWh;0;599;0;0;599;599
25/09/2024 18:15;25/09/2024 18:30;74;kWh;0;1488;0;0;1488;1488
25/09/2024 18:30;25/09/2024 18:45;75;kWh;-244;114;0;0;358;-130
25/09/2024 18:45;25/09/2024 19:00;76;kWh;0;26852;0;0;26852;26852
25/09/2024 19:00;25/09/2024 19:15;77;kWh;0;21441;0;0;21441;21441
25/09/2024 19:15;25/09/2024 19:30;78;kWh;0;56766;0;0;56766;56766
25/09/2024 19:30;25/09/2024 19:45;79;kWh;0;55224;0;0;55224;55224
25/09/2024 19:45;25/09/2024 20:00;80;kWh;0;59182;0;0;59182;59182
25/09/2024 20:00;25/09/2024 20:15;81;kWh;-897;32199;0;0;33096;31302
25/09/2024 20:15;25/09/2024 20:30;82;kWh;-8735;0;0;0;8735;-8735
25/09/2024 20:30;25/09/2024 20:45;83;kWh;-23212;0;0;0;23212;-23212
25/09/2024 20:45;25/09/2024 21:00;84;kWh;-63231;0;0;0;63231;-63231
25/09/2024 21:00;25/09/2024 21:15;85;kWh;-34553;0;0;0;34553;-34553
25/09/2024 21:15;25/09/2024 21:30;86;kWh;-44433;0;0;0;44433;-44433
25/09/2024 21:30;25/09/2024 21:45;87;kWh;-30184;0;0;0;30184;-30184
25/09/2024 21:45;25/09/2024 22:00;88;kWh;-47419;0;0;0;47419;-47419
25/09/2024 22:00;25/09/2024 22:15;89;kWh;-55778;0;0;0;55778;-55778
25/09/2024 22:15;25/09/2024 22:30;90;kWh;-2626;60;0;0;2686;-2566
25/09/2024 22:30;25/09/2024 22:45;91;kWh;-6466;0;0;0;6466;-6466
25/09/2024 22:45;25/09/2024 23:00;92;kWh;-46940;0;0;0;46940;-46940
25/09/2024 23:00;25/09/2024 23:15;93;kWh;-10851;0;0;0;10851;-10851
25/09/2024 23:15;25/09/2024 23:30;94;kWh;-6719;0;0;0;6719;-6719
25/09/2024 23:30;25/09/2024 23:45;95;kWh;-15892;0;0;0;15892;-15892
25/09/2024 23:45;26/09/2024 00:00;96;kWh;-13645;0;0;0;13645;-13645
26/09/2024 00:00;26/09/2024 00:15;1;kWh;-3502;7974;0;0;11476;4472
26/09/2024 00:15;26/09/2024 00:30;2;kWh;0;38595;0;0;38595;38595
26/09/2024 00:30;26/09/2024 00:45;3;kWh;0;45415;0;0;45415;45415
26/09/2024 00:45;26/09/2024 01:00;4;kWh;0;29505;0;0;29505;29505
26/09/2024 01:00;26/09/2024 01:15;5;kWh;0;46793;0;0;46793;46793
26/09/2024 01:15;26/09/2024 01:30;6;kWh;0;51706;0;0;51706;51706
26/09/2024 01:30;26/09/2024 01:45;7;kWh;0;67089;0;0;67089;67089
26/09/2024 01:45;26/09/2024 02:00;8;kWh;0;108116;0;0;108116;108116
26/09/2024 02:00;26/09/2024 02:15;9;kWh;0;105402;0;0;105402;105402
26/09/2024 02:15;26/09/2024 02:30;10;kWh;0;82853;0;0;82853;82853
26/09/2024 02:30;26/09/2024 02:45;11;kWh;0;93390;0;0;93390;93390
26/09/2024 02:45;26/09/2024 03:00;12;kWh;0;91870;0;0;91870;91870
26/09/2024 03:00;26/09/2024 03:15;13;kWh;0;18020;0;0;18020;18020
26/09/2024 03:15;26/09/2024 03:30;14;kWh;0;39728;0;0;39728;39728
26/09/2024 03:30;26/09/2024 03:45;15;kWh;0;34862;0;0;34862;34862
26/09/2024 03:45;26/09/2024 04:00;16;kWh;0;38409;0;0;38409;38409
26/09/2024 04:00;26/09/2024 04:15;17;kWh;0;31170;0;0;31170;31170
26/09/2024 04:15;26/09/2024 04:30;18;kWh;0;34142;0;0;34142;34142
26/09/2024 04:30;26/09/2024 04:45;19;kWh;0;22954;0;0;22954;22954
26/09/2024 04:45;26/09/2024 05:00;20;kWh;0;20068;0;0;20068;20068
26/09/2024 05:00;26/09/2024 05:15;21;kWh;0;25371;0;0;25371;25371
26/09/2024 05:15;26/09/2024 05:30;22;kWh;0;104982;0;0;104982;104982
26/09/2024 05:30;26/09/2024 05:45;23;kWh;0;108109;0;0;108109;108109
26/09/2024 05:45;26/09/2024 06:00;24;kWh;0;71461;0;0;71461;71461
26/09/2024 06:00;26/09/2024 06:15;25;kWh;-6083;15242;0;0;21325;9159
26/09/2024 06:15;26/09/2024 06:30;26;kWh;0;43102;0;0;43102;43102
26/09/2024 06:30;26/09/2024 06:45;27;kWh;-1070;4993;0;0;6063;3923
26/09/2024 06:45;26/09/2024 07:00;28;kWh;-185;0;0;0;185;-185
26/09/2024 07:00;26/09/2024 07:15;29;kWh;-18930;511;0;0;19441;-18419
26/09/2024 07:15;26/09/2024 07:30;30;kWh;-15101;242;0;0;15343;-14859
26/09/2024 07:30;26/09/2024 07:45;31;kWh;-29291;0;0;0;29291;-29291
26/09/2024 07:45;26/09/2024 08:00;32;kWh;-23711;0;0;0;23711;-23711
26/09/2024 08:00;26/09/2024 08:15;33;kWh;-13385;0;0;0;13385;-13385
26/09/2024 08:15;26/09/2024 08:30;34;kWh;-28565;0;0;0;28565;-28565
26/09/2024 08:30;26/09/2024 08:45;35;kWh;-11402;0;0;0;11402;-11402
26/09/2024 08:45;26/09/2024 09:00;36;kWh;-19189;0;0;0;19189;-19189
26/09/2024 09:00;26/09/2024 09:15;37;kWh;-549;10;0;0;559;-539
26/09/2024 09:15;26/09/2024 09:30;38;kWh;-15413;0;0;0;15413;-15413
26/09/2024 09:30;26/09/2024 09:45;39;kWh;-29187;870;0;0;30057;-28317
26/09/2024 09:45;26/09/2024 10:00;40;kWh;-43203;1569;0;0;44772;-41634
26/09/2024 10:00;26/09/2024 10:15;41;kWh;-12797;494;0;0;13291;-12303
26/09/2024 10:15;26/09/2024 10:30;42;kWh;-31041;0;0;0;31041;-31041
26/09/2024 10:30;26/09/2024 10:45;43;kWh;-42552;4496;0;0;47048;-38056
26/09/2024 10:45;26/09/2024 11:00;44;kWh;-32329;4283;0;0;36612;-28046
26/09/2024 11:00;26/09/2024 11:15;45;kWh;0;1588;0;0;1588;1588
26/09/2024 11:15;26/09/2024 11:30;46;kWh;0;22921;0;0;22921;22921
26/09/2024 11:30;26/09/2024 11:45;47;kWh;0;43797;0;0;43797;43797
26/09/2024 11:45;26/09/2024 12:00;48;kWh;-1572;4664;0;0;6236;3092
26/09/2024 12:00;26/09/2024 12:15;49;kWh;0;104526;0;0;104526;104526
26/09/2024 12:15;26/09/2024 12:30;50;kWh;-14051;4911;0;0;18962;-9140
26/09/2024 12:30;26/09/2024 12:45;51;kWh;-11826;5859;0;0;17685;-5967
26/09/2024 12:45;26/09/2024 13:00;52;kWh;-34978;72;0;0;35050;-34906
26/09/2024 13:00;26/09/2024 13:15;53;kWh;-27242;2960;0;0;30202;-24282
26/09/2024 13:15;26/09/2024 13:30;54;kWh;-31993;0;0;0;31993;-31993
26/09/2024 13:30;26/09/2024 13:45;55;kWh;-37229;0;0;0;37229;-37229
26/09/2024 13:45;26/09/2024 14:00;56;kWh;-41790;85;0;0;41875;-41705
26/09/2024 14:00;26/09/2024 14:15;57;kWh;-41797;14150;0;0;55947;-27647
26/09/2024 14:15;26/09/2024 14:30;58;kWh;-8177;6662;0;0;14839;-1515
26/09/2024 14:30;26/09/2024 14:45;59;kWh;0;35243;0;0;35243;35243
26/09/2024 14:45;26/09/2024 15:00;60;kWh;-1609;13125;0;0;14734;11516
26/09/2024 15:00;26/09/2024 15:15;61;kWh;-47036;3334;0;0;50370;-43702
26/09/2024 15:15;26/09/2024 15:30;62;kWh;-55411;5251;0;0;60662;-50160
26/09/2024 15:30;26/09/2024 15:45;63;kWh;-25385;21755;0;0;47140;-3630
26/09/2024 15:45;26/09/2024 16:00;64;kWh;0;41154;0;0;41154;41154
26/09/2024 16:00;26/09/2024 16:15;65;kWh;-11254;2033;0;0;13287;-9221
26/09/2024 16:15;26/09/2024 16:30;66;kWh;-22;27157;0;0;27179;27135
26/09/2024 16:30;26/09/2024 16:45;67;kWh;0;46620;0;0;46620;46620
26/09/2024 16:45;26/09/2024 17:00;68;kWh;0;111185;0;0;111185;111185
26/09/2024 17:00;26/09/2024 17:15;69;kWh;-4402;32733;0;0;37135;28331
26/09/2024 17:15;26/09/2024 17:30;70;kWh;0;120067;0;0;120067;120067
26/09/2024 17:30;26/09/2024 17:45;71;kWh;0;127825;0;0;127825;127825
26/09/2024 17:45;26/09/2024 18:00;72;kWh;0;130652;0;0;130652;130652
26/09/2024 18:00;26/09/2024 18:15;73;kWh;0;14393;0;0;14393;14393
26/09/2024 18:15;26/09/2024 18:30;74;kWh;0;1063;0;0;1063;1063
26/09/2024 18:30;26/09/2024 18:45;75;kWh;0;11764;0;0;11764;11764
26/09/2024 18:45;26/09/2024 19:00;76;kWh;-1437;9327;0;0;10764;7890
26/09/2024 19:00;26/09/2024 19:15;77;kWh;-11295;8405;0;0;19700;-2890
26/09/2024 19:15;26/09/2024 19:30;78;kWh;0;24563;0;0;24563;24563
26/09/2024 19:30;26/09/2024 19:45;79;kWh;0;15429;0;0;15429;15429
26/09/2024 19:45;26/09/2024 20:00;80;kWh;-27635;0;0;0;27635;-27635
26/09/2024 20:00;26/09/2024 20:15;81;kWh;-41330;0;0;0;41330;-41330
26/09/2024 20:15;26/09/2024 20:30;82;kWh;-36480;0;0;0;36480;-36480
26/09/2024 20:30;26/09/2024 20:45;83;kWh;-24800;0;0;0;24800;-24800
26/09/2024 20:45;26/09/2024 21:00;84;kWh;-31959;0;0;0;31959;-31959
26/09/2024 21:00;26/09/2024 21:15;85;kWh;-7064;0;0;0;7064;-7064
26/09/2024 21:15;26/09/2024 21:30;86;kWh;-4628;0;0;0;4628;-4628
26/09/2024 21:30;26/09/2024 21:45;87;kWh;-11642;0;0;0;11642;-11642
26/09/2024 21:45;26/09/2024 22:00;88;kWh;-33478;0;0;0;33478;-33478
26/09/2024 22:00;26/09/2024 22:15;89;kWh;-20078;0;0;0;20078;-20078
26/09/2024 22:15;26/09/2024 22:30;90;kWh;-20011;0;0;0;20011;-20011
26/09/2024 22:30;26/09/2024 22:45;91;kWh;-39052;0;0;0;39052;-39052
26/09/2024 22:45;26/09/2024 23:00;92;kWh;-31515;0;0;0;31515;-31515
26/09/2024 23:00;26/09/2024 23:15;93;kWh;-27963;0;0;0;27963;-27963
26/09/2024 23:15;26/09/2024 23:30;94;kWh;-36776;1815;0;0;38591;-34961
26/09/2024 23:30;26/09/2024 23:45;95;kWh;-45573;121;0;0;45694;-45452
26/09/2024 23:45;27/09/2024 00:00;96;kWh;-38878;0;0;0;38878;-38878
27/09/2024 00:00;27/09/2024 00:15;1;kWh;-9236;135;0;0;9371;-9101
27/09/2024 00:15;27/09/2024 00:30;2;kWh;-4309;338;0;0;4647;-3971
27/09/2024 00:30;27/09/2024 00:45;3;kWh;-8332;0;0;0;8332;-8332
27/09/2024 00:45;27/09/2024 01:00;4;kWh;-4932;0;0;0;4932;-4932
27/09/2024 01:00;27/09/2024 01:15;5;kWh;-12123;0;0;0;12123;-12123
27/09/2024 01:15;27/09/2024 01:30;6;kWh;-5263;0;0;0;5263;-5263
27/09/2024 01:30;27/09/2024 01:45;7;kWh;-15577;0;0;0;15577;-15577
27/09/2024 01:45;27/09/2024 02:00;8;kWh;-16336;0;0;0;16336;-16336
27/09/2024 02:00;27/09/2024 02:15;9;kWh;-2081;0;0;0;2081;-2081
27/09/2024 02:15;27/09/2024 02:30;10;kWh;-9800;43;0;0;9843;-9757
27/09/2024 02:30;27/09/2024 02:45;11;kWh;-19044;496;0;0;19540;-18548
27/09/2024 02:45;27/09/2024 03:00;12;kWh;-19137;394;0;0;19531;-18743
27/09/2024 03:00;27/09/2024 03:15;13;kWh;-25475;380;0;0;25855;-25095
27/09/2024 03:15;27/09/2024 03:30;14;kWh;-20902;1164;0;0;22066;-19738
27/09/2024 03:30;27/09/2024 03:45;15;kWh;-21582;1;0;0;21583;-21581
27/09/2024 03:45;27/09/2024 04:00;16;kWh;-13672;843;0;0;14515;-12829
27/09/2024 04:00;27/09/2024 04:15;17;kWh;-23539;5748;0;0;29287;-17791
27/09/2024 04:15;27/09/2024 04:30;18;kWh;-18326;179;0;0;18505;-18147
27/09/2024 04:30;27/09/2024 04:45;19;kWh;-16888;0;0;0;16888;-16888
27/09/2024 04:45;27/09/2024 05:00;20;kWh;-3915;0;0;0;3915;-3915
27/09/2024 05:00;27/09/2024 05:15;21;kWh;-13816;0;0;0;13816;-13816
27/09/2024 05:15;27/09/2024 05:30;22;kWh;-61541;59;0;0;61600;-61482
27/09/2024 05:30;27/09/2024 05:45;23;kWh;-14557;820;0;0;15377;-13737
27/09/2024 05:45;27/09/2024 06:00;24;kWh;-7260;2589;0;0;9849;-4671
27/09/2024 06:00;27/09/2024 06:15;25;kWh;-35788;2558;0;0;38346;-33230
27/09/2024 06:15;27/09/2024 06:30;26;kWh;-28888;667;0;0;29555;-28221
27/09/2024 06:30;27/09/2024 06:45;27;kWh;-15385;7729;0;0;23114;-7656
27/09/2024 06:45;27/09/2024 07:00;28;kWh;-800;10797;0;0;11597;9997
27/09/2024 07:00;27/09/2024 07:15;29;kWh;-20036;38;0;0;20074;-19998
27/09/2024 07:15;27/09/2024 07:30;30;kWh;-2090;331;0;0;2421;-1759
27/09/2024 07:30;27/09/2024 07:45;31;kWh;-1536;976;0;0;2512;-560
27/09/2024 07:45;27/09/2024 08:00;32;kWh;-3337;5951;0;0;9288;2614
27/09/2024 08:00;27/09/2024 08:15;33;kWh;-18;872;0;0;890;854
27/09/2024 08:15;27/09/2024 08:30;34;kWh;-5213;246;0;0;5459;-4967
27/09/2024 08:30;27/09/2024 08:45;35;kWh;-19638;579;0;0;20217;-19059
27/09/2024 08:45;27/09/2024 09:00;36;kWh;-25951;0;0;0;25951;-25951
27/09/2024 09:00;27/09/2024 09:15;37;kWh;-28917;0;0;0;28917;-28917
27/09/2024 09:15;27/09/2024 09:30;38;kWh;-37541;0;0;0;37541;-37541
27/09/2024 09:30;27/09/2024 09:45;39;kWh;-38286;0;0;0;38286;-38286
27/09/2024 09:45;27/09/2024 10:00;40;kWh;-44215;0;0;0;44215;-44215
27/09/2024 10:00;27/09/2024 10:15;41;kWh;-14153;0;0;0;14153;-14153
27/09/2024 10:15;27/09/2024 10:30;42;kWh;-16879;0;0;0;16879;-16879
27/09/2024 10:30;27/09/2024 10:45;43;kWh;-36980;0;0;0;36980;-36980
27/09/2024 10:45;27/09/2024 11:00;44;kWh;-33351;0;0;0;33351;-33351
27/09/2024 11:00;27/09/2024 11:15;45;kWh;-28428;0;0;0;28428;-28428
27/09/2024 11:15;27/09/2024 11:30;46;kWh;-48492;0;0;0;48492;-48492
27/09/2024 11:30;27/09/2024 11:45;47;kWh;-29948;0;0;0;29948;-29948
27/09/2024 11:45;27/09/2024 12:00;48;kWh;-13931;0;0;0;13931;-13931
27/09/2024 12:00;27/09/2024 12:15;49;kWh;-2446;0;0;0;2446;-2446
27/09/2024 12:15;27/09/2024 12:30;50;kWh;-10112;0;0;0;10112;-10112
27/09/2024 12:30;27/09/2024 12:45;51;kWh;-1696;0;0;0;1696;-1696
27/09/2024 12:45;27/09/2024 13:00;52;kWh;-2515;0;0;0;2515;-2515
27/09/2024 13:00;27/09/2024 13:15;53;kWh;-2163;0;0;0;2163;-2163
27/09/2024 13:15;27/09/2024 13:30;54;kWh;0;25770;0;0;25770;25770
27/09/2024 13:30;27/09/2024 13:45;55;kWh;0;47733;0;0;47733;47733
27/09/2024 13:45;27/09/2024 14:00;56;kWh;0;28016;0;0;28016;28016
27/09/2024 14:00;27/09/2024 14:15;57;kWh;0;6359;0;0;6359;6359
27/09/2024 14:15;27/09/2024 14:30;58;kWh;0;9485;0;0;9485;9485
27/09/2024 14:30;27/09/2024 14:45;59;kWh;-68;6415;0;0;6483;6347
27/09/2024 14:45;27/09/2024 15:00;60;kWh;-509;0;0;0;509;-509
27/09/2024 15:00;27/09/2024 15:15;61;kWh;-1305;0;0;0;1305;-1305
27/09/2024 15:15;27/09/2024 15:30;62;kWh;-37;0;0;0;37;-37
27/09/2024 15:30;27/09/2024 15:45;63;kWh;0;0;0;0;0;0
27/09/2024 15:45;27/09/2024 16:00;64;kWh;-6251;375;0;0;6626;-5876
27/09/2024 16:00;27/09/2024 16:15;65;kWh;-41265;3537;0;0;44802;-37728
27/09/2024 16:15;27/09/2024 16:30;66;kWh;-34824;0;0;0;34824;-34824
27/09/2024 16:30;27/09/2024 16:45;67;kWh;-21614;4724;0;0;26338;-16890
27/09/2024 16:45;27/09/2024 17:00;68;kWh;-20399;989;0;0;21388;-19410
27/09/2024 17:00;27/09/2024 17:15;69;kWh;-1353;1762;0;0;3115;409
27/09/2024 17:15;27/09/2024 17:30;70;kWh;-808;0;0;0;808;-808
27/09/2024 17:30;27/09/2024 17:45;71;kWh;-1024;0;0;0;1024;-1024
27/09/2024 17:45;27/09/2024 18:00;72;kWh;-496;0;0;0;496;-496
27/09/2024 18:00;27/09/2024 18:15;73;kWh;-1209;0;0;0;1209;-1209
27/09/2024 18:15;27/09/2024 18:30;74;kWh;-2035;0;0;0;2035;-2035
27/09/2024 18:30;27/09/2024 18:45;75;kWh;-393;0;0;0;393;-393
27/09/2024 18:45;27/09/2024 19:00;76;kWh;-32;0;0;0;32;-32
27/09/2024 19:00;27/09/2024 19:15;77;kWh;-2735;0;0;0;2735;-2735
27/09/2024 19:15;27/09/2024 19:30;78;kWh;-178;0;0;0;178;-178
27/09/2024 19:30;27/09/2024 19:45;79;kWh;0;0;0;0;0;0
27/09/2024 19:45;27/09/2024 20:00;80;kWh;-12;0;0;0;12;-12
27/09/2024 20:00;27/09/2024 20:15;81;kWh;-815;0;0;0;815;-815
27/09/2024 20:15;27/09/2024 20:30;82;kWh;-8256;3;0;0;8259;-8253
27/09/2024 20:30;27/09/2024 20:45;83;kWh;-15685;4516;0;0;20201;-11169
27/09/2024 20:45;27/09/2024 21:00;84;kWh;-17327;3567;0;0;20894;-13760
27/09/2024 21:00;27/09/2024 21:15;85;kWh;-193;364;0;0;557;171
27/09/2024 21:15;27/09/2024 21:30;86;kWh;-1112;0;0;0;1112;-1112
27/09/2024 21:30;27/09/2024 21:45;87;kWh;-6492;0;0;0;6492;-6492
27/09/2024 21:45;27/09/2024 22:00;88;kWh;-8616;2758;0;0;11374;-5858
27/09/2024 22:00;27/09/2024 22:15;89;kWh;-2229;0;0;0;2229;-2229
27/09/2024 22:15;27/09/2024 22:30;90;kWh;-14415;0;0;0;14415;-14415
27/09/2024 22:30;27/09/2024 22:45;91;kWh;-19081;1824;0;0;20905;-17257
27/09/2024 22:45;27/09/2024 23:00;92;kWh;-17574;2429;0;0;20003;-15145
27/09/2024 23:00;27/09/2024 23:15;93;kWh;-1093;1668;0;0;2761;575
27/09/2024 23:15;27/09/2024 23:30;94;kWh;-47;3318;0;0;3365;3271
27/09/2024 23:30;27/09/2024 23:45;95;kWh;-2639;0;0;0;2639;-2639
27/09/2024 23:45;28/09/2024 00:00;96;kWh;-6591;2384;0;0;8975;-4207
28/09/2024 00:00;28/09/2024 00:15;1;kWh;-3737;39690;0;0;43427;35953
28/09/2024 00:15;28/09/2024 00:30;2;kWh;-4;1668;0;0;1672;1664
28/09/2024 00:30;28/09/2024 00:45;3;kWh;-15066;0;0;0;15066;-15066
28/09/2024 00:45;28/09/2024 01:00;4;kWh;-25529;0;0;0;25529;-25529
28/09/2024 01:00;28/09/2024 01:15;5;kWh;-21187;0;0;0;21187;-21187
28/09/2024 01:15;28/09/2024 01:30;6;kWh;-10907;0;0;0;10907;-10907
28/09/2024 01:30;28/09/2024 01:45;7;kWh;-328;132;0;0;460;-196
28/09/2024 01:45;28/09/2024 02:00;8;kWh;-7374;0;0;0;7374;-7374
28/09/2024 02:00;28/09/2024 02:15;9;kWh;0;0;0;0;0;0
28/09/2024 02:15;28/09/2024 02:30;10;kWh;0;63;0;0;63;63
28/09/2024 02:30;28/09/2024 02:45;11;kWh;0;0;0;0;0;0
28/09/2024 02:45;28/09/2024 03:00;12;kWh;-3561;0;0;0;3561;-3561
28/09/2024 03:00;28/09/2024 03:15;13;kWh;-4424;0;0;0;4424;-4424
28/09/2024 03:15;28/09/2024 03:30;14;kWh;-6055;0;0;0;6055;-6055
28/09/2024 03:30;28/09/2024 03:45;15;kWh;-6702;0;0;0;6702;-6702
28/09/2024 03:45;28/09/2024 04:00;16;kWh;-15626;0;0;0;15626;-15626
28/09/2024 04:00;28/09/2024 04:15;17;kWh;-15288;0;0;0;15288;-15288
28/09/2024 04:15;28/09/2024 04:30;18;kWh;-6333;288;0;0;6621;-6045
28/09/2024 04:30;28/09/2024 04:45;19;kWh;0;2329;0;0;2329;2329
28/09/2024 04:45;28/09/2024 05:00;20;kWh;0;23;0;0;23;23
28/09/2024 05:00;28/09/2024 05:15;21;kWh;0;986;0;0;986;986
28/09/2024 05:15;28/09/2024 05:30;22;kWh;0;1993;0;0;1993;1993
28/09/2024 05:30;28/09/2024 05:45;23;kWh;-2068;0;0;0;2068;-2068
28/09/2024 05:45;28/09/2024 06:00;24;kWh;-3014;0;0;0;3014;-3014
28/09/2024 06:00;28/09/2024 06:15;25;kWh;-974;2663;0;0;3637;1689
28/09/2024 06:15;28/09/2024 06:30;26;kWh;-2936;2180;0;0;5116;-756
28/09/2024 06:30;28/09/2024 06:45;27;kWh;-2700;6616;0;0;9316;3916
28/09/2024 06:45;28/09/2024 07:00;28;kWh;0;60552;0;0;60552;60552
28/09/2024 07:00;28/09/2024 07:15;29;kWh;-1382;2048;0;0;3430;666
28/09/2024 07:15;28/09/2024 07:30;30;kWh;-481;1132;0;0;1613;651
28/09/2024 07:30;28/09/2024 07:45;31;kWh;-8948;688;0;0;9636;-8260
28/09/2024 07:45;28/09/2024 08:00;32;kWh;-1577;0;0;0;1577;-1577
28/09/2024 08:00;28/09/2024 08:15;33;kWh;-1683;0;0;0;1683;-1683
28/09/2024 08:15;28/09/2024 08:30;34;kWh;-3654;0;0;0;3654;-3654
28/09/2024 08:30;28/09/2024 08:45;35;kWh;-7492;1030;0;0;8522;-6462
28/09/2024 08:45;28/09/2024 09:00;36;kWh;-16170;100;0;0;16270;-16070
28/09/2024 09:00;28/09/2024 09:15;37;kWh;-8647;0;0;0;8647;-8647
28/09/2024 09:15;28/09/2024 09:30;38;kWh;-13383;21;0;0;13404;-13362
28/09/2024 09:30;28/09/2024 09:45;39;kWh;-45568;159;0;0;45727;-45409
28/09/2024 09:45;28/09/2024 10:00;40;kWh;-38973;0;0;0;38973;-38973
28/09/2024 10:00;28/09/2024 10:15;41;kWh;-15754;0;0;0;15754;-15754
28/09/2024 10:15;28/09/2024 10:30;42;kWh;-42765;0;0;0;42765;-42765
28/09/2024 10:30;28/09/2024 10:45;43;kWh;-41952;0;0;0;41952;-41952
28/09/2024 10:45;28/09/2024 11:00;44;kWh;-53456;0;0;0;53456;-53456
28/09/2024 11:00;28/09/2024 11:15;45;kWh;-29141;0;0;0;29141;-29141
28/09/2024 11:15;28/09/2024 11:30;46;kWh;-38768;0;0;0;38768;-38768
28/09/2024 11:30;28/09/2024 11:45;47;kWh;-37032;0;0;0;37032;-37032
28/09/2024 11:45;28/09/2024 12:00;48;kWh;-29405;13;0;0;29418;-29392
28/09/2024 12:00;28/09/2024 12:15;49;kWh;-21073;81;0;0;21154;-20992
28/09/2024 12:15;28/09/2024 12:30;50;kWh;-8247;0;0;0;8247;-8247
28/09/2024 12:30;28/09/2024 12:45;51;kWh;-11869;0;0;0;11869;-11869
28/09/2024 12:45;28/09/2024 13:00;52;kWh;-16071;0;0;0;16071;-16071
28/09/2024 13:00;28/09/2024 13:15;53;kWh;-45429;0;0;0;45429;-45429
28/09/2024 13:15;28/09/2024 13:30;54;kWh;-28912;0;0;0;28912;-28912
28/09/2024 13:30;28/09/2024 13:45;55;kWh;-46545;0;0;0;46545;-46545
28/09/2024 13:45;28/09/2024 14:00;56;kWh;-40939;0;0;0;40939;-40939
28/09/2024 14:00;28/09/2024 14:15;57;kWh;-50406;0;0;0;50406;-50406
28/09/2024 14:15;28/09/2024 14:30;58;kWh;-25893;0;0;0;25893;-25893
28/09/2024 14:30;28/09/2024 14:45;59;kWh;-18342;0;0;0;18342;-18342
28/09/2024 14:45;28/09/2024 15:00;60;kWh;-15233;0;0;0;15233;-15233
28/09/2024 15:00;28/09/2024 15:15;61;kWh;-45713;0;0;0;45713;-45713
28/09/2024 15:15;28/09/2024 15:30;62;kWh;-5624;0;0;0;5624;-5624
28/09/2024 15:30;28/09/2024 15:45;63;kWh;-1297;485;0;0;1782;-812
28/09/2024 15:45;28/09/2024 16:00;64;kWh;-3324;125;0;0;3449;-3199
28/09/2024 16:00;28/09/2024 16:15;65;kWh;-35186;0;0;0;35186;-35186
28/09/2024 16:15;28/09/2024 16:30;66;kWh;-12657;3440;0;0;16097;-9217
28/09/2024 16:30;28/09/2024 16:45;67;kWh;-13935;1795;0;0;15730;-12140
28/09/2024 16:45;28/09/2024 17:00;68;kWh;-13528;0;0;0;13528;-13528
28/09/2024 17:00;28/09/2024 17:15;69;kWh;-4974;571;0;0;5545;-4403
28/09/2024 17:15;28/09/2024 17:30;70;kWh;-11043;928;0;0;11971;-10115
28/09/2024 17:30;28/09/2024 17:45;71;kWh;-2748;0;0;0;2748;-2748
28/09/2024 17:45;28/09/2024 18:00;72;kWh;-715;498;0;0;1213;-217
28/09/2024 18:00;28/09/2024 18:15;73;kWh;0;1486;0;0;1486;1486
28/09/2024 18:15;28/09/2024 18:30;74;kWh;0;0;0;0;0;0
28/09/2024 18:30;28/09/2024 18:45;75;kWh;0;37;0;0;37;37
28/09/2024 18:45;28/09/2024 19:00;76;kWh;0;8419;0;0;8419;8419
28/09/2024 19:00;28/09/2024 19:15;77;kWh;-31264;2546;0;0;33810;-28718
28/09/2024 19:15;28/09/2024 19:30;78;kWh;-1332;4190;0;0;5522;2858
28/09/2024 19:30;28/09/2024 19:45;79;kWh;0;49208;0;0;49208;49208
28/09/2024 19:45;28/09/2024 20:00;80;kWh;0;37258;0;0;37258;37258
28/09/2024 20:00;28/09/2024 20:15;81;kWh;0;42179;0;0;42179;42179
28/09/2024 20:15;28/09/2024 20:30;82;kWh;-642;11280;0;0;11922;10638
28/09/2024 20:30;28/09/2024 20:45;83;kWh;-23891;0;0;0;23891;-23891
28/09/2024 20:45;28/09/2024 21:00;84;kWh;-7633;32;0;0;7665;-7601
28/09/2024 21:00;28/09/2024 21:15;85;kWh;-10715;0;0;0;10715;-10715
28/09/2024 21:15;28/09/2024 21:30;86;kWh;-18692;0;0;0;18692;-18692
28/09/2024 21:30;28/09/2024 21:45;87;kWh;-12706;685;0;0;13391;-12021
28/09/2024 21:45;28/09/2024 22:00;88;kWh;0;5792;0;0;5792;5792
28/09/2024 22:00;28/09/2024 22:15;89;kWh;-6;597;0;0;603;591
28/09/2024 22:15;28/09/2024 22:30;90;kWh;-443;0;0;0;443;-443
28/09/2024 22:30;28/09/2024 22:45;91;kWh;0;126;0;0;126;126
28/09/2024 22:45;28/09/2024 23:00;92;kWh;-879;0;0;0;879;-879
28/09/2024 23:00;28/09/2024 23:15;93;kWh;-5338;27405;0;0;32743;22067
28/09/2024 23:15;28/09/2024 23:30;94;kWh;0;64029;0;0;64029;64029
28/09/2024 23:30;28/09/2024 23:45;95;kWh;0;19421;0;0;19421;19421
28/09/2024 23:45;29/09/2024 00:00;96;kWh;-8883;808;0;0;9691;-8075
29/09/2024 00:00;29/09/2024 00:15;1;kWh;0;5293;0;0;5293;5293
29/09/2024 00:15;29/09/2024 00:30;2;kWh;0;4237;0;0;4237;4237
29/09/2024 00:30;29/09/2024 00:45;3;kWh;0;5298;0;0;5298;5298
29/09/2024 00:45;29/09/2024 01:00;4;kWh;0;576;0;0;576;576
29/09/2024 01:00;29/09/2024 01:15;5;kWh;0;8493;0;0;8493;8493
29/09/2024 01:15;29/09/2024 01:30;6;kWh;-1056;45;0;0;1101;-1011
29/09/2024 01:30;29/09/2024 01:45;7;kWh;-3709;0;0;0;3709;-3709
29/09/2024 01:45;29/09/2024 02:00;8;kWh;-10003;0;0;0;10003;-10003
29/09/2024 02:00;29/09/2024 02:15;9;kWh;-13835;0;0;0;13835;-13835
29/09/2024 02:15;29/09/2024 02:30;10;kWh;-23202;0;0;0;23202;-23202
29/09/2024 02:30;29/09/2024 02:45;11;kWh;-28828;0;0;0;28828;-28828
29/09/2024 02:45;29/09/2024 03:00;12;kWh;-36982;0;0;0;36982;-36982
29/09/2024 03:00;29/09/2024 03:15;13;kWh;-34749;0;0;0;34749;-34749
29/09/2024 03:15;29/09/2024 03:30;14;kWh;-36531;0;0;0;36531;-36531
29/09/2024 03:30;29/09/2024 03:45;15;kWh;-34595;0;0;0;34595;-34595
29/09/2024 03:45;29/09/2024 04:00;16;kWh;-32858;0;0;0;32858;-32858
29/09/2024 04:00;29/09/2024 04:15;17;kWh;-3679;620;0;0;4299;-3059
29/09/2024 04:15;29/09/2024 04:30;18;kWh;-217;6;0;0;223;-211
29/09/2024 04:30;29/09/2024 04:45;19;kWh;-2860;0;0;0;2860;-2860
29/09/2024 04:45;29/09/2024 05:00;20;kWh;-11324;0;0;0;11324;-11324
29/09/2024 05:00;29/09/2024 05:15;21;kWh;-31614;0;0;0;31614;-31614
29/09/2024 05:15;29/09/2024 05:30;22;kWh;-24371;0;0;0;24371;-24371
29/09/2024 05:30;29/09/2024 05:45;23;kWh;-29171;0;0;0;29171;-29171
29/09/2024 05:45;29/09/2024 06:00;24;kWh;-92;0;0;0;92;-92
29/09/2024 06:00;29/09/2024 06:15;25;kWh;-5545;0;0;0;5545;-5545
29/09/2024 06:15;29/09/2024 06:30;26;kWh;-3867;0;0;0;3867;-3867
29/09/2024 06:30;29/09/2024 06:45;27;kWh;-1490;0;0;0;1490;-1490
29/09/2024 06:45;29/09/2024 07:00;28;kWh;-71;0;0;0;71;-71
29/09/2024 07:00;29/09/2024 07:15;29;kWh;-225;3991;0;0;4216;3766
29/09/2024 07:15;29/09/2024 07:30;30;kWh;0;6075;0;0;6075;6075
29/09/2024 07:30;29/09/2024 07:45;31;kWh;0;116;0;0;116;116
29/09/2024 07:45;29/09/2024 08:00;32;kWh;-1230;0;0;0;1230;-1230
29/09/2024 08:00;29/09/2024 08:15;33;kWh;-385;19833;0;0;20218;19448
29/09/2024 08:15;29/09/2024 08:30;34;kWh;-513;8786;0;0;9299;8273
29/09/2024 08:30;29/09/2024 08:45;35;kWh;-28159;0;0;0;28159;-28159
29/09/2024 08:45;29/09/2024 09:00;36;kWh;-37120;0;0;0;37120;-37120
29/09/2024 09:00;29/09/2024 09:15;37;kWh;-12544;0;0;0;12544;-12544
29/09/2024 09:15;29/09/2024 09:30;38;kWh;-23043;0;0;0;23043;-23043
29/09/2024 09:30;29/09/2024 09:45;39;kWh;-40836;0;0;0;40836;-40836
29/09/2024 09:45;29/09/2024 10:00;40;kWh;-40089;0;0;0;40089;-40089
29/09/2024 10:00;29/09/2024 10:15;41;kWh;-17780;0;0;0;17780;-17780
29/09/2024 10:15;29/09/2024 10:30;42;kWh;-30851;0;0;0;30851;-30851
29/09/2024 10:30;29/09/2024 10:45;43;kWh;-24279;0;0;0;24279;-24279
29/09/2024 10:45;29/09/2024 11:00;44;kWh;-51208;0;0;0;51208;-51208
29/09/2024 11:00;29/09/2024 11:15;45;kWh;-33322;0;0;0;33322;-33322
29/09/2024 11:15;29/09/2024 11:30;46;kWh;-35775;0;0;0;35775;-35775
29/09/2024 11:30;29/09/2024 11:45;47;kWh;-22714;0;0;0;22714;-22714
29/09/2024 11:45;29/09/2024 12:00;48;kWh;-32942;0;0;0;32942;-32942
29/09/2024 12:00;29/09/2024 12:15;49;kWh;-5514;0;0;0;5514;-5514
29/09/2024 12:15;29/09/2024 12:30;50;kWh;-885;0;0;0;885;-885
29/09/2024 12:30;29/09/2024 12:45;51;kWh;0;0;0;0;0;0
29/09/2024 12:45;29/09/2024 13:00;52;kWh;-10676;0;0;0;10676;-10676
29/09/2024 13:00;29/09/2024 13:15;53;kWh;-23542;0;0;0;23542;-23542
29/09/2024 13:15;29/09/2024 13:30;54;kWh;-6368;0;0;0;6368;-6368
29/09/2024 13:30;29/09/2024 13:45;55;kWh;-5747;0;0;0;5747;-5747
29/09/2024 13:45;29/09/2024 14:00;56;kWh;-5657;0;0;0;5657;-5657
29/09/2024 14:00;29/09/2024 14:15;57;kWh;-5454;0;0;0;5454;-5454
29/09/2024 14:15;29/09/2024 14:30;58;kWh;0;0;0;0;0;0
29/09/2024 14:30;29/09/2024 14:45;59;kWh;-20;0;0;0;20;-20
29/09/2024 14:45;29/09/2024 15:00;60;kWh;0;1927;0;0;1927;1927
29/09/2024 15:00;29/09/2024 15:15;61;kWh;-18851;81;0;0;18932;-18770
29/09/2024 15:15;29/09/2024 15:30;62;kWh;-12210;0;0;0;12210;-12210
29/09/2024 15:30;29/09/2024 15:45;63;kWh;-268;0;0;0;268;-268
29/09/2024 15:45;29/09/2024 16:00;64;kWh;-1915;0;0;0;1915;-1915
29/09/2024 16:00;29/09/2024 16:15;65;kWh;-14500;1083;0;0;15583;-13417
29/09/2024 16:15;29/09/2024 16:30;66;kWh;-179;11380;0;0;11559;11201
29/09/2024 16:30;29/09/2024 16:45;67;kWh;0;34169;0;0;34169;34169
29/09/2024 16:45;29/09/2024 17:00;68;kWh;0;32997;0;0;32997;32997
29/09/2024 17:00;29/09/2024 17:15;69;kWh;0;51920;0;0;51920;51920
29/09/2024 17:15;29/09/2024 17:30;70;kWh;0;14386;0;0;14386;14386
29/09/2024 17:30;29/09/2024 17:45;71;kWh;0;8446;0;0;8446;8446
29/09/2024 17:45;29/09/2024 18:00;72;kWh;0;9;0;0;9;9
29/09/2024 18:00;29/09/2024 18:15;73;kWh;-2696;6;0;0;2702;-2690
29/09/2024 18:15;29/09/2024 18:30;74;kWh;-2304;0;0;0;2304;-2304
29/09/2024 18:30;29/09/2024 18:45;75;kWh;-1438;0;0;0;1438;-1438
29/09/2024 18:45;29/09/2024 19:00;76;kWh;-28;9;0;0;37;-19
29/09/2024 19:00;29/09/2024 19:15;77;kWh;-557;0;0;0;557;-557
29/09/2024 19:15;29/09/2024 19:30;78;kWh;-39;0;0;0;39;-39
29/09/2024 19:30;29/09/2024 19:45;79;kWh;-426;0;0;0;426;-426
29/09/2024 19:45;29/09/2024 20:00;80;kWh;-1329;0;0;0;1329;-1329
29/09/2024 20:00;29/09/2024 20:15;81;kWh;-7276;0;0;0;7276;-7276
29/09/2024 20:15;29/09/2024 20:30;82;kWh;-19397;0;0;0;19397;-19397
29/09/2024 20:30;29/09/2024 20:45;83;kWh;-31227;0;0;0;31227;-31227
29/09/2024 20:45;29/09/2024 21:00;84;kWh;-9850;5440;0;0;15290;-4410
29/09/2024 21:00;29/09/2024 21:15;85;kWh;-12881;19077;0;0;31958;6196
29/09/2024 21:15;29/09/2024 21:30;86;kWh;-2499;8333;0;0;10832;5834
29/09/2024 21:30;29/09/2024 21:45;87;kWh;-4866;0;0;0;4866;-4866
29/09/2024 21:45;29/09/2024 22:00;88;kWh;-13079;0;0;0;13079;-13079
29/09/2024 22:00;29/09/2024 22:15;89;kWh;-28346;0;0;0;28346;-28346
29/09/2024 22:15;29/09/2024 22:30;90;kWh;-8321;0;0;0;8321;-8321
29/09/2024 22:30;29/09/2024 22:45;91;kWh;-21091;0;0;0;21091;-21091
29/09/2024 22:45;29/09/2024 23:00;92;kWh;-19284;0;0;0;19284;-19284
29/09/2024 23:00;29/09/2024 23:15;93;kWh;-14232;0;0;0;14232;-14232
29/09/2024 23:15;29/09/2024 23:30;94;kWh;-23403;0;0;0;23403;-23403
29/09/2024 23:30;29/09/2024 23:45;95;kWh;-17528;0;0;0;17528;-17528
29/09/2024 23:45;30/09/2024 00:00;96;kWh;-31143;0;0;0;31143;-31143
30/09/2024 00:00;30/09/2024 00:15;1;kWh;-724;1368;0;0;2092;644
30/09/2024 00:15;30/09/2024 00:30;2;kWh;-6471;3;0;0;6474;-6468
30/09/2024 00:30;30/09/2024 00:45;3;kWh;-473;1191;0;0;1664;718
30/09/2024 00:45;30/09/2024 01:00;4;kWh;-9906;897;0;0;10803;-9009
30/09/2024 01:00;30/09/2024 01:15;5;kWh;-1385;0;0;0;1385;-1385
30/09/2024 01:15;30/09/2024 01:30;6;kWh;-4359;0;0;0;4359;-4359
30/09/2024 01:30;30/09/2024 01:45;7;kWh;-10857;0;0;0;10857;-10857
30/09/2024 01:45;30/09/2024 02:00;8;kWh;-13446;110;0;0;13556;-13336
30/09/2024 02:00;30/09/2024 02:15;9;kWh;-23352;3063;0;0;26415;-20289
30/09/2024 02:15;30/09/2024 02:30;10;kWh;-20837;0;0;0;20837;-20837
30/09/2024 02:30;30/09/2024 02:45;11;kWh;-13454;0;0;0;13454;-13454
30/09/2024 02:45;30/09/2024 03:00;12;kWh;-12064;536;0;0;12600;-11528
30/09/2024 03:00;30/09/2024 03:15;13;kWh;-2001;684;0;0;2685;-1317
30/09/2024 03:15;30/09/2024 03:30;14;kWh;-9471;0;0;0;9471;-9471
30/09/2024 03:30;30/09/2024 03:45;15;kWh;-7059;0;0;0;7059;-7059
30/09/2024 03:45;30/09/2024 04:00;16;kWh;-6814;0;0;0;6814;-6814
30/09/2024 04:00;30/09/2024 04:15;17;kWh;-6589;475;0;0;7064;-6114
30/09/2024 04:15;30/09/2024 04:30;18;kWh;-6913;271;0;0;7184;-6642
30/09/2024 04:30;30/09/2024 04:45;19;kWh;-2134;25;0;0;2159;-2109
30/09/2024 04:45;30/09/2024 05:00;20;kWh;-2688;1304;0;0;3992;-1384
30/09/2024 05:00;30/09/2024 05:15;21;kWh;-16581;0;0;0;16581;-16581
30/09/2024 05:15;30/09/2024 05:30;22;kWh;-50;148;0;0;198;98
30/09/2024 05:30;30/09/2024 05:45;23;kWh;0;2472;0;0;2472;2472
30/09/2024 05:45;30/09/2024 06:00;24;kWh;-291;1160;0;0;1451;869
30/09/2024 06:00;30/09/2024 06:15;25;kWh;-29327;7888;0;0;37215;-21439
30/09/2024 06:15;30/09/2024 06:30;26;kWh;0;5539;0;0;5539;5539
30/09/2024 06:30;30/09/2024 06:45;27;kWh;0;4709;0;0;4709;4709
30/09/2024 06:45;30/09/2024 07:00;28;kWh;0;13510;0;0;13510;13510
30/09/2024 07:00;30/09/2024 07:15;29;kWh;-6628;16594;0;0;23222;9966
30/09/2024 07:15;30/09/2024 07:30;30;kWh;0;21608;0;0;21608;21608
30/09/2024 07:30;30/09/2024 07:45;31;kWh;0;49967;0;0;49967;49967
30/09/2024 07:45;30/09/2024 08:00;32;kWh;0;56634;0;0;56634;56634
30/09/2024 08:00;30/09/2024 08:15;33;kWh;0;34096;0;0;34096;34096
30/09/2024 08:15;30/09/2024 08:30;34;kWh;0;49280;0;0;49280;49280
30/09/2024 08:30;30/09/2024 08:45;35;kWh;0;13792;0;0;13792;13792
30/09/2024 08:45;30/09/2024 09:00;36;kWh;-1457;3;0;0;1460;-1454
30/09/2024 09:00;30/09/2024 09:15;37;kWh;-2915;3887;0;0;6802;972
30/09/2024 09:15;30/09/2024 09:30;38;kWh;-2424;0;0;0;2424;-2424
30/09/2024 09:30;30/09/2024 09:45;39;kWh;-6845;0;0;0;6845;-6845
30/09/2024 09:45;30/09/2024 10:00;40;kWh;-40171;35;0;0;40206;-40136
30/09/2024 10:00;30/09/2024 10:15;41;kWh;-17582;8857;0;0;26439;-8725
30/09/2024 10:15;30/09/2024 10:30;42;kWh;-14616;460;0;0;15076;-14156
30/09/2024 10:30;30/09/2024 10:45;43;kWh;-9285;670;0;0;9955;-8615
30/09/2024 10:45;30/09/2024 11:00;44;kWh;-7387;5647;0;0;13034;-1740
30/09/2024 11:00;30/09/2024 11:15;45;kWh;0;2897;0;0;2897;2897
30/09/2024 11:15;30/09/2024 11:30;46;kWh;0;15650;0;0;15650;15650
30/09/2024 11:30;30/09/2024 11:45;47;kWh;0;17393;0;0;17393;17393
30/09/2024 11:45;30/09/2024 12:00;48;kWh;0;10875;0;0;10875;10875
30/09/2024 12:00;30/09/2024 12:15;49;kWh;0;1571;0;0;1571;1571
30/09/2024 12:15;30/09/2024 12:30;50;kWh;-48;11556;0;0;11604;11508
30/09/2024 12:30;30/09/2024 12:45;51;kWh;-1321;5409;0;0;6730;4088
30/09/2024 12:45;30/09/2024 13:00;52;kWh;-5220;2039;0;0;7259;-3181
30/09/2024 13:00;30/09/2024 13:15;53;kWh;-26361;0;0;0;26361;-26361
30/09/2024 13:15;30/09/2024 13:30;54;kWh;-18250;0;0;0;18250;-18250
30/09/2024 13:30;30/09/2024 13:45;55;kWh;-22488;923;0;0;23411;-21565
30/09/2024 13:45;30/09/2024 14:00;56;kWh;-34186;2260;0;0;36446;-31926
30/09/2024 14:00;30/09/2024 14:15;57;kWh;-33983;2514;0;0;36497;-31469
30/09/2024 14:15;30/09/2024 14:30;58;kWh;-11787;1074;0;0;12861;-10713
30/09/2024 14:30;30/09/2024 14:45;59;kWh;0;40;0;0;40;40
30/09/2024 14:45;30/09/2024 15:00;60;kWh;-8389;9095;0;0;17484;706
30/09/2024 15:00;30/09/2024 15:15;61;kWh;0;8127;0;0;8127;8127
30/09/2024 15:15;30/09/2024 15:30;62;kWh;-5571;0;0;0;5571;-5571
30/09/2024 15:30;30/09/2024 15:45;63;kWh;-7834;7136;0;0;14970;-698
30/09/2024 15:45;30/09/2024 16:00;64;kWh;0;13526;0;0;13526;13526
30/09/2024 16:00;30/09/2024 16:15;65;kWh;0;11435;0;0;11435;11435
30/09/2024 16:15;30/09/2024 16:30;66;kWh;-125;15272;0;0;15397;15147
30/09/2024 16:30;30/09/2024 16:45;67;kWh;0;26443;0;0;26443;26443
30/09/2024 16:45;30/09/2024 17:00;68;kWh;0;41597;0;0;41597;41597
30/09/2024 17:00;30/09/2024 17:15;69;kWh;0;27523;0;0;27523;27523
30/09/2024 17:15;30/09/2024 17:30;70;kWh;0;45980;0;0;45980;45980
30/09/2024 17:30;30/09/2024 17:45;71;kWh;0;63509;0;0;63509;63509
30/09/2024 17:45;30/09/2024 18:00;72;kWh;0;61269;0;0;61269;61269
30/09/2024 18:00;30/09/2024 18:15;73;kWh;0;22885;0;0;22885;22885
30/09/2024 18:15;30/09/2024 18:30;74;kWh;0;7388;0;0;7388;7388
30/09/2024 18:30;30/09/2024 18:45;75;kWh;0;13802;0;0;13802;13802
30/09/2024 18:45;30/09/2024 19:00;76;kWh;0;14233;0;0;14233;14233
30/09/2024 19:00;30/09/2024 19:15;77;kWh;0;306;0;0;306;306
30/09/2024 19:15;30/09/2024 19:30;78;kWh;0;3224;0;0;3224;3224
30/09/2024 19:30;30/09/2024 19:45;79;kWh;0;5726;0;0;5726;5726
30/09/2024 19:45;30/09/2024 20:00;80;kWh;-205;395;0;0;600;190
30/09/2024 20:00;30/09/2024 20:15;81;kWh;-7567;11825;0;0;19392;4258
30/09/2024 20:15;30/09/2024 20:30;82;kWh;-10715;12314;0;0;23029;1599
30/09/2024 20:30;30/09/2024 20:45;83;kWh;-42369;11837;0;0;54206;-30532
30/09/2024 20:45;30/09/2024 21:00;84;kWh;-21253;9556;0;0;30809;-11697
30/09/2024 21:00;30/09/2024 21:15;85;kWh;-14667;9468;0;0;24135;-5199
30/09/2024 21:15;30/09/2024 21:30;86;kWh;-8796;8856;0;0;17652;60
30/09/2024 21:30;30/09/2024 21:45;87;kWh;-1437;6882;0;0;8319;5445
30/09/2024 21:45;30/09/2024 22:00;88;kWh;-7970;2580;0;0;10550;-5390
30/09/2024 22:00;30/09/2024 22:15;89;kWh;0;85176;0;0;85176;85176
30/09/2024 22:15;30/09/2024 22:30;90;kWh;0;5865;0;0;5865;5865
30/09/2024 22:30;30/09/2024 22:45;91;kWh;0;9505;0;0;9505;9505
30/09/2024 22:45;30/09/2024 23:00;92;kWh;-3903;2354;0;0;6257;-1549
30/09/2024 23:00;30/09/2024 23:15;93;kWh;0;60056;0;0;60056;60056
30/09/2024 23:15;30/09/2024 23:30;94;kWh;-33;7566;0;0;7599;7533
30/09/2024 23:30;30/09/2024 23:45;95;kWh;0;10643;0;0;10643;10643
30/09/2024 23:45;01/10/2024 00:00;96;kWh;-840;5254;0;0;6094;4414
01/10/2024 00:00;01/10/2024 00:15;1;kWh;-400;9789;0;0;10189;9389
01/10/2024 00:15;01/10/2024 00:30;2;kWh;-480;23193;0;0;23673;22713
01/10/2024 00:30;01/10/2024 00:45;3;kWh;0;16424;0;0;16424;16424
01/10/2024 00:45;01/10/2024 01:00;4;kWh;0;12194;0;0;12194;12194
01/10/2024 01:00;01/10/2024 01:15;5;kWh;0;27798;0;0;27798;27798
01/10/2024 01:15;01/10/2024 01:30;6;kWh;0;45476;0;0;45476;45476
01/10/2024 01:30;01/10/2024 01:45;7;kWh;-835;8663;0;0;9498;7828
01/10/2024 01:45;01/10/2024 02:00;8;kWh;-6473;5612;0;0;12085;-861
01/10/2024 02:00;01/10/2024 02:15;9;kWh;-6171;17824;0;0;23995;11653
01/10/2024 02:15;01/10/2024 02:30;10;kWh;-134;9775;0;0;9909;9641
01/10/2024 02:30;01/10/2024 02:45;11;kWh;-301;10029;0;0;10330;9728
01/10/2024 02:45;01/10/2024 03:00;12;kWh;-2162;1702;0;0;3864;-460
01/10/2024 03:00;01/10/2024 03:15;13;kWh;-4387;598;0;0;4985;-3789
01/10/2024 03:15;01/10/2024 03:30;14;kWh;-449;117;0;0;566;-332
01/10/2024 03:30;01/10/2024 03:45;15;kWh;-1829;0;0;0;1829;-1829
01/10/2024 03:45;01/10/2024 04:00;16;kWh;-1476;0;0;0;1476;-1476
01/10/2024 04:00;01/10/2024 04:15;17;kWh;0;0;0;0;0;0
01/10/2024 04:15;01/10/2024 04:30;18;kWh;0;0;0;0;0;0
01/10/2024 04:30;01/10/2024 04:45;19;kWh;0;3152;0;0;3152;3152
01/10/2024 04:45;01/10/2024 05:00;20;kWh;0;2691;0;0;2691;2691
01/10/2024 05:00;01/10/2024 05:15;21;kWh;-4152;566;0;0;4718;-3586
01/10/2024 05:15;01/10/2024 05:30;22;kWh;0;7206;0;0;7206;7206
01/10/2024 05:30;01/10/2024 05:45;23;kWh;0;26596;0;0;26596;26596
01/10/2024 05:45;01/10/2024 06:00;24;kWh;-699;7091;0;0;7790;6392
01/10/2024 06:00;01/10/2024 06:15;25;kWh;-9518;1638;0;0;11156;-7880
01/10/2024 06:15;01/10/2024 06:30;26;kWh;0;7023;0;0;7023;7023
01/10/2024 06:30;01/10/2024 06:45;27;kWh;0;18657;0;0;18657;18657
01/10/2024 06:45;01/10/2024 07:00;28;kWh;0;15803;0;0;15803;15803
01/10/2024 07:00;01/10/2024 07:15;29;kWh;0;36237;0;0;36237;36237
01/10/2024 07:15;01/10/2024 07:30;30;kWh;0;55235;0;0;55235;55235
01/10/2024 07:30;01/10/2024 07:45;31;kWh;0;32405;0;0;32405;32405
01/10/2024 07:45;01/10/2024 08:00;32;kWh;0;4914;0;0;4914;4914
01/10/2024 08:00;01/10/2024 08:15;33;kWh;0;5386;0;0;5386;5386
01/10/2024 08:15;01/10/2024 08:30;34;kWh;0;13208;0;0;13208;13208
01/10/2024 08:30;01/10/2024 08:45;35;kWh;0;9494;0;0;9494;9494
01/10/2024 08:45;01/10/2024 09:00;36;kWh;0;31254;0;0;31254;31254
01/10/2024 09:00;01/10/2024 09:15;37;kWh;0;38703;0;0;38703;38703
01/10/2024 09:15;01/10/2024 09:30;38;kWh;0;39167;0;0;39167;39167
01/10/2024 09:30;01/10/2024 09:45;39;kWh;0;25976;0;0;25976;25976
01/10/2024 09:45;01/10/2024 10:00;40;kWh;0;35667;0;0;35667;35667
01/10/2024 10:00;01/10/2024 10:15;41;kWh;0;14606;0;0;14606;14606
01/10/2024 10:15;01/10/2024 10:30;42;kWh;0;25;0;0;25;25
01/10/2024 10:30;01/10/2024 10:45;43;kWh;0;0;0;0;0;0
01/10/2024 10:45;01/10/2024 11:00;44;kWh;-583;0;0;0;583;-583
01/10/2024 11:00;01/10/2024 11:15;45;kWh;-2202;39;0;0;2241;-2163
01/10/2024 11:15;01/10/2024 11:30;46;kWh;0;15558;0;0;15558;15558
01/10/2024 11:30;01/10/2024 11:45;47;kWh;0;9486;0;0;9486;9486
01/10/2024 11:45;01/10/2024 12:00;48;kWh;0;6580;0;0;6580;6580
01/10/2024 12:00;01/10/2024 12:15;49;kWh;0;3640;0;0;3640;3640
01/10/2024 12:15;01/10/2024 12:30;50;kWh;0;28360;0;0;28360;28360
01/10/2024 12:30;01/10/2024 12:45;51;kWh;0;1611;0;0;1611;1611
01/10/2024 12:45;01/10/2024 13:00;52;kWh;0;1220;0;0;1220;1220
01/10/2024 13:00;01/10/2024 13:15;53;kWh;0;16828;0;0;16828;16828
01/10/2024 13:15;01/10/2024 13:30;54;kWh;0;30169;0;0;30169;30169
01/10/2024 13:30;01/10/2024 13:45;55;kWh;0;2357;0;0;2357;2357
01/10/2024 13:45;01/10/2024 14:00;56;kWh;0;386;0;0;386;386
01/10/2024 14:00;01/10/2024 14:15;57;kWh;0;11938;0;0;11938;11938
01/10/2024 14:15;01/10/2024 14:30;58;kWh;0;11786;0;0;11786;11786
01/10/2024 14:30;01/10/2024 14:45;59;kWh;0;2304;0;0;2304;2304
01/10/2024 14:45;01/10/2024 15:00;60;kWh;0;17175;0;0;17175;17175
01/10/2024 15:00;01/10/2024 15:15;61;kWh;0;4279;0;0;4279;4279
01/10/2024 15:15;01/10/2024 15:30;62;kWh;0;1347;0;0;1347;1347
01/10/2024 15:30;01/10/2024 15:45;63;kWh;0;1276;0;0;1276;1276
01/10/2024 15:45;01/10/2024 16:00;64;kWh;0;2950;0;0;2950;2950
01/10/2024 16:00;01/10/2024 16:15;65;kWh;0;32592;0;0;32592;32592
01/10/2024 16:15;01/10/2024 16:30;66;kWh;0;14107;0;0;14107;14107
01/10/2024 16:30;01/10/2024 16:45;67;kWh;0;6356;0;0;6356;6356
01/10/2024 16:45;01/10/2024 17:00;68;kWh;0;1007;0;0;1007;1007
01/10/2024 17:00;01/10/2024 17:15;69;kWh;0;26097;0;0;26097;26097
01/10/2024 17:15;01/10/2024 17:30;70;kWh;0;10154;0;0;10154;10154
01/10/2024 17:30;01/10/2024 17:45;71;kWh;0;3985;0;0;3985;3985
01/10/2024 17:45;01/10/2024 18:00;72;kWh;0;6456;0;0;6456;6456
01/10/2024 18:00;01/10/2024 18:15;73;kWh;-26600;1183;0;0;27783;-25417
01/10/2024 18:15;01/10/2024 18:30;74;kWh;-2853;0;0;0;2853;-2853
01/10/2024 18:30;01/10/2024 18:45;75;kWh;-461;0;0;0;461;-461
01/10/2024 18:45;01/10/2024 19:00;76;kWh;0;27791;0;0;27791;27791
01/10/2024 19:00;01/10/2024 19:15;77;kWh;0;28621;0;0;28621;28621
01/10/2024 19:15;01/10/2024 19:30;78;kWh;0;29707;0;0;29707;29707
01/10/2024 19:30;01/10/2024 19:45;79;kWh;0;66359;0;0;66359;66359
01/10/2024 19:45;01/10/2024 20:00;80;kWh;0;69262;0;0;69262;69262
01/10/2024 20:00;01/10/2024 20:15;81;kWh;0;7096;0;0;7096;7096
01/10/2024 20:15;01/10/2024 20:30;82;kWh;-23;0;0;0;23;-23
01/10/2024 20:30;01/10/2024 20:45;83;kWh;-2595;0;0;0;2595;-2595
01/10/2024 20:45;01/10/2024 21:00;84;kWh;-247;1554;0;0;1801;1307
01/10/2024 21:00;01/10/2024 21:15;85;kWh;0;2615;0;0;2615;2615
01/10/2024 21:15;01/10/2024 21:30;86;kWh;-422;3148;0;0;3570;2726
01/10/2024 21:30;01/10/2024 21:45;87;kWh;-3632;0;0;0;3632;-3632
01/10/2024 21:45;01/10/2024 22:00;88;kWh;-5178;0;0;0;5178;-5178
01/10/2024 22:00;01/10/2024 22:15;89;kWh;0;19820;0;0;19820;19820
01/10/2024 22:15;01/10/2024 22:30;90;kWh;0;27947;0;0;27947;27947
01/10/2024 22:30;01/10/2024 22:45;91;kWh;0;12671;0;0;12671;12671
01/10/2024 22:45;01/10/2024 23:00;92;kWh;0;16944;0;0;16944;16944
01/10/2024 23:00;01/10/2024 23:15;93;kWh;0;37276;0;0;37276;37276
01/10/2024 23:15;01/10/2024 23:30;94;kWh;0;51802;0;0;51802;51802
01/10/2024 23:30;01/10/2024 23:45;95;kWh;0;42610;0;0;42610;42610
01/10/2024 23:45;02/10/2024 00:00;96;kWh;-1;36415;0;0;36416;36414
02/10/2024 00:00;02/10/2024 00:15;1;kWh;-26222;2474;0;0;28696;-23748
02/10/2024 00:15;02/10/2024 00:30;2;kWh;-249;8151;0;0;8400;7902
02/10/2024 00:30;02/10/2024 00:45;3;kWh;-249;11437;0;0;11686;11188
02/10/2024 00:45;02/10/2024 01:00;4;kWh;-249;19834;0;0;20083;19585
02/10/2024 01:00;02/10/2024 01:15;5;kWh;-3720;2624;0;0;6344;-1096
02/10/2024 01:15;02/10/2024 01:30;6;kWh;-4529;0;0;0;4529;-4529
02/10/2024 01:30;02/10/2024 01:45;7;kWh;-11333;0;0;0;11333;-11333
02/10/2024 01:45;02/10/2024 02:00;8;kWh;-5620;0;0;0;5620;-5620
02/10/2024 02:00;02/10/2024 02:15;9;kWh;-434;28737;0;0;29171;28303
02/10/2024 02:15;02/10/2024 02:30;10;kWh;-3317;300;0;0;3617;-3017
02/10/2024 02:30;02/10/2024 02:45;11;kWh;-348;10971;0;0;11319;10623
02/10/2024 02:45;02/10/2024 03:00;12;kWh;-2367;43;0;0;2410;-2324
02/10/2024 03:00;02/10/2024 03:15;13;kWh;-1338;21350;0;0;22688;20012
02/10/2024 03:15;02/10/2024 03:30;14;kWh;-314;14884;0;0;15198;14570
02/10/2024 03:30;02/10/2024 03:45;15;kWh;-13074;10;0;0;13084;-13064
02/10/2024 03:45;02/10/2024 04:00;16;kWh;-10254;0;0;0;10254;-10254
02/10/2024 04:00;02/10/2024 04:15;17;kWh;-13881;2903;0;0;16784;-10978
02/10/2024 04:15;02/10/2024 04:30;18;kWh;-15901;57;0;0;15958;-15844
02/10/2024 04:30;02/10/2024 04:45;19;kWh;-57668;0;0;0;57668;-57668
02/10/2024 04:45;02/10/2024 05:00;20;kWh;-48136;0;0;0;48136;-48136
02/10/2024 05:00;02/10/2024 05:15;21;kWh;-32683;0;0;0;32683;-32683
02/10/2024 05:15;02/10/2024 05:30;22;kWh;-4932;0;0;0;4932;-4932
02/10/2024 05:30;02/10/2024 05:45;23;kWh;-16242;0;0;0;16242;-16242
02/10/2024 05:45;02/10/2024 06:00;24;kWh;-34781;0;0;0;34781;-34781
02/10/2024 06:00;02/10/2024 06:15;25;kWh;-2330;41967;0;0;44297;39637
02/10/2024 06:15;02/10/2024 06:30;26;kWh;-39380;785;0;0;40165;-38595
02/10/2024 06:30;02/10/2024 06:45;27;kWh;-32304;2036;0;0;34340;-30268
02/10/2024 06:45;02/10/2024 07:00;28;kWh;-52532;0;0;0;52532;-52532
02/10/2024 07:00;02/10/2024 07:15;29;kWh;-56271;0;0;0;56271;-56271
02/10/2024 07:15;02/10/2024 07:30;30;kWh;-41050;2085;0;0;43135;-38965
02/10/2024 07:30;02/10/2024 07:45;31;kWh;-1267;27894;0;0;29161;26627
02/10/2024 07:45;02/10/2024 08:00;32;kWh;-316;9660;0;0;9976;9344
02/10/2024 08:00;02/10/2024 08:15;33;kWh;-249;53501;0;0;53750;53252
02/10/2024 08:15;02/10/2024 08:30;34;kWh;-249;57157;0;0;57406;56908
02/10/2024 08:30;02/10/2024 08:45;35;kWh;-249;47305;0;0;47554;47056
02/10/2024 08:45;02/10/2024 09:00;36;kWh;-257;46894;0;0;47151;46637
02/10/2024 09:00;02/10/2024 09:15;37;kWh;-645;20780;0;0;21425;20135
02/10/2024 09:15;02/10/2024 09:30;38;kWh;-249;42511;0;0;42760;42262
02/10/2024 09:30;02/10/2024 09:45;39;kWh;-512;3927;0;0;4439;3415
02/10/2024 09:45;02/10/2024 10:00;40;kWh;-249;6423;0;0;6672;6174
02/10/2024 10:00;02/10/2024 10:15;41;kWh;-249;30191;0;0;30440;29942
02/10/2024 10:15;02/10/2024 10:30;42;kWh;-249;59192;0;0;59441;58943
02/10/2024 10:30;02/10/2024 10:45;43;kWh;-779;10542;0;0;11321;9763
02/10/2024 10:45;02/10/2024 11:00;44;kWh;-25900;6;0;0;25906;-25894
02/10/2024 11:00;02/10/2024 11:15;45;kWh;-17062;0;0;0;17062;-17062
02/10/2024 11:15;02/10/2024 11:30;46;kWh;-5454;0;0;0;5454;-5454
02/10/2024 11:30;02/10/2024 11:45;47;kWh;-530;217;0;0;747;-313
02/10/2024 11:45;02/10/2024 12:00;48;kWh;-249;10075;0;0;10324;9826
02/10/2024 12:00;02/10/2024 12:15;49;kWh;-249;83226;0;0;83475;82977
02/10/2024 12:15;02/10/2024 12:30;50;kWh;-249;100063;0;0;100312;99814
02/10/2024 12:30;02/10/2024 12:45;51;kWh;-249;93908;0;0;94157;93659
02/10/2024 12:45;02/10/2024 13:00;52;kWh;-249;79166;0;0;79415;78917
02/10/2024 13:00;02/10/2024 13:15;53;kWh;-249;114568;0;0;114817;114319
02/10/2024 13:15;02/10/2024 13:30;54;kWh;-249;108377;0;0;108626;108128
02/10/2024 13:30;02/10/2024 13:45;55;kWh;-249;117699;0;0;117948;117450
02/10/2024 13:45;02/10/2024 14:00;56;kWh;-249;131754;0;0;132003;131505
02/10/2024 14:00;02/10/2024 14:15;57;kWh;-952;28360;0;0;29312;27408
02/10/2024 14:15;02/10/2024 14:30;58;kWh;-249;19288;0;0;19537;19039
02/10/2024 14:30;02/10/2024 14:45;59;kWh;-249;15219;0;0;15468;14970
02/10/2024 14:45;02/10/2024 15:00;60;kWh;-249;2471;0;0;2720;2222
02/10/2024 15:00;02/10/2024 15:15;61;kWh;-15531;0;0;0;15531;-15531
02/10/2024 15:15;02/10/2024 15:30;62;kWh;-23032;0;0;0;23032;-23032
02/10/2024 15:30;02/10/2024 15:45;63;kWh;-16675;0;0;0;16675;-16675
02/10/2024 15:45;02/10/2024 16:00;64;kWh;-43904;0;0;0;43904;-43904
02/10/2024 16:00;02/10/2024 16:15;65;kWh;-53661;0;0;0;53661;-53661
02/10/2024 16:15;02/10/2024 16:30;66;kWh;-15327;131;0;0;15458;-15196
02/10/2024 16:30;02/10/2024 16:45;67;kWh;-259;6891;0;0;7150;6632
02/10/2024 16:45;02/10/2024 17:00;68;kWh;-249;3002;0;0;3251;2753
02/10/2024 17:00;02/10/2024 17:15;69;kWh;-249;63129;0;0;63378;62880
02/10/2024 17:15;02/10/2024 17:30;70;kWh;-249;63689;0;0;63938;63440
02/10/2024 17:30;02/10/2024 17:45;71;kWh;-249;25737;0;0;25986;25488
02/10/2024 17:45;02/10/2024 18:00;72;kWh;-249;7539;0;0;7788;7290
02/10/2024 18:00;02/10/2024 18:15;73;kWh;-249;19028;0;0;19277;18779
02/10/2024 18:15;02/10/2024 18:30;74;kWh;-1556;305;0;0;1861;-1251
02/10/2024 18:30;02/10/2024 18:45;75;kWh;-1796;1019;0;0;2815;-777
02/10/2024 18:45;02/10/2024 19:00;76;kWh;-249;24270;0;0;24519;24021
02/10/2024 19:00;02/10/2024 19:15;77;kWh;-348;12310;0;0;12658;11962
02/10/2024 19:15;02/10/2024 19:30;78;kWh;-249;31207;0;0;31456;30958
02/10/2024 19:30;02/10/2024 19:45;79;kWh;-249;36397;0;0;36646;36148
02/10/2024 19:45;02/10/2024 20:00;80;kWh;-1025;5785;0;0;6810;4760
02/10/2024 20:00;02/10/2024 20:15;81;kWh;-1708;1862;0;0;3570;154
02/10/2024 20:15;02/10/2024 20:30;82;kWh;-249;1438;0;0;1687;1189
02/10/2024 20:30;02/10/2024 20:45;83;kWh;-12116;0;0;0;12116;-12116
02/10/2024 20:45;02/10/2024 21:00;84;kWh;-67786;0;0;0;67786;-67786
02/10/2024 21:00;02/10/2024 21:15;85;kWh;-50231;17506;0;0;67737;-32725
02/10/2024 21:15;02/10/2024 21:30;86;kWh;-5626;5162;0;0;10788;-464
02/10/2024 21:30;02/10/2024 21:45;87;kWh;-20467;0;0;0;20467;-20467
02/10/2024 21:45;02/10/2024 22:00;88;kWh;-27285;0;0;0;27285;-27285
02/10/2024 22:00;02/10/2024 22:15;89;kWh;-62516;0;0;0;62516;-62516
02/10/2024 22:15;02/10/2024 22:30;90;kWh;-20132;0;0;0;20132;-20132
02/10/2024 22:30;02/10/2024 22:45;91;kWh;-14670;0;0;0;14670;-14670
02/10/2024 22:45;02/10/2024 23:00;92;kWh;-6358;0;0;0;6358;-6358
02/10/2024 23:00;02/10/2024 23:15;93;kWh;-7542;983;0;0;8525;-6559
02/10/2024 23:15;02/10/2024 23:30;94;kWh;-1371;14;0;0;1385;-1357
02/10/2024 23:30;02/10/2024 23:45;95;kWh;-22235;0;0;0;22235;-22235
02/10/2024 23:45;03/10/2024 00:00;96;kWh;-31657;0;0;0;31657;-31657
03/10/2024 00:00;03/10/2024 00:15;1;kWh;-12245;0;0;0;12245;-12245
03/10/2024 00:15;03/10/2024 00:30;2;kWh;-8661;0;0;0;8661;-8661
03/10/2024 00:30;03/10/2024 00:45;3;kWh;-12803;0;0;0;12803;-12803
03/10/2024 00:45;03/10/2024 01:00;4;kWh;-11876;0;0;0;11876;-11876
03/10/2024 01:00;03/10/2024 01:15;5;kWh;-3027;0;0;0;3027;-3027
03/10/2024 01:15;03/10/2024 01:30;6;kWh;-7390;0;0;0;7390;-7390
03/10/2024 01:30;03/10/2024 01:45;7;kWh;-24456;0;0;0;24456;-24456
03/10/2024 01:45;03/10/2024 02:00;8;kWh;-33615;0;0;0;33615;-33615
03/10/2024 02:00;03/10/2024 02:15;9;kWh;-10237;0;0;0;10237;-10237
03/10/2024 02:15;03/10/2024 02:30;10;kWh;-26902;0;0;0;26902;-26902
03/10/2024 02:30;03/10/2024 02:45;11;kWh;-40631;0;0;0;40631;-40631
03/10/2024 02:45;03/10/2024 03:00;12;kWh;-33204;0;0;0;33204;-33204
03/10/2024 03:00;03/10/2024 03:15;13;kWh;-2596;0;0;0;2596;-2596
03/10/2024 03:15;03/10/2024 03:30;14;kWh;-3248;0;0;0;3248;-3248
03/10/2024 03:30;03/10/2024 03:45;15;kWh;-10845;0;0;0;10845;-10845
03/10/2024 03:45;03/10/2024 04:00;16;kWh;-28498;0;0;0;28498;-28498
03/10/2024 04:00;03/10/2024 04:15;17;kWh;-23384;0;0;0;23384;-23384
03/10/2024 04:15;03/10/2024 04:30;18;kWh;-17747;0;0;0;17747;-17747
03/10/2024 04:30;03/10/2024 04:45;19;kWh;-20001;0;0;0;20001;-20001
03/10/2024 04:45;03/10/2024 05:00;20;kWh;-12911;0;0;0;12911;-12911
03/10/2024 05:00;03/10/2024 05:15;21;kWh;-20458;0;0;0;20458;-20458
03/10/2024 05:15;03/10/2024 05:30;22;kWh;-1831;0;0;0;1831;-1831
03/10/2024 05:30;03/10/2024 05:45;23;kWh;-153;0;0;0;153;-153
03/10/2024 05:45;03/10/2024 06:00;24;kWh;0;4;0;0;4;4
03/10/2024 06:00;03/10/2024 06:15;25;kWh;-152;26;0;0;178;-126
03/10/2024 06:15;03/10/2024 06:30;26;kWh;0;5136;0;0;5136;5136
03/10/2024 06:30;03/10/2024 06:45;27;kWh;0;29482;0;0;29482;29482
03/10/2024 06:45;03/10/2024 07:00;28;kWh;-1565;19706;0;0;21271;18141
03/10/2024 07:00;03/10/2024 07:15;29;kWh;-49781;2117;0;0;51898;-47664
03/10/2024 07:15;03/10/2024 07:30;30;kWh;-1409;3196;0;0;4605;1787
03/10/2024 07:30;03/10/2024 07:45;31;kWh;-723;0;0;0;723;-723
03/10/2024 07:45;03/10/2024 08:00;32;kWh;0;2571;0;0;2571;2571
03/10/2024 08:00;03/10/2024 08:15;33;kWh;0;22120;0;0;22120;22120
03/10/2024 08:15;03/10/2024 08:30;34;kWh;0;24509;0;0;24509;24509
03/10/2024 08:30;03/10/2024 08:45;35;kWh;-27;1089;0;0;1116;1062
03/10/2024 08:45;03/10/2024 09:00;36;kWh;-16815;0;0;0;16815;-16815
03/10/2024 09:00;03/10/2024 09:15;37;kWh;-6429;217;0;0;6646;-6212
03/10/2024 09:15;03/10/2024 09:30;38;kWh;-3436;0;0;0;3436;-3436
03/10/2024 09:30;03/10/2024 09:45;39;kWh;-21808;0;0;0;21808;-21808
03/10/2024 09:45;03/10/2024 10:00;40;kWh;-26008;0;0;0;26008;-26008
03/10/2024 10:00;03/10/2024 10:15;41;kWh;-9567;0;0;0;9567;-9567
03/10/2024 10:15;03/10/2024 10:30;42;kWh;-23435;0;0;0;23435;-23435
03/10/2024 10:30;03/10/2024 10:45;43;kWh;-17926;0;0;0;17926;-17926
03/10/2024 10:45;03/10/2024 11:00;44;kWh;-25134;0;0;0;25134;-25134
03/10/2024 11:00;03/10/2024 11:15;45;kWh;-28133;0;0;0;28133;-28133
03/10/2024 11:15;03/10/2024 11:30;46;kWh;-38663;0;0;0;38663;-38663
03/10/2024 11:30;03/10/2024 11:45;47;kWh;-46901;0;0;0;46901;-46901
03/10/2024 11:45;03/10/2024 12:00;48;kWh;-38582;0;0;0;38582;-38582
03/10/2024 12:00;03/10/2024 12:15;49;kWh;-12521;0;0;0;12521;-12521
03/10/2024 12:15;03/10/2024 12:30;50;kWh;-12156;0;0;0;12156;-12156
03/10/2024 12:30;03/10/2024 12:45;51;kWh;-11654;0;0;0;11654;-11654
03/10/2024 12:45;03/10/2024 13:00;52;kWh;-10584;0;0;0;10584;-10584
03/10/2024 13:00;03/10/2024 13:15;53;kWh;-18456;0;0;0;18456;-18456
03/10/2024 13:15;03/10/2024 13:30;54;kWh;-23047;1387;0;0;24434;-21660
03/10/2024 13:30;03/10/2024 13:45;55;kWh;-35899;9198;0;0;45097;-26701
03/10/2024 13:45;03/10/2024 14:00;56;kWh;-80549;24926;0;0;105475;-55623
03/10/2024 14:00;03/10/2024 14:15;57;kWh;-116006;186;0;0;116192;-115820
03/10/2024 14:15;03/10/2024 14:30;58;kWh;-93813;259;0;0;94072;-93554
03/10/2024 14:30;03/10/2024 14:45;59;kWh;-52083;7256;0;0;59339;-44827
03/10/2024 14:45;03/10/2024 15:00;60;kWh;-55617;4273;0;0;59890;-51344
03/10/2024 15:00;03/10/2024 15:15;61;kWh;-44762;90;0;0;44852;-44672
03/10/2024 15:15;03/10/2024 15:30;62;kWh;-41418;2418;0;0;43836;-39000
03/10/2024 15:30;03/10/2024 15:45;63;kWh;-31617;2283;0;0;33900;-29334
03/10/2024 15:45;03/10/2024 16:00;64;kWh;-12019;2;0;0;12021;-12017
03/10/2024 16:00;03/10/2024 16:15;65;kWh;-4275;0;0;0;4275;-4275
03/10/2024 16:15;03/10/2024 16:30;66;kWh;-10497;0;0;0;10497;-10497
03/10/2024 16:30;03/10/2024 16:45;67;kWh;-9503;0;0;0;9503;-9503
03/10/2024 16:45;03/10/2024 17:00;68;kWh;0;0;0;0;0;0
03/10/2024 17:00;03/10/2024 17:15;69;kWh;0;0;0;0;0;0
03/10/2024 17:15;03/10/2024 17:30;70;kWh;-589;0;0;0;589;-589
03/10/2024 17:30;03/10/2024 17:45;71;kWh;-143;0;0;0;143;-143
03/10/2024 17:45;03/10/2024 18:00;72;kWh;-2365;0;0;0;2365;-2365
03/10/2024 18:00;03/10/2024 18:15;73;kWh;-16658;0;0;0;16658;-16658
03/10/2024 18:15;03/10/2024 18:30;74;kWh;-73;19255;0;0;19328;19182
03/10/2024 18:30;03/10/2024 18:45;75;kWh;0;37377;0;0;37377;37377
03/10/2024 18:45;03/10/2024 19:00;76;kWh;0;25008;0;0;25008;25008
03/10/2024 19:00;03/10/2024 19:15;77;kWh;-99;643;0;0;742;544
03/10/2024 19:15;03/10/2024 19:30;78;kWh;-40;0;0;0;40;-40
03/10/2024 19:30;03/10/2024 19:45;79;kWh;-4079;0;0;0;4079;-4079
03/10/2024 19:45;03/10/2024 20:00;80;kWh;-3386;0;0;0;3386;-3386
03/10/2024 20:00;03/10/2024 20:15;81;kWh;-566;256;0;0;822;-310
03/10/2024 20:15;03/10/2024 20:30;82;kWh;0;478;0;0;478;478
03/10/2024 20:30;03/10/2024 20:45;83;kWh;-2817;0;0;0;2817;-2817
03/10/2024 20:45;03/10/2024 21:00;84;kWh;-14631;0;0;0;14631;-14631
03/10/2024 21:00;03/10/2024 21:15;85;kWh;-8791;0;0;0;8791;-8791
03/10/2024 21:15;03/10/2024 21:30;86;kWh;-3214;0;0;0;3214;-3214
03/10/2024 21:30;03/10/2024 21:45;87;kWh;-13069;0;0;0;13069;-13069
03/10/2024 21:45;03/10/2024 22:00;88;kWh;-13252;0;0;0;13252;-13252
03/10/2024 22:00;03/10/2024 22:15;89;kWh;-26347;4394;0;0;30741;-21953
03/10/2024 22:15;03/10/2024 22:30;90;kWh;0;185;0;0;185;185
03/10/2024 22:30;03/10/2024 22:45;91;kWh;-222;0;0;0;222;-222
03/10/2024 22:45;03/10/2024 23:00;92;kWh;-727;0;0;0;727;-727
03/10/2024 23:00;03/10/2024 23:15;93;kWh;-1357;0;0;0;1357;-1357
03/10/2024 23:15;03/10/2024 23:30;94;kWh;-5278;0;0;0;5278;-5278
03/10/2024 23:30;03/10/2024 23:45;95;kWh;-18546;0;0;0;18546;-18546
03/10/2024 23:45;04/10/2024 00:00;96;kWh;-24543;0;0;0;24543;-24543
04/10/2024 00:00;04/10/2024 00:15;1;kWh;-801;15440;0;0;16241;14639
04/10/2024 00:15;04/10/2024 00:30;2;kWh;0;16770;0;0;16770;16770
04/10/2024 00:30;04/10/2024 00:45;3;kWh;0;942;0;0;942;942
04/10/2024 00:45;04/10/2024 01:00;4;kWh;0;224;0;0;224;224
04/10/2024 01:00;04/10/2024 01:15;5;kWh;0;1301;0;0;1301;1301
04/10/2024 01:15;04/10/2024 01:30;6;kWh;-3578;0;0;0;3578;-3578
04/10/2024 01:30;04/10/2024 01:45;7;kWh;-6210;0;0;0;6210;-6210
04/10/2024 01:45;04/10/2024 02:00;8;kWh;-3006;0;0;0;3006;-3006
04/10/2024 02:00;04/10/2024 02:15;9;kWh;-2235;0;0;0;2235;-2235
04/10/2024 02:15;04/10/2024 02:30;10;kWh;-1527;0;0;0;1527;-1527
04/10/2024 02:30;04/10/2024 02:45;11;kWh;-2448;352;0;0;2800;-2096
04/10/2024 02:45;04/10/2024 03:00;12;kWh;0;1898;0;0;1898;1898
04/10/2024 03:00;04/10/2024 03:15;13;kWh;0;22296;0;0;22296;22296
04/10/2024 03:15;04/10/2024 03:30;14;kWh;0;36569;0;0;36569;36569
04/10/2024 03:30;04/10/2024 03:45;15;kWh;0;25414;0;0;25414;25414
04/10/2024 03:45;04/10/2024 04:00;16;kWh;0;8077;0;0;8077;8077
04/10/2024 04:00;04/10/2024 04:15;17;kWh;0;26751;0;0;26751;26751
04/10/2024 04:15;04/10/2024 04:30;18;kWh;0;26249;0;0;26249;26249
04/10/2024 04:30;04/10/2024 04:45;19;kWh;0;14544;0;0;14544;14544
04/10/2024 04:45;04/10/2024 05:00;20;kWh;0;31571;0;0;31571;31571
04/10/2024 05:00;04/10/2024 05:15;21;kWh;-3167;2243;0;0;5410;-924
04/10/2024 05:15;04/10/2024 05:30;22;kWh;-5;6060;0;0;6065;6055
04/10/2024 05:30;04/10/2024 05:45;23;kWh;0;3655;0;0;3655;3655
04/10/2024 05:45;04/10/2024 06:00;24;kWh;0;56;0;0;56;56
04/10/2024 06:00;04/10/2024 06:15;25;kWh;-2379;123;0;0;2502;-2256
04/10/2024 06:15;04/10/2024 06:30;26;kWh;-2665;0;0;0;2665;-2665
04/10/2024 06:30;04/10/2024 06:45;27;kWh;-498;0;0;0;498;-498
04/10/2024 06:45;04/10/2024 07:00;28;kWh;-318;0;0;0;318;-318
04/10/2024 07:00;04/10/2024 07:15;29;kWh;-26390;400;0;0;26790;-25990
04/10/2024 07:15;04/10/2024 07:30;30;kWh;-35;12231;0;0;12266;12196
04/10/2024 07:30;04/10/2024 07:45;31;kWh;0;37586;0;0;37586;37586
04/10/2024 07:45;04/10/2024 08:00;32;kWh;0;45516;0;0;45516;45516
04/10/2024 08:00;04/10/2024 08:15;33;kWh;0;62826;0;0;62826;62826
04/10/2024 08:15;04/10/2024 08:30;34;kWh;0;34964;0;0;34964;34964
04/10/2024 08:30;04/10/2024 08:45;35;kWh;-2595;12991;0;0;15586;10396
04/10/2024 08:45;04/10/2024 09:00;36;kWh;-45130;0;0;0;45130;-45130
04/10/2024 09:00;04/10/2024 09:15;37;kWh;-8707;46777;0;0;55484;38070
04/10/2024 09:15;04/10/2024 09:30;38;kWh;-11418;3759;0;0;15177;-7659
04/10/2024 09:30;04/10/2024 09:45;39;kWh;-39171;0;0;0;39171;-39171
04/10/2024 09:45;04/10/2024 10:00;40;kWh;-50677;3318;0;0;53995;-47359
04/10/2024 10:00;04/10/2024 10:15;41;kWh;-5304;2068;0;0;7372;-3236
04/10/2024 10:15;04/10/2024 10:30;42;kWh;-8054;0;0;0;8054;-8054
04/10/2024 10:30;04/10/2024 10:45;43;kWh;-12939;0;0;0;12939;-12939
04/10/2024 10:45;04/10/2024 11:00;44;kWh;-20641;0;0;0;20641;-20641
04/10/2024 11:00;04/10/2024 11:15;45;kWh;-27478;216;0;0;27694;-27262
04/10/2024 11:15;04/10/2024 11:30;46;kWh;-7821;49;0;0;7870;-7772
04/10/2024 11:30;04/10/2024 11:45;47;kWh;-29818;0;0;0;29818;-29818
04/10/2024 11:45;04/10/2024 12:00;48;kWh;-48141;0;0;0;48141;-48141
04/10/2024 12:00;04/10/2024 12:15;49;kWh;-19170;0;0;0;19170;-19170
04/10/2024 12:15;04/10/2024 12:30;50;kWh;-16825;0;0;0;16825;-16825
04/10/2024 12:30;04/10/2024 12:45;51;kWh;-27489;0;0;0;27489;-27489
04/10/2024 12:45;04/10/2024 13:00;52;kWh;-32070;590;0;0;32660;-31480
04/10/2024 13:00;04/10/2024 13:15;53;kWh;-29504;3605;0;0;33109;-25899
04/10/2024 13:15;04/10/2024 13:30;54;kWh;-15804;19225;0;0;35029;3421
04/10/2024 13:30;04/10/2024 13:45;55;kWh;-30586;117;0;0;30703;-30469
04/10/2024 13:45;04/10/2024 14:00;56;kWh;-225;447;0;0;672;222
04/10/2024 14:00;04/10/2024 14:15;57;kWh;-36021;2589;0;0;38610;-33432
04/10/2024 14:15;04/10/2024 14:30;58;kWh;-8536;10346;0;0;18882;1810
04/10/2024 14:30;04/10/2024 14:45;59;kWh;-180;1290;0;0;1470;1110
04/10/2024 14:45;04/10/2024 15:00;60;kWh;-8;6683;0;0;6691;6675
04/10/2024 15:00;04/10/2024 15:15;61;kWh;-34087;239;0;0;34326;-33848
04/10/2024 15:15;04/10/2024 15:30;62;kWh;-121;1679;0;0;1800;1558
04/10/2024 15:30;04/10/2024 15:45;63;kWh;0;1099;0;0;1099;1099
04/10/2024 15:45;04/10/2024 16:00;64;kWh;0;625;0;0;625;625
04/10/2024 16:00;04/10/2024 16:15;65;kWh;-5972;0;0;0;5972;-5972
04/10/2024 16:15;04/10/2024 16:30;66;kWh;-531;0;0;0;531;-531
04/10/2024 16:30;04/10/2024 16:45;67;kWh;-14;0;0;0;14;-14
04/10/2024 16:45;04/10/2024 17:00;68;kWh;-5461;0;0;0;5461;-5461
04/10/2024 17:00;04/10/2024 17:15;69;kWh;-72336;459;0;0;72795;-71877
04/10/2024 17:15;04/10/2024 17:30;70;kWh;-9462;350;0;0;9812;-9112
04/10/2024 17:30;04/10/2024 17:45;71;kWh;-28491;0;0;0;28491;-28491
04/10/2024 17:45;04/10/2024 18:00;72;kWh;-471;10062;0;0;10533;9591
04/10/2024 18:00;04/10/2024 18:15;73;kWh;-20989;4006;0;0;24995;-16983
04/10/2024 18:15;04/10/2024 18:30;74;kWh;-3838;968;0;0;4806;-2870
04/10/2024 18:30;04/10/2024 18:45;75;kWh;0;17937;0;0;17937;17937
04/10/2024 18:45;04/10/2024 19:00;76;kWh;0;54106;0;0;54106;54106
04/10/2024 19:00;04/10/2024 19:15;77;kWh;0;41187;0;0;41187;41187
04/10/2024 19:15;04/10/2024 19:30;78;kWh;0;58105;0;0;58105;58105
04/10/2024 19:30;04/10/2024 19:45;79;kWh;0;50791;0;0;50791;50791
04/10/2024 19:45;04/10/2024 20:00;80;kWh;0;28454;0;0;28454;28454
04/10/2024 20:00;04/10/2024 20:15;81;kWh;0;4022;0;0;4022;4022
04/10/2024 20:15;04/10/2024 20:30;82;kWh;0;56;0;0;56;56
04/10/2024 20:30;04/10/2024 20:45;83;kWh;-7961;0;0;0;7961;-7961
04/10/2024 20:45;04/10/2024 21:00;84;kWh;-20362;0;0;0;20362;-20362
04/10/2024 21:00;04/10/2024 21:15;85;kWh;-5549;15684;0;0;21233;10135
04/10/2024 21:15;04/10/2024 21:30;86;kWh;0;14742;0;0;14742;14742
04/10/2024 21:30;04/10/2024 21:45;87;kWh;0;13426;0;0;13426;13426
04/10/2024 21:45;04/10/2024 22:00;88;kWh;-121;76;0;0;197;-45
04/10/2024 22:00;04/10/2024 22:15;89;kWh;-293;9460;0;0;9753;9167
04/10/2024 22:15;04/10/2024 22:30;90;kWh;0;2030;0;0;2030;2030
04/10/2024 22:30;04/10/2024 22:45;91;kWh;0;6216;0;0;6216;6216
04/10/2024 22:45;04/10/2024 23:00;92;kWh;-11;1357;0;0;1368;1346
04/10/2024 23:00;04/10/2024 23:15;93;kWh;-47;11613;0;0;11660;11566
04/10/2024 23:15;04/10/2024 23:30;94;kWh;0;3889;0;0;3889;3889
04/10/2024 23:30;04/10/2024 23:45;95;kWh;0;2261;0;0;2261;2261
04/10/2024 23:45;05/10/2024 00:00;96;kWh;-1359;33;0;0;1392;-1326
05/10/2024 00:00;05/10/2024 00:15;1;kWh;-1161;0;0;0;1161;-1161
05/10/2024 00:15;05/10/2024 00:30;2;kWh;0;0;0;0;0;0
05/10/2024 00:30;05/10/2024 00:45;3;kWh;-5;1709;0;0;1714;1704
05/10/2024 00:45;05/10/2024 01:00;4;kWh;-3776;0;0;0;3776;-3776
05/10/2024 01:00;05/10/2024 01:15;5;kWh;-2925;1843;0;0;4768;-1082
05/10/2024 01:15;05/10/2024 01:30;6;kWh;0;941;0;0;941;941
05/10/2024 01:30;05/10/2024 01:45;7;kWh;0;0;0;0;0;0
05/10/2024 01:45;05/10/2024 02:00;8;kWh;-103;0;0;0;103;-103
05/10/2024 02:00;05/10/2024 02:15;9;kWh;-2876;0;0;0;2876;-2876
05/10/2024 02:15;05/10/2024 02:30;10;kWh;-8604;0;0;0;8604;-8604
05/10/2024 02:30;05/10/2024 02:45;11;kWh;-1010;0;0;0;1010;-1010
05/10/2024 02:45;05/10/2024 03:00;12;kWh;0;1787;0;0;1787;1787
05/10/2024 03:00;05/10/2024 03:15;13;kWh;0;7498;0;0;7498;7498
05/10/2024 03:15;05/10/2024 03:30;14;kWh;0;7020;0;0;7020;7020
05/10/2024 03:30;05/10/2024 03:45;15;kWh;0;12280;0;0;12280;12280
05/10/2024 03:45;05/10/2024 04:00;16;kWh;0;10748;0;0;10748;10748
05/10/2024 04:00;05/10/2024 04:15;17;kWh;0;0;0;0;0;0
05/10/2024 04:15;05/10/2024 04:30;18;kWh;0;6584;0;0;6584;6584
05/10/2024 04:30;05/10/2024 04:45;19;kWh;0;1673;0;0;1673;1673
05/10/2024 04:45;05/10/2024 05:00;20;kWh;0;11851;0;0;11851;11851
05/10/2024 05:00;05/10/2024 05:15;21;kWh;-441;17458;0;0;17899;17017
05/10/2024 05:15;05/10/2024 05:30;22;kWh;0;1748;0;0;1748;1748
05/10/2024 05:30;05/10/2024 05:45;23;kWh;0;1050;0;0;1050;1050
05/10/2024 05:45;05/10/2024 06:00;24;kWh;-343;2478;0;0;2821;2135
05/10/2024 06:00;05/10/2024 06:15;25;kWh;-5967;0;0;0;5967;-5967
05/10/2024 06:15;05/10/2024 06:30;26;kWh;-3;0;0;0;3;-3
05/10/2024 06:30;05/10/2024 06:45;27;kWh;0;1131;0;0;1131;1131
05/10/2024 06:45;05/10/2024 07:00;28;kWh;0;21601;0;0;21601;21601
05/10/2024 07:00;05/10/2024 07:15;29;kWh;-424;1871;0;0;2295;1447
05/10/2024 07:15;05/10/2024 07:30;30;kWh;-149;91;0;0;240;-58
05/10/2024 07:30;05/10/2024 07:45;31;kWh;0;2951;0;0;2951;2951
05/10/2024 07:45;05/10/2024 08:00;32;kWh;0;4569;0;0;4569;4569
05/10/2024 08:00;05/10/2024 08:15;33;kWh;0;34892;0;0;34892;34892
05/10/2024 08:15;05/10/2024 08:30;34;kWh;0;36963;0;0;36963;36963
05/10/2024 08:30;05/10/2024 08:45;35;kWh;0;17517;0;0;17517;17517
05/10/2024 08:45;05/10/2024 09:00;36;kWh;-6545;3;0;0;6548;-6542
05/10/2024 09:00;05/10/2024 09:15;37;kWh;-3605;595;0;0;4200;-3010
05/10/2024 09:15;05/10/2024 09:30;38;kWh;-5608;0;0;0;5608;-5608
05/10/2024 09:30;05/10/2024 09:45;39;kWh;-20946;0;0;0;20946;-20946
05/10/2024 09:45;05/10/2024 10:00;40;kWh;-32511;877;0;0;33388;-31634
05/10/2024 10:00;05/10/2024 10:15;41;kWh;-3794;43;0;0;3837;-3751
05/10/2024 10:15;05/10/2024 10:30;42;kWh;-2193;0;0;0;2193;-2193
05/10/2024 10:30;05/10/2024 10:45;43;kWh;-15585;0;0;0;15585;-15585
05/10/2024 10:45;05/10/2024 11:00;44;kWh;-11797;0;0;0;11797;-11797
05/10/2024 11:00;05/10/2024 11:15;45;kWh;-6276;0;0;0;6276;-6276
05/10/2024 11:15;05/10/2024 11:30;46;kWh;-4105;434;0;0;4539;-3671
05/10/2024 11:30;05/10/2024 11:45;47;kWh;-1091;0;0;0;1091;-1091
05/10/2024 11:45;05/10/2024 12:00;48;kWh;-11380;0;0;0;11380;-11380
05/10/2024 12:00;05/10/2024 12:15;49;kWh;-2711;0;0;0;2711;-2711
05/10/2024 12:15;05/10/2024 12:30;50;kWh;0;0;0;0;0;0
05/10/2024 12:30;05/10/2024 12:45;51;kWh;-53;0;0;0;53;-53
05/10/2024 12:45;05/10/2024 13:00;52;kWh;-1200;0;0;0;1200;-1200
05/10/2024 13:00;05/10/2024 13:15;53;kWh;-17196;1140;0;0;18336;-16056
05/10/2024 13:15;05/10/2024 13:30;54;kWh;-18634;188;0;0;18822;-18446
05/10/2024 13:30;05/10/2024 13:45;55;kWh;-12215;89;0;0;12304;-12126
05/10/2024 13:45;05/10/2024 14:00;56;kWh;-16712;0;0;0;16712;-16712
05/10/2024 14:00;05/10/2024 14:15;57;kWh;-21100;377;0;0;21477;-20723
05/10/2024 14:15;05/10/2024 14:30;58;kWh;-16929;0;0;0;16929;-16929
05/10/2024 14:30;05/10/2024 14:45;59;kWh;-18571;14;0;0;18585;-18557
05/10/2024 14:45;05/10/2024 15:00;60;kWh;-18881;27;0;0;18908;-18854
05/10/2024 15:00;05/10/2024 15:15;61;kWh;-36143;0;0;0;36143;-36143
05/10/2024 15:15;05/10/2024 15:30;62;kWh;-31365;0;0;0;31365;-31365
05/10/2024 15:30;05/10/2024 15:45;63;kWh;-15676;666;0;0;16342;-15010
05/10/2024 15:45;05/10/2024 16:00;64;kWh;-26402;672;0;0;27074;-25730
05/10/2024 16:00;05/10/2024 16:15;65;kWh;-40389;1;0;0;40390;-40388
05/10/2024 16:15;05/10/2024 16:30;66;kWh;-10741;3;0;0;10744;-10738
05/10/2024 16:30;05/10/2024 16:45;67;kWh;-11668;95;0;0;11763;-11573
05/10/2024 16:45;05/10/2024 17:00;68;kWh;-87;868;0;0;955;781
05/10/2024 17:00;05/10/2024 17:15;69;kWh;-12988;0;0;0;12988;-12988
05/10/2024 17:15;05/10/2024 17:30;70;kWh;-6514;0;0;0;6514;-6514
05/10/2024 17:30;05/10/2024 17:45;71;kWh;-9463;0;0;0;9463;-9463
05/10/2024 17:45;05/10/2024 18:00;72;kWh;0;1101;0;0;1101;1101
05/10/2024 18:00;05/10/2024 18:15;73;kWh;-1869;977;0;0;2846;-892
05/10/2024 18:15;05/10/2024 18:30;74;kWh;0;305;0;0;305;305
05/10/2024 18:30;05/10/2024 18:45;75;kWh;-33;0;0;0;33;-33
05/10/2024 18:45;05/10/2024 19:00;76;kWh;-438;0;0;0;438;-438
05/10/2024 19:00;05/10/2024 19:15;77;kWh;-140;0;0;0;140;-140
05/10/2024 19:15;05/10/2024 19:30;78;kWh;-1196;0;0;0;1196;-1196
05/10/2024 19:30;05/10/2024 19:45;79;kWh;-18170;0;0;0;18170;-18170
05/10/2024 19:45;05/10/2024 20:00;80;kWh;-51373;0;0;0;51373;-51373
05/10/2024 20:00;05/10/2024 20:15;81;kWh;-17046;87;0;0;17133;-16959
05/10/2024 20:15;05/10/2024 20:30;82;kWh;-36981;0;0;0;36981;-36981
05/10/2024 20:30;05/10/2024 20:45;83;kWh;-32316;0;0;0;32316;-32316
05/10/2024 20:45;05/10/2024 21:00;84;kWh;-15456;30;0;0;15486;-15426
05/10/2024 21:00;05/10/2024 21:15;85;kWh;-12284;0;0;0;12284;-12284
05/10/2024 21:15;05/10/2024 21:30;86;kWh;-4644;0;0;0;4644;-4644
05/10/2024 21:30;05/10/2024 21:45;87;kWh;0;1117;0;0;1117;1117
05/10/2024 21:45;05/10/2024 22:00;88;kWh;-760;4789;0;0;5549;4029
05/10/2024 22:00;05/10/2024 22:15;89;kWh;-44256;0;0;0;44256;-44256
05/10/2024 22:15;05/10/2024 22:30;90;kWh;-24425;0;0;0;24425;-24425
05/10/2024 22:30;05/10/2024 22:45;91;kWh;-6335;0;0;0;6335;-6335
05/10/2024 22:45;05/10/2024 23:00;92;kWh;-12456;0;0;0;12456;-12456
05/10/2024 23:00;05/10/2024 23:15;93;kWh;-10176;0;0;0;10176;-10176
05/10/2024 23:15;05/10/2024 23:30;94;kWh;-14626;0;0;0;14626;-14626
05/10/2024 23:30;05/10/2024 23:45;95;kWh;-1569;0;0;0;1569;-1569
05/10/2024 23:45;06/10/2024 00:00;96;kWh;-14864;0;0;0;14864;-14864
06/10/2024 00:00;06/10/2024 00:15;1;kWh;-1521;8285;0;0;9806;6764
06/10/2024 00:15;06/10/2024 00:30;2;kWh;-5816;0;0;0;5816;-5816
06/10/2024 00:30;06/10/2024 00:45;3;kWh;-7767;0;0;0;7767;-7767
06/10/2024 00:45;06/10/2024 01:00;4;kWh;-5996;0;0;0;5996;-5996
06/10/2024 01:00;06/10/2024 01:15;5;kWh;-1290;0;0;0;1290;-1290
06/10/2024 01:15;06/10/2024 01:30;6;kWh;-763;0;0;0;763;-763
06/10/2024 01:30;06/10/2024 01:45;7;kWh;-415;0;0;0;415;-415
06/10/2024 01:45;06/10/2024 02:00;8;kWh;-4285;0;0;0;4285;-4285
06/10/2024 02:00;06/10/2024 02:15;9;kWh;-1132;0;0;0;1132;-1132
06/10/2024 02:15;06/10/2024 02:30;10;kWh;0;659;0;0;659;659
06/10/2024 02:30;06/10/2024 02:45;11;kWh;0;10535;0;0;10535;10535
06/10/2024 02:45;06/10/2024 03:00;12;kWh;0;1032;0;0;1032;1032
06/10/2024 03:00;06/10/2024 03:15;13;kWh;0;25457;0;0;25457;25457
06/10/2024 03:15;06/10/2024 03:30;14;kWh;0;33477;0;0;33477;33477
06/10/2024 03:30;06/10/2024 03:45;15;kWh;0;15776;0;0;15776;15776
06/10/2024 03:45;06/10/2024 04:00;16;kWh;0;2853;0;0;2853;2853
06/10/2024 04:00;06/10/2024 04:15;17;kWh;0;0;0;0;0;0
06/10/2024 04:15;06/10/2024 04:30;18;kWh;0;0;0;0;0;0
06/10/2024 04:30;06/10/2024 04:45;19;kWh;-373;0;0;0;373;-373
06/10/2024 04:45;06/10/2024 05:00;20;kWh;-2039;0;0;0;2039;-2039
06/10/2024 05:00;06/10/2024 05:15;21;kWh;-6392;0;0;0;6392;-6392
06/10/2024 05:15;06/10/2024 05:30;22;kWh;-15607;0;0;0;15607;-15607
06/10/2024 05:30;06/10/2024 05:45;23;kWh;-13415;0;0;0;13415;-13415
06/10/2024 05:45;06/10/2024 06:00;24;kWh;-14463;0;0;0;14463;-14463
06/10/2024 06:00;06/10/2024 06:15;25;kWh;-3548;0;0;0;3548;-3548
06/10/2024 06:15;06/10/2024 06:30;26;kWh;-2311;0;0;0;2311;-2311
06/10/2024 06:30;06/10/2024 06:45;27;kWh;-510;0;0;0;510;-510
06/10/2024 06:45;06/10/2024 07:00;28;kWh;0;2578;0;0;2578;2578
06/10/2024 07:00;06/10/2024 07:15;29;kWh;0;11051;0;0;11051;11051
06/10/2024 07:15;06/10/2024 07:30;30;kWh;0;40025;0;0;40025;40025
06/10/2024 07:30;06/10/2024 07:45;31;kWh;0;45235;0;0;45235;45235
06/10/2024 07:45;06/10/2024 08:00;32;kWh;0;13528;0;0;13528;13528
06/10/2024 08:00;06/10/2024 08:15;33;kWh;-2231;0;0;0;2231;-2231
06/10/2024 08:15;06/10/2024 08:30;34;kWh;-329;1997;0;0;2326;1668
06/10/2024 08:30;06/10/2024 08:45;35;kWh;0;240;0;0;240;240
06/10/2024 08:45;06/10/2024 09:00;36;kWh;-482;0;0;0;482;-482
06/10/2024 09:00;06/10/2024 09:15;37;kWh;-942;0;0;0;942;-942
06/10/2024 09:15;06/10/2024 09:30;38;kWh;-151;0;0;0;151;-151
06/10/2024 09:30;06/10/2024 09:45;39;kWh;-2683;0;0;0;2683;-2683
06/10/2024 09:45;06/10/2024 10:00;40;kWh;-1952;0;0;0;1952;-1952
06/10/2024 10:00;06/10/2024 10:15;41;kWh;-480;0;0;0;480;-480
06/10/2024 10:15;06/10/2024 10:30;42;kWh;-212;0;0;0;212;-212
06/10/2024 10:30;06/10/2024 10:45;43;kWh;-1371;0;0;0;1371;-1371
06/10/2024 10:45;06/10/2024 11:00;44;kWh;-11354;0;0;0;11354;-11354
06/10/2024 11:00;06/10/2024 11:15;45;kWh;-9863;0;0;0;9863;-9863
06/10/2024 11:15;06/10/2024 11:30;46;kWh;-2894;0;0;0;2894;-2894
06/10/2024 11:30;06/10/2024 11:45;47;kWh;-4424;0;0;0;4424;-4424
06/10/2024 11:45;06/10/2024 12:00;48;kWh;-3556;0;0;0;3556;-3556
06/10/2024 12:00;06/10/2024 12:15;49;kWh;-8;17937;0;0;17945;17929
06/10/2024 12:15;06/10/2024 12:30;50;kWh;0;4531;0;0;4531;4531
06/10/2024 12:30;06/10/2024 12:45;51;kWh;0;3807;0;0;3807;3807
06/10/2024 12:45;06/10/2024 13:00;52;kWh;-8216;0;0;0;8216;-8216
06/10/2024 13:00;06/10/2024 13:15;53;kWh;-7133;0;0;0;7133;-7133
06/10/2024 13:15;06/10/2024 13:30;54;kWh;-52778;0;0;0;52778;-52778
06/10/2024 13:30;06/10/2024 13:45;55;kWh;-76479;0;0;0;76479;-76479
06/10/2024 13:45;06/10/2024 14:00;56;kWh;-71304;0;0;0;71304;-71304
06/10/2024 14:00;06/10/2024 14:15;57;kWh;-69274;0;0;0;69274;-69274
06/10/2024 14:15;06/10/2024 14:30;58;kWh;-49748;0;0;0;49748;-49748
06/10/2024 14:30;06/10/2024 14:45;59;kWh;-51461;0;0;0;51461;-51461
06/10/2024 14:45;06/10/2024 15:00;60;kWh;-45066;0;0;0;45066;-45066
06/10/2024 15:00;06/10/2024 15:15;61;kWh;-63743;0;0;0;63743;-63743
06/10/2024 15:15;06/10/2024 15:30;62;kWh;-44146;0;0;0;44146;-44146
06/10/2024 15:30;06/10/2024 15:45;63;kWh;-45729;5425;0;0;51154;-40304
06/10/2024 15:45;06/10/2024 16:00;64;kWh;-60125;3950;0;0;64075;-56175
06/10/2024 16:00;06/10/2024 16:15;65;kWh;-21006;0;0;0;21006;-21006
06/10/2024 16:15;06/10/2024 16:30;66;kWh;-32112;0;0;0;32112;-32112
06/10/2024 16:30;06/10/2024 16:45;67;kWh;-19687;0;0;0;19687;-19687
06/10/2024 16:45;06/10/2024 17:00;68;kWh;-13092;0;0;0;13092;-13092
06/10/2024 17:00;06/10/2024 17:15;69;kWh;-38491;4235;0;0;42726;-34256
06/10/2024 17:15;06/10/2024 17:30;70;kWh;-3830;10842;0;0;14672;7012
06/10/2024 17:30;06/10/2024 17:45;71;kWh;-220;1490;0;0;1710;1270
06/10/2024 17:45;06/10/2024 18:00;72;kWh;0;15703;0;0;15703;15703
06/10/2024 18:00;06/10/2024 18:15;73;kWh;-1200;6026;0;0;7226;4826
06/10/2024 18:15;06/10/2024 18:30;74;kWh;-395;1659;0;0;2054;1264
06/10/2024 18:30;06/10/2024 18:45;75;kWh;0;4514;0;0;4514;4514
06/10/2024 18:45;06/10/2024 19:00;76;kWh;0;0;0;0;0;0
06/10/2024 19:00;06/10/2024 19:15;77;kWh;-8617;0;0;0;8617;-8617
06/10/2024 19:15;06/10/2024 19:30;78;kWh;0;1704;0;0;1704;1704
06/10/2024 19:30;06/10/2024 19:45;79;kWh;0;600;0;0;600;600
06/10/2024 19:45;06/10/2024 20:00;80;kWh;-1256;0;0;0;1256;-1256
06/10/2024 20:00;06/10/2024 20:15;81;kWh;-17628;0;0;0;17628;-17628
06/10/2024 20:15;06/10/2024 20:30;82;kWh;-20074;0;0;0;20074;-20074
06/10/2024 20:30;06/10/2024 20:45;83;kWh;-17558;0;0;0;17558;-17558
06/10/2024 20:45;06/10/2024 21:00;84;kWh;-10986;0;0;0;10986;-10986
06/10/2024 21:00;06/10/2024 21:15;85;kWh;-2085;205;0;0;2290;-1880
06/10/2024 21:15;06/10/2024 21:30;86;kWh;0;2444;0;0;2444;2444
06/10/2024 21:30;06/10/2024 21:45;87;kWh;0;1564;0;0;1564;1564
06/10/2024 21:45;06/10/2024 22:00;88;kWh;0;3188;0;0;3188;3188
06/10/2024 22:00;06/10/2024 22:15;89;kWh;0;16543;0;0;16543;16543
06/10/2024 22:15;06/10/2024 22:30;90;kWh;0;48050;0;0;48050;48050
06/10/2024 22:30;06/10/2024 22:45;91;kWh;0;17212;0;0;17212;17212
06/10/2024 22:45;06/10/2024 23:00;92;kWh;0;346;0;0;346;346
06/10/2024 23:00;06/10/2024 23:15;93;kWh;0;39624;0;0;39624;39624
06/10/2024 23:15;06/10/2024 23:30;94;kWh;0;47151;0;0;47151;47151
06/10/2024 23:30;06/10/2024 23:45;95;kWh;-1311;14951;0;0;16262;13640
06/10/2024 23:45;07/10/2024 00:00;96;kWh;-495;10633;0;0;11128;10138
07/10/2024 00:00;07/10/2024 00:15;1;kWh;0;71589;0;0;71589;71589
07/10/2024 00:15;07/10/2024 00:30;2;kWh;0;38214;0;0;38214;38214
07/10/2024 00:30;07/10/2024 00:45;3;kWh;0;0;0;0;0;0
07/10/2024 00:45;07/10/2024 01:00;4;kWh;0;0;0;0;0;0
07/10/2024 01:00;07/10/2024 01:15;5;kWh;0;5106;0;0;5106;5106
07/10/2024 01:15;07/10/2024 01:30;6;kWh;0;3772;0;0;3772;3772
07/10/2024 01:30;07/10/2024 01:45;7;kWh;0;3502;0;0;3502;3502
07/10/2024 01:45;07/10/2024 02:00;8;kWh;0;428;0;0;428;428
07/10/2024 02:00;07/10/2024 02:15;9;kWh;-2049;0;0;0;2049;-2049
07/10/2024 02:15;07/10/2024 02:30;10;kWh;-3832;0;0;0;3832;-3832
07/10/2024 02:30;07/10/2024 02:45;11;kWh;-5975;0;0;0;5975;-5975
07/10/2024 02:45;07/10/2024 03:00;12;kWh;-3325;0;0;0;3325;-3325
07/10/2024 03:00;07/10/2024 03:15;13;kWh;-3028;0;0;0;3028;-3028
07/10/2024 03:15;07/10/2024 03:30;14;kWh;-639;0;0;0;639;-639
07/10/2024 03:30;07/10/2024 03:45;15;kWh;-360;0;0;0;360;-360
07/10/2024 03:45;07/10/2024 04:00;16;kWh;-3240;0;0;0;3240;-3240
07/10/2024 04:00;07/10/2024 04:15;17;kWh;-4441;857;0;0;5298;-3584
07/10/2024 04:15;07/10/2024 04:30;18;kWh;0;16930;0;0;16930;16930
07/10/2024 04:30;07/10/2024 04:45;19;kWh;0;0;0;0;0;0
07/10/2024 04:45;07/10/2024 05:00;20;kWh;-3465;0;0;0;3465;-3465
07/10/2024 05:00;07/10/2024 05:15;21;kWh;-29737;0;0;0;29737;-29737
07/10/2024 05:15;07/10/2024 05:30;22;kWh;-15571;0;0;0;15571;-15571
07/10/2024 05:30;07/10/2024 05:45;23;kWh;-4738;0;0;0;4738;-4738
07/10/2024 05:45;07/10/2024 06:00;24;kWh;-2;6;0;0;8;4
07/10/2024 06:00;07/10/2024 06:15;25;kWh;-20497;370;0;0;20867;-20127
07/10/2024 06:15;07/10/2024 06:30;26;kWh;0;0;0;0;0;0
07/10/2024 06:30;07/10/2024 06:45;27;kWh;0;0;0;0;0;0
07/10/2024 06:45;07/10/2024 07:00;28;kWh;0;1516;0;0;1516;1516
07/10/2024 07:00;07/10/2024 07:15;29;kWh;-43606;5139;0;0;48745;-38467
07/10/2024 07:15;07/10/2024 07:30;30;kWh;-48029;15352;0;0;63381;-32677
07/10/2024 07:30;07/10/2024 07:45;31;kWh;-24874;0;0;0;24874;-24874
07/10/2024 07:45;07/10/2024 08:00;32;kWh;-24485;0;0;0;24485;-24485
07/10/2024 08:00;07/10/2024 08:15;33;kWh;-34442;3320;0;0;37762;-31122
07/10/2024 08:15;07/10/2024 08:30;34;kWh;-464;10436;0;0;10900;9972
07/10/2024 08:30;07/10/2024 08:45;35;kWh;0;0;0;0;0;0
07/10/2024 08:45;07/10/2024 09:00;36;kWh;-1002;0;0;0;1002;-1002
07/10/2024 09:00;07/10/2024 09:15;37;kWh;-99;24612;0;0;24711;24513
07/10/2024 09:15;07/10/2024 09:30;38;kWh;-6342;1597;0;0;7939;-4745
07/10/2024 09:30;07/10/2024 09:45;39;kWh;-28593;0;0;0;28593;-28593
07/10/2024 09:45;07/10/2024 10:00;40;kWh;-40059;172;0;0;40231;-39887
07/10/2024 10:00;07/10/2024 10:15;41;kWh;-6202;925;0;0;7127;-5277
07/10/2024 10:15;07/10/2024 10:30;42;kWh;-19663;0;0;0;19663;-19663
07/10/2024 10:30;07/10/2024 10:45;43;kWh;-37873;0;0;0;37873;-37873
07/10/2024 10:45;07/10/2024 11:00;44;kWh;-54157;0;0;0;54157;-54157
07/10/2024 11:00;07/10/2024 11:15;45;kWh;-21481;220;0;0;21701;-21261
07/10/2024 11:15;07/10/2024 11:30;46;kWh;-28506;0;0;0;28506;-28506
07/10/2024 11:30;07/10/2024 11:45;47;kWh;-55280;0;0;0;55280;-55280
07/10/2024 11:45;07/10/2024 12:00;48;kWh;-51516;0;0;0;51516;-51516
07/10/2024 12:00;07/10/2024 12:15;49;kWh;-15719;100;0;0;15819;-15619
07/10/2024 12:15;07/10/2024 12:30;50;kWh;-23532;15;0;0;23547;-23517
07/10/2024 12:30;07/10/2024 12:45;51;kWh;-7606;0;0;0;7606;-7606
07/10/2024 12:45;07/10/2024 13:00;52;kWh;-176;0;0;0;176;-176
07/10/2024 13:00;07/10/2024 13:15;53;kWh;-5368;8563;0;0;13931;3195
07/10/2024 13:15;07/10/2024 13:30;54;kWh;0;64393;0;0;64393;64393
07/10/2024 13:30;07/10/2024 13:45;55;kWh;-28539;52832;0;0;81371;24293
07/10/2024 13:45;07/10/2024 14:00;56;kWh;-10982;64;0;0;11046;-10918
07/10/2024 14:00;07/10/2024 14:15;57;kWh;-47865;120;0;0;47985;-47745
07/10/2024 14:15;07/10/2024 14:30;58;kWh;-9855;429;0;0;10284;-9426
07/10/2024 14:30;07/10/2024 14:45;59;kWh;-2778;15453;0;0;18231;12675
07/10/2024 14:45;07/10/2024 15:00;60;kWh;-936;43012;0;0;43948;42076
07/10/2024 15:00;07/10/2024 15:15;61;kWh;-64524;602;0;0;65126;-63922
07/10/2024 15:15;07/10/2024 15:30;62;kWh;-61918;92;0;0;62010;-61826
07/10/2024 15:30;07/10/2024 15:45;63;kWh;-41209;486;0;0;41695;-40723
07/10/2024 15:45;07/10/2024 16:00;64;kWh;-47233;407;0;0;47640;-46826
07/10/2024 16:00;07/10/2024 16:15;65;kWh;-26002;308;0;0;26310;-25694
07/10/2024 16:15;07/10/2024 16:30;66;kWh;-1382;43;0;0;1425;-1339
07/10/2024 16:30;07/10/2024 16:45;67;kWh;0;0;0;0;0;0
07/10/2024 16:45;07/10/2024 17:00;68;kWh;-77;0;0;0;77;-77
07/10/2024 17:00;07/10/2024 17:15;69;kWh;-1640;3;0;0;1643;-1637
07/10/2024 17:15;07/10/2024 17:30;70;kWh;0;10316;0;0;10316;10316
07/10/2024 17:30;07/10/2024 17:45;71;kWh;0;28442;0;0;28442;28442
07/10/2024 17:45;07/10/2024 18:00;72;kWh;0;18993;0;0;18993;18993
07/10/2024 18:00;07/10/2024 18:15;73;kWh;-66991;189;0;0;67180;-66802
07/10/2024 18:15;07/10/2024 18:30;74;kWh;-62949;0;0;0;62949;-62949
07/10/2024 18:30;07/10/2024 18:45;75;kWh;-679;1335;0;0;2014;656
07/10/2024 18:45;07/10/2024 19:00;76;kWh;0;530;0;0;530;530
07/10/2024 19:00;07/10/2024 19:15;77;kWh;-10413;2;0;0;10415;-10411
07/10/2024 19:15;07/10/2024 19:30;78;kWh;-14365;0;0;0;14365;-14365
07/10/2024 19:30;07/10/2024 19:45;79;kWh;-53640;0;0;0;53640;-53640
07/10/2024 19:45;07/10/2024 20:00;80;kWh;-70750;0;0;0;70750;-70750
07/10/2024 20:00;07/10/2024 20:15;81;kWh;-1973;829;0;0;2802;-1144
07/10/2024 20:15;07/10/2024 20:30;82;kWh;-1571;8650;0;0;10221;7079
07/10/2024 20:30;07/10/2024 20:45;83;kWh;-5938;0;0;0;5938;-5938
07/10/2024 20:45;07/10/2024 21:00;84;kWh;-19171;0;0;0;19171;-19171
07/10/2024 21:00;07/10/2024 21:15;85;kWh;-10199;9239;0;0;19438;-960
07/10/2024 21:15;07/10/2024 21:30;86;kWh;0;12512;0;0;12512;12512
07/10/2024 21:30;07/10/2024 21:45;87;kWh;0;1951;0;0;1951;1951
07/10/2024 21:45;07/10/2024 22:00;88;kWh;-3;2885;0;0;2888;2882
07/10/2024 22:00;07/10/2024 22:15;89;kWh;-1637;161;0;0;1798;-1476
07/10/2024 22:15;07/10/2024 22:30;90;kWh;0;31925;0;0;31925;31925
07/10/2024 22:30;07/10/2024 22:45;91;kWh;0;24141;0;0;24141;24141
07/10/2024 22:45;07/10/2024 23:00;92;kWh;-116;3937;0;0;4053;3821
07/10/2024 23:00;07/10/2024 23:15;93;kWh;-1104;8;0;0;1112;-1096
07/10/2024 23:15;07/10/2024 23:30;94;kWh;-7166;0;0;0;7166;-7166
07/10/2024 23:30;07/10/2024 23:45;95;kWh;-17816;0;0;0;17816;-17816
07/10/2024 23:45;08/10/2024 00:00;96;kWh;-17312;141;0;0;17453;-17171
08/10/2024 00:00;08/10/2024 00:15;1;kWh;-1060;10142;0;0;11202;9082
08/10/2024 00:15;08/10/2024 00:30;2;kWh;0;14782;0;0;14782;14782
08/10/2024 00:30;08/10/2024 00:45;3;kWh;0;13459;0;0;13459;13459
08/10/2024 00:45;08/10/2024 01:00;4;kWh;0;23650;0;0;23650;23650
08/10/2024 01:00;08/10/2024 01:15;5;kWh;0;1378;0;0;1378;1378
08/10/2024 01:15;08/10/2024 01:30;6;kWh;-3718;171;0;0;3889;-3547
08/10/2024 01:30;08/10/2024 01:45;7;kWh;-6669;0;0;0;6669;-6669
08/10/2024 01:45;08/10/2024 02:00;8;kWh;-4099;0;0;0;4099;-4099
08/10/2024 02:00;08/10/2024 02:15;9;kWh;-1073;0;0;0;1073;-1073
08/10/2024 02:15;08/10/2024 02:30;10;kWh;0;0;0;0;0;0
08/10/2024 02:30;08/10/2024 02:45;11;kWh;-820;0;0;0;820;-820
08/10/2024 02:45;08/10/2024 03:00;12;kWh;-839;0;0;0;839;-839
08/10/2024 03:00;08/10/2024 03:15;13;kWh;0;0;0;0;0;0
08/10/2024 03:15;08/10/2024 03:30;14;kWh;0;0;0;0;0;0
08/10/2024 03:30;08/10/2024 03:45;15;kWh;-4187;0;0;0;4187;-4187
08/10/2024 03:45;08/10/2024 04:00;16;kWh;-13230;0;0;0;13230;-13230
08/10/2024 04:00;08/10/2024 04:15;17;kWh;-6017;0;0;0;6017;-6017
08/10/2024 04:15;08/10/2024 04:30;18;kWh;-4634;0;0;0;4634;-4634
08/10/2024 04:30;08/10/2024 04:45;19;kWh;-4531;0;0;0;4531;-4531
08/10/2024 04:45;08/10/2024 05:00;20;kWh;-1906;1152;0;0;3058;-754
08/10/2024 05:00;08/10/2024 05:15;21;kWh;0;1693;0;0;1693;1693
08/10/2024 05:15;08/10/2024 05:30;22;kWh;-15521;0;0;0;15521;-15521
08/10/2024 05:30;08/10/2024 05:45;23;kWh;-10321;0;0;0;10321;-10321
08/10/2024 05:45;08/10/2024 06:00;24;kWh;-26484;0;0;0;26484;-26484
08/10/2024 06:00;08/10/2024 06:15;25;kWh;-507;0;0;0;507;-507
08/10/2024 06:15;08/10/2024 06:30;26;kWh;-6768;0;0;0;6768;-6768
08/10/2024 06:30;08/10/2024 06:45;27;kWh;-6348;0;0;0;6348;-6348
08/10/2024 06:45;08/10/2024 07:00;28;kWh;-474;0;0;0;474;-474
08/10/2024 07:00;08/10/2024 07:15;29;kWh;-33189;213;0;0;33402;-32976
08/10/2024 07:15;08/10/2024 07:30;30;kWh;-37629;2;0;0;37631;-37627
08/10/2024 07:30;08/10/2024 07:45;31;kWh;-25951;21;0;0;25972;-25930
08/10/2024 07:45;08/10/2024 08:00;32;kWh;-23315;0;0;0;23315;-23315
08/10/2024 08:00;08/10/2024 08:15;33;kWh;-18119;0;0;0;18119;-18119
08/10/2024 08:15;08/10/2024 08:30;34;kWh;-8840;0;0;0;8840;-8840
08/10/2024 08:30;08/10/2024 08:45;35;kWh;-38422;0;0;0;38422;-38422
08/10/2024 08:45;08/10/2024 09:00;36;kWh;-40115;0;0;0;40115;-40115
08/10/2024 09:00;08/10/2024 09:15;37;kWh;-27965;0;0;0;27965;-27965
08/10/2024 09:15;08/10/2024 09:30;38;kWh;-32500;0;0;0;32500;-32500
08/10/2024 09:30;08/10/2024 09:45;39;kWh;-23882;0;0;0;23882;-23882
08/10/2024 09:45;08/10/2024 10:00;40;kWh;-41554;0;0;0;41554;-41554
08/10/2024 10:00;08/10/2024 10:15;41;kWh;-14424;0;0;0;14424;-14424
08/10/2024 10:15;08/10/2024 10:30;42;kWh;-26494;0;0;0;26494;-26494
08/10/2024 10:30;08/10/2024 10:45;43;kWh;-56259;0;0;0;56259;-56259
08/10/2024 10:45;08/10/2024 11:00;44;kWh;-57889;0;0;0;57889;-57889
08/10/2024 11:00;08/10/2024 11:15;45;kWh;-26672;0;0;0;26672;-26672
08/10/2024 11:15;08/10/2024 11:30;46;kWh;-67009;0;0;0;67009;-67009
08/10/2024 11:30;08/10/2024 11:45;47;kWh;-70899;0;0;0;70899;-70899
08/10/2024 11:45;08/10/2024 12:00;48;kWh;-77756;0;0;0;77756;-77756
08/10/2024 12:00;08/10/2024 12:15;49;kWh;-22304;0;0;0;22304;-22304
08/10/2024 12:15;08/10/2024 12:30;50;kWh;-59804;2;0;0;59806;-59802
08/10/2024 12:30;08/10/2024 12:45;51;kWh;-108684;64;0;0;108748;-108620
08/10/2024 12:45;08/10/2024 13:00;52;kWh;-59216;690;0;0;59906;-58526
08/10/2024 13:00;08/10/2024 13:15;53;kWh;-78077;9617;0;0;87694;-68460
08/10/2024 13:15;08/10/2024 13:30;54;kWh;-45922;2890;0;0;48812;-43032
08/10/2024 13:30;08/10/2024 13:45;55;kWh;-17219;39;0;0;17258;-17180
08/10/2024 13:45;08/10/2024 14:00;56;kWh;-22139;0;0;0;22139;-22139
08/10/2024 14:00;08/10/2024 14:15;57;kWh;-40976;0;0;0;40976;-40976
08/10/2024 14:15;08/10/2024 14:30;58;kWh;-29130;2239;0;0;31369;-26891
08/10/2024 14:30;08/10/2024 14:45;59;kWh;-19281;7;0;0;19288;-19274
08/10/2024 14:45;08/10/2024 15:00;60;kWh;-27972;0;0;0;27972;-27972
08/10/2024 15:00;08/10/2024 15:15;61;kWh;-13014;56;0;0;13070;-12958
08/10/2024 15:15;08/10/2024 15:30;62;kWh;-4161;37;0;0;4198;-4124
08/10/2024 15:30;08/10/2024 15:45;63;kWh;-1234;0;0;0;1234;-1234
08/10/2024 15:45;08/10/2024 16:00;64;kWh;-22408;0;0;0;22408;-22408
08/10/2024 16:00;08/10/2024 16:15;65;kWh;-18566;221;0;0;18787;-18345
08/10/2024 16:15;08/10/2024 16:30;66;kWh;-3632;626;0;0;4258;-3006
08/10/2024 16:30;08/10/2024 16:45;67;kWh;-1592;0;0;0;1592;-1592
08/10/2024 16:45;08/10/2024 17:00;68;kWh;-14;0;0;0;14;-14
08/10/2024 17:00;08/10/2024 17:15;69;kWh;-18270;0;0;0;18270;-18270
08/10/2024 17:15;08/10/2024 17:30;70;kWh;-4470;0;0;0;4470;-4470
08/10/2024 17:30;08/10/2024 17:45;71;kWh;-18611;0;0;0;18611;-18611
08/10/2024 17:45;08/10/2024 18:00;72;kWh;-4766;0;0;0;4766;-4766
08/10/2024 18:00;08/10/2024 18:15;73;kWh;-34190;3152;0;0;37342;-31038
08/10/2024 18:15;08/10/2024 18:30;74;kWh;0;6850;0;0;6850;6850
08/10/2024 18:30;08/10/2024 18:45;75;kWh;0;38;0;0;38;38
08/10/2024 18:45;08/10/2024 19:00;76;kWh;0;1677;0;0;1677;1677
08/10/2024 19:00;08/10/2024 19:15;77;kWh;0;29669;0;0;29669;29669
08/10/2024 19:15;08/10/2024 19:30;78;kWh;0;60419;0;0;60419;60419
08/10/2024 19:30;08/10/2024 19:45;79;kWh;0;47764;0;0;47764;47764
08/10/2024 19:45;08/10/2024 20:00;80;kWh;-326;25423;0;0;25749;25097
08/10/2024 20:00;08/10/2024 20:15;81;kWh;-1184;651;0;0;1835;-533
08/10/2024 20:15;08/10/2024 20:30;82;kWh;-6220;36;0;0;6256;-6184
08/10/2024 20:30;08/10/2024 20:45;83;kWh;-39539;0;0;0;39539;-39539
08/10/2024 20:45;08/10/2024 21:00;84;kWh;-39965;346;0;0;40311;-39619
08/10/2024 21:00;08/10/2024 21:15;85;kWh;-29898;0;0;0;29898;-29898
08/10/2024 21:15;08/10/2024 21:30;86;kWh;-28586;70;0;0;28656;-28516
08/10/2024 21:30;08/10/2024 21:45;87;kWh;-38906;0;0;0;38906;-38906
08/10/2024 21:45;08/10/2024 22:00;88;kWh;-23670;0;0;0;23670;-23670
08/10/2024 22:00;08/10/2024 22:15;89;kWh;-12577;3051;0;0;15628;-9526
08/10/2024 22:15;08/10/2024 22:30;90;kWh;-397;390;0;0;787;-7
08/10/2024 22:30;08/10/2024 22:45;91;kWh;-5103;0;0;0;5103;-5103
08/10/2024 22:45;08/10/2024 23:00;92;kWh;-9228;979;0;0;10207;-8249
08/10/2024 23:00;08/10/2024 23:15;93;kWh;-855;0;0;0;855;-855
08/10/2024 23:15;08/10/2024 23:30;94;kWh;-1375;0;0;0;1375;-1375
08/10/2024 23:30;08/10/2024 23:45;95;kWh;-5668;0;0;0;5668;-5668
08/10/2024 23:45;09/10/2024 00:00;96;kWh;-9013;0;0;0;9013;-9013
09/10/2024 00:00;09/10/2024 00:15;1;kWh;-3177;0;0;0;3177;-3177
09/10/2024 00:15;09/10/2024 00:30;2;kWh;-6345;0;0;0;6345;-6345
09/10/2024 00:30;09/10/2024 00:45;3;kWh;-1642;0;0;0;1642;-1642
09/10/2024 00:45;09/10/2024 01:00;4;kWh;-90;0;0;0;90;-90
09/10/2024 01:00;09/10/2024 01:15;5;kWh;-5;10277;0;0;10282;10272
09/10/2024 01:15;09/10/2024 01:30;6;kWh;0;3355;0;0;3355;3355
09/10/2024 01:30;09/10/2024 01:45;7;kWh;0;0;0;0;0;0
09/10/2024 01:45;09/10/2024 02:00;8;kWh;-327;0;0;0;327;-327
09/10/2024 02:00;09/10/2024 02:15;9;kWh;-1376;0;0;0;1376;-1376
09/10/2024 02:15;09/10/2024 02:30;10;kWh;-61;0;0;0;61;-61
09/10/2024 02:30;09/10/2024 02:45;11;kWh;-307;0;0;0;307;-307
09/10/2024 02:45;09/10/2024 03:00;12;kWh;-851;0;0;0;851;-851
09/10/2024 03:00;09/10/2024 03:15;13;kWh;-5194;0;0;0;5194;-5194
09/10/2024 03:15;09/10/2024 03:30;14;kWh;-12273;0;0;0;12273;-12273
09/10/2024 03:30;09/10/2024 03:45;15;kWh;-18197;0;0;0;18197;-18197
09/10/2024 03:45;09/10/2024 04:00;16;kWh;-20372;0;0;0;20372;-20372
09/10/2024 04:00;09/10/2024 04:15;17;kWh;-9436;1045;0;0;10481;-8391
09/10/2024 04:15;09/10/2024 04:30;18;kWh;-9411;8;0;0;9419;-9403
09/10/2024 04:30;09/10/2024 04:45;19;kWh;-5552;0;0;0;5552;-5552
09/10/2024 04:45;09/10/2024 05:00;20;kWh;-7116;0;0;0;7116;-7116
09/10/2024 05:00;09/10/2024 05:15;21;kWh;-8607;0;0;0;8607;-8607
09/10/2024 05:15;09/10/2024 05:30;22;kWh;0;0;0;0;0;0
09/10/2024 05:30;09/10/2024 05:45;23;kWh;-1675;0;0;0;1675;-1675
09/10/2024 05:45;09/10/2024 06:00;24;kWh;-2380;0;0;0;2380;-2380
09/10/2024 06:00;09/10/2024 06:15;25;kWh;-32396;1174;0;0;33570;-31222
09/10/2024 06:15;09/10/2024 06:30;26;kWh;-19948;521;0;0;20469;-19427
09/10/2024 06:30;09/10/2024 06:45;27;kWh;-117;1381;0;0;1498;1264
09/10/2024 06:45;09/10/2024 07:00;28;kWh;0;1752;0;0;1752;1752
09/10/2024 07:00;09/10/2024 07:15;29;kWh;-12321;146;0;0;12467;-12175
09/10/2024 07:15;09/10/2024 07:30;30;kWh;-2;883;0;0;885;881
09/10/2024 07:30;09/10/2024 07:45;31;kWh;0;8448;0;0;8448;8448
09/10/2024 07:45;09/10/2024 08:00;32;kWh;0;12739;0;0;12739;12739
09/10/2024 08:00;09/10/2024 08:15;33;kWh;0;8302;0;0;8302;8302
09/10/2024 08:15;09/10/2024 08:30;34;kWh;0;4271;0;0;4271;4271
09/10/2024 08:30;09/10/2024 08:45;35;kWh;0;0;0;0;0;0
09/10/2024 08:45;09/10/2024 09:00;36;kWh;-4273;0;0;0;4273;-4273
09/10/2024 09:00;09/10/2024 09:15;37;kWh;-4145;0;0;0;4145;-4145
09/10/2024 09:15;09/10/2024 09:30;38;kWh;-10400;0;0;0;10400;-10400
09/10/2024 09:30;09/10/2024 09:45;39;kWh;-16578;276;0;0;16854;-16302
09/10/2024 09:45;09/10/2024 10:00;40;kWh;-31577;0;0;0;31577;-31577
09/10/2024 10:00;09/10/2024 10:15;41;kWh;-4404;0;0;0;4404;-4404
09/10/2024 10:15;09/10/2024 10:30;42;kWh;-22264;0;0;0;22264;-22264
09/10/2024 10:30;09/10/2024 10:45;43;kWh;-32480;0;0;0;32480;-32480
09/10/2024 10:45;09/10/2024 11:00;44;kWh;-9242;0;0;0;9242;-9242
09/10/2024 11:00;09/10/2024 11:15;45;kWh;-10829;0;0;0;10829;-10829
09/10/2024 11:15;09/10/2024 11:30;46;kWh;-9844;571;0;0;10415;-9273
09/10/2024 11:30;09/10/2024 11:45;47;kWh;-1094;5212;0;0;6306;4118
09/10/2024 11:45;09/10/2024 12:00;48;kWh;-440;0;0;0;440;-440
09/10/2024 12:00;09/10/2024 12:15;49;kWh;0;3567;0;0;3567;3567
09/10/2024 12:15;09/10/2024 12:30;50;kWh;0;16439;0;0;16439;16439
09/10/2024 12:30;09/10/2024 12:45;51;kWh;0;42635;0;0;42635;42635
09/10/2024 12:45;09/10/2024 13:00;52;kWh;0;53616;0;0;53616;53616
09/10/2024 13:00;09/10/2024 13:15;53;kWh;-3020;5701;0;0;8721;2681
09/10/2024 13:15;09/10/2024 13:30;54;kWh;-5931;6;0;0;5937;-5925
09/10/2024 13:30;09/10/2024 13:45;55;kWh;0;0;0;0;0;0
09/10/2024 13:45;09/10/2024 14:00;56;kWh;0;3574;0;0;3574;3574
09/10/2024 14:00;09/10/2024 14:15;57;kWh;-14544;619;0;0;15163;-13925
09/10/2024 14:15;09/10/2024 14:30;58;kWh;-997;489;0;0;1486;-508
09/10/2024 14:30;09/10/2024 14:45;59;kWh;-1311;0;0;0;1311;-1311
09/10/2024 14:45;09/10/2024 15:00;60;kWh;-9043;602;0;0;9645;-8441
09/10/2024 15:00;09/10/2024 15:15;61;kWh;-8642;649;0;0;9291;-7993
09/10/2024 15:15;09/10/2024 15:30;62;kWh;-6797;631;0;0;7428;-6166
09/10/2024 15:30;09/10/2024 15:45;63;kWh;0;0;0;0;0;0
09/10/2024 15:45;09/10/2024 16:00;64;kWh;0;1120;0;0;1120;1120
09/10/2024 16:00;09/10/2024 16:15;65;kWh;0;43656;0;0;43656;43656
09/10/2024 16:15;09/10/2024 16:30;66;kWh;-140;26356;0;0;26496;26216
09/10/2024 16:30;09/10/2024 16:45;67;kWh;-391;0;0;0;391;-391
09/10/2024 16:45;09/10/2024 17:00;68;kWh;-447;0;0;0;447;-447
09/10/2024 17:00;09/10/2024 17:15;69;kWh;-27728;0;0;0;27728;-27728
09/10/2024 17:15;09/10/2024 17:30;70;kWh;-14259;0;0;0;14259;-14259
09/10/2024 17:30;09/10/2024 17:45;71;kWh;-9027;0;0;0;9027;-9027
09/10/2024 17:45;09/10/2024 18:00;72;kWh;-40;0;0;0;40;-40
09/10/2024 18:00;09/10/2024 18:15;73;kWh;-4843;0;0;0;4843;-4843
09/10/2024 18:15;09/10/2024 18:30;74;kWh;-25032;0;0;0;25032;-25032
09/10/2024 18:30;09/10/2024 18:45;75;kWh;-513;1794;0;0;2307;1281
09/10/2024 18:45;09/10/2024 19:00;76;kWh;0;1873;0;0;1873;1873
09/10/2024 19:00;09/10/2024 19:15;77;kWh;0;690;0;0;690;690
09/10/2024 19:15;09/10/2024 19:30;78;kWh;0;3753;0;0;3753;3753
09/10/2024 19:30;09/10/2024 19:45;79;kWh;-4162;892;0;0;5054;-3270
09/10/2024 19:45;09/10/2024 20:00;80;kWh;-26780;0;0;0;26780;-26780
09/10/2024 20:00;09/10/2024 20:15;81;kWh;-13279;963;0;0;14242;-12316
09/10/2024 20:15;09/10/2024 20:30;82;kWh;-1893;0;0;0;1893;-1893
09/10/2024 20:30;09/10/2024 20:45;83;kWh;-17695;0;0;0;17695;-17695
09/10/2024 20:45;09/10/2024 21:00;84;kWh;-27655;0;0;0;27655;-27655
09/10/2024 21:00;09/10/2024 21:15;85;kWh;-10835;1131;0;0;11966;-9704
09/10/2024 21:15;09/10/2024 21:30;86;kWh;-6753;0;0;0;6753;-6753
09/10/2024 21:30;09/10/2024 21:45;87;kWh;-5026;2071;0;0;7097;-2955
09/10/2024 21:45;09/10/2024 22:00;88;kWh;-470;6402;0;0;6872;5932
09/10/2024 22:00;09/10/2024 22:15;89;kWh;-1414;12823;0;0;14237;11409
09/10/2024 22:15;09/10/2024 22:30;90;kWh;-249;54366;0;0;54615;54117
09/10/2024 22:30;09/10/2024 22:45;91;kWh;-249;36117;0;0;36366;35868
09/10/2024 22:45;09/10/2024 23:00;92;kWh;-644;14832;0;0;15476;14188
09/10/2024 23:00;09/10/2024 23:15;93;kWh;-7830;4387;0;0;12217;-3443
09/10/2024 23:15;09/10/2024 23:30;94;kWh;-2957;8424;0;0;11381;5467
09/10/2024 23:30;09/10/2024 23:45;95;kWh;-26371;0;0;0;26371;-26371
09/10/2024 23:45;10/10/2024 00:00;96;kWh;-37161;0;0;0;37161;-37161
10/10/2024 00:00;10/10/2024 00:15;1;kWh;-10751;0;0;0;10751;-10751
10/10/2024 00:15;10/10/2024 00:30;2;kWh;-6866;0;0;0;6866;-6866
10/10/2024 00:30;10/10/2024 00:45;3;kWh;-2172;0;0;0;2172;-2172
10/10/2024 00:45;10/10/2024 01:00;4;kWh;-4028;0;0;0;4028;-4028
10/10/2024 01:00;10/10/2024 01:15;5;kWh;-786;21438;0;0;22224;20652
10/10/2024 01:15;10/10/2024 01:30;6;kWh;0;4725;0;0;4725;4725
10/10/2024 01:30;10/10/2024 01:45;7;kWh;0;15044;0;0;15044;15044
10/10/2024 01:45;10/10/2024 02:00;8;kWh;0;249;0;0;249;249
10/10/2024 02:00;10/10/2024 02:15;9;kWh;0;23497;0;0;23497;23497
10/10/2024 02:15;10/10/2024 02:30;10;kWh;0;6478;0;0;6478;6478
10/10/2024 02:30;10/10/2024 02:45;11;kWh;0;3642;0;0;3642;3642
10/10/2024 02:45;10/10/2024 03:00;12;kWh;0;15404;0;0;15404;15404
10/10/2024 03:00;10/10/2024 03:15;13;kWh;-371;68180;0;0;68551;67809
10/10/2024 03:15;10/10/2024 03:30;14;kWh;-18934;775;0;0;19709;-18159
10/10/2024 03:30;10/10/2024 03:45;15;kWh;-28586;0;0;0;28586;-28586
10/10/2024 03:45;10/10/2024 04:00;16;kWh;-18487;0;0;0;18487;-18487
10/10/2024 04:00;10/10/2024 04:15;17;kWh;-6962;0;0;0;6962;-6962
10/10/2024 04:15;10/10/2024 04:30;18;kWh;-13034;0;0;0;13034;-13034
10/10/2024 04:30;10/10/2024 04:45;19;kWh;-12341;0;0;0;12341;-12341
10/10/2024 04:45;10/10/2024 05:00;20;kWh;-32767;0;0;0;32767;-32767
10/10/2024 05:00;10/10/2024 05:15;21;kWh;-61660;0;0;0;61660;-61660
10/10/2024 05:15;10/10/2024 05:30;22;kWh;-54085;0;0;0;54085;-54085
10/10/2024 05:30;10/10/2024 05:45;23;kWh;-26626;0;0;0;26626;-26626
10/10/2024 05:45;10/10/2024 06:00;24;kWh;-456;0;0;0;456;-456
10/10/2024 06:00;10/10/2024 06:15;25;kWh;-1938;0;0;0;1938;-1938
10/10/2024 06:15;10/10/2024 06:30;26;kWh;-544;0;0;0;544;-544
10/10/2024 06:30;10/10/2024 06:45;27;kWh;-1096;0;0;0;1096;-1096
10/10/2024 06:45;10/10/2024 07:00;28;kWh;0;4408;0;0;4408;4408
10/10/2024 07:00;10/10/2024 07:15;29;kWh;0;8724;0;0;8724;8724
10/10/2024 07:15;10/10/2024 07:30;30;kWh;0;9908;0;0;9908;9908
10/10/2024 07:30;10/10/2024 07:45;31;kWh;0;26624;0;0;26624;26624
10/10/2024 07:45;10/10/2024 08:00;32;kWh;0;24856;0;0;24856;24856
10/10/2024 08:00;10/10/2024 08:15;33;kWh;0;2284;0;0;2284;2284
10/10/2024 08:15;10/10/2024 08:30;34;kWh;-3171;0;0;0;3171;-3171
10/10/2024 08:30;10/10/2024 08:45;35;kWh;-62;0;0;0;62;-62
10/10/2024 08:45;10/10/2024 09:00;36;kWh;-2643;0;0;0;2643;-2643
10/10/2024 09:00;10/10/2024 09:15;37;kWh;-7528;35;0;0;7563;-7493
10/10/2024 09:15;10/10/2024 09:30;38;kWh;-8084;3519;0;0;11603;-4565
10/10/2024 09:30;10/10/2024 09:45;39;kWh;-15759;315;0;0;16074;-15444
10/10/2024 09:45;10/10/2024 10:00;40;kWh;-13953;0;0;0;13953;-13953
10/10/2024 10:00;10/10/2024 10:15;41;kWh;-7050;6;0;0;7056;-7044
10/10/2024 10:15;10/10/2024 10:30;42;kWh;-34561;0;0;0;34561;-34561
10/10/2024 10:30;10/10/2024 10:45;43;kWh;-42762;0;0;0;42762;-42762
10/10/2024 10:45;10/10/2024 11:00;44;kWh;-33952;0;0;0;33952;-33952
10/10/2024 11:00;10/10/2024 11:15;45;kWh;-52715;0;0;0;52715;-52715
10/10/2024 11:15;10/10/2024 11:30;46;kWh;-56696;0;0;0;56696;-56696
10/10/2024 11:30;10/10/2024 11:45;47;kWh;-40966;0;0;0;40966;-40966
10/10/2024 11:45;10/10/2024 12:00;48;kWh;-24239;229;0;0;24468;-24010
10/10/2024 12:00;10/10/2024 12:15;49;kWh;-21933;1645;0;0;23578;-20288
10/10/2024 12:15;10/10/2024 12:30;50;kWh;-53311;3000;0;0;56311;-50311
10/10/2024 12:30;10/10/2024 12:45;51;kWh;-28837;2425;0;0;31262;-26412
10/10/2024 12:45;10/10/2024 13:00;52;kWh;-34082;0;0;0;34082;-34082
10/10/2024 13:00;10/10/2024 13:15;53;kWh;-15338;0;0;0;15338;-15338
10/10/2024 13:15;10/10/2024 13:30;54;kWh;-18769;124;0;0;18893;-18645
10/10/2024 13:30;10/10/2024 13:45;55;kWh;-33836;350;0;0;34186;-33486
10/10/2024 13:45;10/10/2024 14:00;56;kWh;-23846;384;0;0;24230;-23462
10/10/2024 14:00;10/10/2024 14:15;57;kWh;-8020;2409;0;0;10429;-5611
10/10/2024 14:15;10/10/2024 14:30;58;kWh;-2074;2013;0;0;4087;-61
10/10/2024 14:30;10/10/2024 14:45;59;kWh;-1829;914;0;0;2743;-915
10/10/2024 14:45;10/10/2024 15:00;60;kWh;-7;29231;0;0;29238;29224
10/10/2024 15:00;10/10/2024 15:15;61;kWh;-97;10027;0;0;10124;9930
10/10/2024 15:15;10/10/2024 15:30;62;kWh;0;22470;0;0;22470;22470
10/10/2024 15:30;10/10/2024 15:45;63;kWh;-2;50282;0;0;50284;50280
10/10/2024 15:45;10/10/2024 16:00;64;kWh;-1007;9914;0;0;10921;8907
10/10/2024 16:00;10/10/2024 16:15;65;kWh;-24146;3703;0;0;27849;-20443
10/10/2024 16:15;10/10/2024 16:30;66;kWh;-56000;12026;0;0;68026;-43974
10/10/2024 16:30;10/10/2024 16:45;67;kWh;-30761;20478;0;0;51239;-10283
10/10/2024 16:45;10/10/2024 17:00;68;kWh;-102;27053;0;0;27155;26951
10/10/2024 17:00;10/10/2024 17:15;69;kWh;-1500;23679;0;0;25179;22179
10/10/2024 17:15;10/10/2024 17:30;70;kWh;0;15645;0;0;15645;15645
10/10/2024 17:30;10/10/2024 17:45;71;kWh;0;13766;0;0;13766;13766
10/10/2024 17:45;10/10/2024 18:00;72;kWh;0;54431;0;0;54431;54431
10/10/2024 18:00;10/10/2024 18:15;73;kWh;0;23894;0;0;23894;23894
10/10/2024 18:15;10/10/2024 18:30;74;kWh;0;19138;0;0;19138;19138
10/10/2024 18:30;10/10/2024 18:45;75;kWh;0;51436;0;0;51436;51436
10/10/2024 18:45;10/10/2024 19:00;76;kWh;0;68281;0;0;68281;68281
10/10/2024 19:00;10/10/2024 19:15;77;kWh;0;37688;0;0;37688;37688
10/10/2024 19:15;10/10/2024 19:30;78;kWh;0;29238;0;0;29238;29238
10/10/2024 19:30;10/10/2024 19:45;79;kWh;0;26231;0;0;26231;26231
10/10/2024 19:45;10/10/2024 20:00;80;kWh;0;13157;0;0;13157;13157
10/10/2024 20:00;10/10/2024 20:15;81;kWh;0;39107;0;0;39107;39107
10/10/2024 20:15;10/10/2024 20:30;82;kWh;-10416;15081;0;0;25497;4665
10/10/2024 20:30;10/10/2024 20:45;83;kWh;-11449;13964;0;0;25413;2515
10/10/2024 20:45;10/10/2024 21:00;84;kWh;-21925;0;0;0;21925;-21925
10/10/2024 21:00;10/10/2024 21:15;85;kWh;-35509;12340;0;0;47849;-23169
10/10/2024 21:15;10/10/2024 21:30;86;kWh;-5768;1635;0;0;7403;-4133
10/10/2024 21:30;10/10/2024 21:45;87;kWh;-5506;0;0;0;5506;-5506
10/10/2024 21:45;10/10/2024 22:00;88;kWh;-13459;0;0;0;13459;-13459
10/10/2024 22:00;10/10/2024 22:15;89;kWh;-5743;8462;0;0;14205;2719
10/10/2024 22:15;10/10/2024 22:30;90;kWh;0;12854;0;0;12854;12854
10/10/2024 22:30;10/10/2024 22:45;91;kWh;-11;1538;0;0;1549;1527
10/10/2024 22:45;10/10/2024 23:00;92;kWh;-13687;0;0;0;13687;-13687
10/10/2024 23:00;10/10/2024 23:15;93;kWh;-29024;490;0;0;29514;-28534
10/10/2024 23:15;10/10/2024 23:30;94;kWh;-6283;12001;0;0;18284;5718
10/10/2024 23:30;10/10/2024 23:45;95;kWh;-10459;406;0;0;10865;-10053
10/10/2024 23:45;11/10/2024 00:00;96;kWh;-17990;4974;0;0;22964;-13016
11/10/2024 00:00;11/10/2024 00:15;1;kWh;-28175;808;0;0;28983;-27367
11/10/2024 00:15;11/10/2024 00:30;2;kWh;-31103;0;0;0;31103;-31103
11/10/2024 00:30;11/10/2024 00:45;3;kWh;-14983;2484;0;0;17467;-12499
11/10/2024 00:45;11/10/2024 01:00;4;kWh;-41533;516;0;0;42049;-41017
11/10/2024 01:00;11/10/2024 01:15;5;kWh;-2291;1921;0;0;4212;-370
11/10/2024 01:15;11/10/2024 01:30;6;kWh;-31306;0;0;0;31306;-31306
11/10/2024 01:30;11/10/2024 01:45;7;kWh;-43308;0;0;0;43308;-43308
11/10/2024 01:45;11/10/2024 02:00;8;kWh;-52613;8;0;0;52621;-52605
11/10/2024 02:00;11/10/2024 02:15;9;kWh;-54056;31;0;0;54087;-54025
11/10/2024 02:15;11/10/2024 02:30;10;kWh;-31841;580;0;0;32421;-31261
11/10/2024 02:30;11/10/2024 02:45;11;kWh;-21;6363;0;0;6384;6342
11/10/2024 02:45;11/10/2024 03:00;12;kWh;-32388;91;0;0;32479;-32297
11/10/2024 03:00;11/10/2024 03:15;13;kWh;-39106;13249;0;0;52355;-25857
11/10/2024 03:15;11/10/2024 03:30;14;kWh;-1880;7527;0;0;9407;5647
11/10/2024 03:30;11/10/2024 03:45;15;kWh;0;45186;0;0;45186;45186
11/10/2024 03:45;11/10/2024 04:00;16;kWh;0;12436;0;0;12436;12436
11/10/2024 04:00;11/10/2024 04:15;17;kWh;0;17659;0;0;17659;17659
11/10/2024 04:15;11/10/2024 04:30;18;kWh;0;8915;0;0;8915;8915
11/10/2024 04:30;11/10/2024 04:45;19;kWh;-132;1667;0;0;1799;1535
11/10/2024 04:45;11/10/2024 05:00;20;kWh;-18326;0;0;0;18326;-18326
11/10/2024 05:00;11/10/2024 05:15;21;kWh;-43078;0;0;0;43078;-43078
11/10/2024 05:15;11/10/2024 05:30;22;kWh;-49143;105;0;0;49248;-49038
11/10/2024 05:30;11/10/2024 05:45;23;kWh;-26220;643;0;0;26863;-25577
11/10/2024 05:45;11/10/2024 06:00;24;kWh;-53352;0;0;0;53352;-53352
11/10/2024 06:00;11/10/2024 06:15;25;kWh;-37223;0;0;0;37223;-37223
11/10/2024 06:15;11/10/2024 06:30;26;kWh;-34421;547;0;0;34968;-33874
11/10/2024 06:30;11/10/2024 06:45;27;kWh;-294;0;0;0;294;-294
11/10/2024 06:45;11/10/2024 07:00;28;kWh;-3354;0;0;0;3354;-3354
11/10/2024 07:00;11/10/2024 07:15;29;kWh;-26780;0;0;0;26780;-26780
11/10/2024 07:15;11/10/2024 07:30;30;kWh;-17036;877;0;0;17913;-16159
11/10/2024 07:30;11/10/2024 07:45;31;kWh;0;19759;0;0;19759;19759
11/10/2024 07:45;11/10/2024 08:00;32;kWh;0;25056;0;0;25056;25056
11/10/2024 08:00;11/10/2024 08:15;33;kWh;0;17162;0;0;17162;17162
11/10/2024 08:15;11/10/2024 08:30;34;kWh;-218;825;0;0;1043;607
11/10/2024 08:30;11/10/2024 08:45;35;kWh;-1020;0;0;0;1020;-1020
11/10/2024 08:45;11/10/2024 09:00;36;kWh;-8150;0;0;0;8150;-8150
11/10/2024 09:00;11/10/2024 09:15;37;kWh;-745;0;0;0;745;-745
11/10/2024 09:15;11/10/2024 09:30;38;kWh;-21157;0;0;0;21157;-21157
11/10/2024 09:30;11/10/2024 09:45;39;kWh;-56753;0;0;0;56753;-56753
11/10/2024 09:45;11/10/2024 10:00;40;kWh;-35739;0;0;0;35739;-35739
11/10/2024 10:00;11/10/2024 10:15;41;kWh;-20916;4696;0;0;25612;-16220
11/10/2024 10:15;11/10/2024 10:30;42;kWh;-292;2689;0;0;2981;2397
11/10/2024 10:30;11/10/2024 10:45;43;kWh;-15972;0;0;0;15972;-15972
11/10/2024 10:45;11/10/2024 11:00;44;kWh;-25605;0;0;0;25605;-25605
11/10/2024 11:00;11/10/2024 11:15;45;kWh;-18966;796;0;0;19762;-18170
11/10/2024 11:15;11/10/2024 11:30;46;kWh;-45895;6273;0;0;52168;-39622
11/10/2024 11:30;11/10/2024 11:45;47;kWh;-53343;1095;0;0;54438;-52248
11/10/2024 11:45;11/10/2024 12:00;48;kWh;-43776;4018;0;0;47794;-39758
11/10/2024 12:00;11/10/2024 12:15;49;kWh;-52618;2944;0;0;55562;-49674
11/10/2024 12:15;11/10/2024 12:30;50;kWh;-54851;5774;0;0;60625;-49077
11/10/2024 12:30;11/10/2024 12:45;51;kWh;-24630;3245;0;0;27875;-21385
11/10/2024 12:45;11/10/2024 13:00;52;kWh;0;41857;0;0;41857;41857
11/10/2024 13:00;11/10/2024 13:15;53;kWh;0;68468;0;0;68468;68468
11/10/2024 13:15;11/10/2024 13:30;54;kWh;0;23262;0;0;23262;23262
11/10/2024 13:30;11/10/2024 13:45;55;kWh;0;51085;0;0;51085;51085
11/10/2024 13:45;11/10/2024 14:00;56;kWh;0;74021;0;0;74021;74021
11/10/2024 14:00;11/10/2024 14:15;57;kWh;0;22856;0;0;22856;22856
11/10/2024 14:15;11/10/2024 14:30;58;kWh;-339;22610;0;0;22949;22271
11/10/2024 14:30;11/10/2024 14:45;59;kWh;-16545;0;0;0;16545;-16545
11/10/2024 14:45;11/10/2024 15:00;60;kWh;-18792;0;0;0;18792;-18792
11/10/2024 15:00;11/10/2024 15:15;61;kWh;-48210;5045;0;0;53255;-43165
11/10/2024 15:15;11/10/2024 15:30;62;kWh;-56813;8871;0;0;65684;-47942
11/10/2024 15:30;11/10/2024 15:45;63;kWh;-59230;2280;0;0;61510;-56950
11/10/2024 15:45;11/10/2024 16:00;64;kWh;-44989;806;0;0;45795;-44183
11/10/2024 16:00;11/10/2024 16:15;65;kWh;-69109;0;0;0;69109;-69109
11/10/2024 16:15;11/10/2024 16:30;66;kWh;-55591;0;0;0;55591;-55591
11/10/2024 16:30;11/10/2024 16:45;67;kWh;-54030;0;0;0;54030;-54030
11/10/2024 16:45;11/10/2024 17:00;68;kWh;-46661;0;0;0;46661;-46661
11/10/2024 17:00;11/10/2024 17:15;69;kWh;-60542;0;0;0;60542;-60542
11/10/2024 17:15;11/10/2024 17:30;70;kWh;-34487;0;0;0;34487;-34487
11/10/2024 17:30;11/10/2024 17:45;71;kWh;-974;0;0;0;974;-974
11/10/2024 17:45;11/10/2024 18:00;72;kWh;-2;1597;0;0;1599;1595
11/10/2024 18:00;11/10/2024 18:15;73;kWh;0;3401;0;0;3401;3401
11/10/2024 18:15;11/10/2024 18:30;74;kWh;0;1138;0;0;1138;1138
11/10/2024 18:30;11/10/2024 18:45;75;kWh;0;10441;0;0;10441;10441
11/10/2024 18:45;11/10/2024 19:00;76;kWh;0;21709;0;0;21709;21709
11/10/2024 19:00;11/10/2024 19:15;77;kWh;0;7154;0;0;7154;7154
11/10/2024 19:15;11/10/2024 19:30;78;kWh;0;834;0;0;834;834
11/10/2024 19:30;11/10/2024 19:45;79;kWh;0;23;0;0;23;23
11/10/2024 19:45;11/10/2024 20:00;80;kWh;0;9;0;0;9;9
11/10/2024 20:00;11/10/2024 20:15;81;kWh;0;19978;0;0;19978;19978
11/10/2024 20:15;11/10/2024 20:30;82;kWh;0;24813;0;0;24813;24813
11/10/2024 20:30;11/10/2024 20:45;83;kWh;0;22702;0;0;22702;22702
11/10/2024 20:45;11/10/2024 21:00;84;kWh;0;3510;0;0;3510;3510
11/10/2024 21:00;11/10/2024 21:15;85;kWh;0;10182;0;0;10182;10182
11/10/2024 21:15;11/10/2024 21:30;86;kWh;0;35938;0;0;35938;35938
11/10/2024 21:30;11/10/2024 21:45;87;kWh;0;21310;0;0;21310;21310
11/10/2024 21:45;11/10/2024 22:00;88;kWh;0;23198;0;0;23198;23198
11/10/2024 22:00;11/10/2024 22:15;89;kWh;0;9822;0;0;9822;9822
11/10/2024 22:15;11/10/2024 22:30;90;kWh;0;22851;0;0;22851;22851
11/10/2024 22:30;11/10/2024 22:45;91;kWh;0;29791;0;0;29791;29791
11/10/2024 22:45;11/10/2024 23:00;92;kWh;0;28810;0;0;28810;28810
11/10/2024 23:00;11/10/2024 23:15;93;kWh;0;4336;0;0;4336;4336
11/10/2024 23:15;11/10/2024 23:30;94;kWh;0;4335;0;0;4335;4335
11/10/2024 23:30;11/10/2024 23:45;95;kWh;-177;3652;0;0;3829;3475
11/10/2024 23:45;12/10/2024 00:00;96;kWh;-755;4099;0;0;4854;3344
12/10/2024 00:00;12/10/2024 00:15;1;kWh;-20974;10949;0;0;31923;-10025
12/10/2024 00:15;12/10/2024 00:30;2;kWh;-744;6869;0;0;7613;6125
12/10/2024 00:30;12/10/2024 00:45;3;kWh;-1059;383;0;0;1442;-676
12/10/2024 00:45;12/10/2024 01:00;4;kWh;0;4311;0;0;4311;4311
12/10/2024 01:00;12/10/2024 01:15;5;kWh;0;3378;0;0;3378;3378
12/10/2024 01:15;12/10/2024 01:30;6;kWh;0;463;0;0;463;463
12/10/2024 01:30;12/10/2024 01:45;7;kWh;0;0;0;0;0;0
12/10/2024 01:45;12/10/2024 02:00;8;kWh;0;995;0;0;995;995
12/10/2024 02:00;12/10/2024 02:15;9;kWh;0;35476;0;0;35476;35476
12/10/2024 02:15;12/10/2024 02:30;10;kWh;0;8023;0;0;8023;8023
12/10/2024 02:30;12/10/2024 02:45;11;kWh;0;26006;0;0;26006;26006
12/10/2024 02:45;12/10/2024 03:00;12;kWh;0;28691;0;0;28691;28691
12/10/2024 03:00;12/10/2024 03:15;13;kWh;0;10933;0;0;10933;10933
12/10/2024 03:15;12/10/2024 03:30;14;kWh;0;566;0;0;566;566
12/10/2024 03:30;12/10/2024 03:45;15;kWh;0;903;0;0;903;903
12/10/2024 03:45;12/10/2024 04:00;16;kWh;-2810;0;0;0;2810;-2810
12/10/2024 04:00;12/10/2024 04:15;17;kWh;-1473;14353;0;0;15826;12880
12/10/2024 04:15;12/10/2024 04:30;18;kWh;0;23044;0;0;23044;23044
12/10/2024 04:30;12/10/2024 04:45;19;kWh;0;14832;0;0;14832;14832
12/10/2024 04:45;12/10/2024 05:00;20;kWh;-142;16;0;0;158;-126
12/10/2024 05:00;12/10/2024 05:15;21;kWh;-7730;0;0;0;7730;-7730
12/10/2024 05:15;12/10/2024 05:30;22;kWh;-6541;0;0;0;6541;-6541
12/10/2024 05:30;12/10/2024 05:45;23;kWh;-10552;67;0;0;10619;-10485
12/10/2024 05:45;12/10/2024 06:00;24;kWh;0;994;0;0;994;994
12/10/2024 06:00;12/10/2024 06:15;25;kWh;-9179;654;0;0;9833;-8525
12/10/2024 06:15;12/10/2024 06:30;26;kWh;0;272;0;0;272;272
12/10/2024 06:30;12/10/2024 06:45;27;kWh;0;852;0;0;852;852
12/10/2024 06:45;12/10/2024 07:00;28;kWh;0;3633;0;0;3633;3633
12/10/2024 07:00;12/10/2024 07:15;29;kWh;-682;8981;0;0;9663;8299
12/10/2024 07:15;12/10/2024 07:30;30;kWh;-5160;0;0;0;5160;-5160
12/10/2024 07:30;12/10/2024 07:45;31;kWh;-4636;0;0;0;4636;-4636
12/10/2024 07:45;12/10/2024 08:00;32;kWh;-2728;0;0;0;2728;-2728
12/10/2024 08:00;12/10/2024 08:15;33;kWh;-3008;0;0;0;3008;-3008
12/10/2024 08:15;12/10/2024 08:30;34;kWh;-5766;0;0;0;5766;-5766
12/10/2024 08:30;12/10/2024 08:45;35;kWh;-6128;0;0;0;6128;-6128
12/10/2024 08:45;12/10/2024 09:00;36;kWh;-12099;0;0;0;12099;-12099
12/10/2024 09:00;12/10/2024 09:15;37;kWh;-4572;0;0;0;4572;-4572
12/10/2024 09:15;12/10/2024 09:30;38;kWh;-6954;0;0;0;6954;-6954
12/10/2024 09:30;12/10/2024 09:45;39;kWh;-12980;0;0;0;12980;-12980
12/10/2024 09:45;12/10/2024 10:00;40;kWh;-27334;0;0;0;27334;-27334
12/10/2024 10:00;12/10/2024 10:15;41;kWh;-7407;11539;0;0;18946;4132
12/10/2024 10:15;12/10/2024 10:30;42;kWh;-25;5390;0;0;5415;5365
12/10/2024 10:30;12/10/2024 10:45;43;kWh;-1317;600;0;0;1917;-717
12/10/2024 10:45;12/10/2024 11:00;44;kWh;-6701;0;0;0;6701;-6701
12/10/2024 11:00;12/10/2024 11:15;45;kWh;-18066;472;0;0;18538;-17594
12/10/2024 11:15;12/10/2024 11:30;46;kWh;-22069;0;0;0;22069;-22069
12/10/2024 11:30;12/10/2024 11:45;47;kWh;-37632;0;0;0;37632;-37632
12/10/2024 11:45;12/10/2024 12:00;48;kWh;-33416;0;0;0;33416;-33416
12/10/2024 12:00;12/10/2024 12:15;49;kWh;-12935;3;0;0;12938;-12932
12/10/2024 12:15;12/10/2024 12:30;50;kWh;-29;76;0;0;105;47
12/10/2024 12:30;12/10/2024 12:45;51;kWh;-4137;0;0;0;4137;-4137
12/10/2024 12:45;12/10/2024 13:00;52;kWh;-15599;0;0;0;15599;-15599
12/10/2024 13:00;12/10/2024 13:15;53;kWh;-3049;5259;0;0;8308;2210
12/10/2024 13:15;12/10/2024 13:30;54;kWh;0;8367;0;0;8367;8367
12/10/2024 13:30;12/10/2024 13:45;55;kWh;-436;217;0;0;653;-219
12/10/2024 13:45;12/10/2024 14:00;56;kWh;-12;10583;0;0;10595;10571
12/10/2024 14:00;12/10/2024 14:15;57;kWh;-709;9205;0;0;9914;8496
12/10/2024 14:15;12/10/2024 14:30;58;kWh;-2647;0;0;0;2647;-2647
12/10/2024 14:30;12/10/2024 14:45;59;kWh;0;7772;0;0;7772;7772
12/10/2024 14:45;12/10/2024 15:00;60;kWh;0;12668;0;0;12668;12668
12/10/2024 15:00;12/10/2024 15:15;61;kWh;0;19;0;0;19;19
12/10/2024 15:15;12/10/2024 15:30;62;kWh;-9746;0;0;0;9746;-9746
12/10/2024 15:30;12/10/2024 15:45;63;kWh;-18920;58;0;0;18978;-18862
12/10/2024 15:45;12/10/2024 16:00;64;kWh;0;37;0;0;37;37
12/10/2024 16:00;12/10/2024 16:15;65;kWh;-7555;0;0;0;7555;-7555
12/10/2024 16:15;12/10/2024 16:30;66;kWh;0;0;0;0;0;0
12/10/2024 16:30;12/10/2024 16:45;67;kWh;0;21807;0;0;21807;21807
12/10/2024 16:45;12/10/2024 17:00;68;kWh;-2;50967;0;0;50969;50965
12/10/2024 17:00;12/10/2024 17:15;69;kWh;-204;10241;0;0;10445;10037
12/10/2024 17:15;12/10/2024 17:30;70;kWh;0;54878;0;0;54878;54878
12/10/2024 17:30;12/10/2024 17:45;71;kWh;0;64103;0;0;64103;64103
12/10/2024 17:45;12/10/2024 18:00;72;kWh;0;57930;0;0;57930;57930
12/10/2024 18:00;12/10/2024 18:15;73;kWh;-31969;6963;0;0;38932;-25006
12/10/2024 18:15;12/10/2024 18:30;74;kWh;-3898;3399;0;0;7297;-499
12/10/2024 18:30;12/10/2024 18:45;75;kWh;-31897;0;0;0;31897;-31897
12/10/2024 18:45;12/10/2024 19:00;76;kWh;-474;0;0;0;474;-474
12/10/2024 19:00;12/10/2024 19:15;77;kWh;-28985;5634;0;0;34619;-23351
12/10/2024 19:15;12/10/2024 19:30;78;kWh;-26808;1467;0;0;28275;-25341
12/10/2024 19:30;12/10/2024 19:45;79;kWh;-24229;6;0;0;24235;-24223
12/10/2024 19:45;12/10/2024 20:00;80;kWh;-21995;35;0;0;22030;-21960
12/10/2024 20:00;12/10/2024 20:15;81;kWh;-43421;4738;0;0;48159;-38683
12/10/2024 20:15;12/10/2024 20:30;82;kWh;-40011;6168;0;0;46179;-33843
12/10/2024 20:30;12/10/2024 20:45;83;kWh;-21035;344;0;0;21379;-20691
12/10/2024 20:45;12/10/2024 21:00;84;kWh;-22808;0;0;0;22808;-22808
12/10/2024 21:00;12/10/2024 21:15;85;kWh;-2044;312;0;0;2356;-1732
12/10/2024 21:15;12/10/2024 21:30;86;kWh;-17;22273;0;0;22290;22256
12/10/2024 21:30;12/10/2024 21:45;87;kWh;0;2431;0;0;2431;2431
12/10/2024 21:45;12/10/2024 22:00;88;kWh;0;464;0;0;464;464
12/10/2024 22:00;12/10/2024 22:15;89;kWh;0;73009;0;0;73009;73009
12/10/2024 22:15;12/10/2024 22:30;90;kWh;-1351;22985;0;0;24336;21634
12/10/2024 22:30;12/10/2024 22:45;91;kWh;-2785;0;0;0;2785;-2785
12/10/2024 22:45;12/10/2024 23:00;92;kWh;-1496;0;0;0;1496;-1496
12/10/2024 23:00;12/10/2024 23:15;93;kWh;-21433;12786;0;0;34219;-8647
12/10/2024 23:15;12/10/2024 23:30;94;kWh;0;14148;0;0;14148;14148
12/10/2024 23:30;12/10/2024 23:45;95;kWh;0;1552;0;0;1552;1552
12/10/2024 23:45;13/10/2024 00:00;96;kWh;-22067;0;0;0;22067;-22067
13/10/2024 00:00;13/10/2024 00:15;1;kWh;-3532;10744;0;0;14276;7212
13/10/2024 00:15;13/10/2024 00:30;2;kWh;0;46028;0;0;46028;46028
13/10/2024 00:30;13/10/2024 00:45;3;kWh;0;58453;0;0;58453;58453
13/10/2024 00:45;13/10/2024 01:00;4;kWh;0;45547;0;0;45547;45547
13/10/2024 01:00;13/10/2024 01:15;5;kWh;0;78712;0;0;78712;78712
13/10/2024 01:15;13/10/2024 01:30;6;kWh;0;34422;0;0;34422;34422
13/10/2024 01:30;13/10/2024 01:45;7;kWh;-221;3137;0;0;3358;2916
13/10/2024 01:45;13/10/2024 02:00;8;kWh;-10943;7430;0;0;18373;-3513
13/10/2024 02:00;13/10/2024 02:15;9;kWh;-17769;1871;0;0;19640;-15898
13/10/2024 02:15;13/10/2024 02:30;10;kWh;-18030;8;0;0;18038;-18022
13/10/2024 02:30;13/10/2024 02:45;11;kWh;-29836;0;0;0;29836;-29836
13/10/2024 02:45;13/10/2024 03:00;12;kWh;-67608;353;0;0;67961;-67255
13/10/2024 03:00;13/10/2024 03:15;13;kWh;-48581;8848;0;0;57429;-39733
13/10/2024 03:15;13/10/2024 03:30;14;kWh;-24679;372;0;0;25051;-24307
13/10/2024 03:30;13/10/2024 03:45;15;kWh;-17183;2749;0;0;19932;-14434
13/10/2024 03:45;13/10/2024 04:00;16;kWh;-42191;5028;0;0;47219;-37163
13/10/2024 04:00;13/10/2024 04:15;17;kWh;-11290;9402;0;0;20692;-1888
13/10/2024 04:15;13/10/2024 04:30;18;kWh;-14789;246;0;0;15035;-14543
13/10/2024 04:30;13/10/2024 04:45;19;kWh;-16576;2551;0;0;19127;-14025
13/10/2024 04:45;13/10/2024 05:00;20;kWh;-35304;6937;0;0;42241;-28367
13/10/2024 05:00;13/10/2024 05:15;21;kWh;-22364;0;0;0;22364;-22364
13/10/2024 05:15;13/10/2024 05:30;22;kWh;-6126;0;0;0;6126;-6126
13/10/2024 05:30;13/10/2024 05:45;23;kWh;-8645;4;0;0;8649;-8641
13/10/2024 05:45;13/10/2024 06:00;24;kWh;-9053;981;0;0;10034;-8072
13/10/2024 06:00;13/10/2024 06:15;25;kWh;-12302;4899;0;0;17201;-7403
13/10/2024 06:15;13/10/2024 06:30;26;kWh;-1888;1514;0;0;3402;-374
13/10/2024 06:30;13/10/2024 06:45;27;kWh;-5714;1664;0;0;7378;-4050
13/10/2024 06:45;13/10/2024 07:00;28;kWh;-3565;4537;0;0;8102;972
13/10/2024 07:00;13/10/2024 07:15;29;kWh;-60965;1810;0;0;62775;-59155
13/10/2024 07:15;13/10/2024 07:30;30;kWh;-20334;1553;0;0;21887;-18781
13/10/2024 07:30;13/10/2024 07:45;31;kWh;-13409;1135;0;0;14544;-12274
13/10/2024 07:45;13/10/2024 08:00;32;kWh;-7931;76;0;0;8007;-7855
13/10/2024 08:00;13/10/2024 08:15;33;kWh;-3807;0;0;0;3807;-3807
13/10/2024 08:15;13/10/2024 08:30;34;kWh;-568;0;0;0;568;-568
13/10/2024 08:30;13/10/2024 08:45;35;kWh;-2;0;0;0;2;-2
13/10/2024 08:45;13/10/2024 09:00;36;kWh;0;2477;0;0;2477;2477
13/10/2024 09:00;13/10/2024 09:15;37;kWh;-27;5475;0;0;5502;5448
13/10/2024 09:15;13/10/2024 09:30;38;kWh;-5070;30;0;0;5100;-5040
13/10/2024 09:30;13/10/2024 09:45;39;kWh;-26045;3656;0;0;29701;-22389
13/10/2024 09:45;13/10/2024 10:00;40;kWh;-15620;3237;0;0;18857;-12383
13/10/2024 10:00;13/10/2024 10:15;41;kWh;-51;13610;0;0;13661;13559
13/10/2024 10:15;13/10/2024 10:30;42;kWh;-2526;21235;0;0;23761;18709
13/10/2024 10:30;13/10/2024 10:45;43;kWh;-21860;1375;0;0;23235;-20485
13/10/2024 10:45;13/10/2024 11:00;44;kWh;-43089;4247;0;0;47336;-38842
13/10/2024 11:00;13/10/2024 11:15;45;kWh;-15704;936;0;0;16640;-14768
13/10/2024 11:15;13/10/2024 11:30;46;kWh;-17394;0;0;0;17394;-17394
13/10/2024 11:30;13/10/2024 11:45;47;kWh;-27632;0;0;0;27632;-27632
13/10/2024 11:45;13/10/2024 12:00;48;kWh;-59203;0;0;0;59203;-59203
13/10/2024 12:00;13/10/2024 12:15;49;kWh;-52908;2531;0;0;55439;-50377
13/10/2024 12:15;13/10/2024 12:30;50;kWh;-44989;20766;0;0;65755;-24223
13/10/2024 12:30;13/10/2024 12:45;51;kWh;-715;6565;0;0;7280;5850
13/10/2024 12:45;13/10/2024 13:00;52;kWh;-1222;1074;0;0;2296;-148
13/10/2024 13:00;13/10/2024 13:15;53;kWh;-464;4876;0;0;5340;4412
13/10/2024 13:15;13/10/2024 13:30;54;kWh;-12600;993;0;0;13593;-11607
13/10/2024 13:30;13/10/2024 13:45;55;kWh;-23036;5862;0;0;28898;-17174
13/10/2024 13:45;13/10/2024 14:00;56;kWh;-3830;7961;0;0;11791;4131
13/10/2024 14:00;13/10/2024 14:15;57;kWh;-12252;34296;0;0;46548;22044
13/10/2024 14:15;13/10/2024 14:30;58;kWh;-17857;2892;0;0;20749;-14965
13/10/2024 14:30;13/10/2024 14:45;59;kWh;-3307;22606;0;0;25913;19299
13/10/2024 14:45;13/10/2024 15:00;60;kWh;-9388;26530;0;0;35918;17142
13/10/2024 15:00;13/10/2024 15:15;61;kWh;-18737;27682;0;0;46419;8945
13/10/2024 15:15;13/10/2024 15:30;62;kWh;-2213;12023;0;0;14236;9810
13/10/2024 15:30;13/10/2024 15:45;63;kWh;-2372;498;0;0;2870;-1874
13/10/2024 15:45;13/10/2024 16:00;64;kWh;-15855;498;0;0;16353;-15357
13/10/2024 16:00;13/10/2024 16:15;65;kWh;-50423;8946;0;0;59369;-41477
13/10/2024 16:15;13/10/2024 16:30;66;kWh;-62261;5050;0;0;67311;-57211
13/10/2024 16:30;13/10/2024 16:45;67;kWh;-49794;445;0;0;50239;-49349
13/10/2024 16:45;13/10/2024 17:00;68;kWh;-493;1664;0;0;2157;1171
13/10/2024 17:00;13/10/2024 17:15;69;kWh;0;4687;0;0;4687;4687
13/10/2024 17:15;13/10/2024 17:30;70;kWh;-678;1371;0;0;2049;693
13/10/2024 17:30;13/10/2024 17:45;71;kWh;0;42115;0;0;42115;42115
13/10/2024 17:45;13/10/2024 18:00;72;kWh;0;38418;0;0;38418;38418
13/10/2024 18:00;13/10/2024 18:15;73;kWh;-5157;0;0;0;5157;-5157
13/10/2024 18:15;13/10/2024 18:30;74;kWh;-503;10705;0;0;11208;10202
13/10/2024 18:30;13/10/2024 18:45;75;kWh;-734;16063;0;0;16797;15329
13/10/2024 18:45;13/10/2024 19:00;76;kWh;-785;8739;0;0;9524;7954
13/10/2024 19:00;13/10/2024 19:15;77;kWh;-11694;11862;0;0;23556;168
13/10/2024 19:15;13/10/2024 19:30;78;kWh;-39189;0;0;0;39189;-39189
13/10/2024 19:30;13/10/2024 19:45;79;kWh;-49165;0;0;0;49165;-49165
13/10/2024 19:45;13/10/2024 20:00;80;kWh;-58621;0;0;0;58621;-58621
13/10/2024 20:00;13/10/2024 20:15;81;kWh;-8546;95;0;0;8641;-8451
13/10/2024 20:15;13/10/2024 20:30;82;kWh;-11902;0;0;0;11902;-11902
13/10/2024 20:30;13/10/2024 20:45;83;kWh;-14824;0;0;0;14824;-14824
13/10/2024 20:45;13/10/2024 21:00;84;kWh;-13886;0;0;0;13886;-13886
13/10/2024 21:00;13/10/2024 21:15;85;kWh;-8301;0;0;0;8301;-8301
13/10/2024 21:15;13/10/2024 21:30;86;kWh;-14263;240;0;0;14503;-14023
13/10/2024 21:30;13/10/2024 21:45;87;kWh;-35;16992;0;0;17027;16957
13/10/2024 21:45;13/10/2024 22:00;88;kWh;-8667;196;0;0;8863;-8471
13/10/2024 22:00;13/10/2024 22:15;89;kWh;-5048;138;0;0;5186;-4910
13/10/2024 22:15;13/10/2024 22:30;90;kWh;0;13255;0;0;13255;13255
13/10/2024 22:30;13/10/2024 22:45;91;kWh;-4323;7211;0;0;11534;2888
13/10/2024 22:45;13/10/2024 23:00;92;kWh;-34588;0;0;0;34588;-34588
13/10/2024 23:00;13/10/2024 23:15;93;kWh;-38335;0;0;0;38335;-38335
13/10/2024 23:15;13/10/2024 23:30;94;kWh;-42344;11;0;0;42355;-42333
13/10/2024 23:30;13/10/2024 23:45;95;kWh;-28628;554;0;0;29182;-28074
13/10/2024 23:45;14/10/2024 00:00;96;kWh;-22560;0;0;0;22560;-22560
14/10/2024 00:00;14/10/2024 00:15;1;kWh;-26773;103;0;0;26876;-26670
14/10/2024 00:15;14/10/2024 00:30;2;kWh;-8784;105;0;0;8889;-8679
14/10/2024 00:30;14/10/2024 00:45;3;kWh;-17067;0;0;0;17067;-17067
14/10/2024 00:45;14/10/2024 01:00;4;kWh;-6395;0;0;0;6395;-6395
14/10/2024 01:00;14/10/2024 01:15;5;kWh;-4580;0;0;0;4580;-4580
14/10/2024 01:15;14/10/2024 01:30;6;kWh;-4053;0;0;0;4053;-4053
14/10/2024 01:30;14/10/2024 01:45;7;kWh;-12428;0;0;0;12428;-12428
14/10/2024 01:45;14/10/2024 02:00;8;kWh;-52549;0;0;0;52549;-52549
14/10/2024 02:00;14/10/2024 02:15;9;kWh;-12118;5706;0;0;17824;-6412
14/10/2024 02:15;14/10/2024 02:30;10;kWh;-324;6362;0;0;6686;6038
14/10/2024 02:30;14/10/2024 02:45;11;kWh;-2056;238;0;0;2294;-1818
14/10/2024 02:45;14/10/2024 03:00;12;kWh;-16375;0;0;0;16375;-16375
14/10/2024 03:00;14/10/2024 03:15;13;kWh;-1059;12567;0;0;13626;11508
14/10/2024 03:15;14/10/2024 03:30;14;kWh;0;32801;0;0;32801;32801
14/10/2024 03:30;14/10/2024 03:45;15;kWh;0;30781;0;0;30781;30781
14/10/2024 03:45;14/10/2024 04:00;16;kWh;-3;19467;0;0;19470;19464
14/10/2024 04:00;14/10/2024 04:15;17;kWh;-66;225;0;0;291;159
14/10/2024 04:15;14/10/2024 04:30;18;kWh;-1378;0;0;0;1378;-1378
14/10/2024 04:30;14/10/2024 04:45;19;kWh;-1850;0;0;0;1850;-1850
14/10/2024 04:45;14/10/2024 05:00;20;kWh;-4417;0;0;0;4417;-4417
14/10/2024 05:00;14/10/2024 05:15;21;kWh;-73981;0;0;0;73981;-73981
14/10/2024 05:15;14/10/2024 05:30;22;kWh;-34964;0;0;0;34964;-34964
14/10/2024 05:30;14/10/2024 05:45;23;kWh;-36932;0;0;0;36932;-36932
14/10/2024 05:45;14/10/2024 06:00;24;kWh;-1872;0;0;0;1872;-1872
14/10/2024 06:00;14/10/2024 06:15;25;kWh;-42343;0;0;0;42343;-42343
14/10/2024 06:15;14/10/2024 06:30;26;kWh;-279;3361;0;0;3640;3082
14/10/2024 06:30;14/10/2024 06:45;27;kWh;0;3438;0;0;3438;3438
14/10/2024 06:45;14/10/2024 07:00;28;kWh;0;12095;0;0;12095;12095
14/10/2024 07:00;14/10/2024 07:15;29;kWh;0;14905;0;0;14905;14905
14/10/2024 07:15;14/10/2024 07:30;30;kWh;0;21470;0;0;21470;21470
14/10/2024 07:30;14/10/2024 07:45;31;kWh;0;64812;0;0;64812;64812
14/10/2024 07:45;14/10/2024 08:00;32;kWh;0;83100;0;0;83100;83100
14/10/2024 08:00;14/10/2024 08:15;33;kWh;-10;17264;0;0;17274;17254
14/10/2024 08:15;14/10/2024 08:30;34;kWh;0;10968;0;0;10968;10968
14/10/2024 08:30;14/10/2024 08:45;35;kWh;0;4010;0;0;4010;4010
14/10/2024 08:45;14/10/2024 09:00;36;kWh;-2934;0;0;0;2934;-2934
14/10/2024 09:00;14/10/2024 09:15;37;kWh;-3276;0;0;0;3276;-3276
14/10/2024 09:15;14/10/2024 09:30;38;kWh;-2523;0;0;0;2523;-2523
14/10/2024 09:30;14/10/2024 09:45;39;kWh;-3268;0;0;0;3268;-3268
14/10/2024 09:45;14/10/2024 10:00;40;kWh;-3771;0;0;0;3771;-3771
14/10/2024 10:00;14/10/2024 10:15;41;kWh;-3292;0;0;0;3292;-3292
14/10/2024 10:15;14/10/2024 10:30;42;kWh;-8495;0;0;0;8495;-8495
14/10/2024 10:30;14/10/2024 10:45;43;kWh;-4010;0;0;0;4010;-4010
14/10/2024 10:45;14/10/2024 11:00;44;kWh;-9838;0;0;0;9838;-9838
14/10/2024 11:00;14/10/2024 11:15;45;kWh;-8400;0;0;0;8400;-8400
14/10/2024 11:15;14/10/2024 11:30;46;kWh;-7432;0;0;0;7432;-7432
14/10/2024 11:30;14/10/2024 11:45;47;kWh;-7053;0;0;0;7053;-7053
14/10/2024 11:45;14/10/2024 12:00;48;kWh;-23337;0;0;0;23337;-23337
14/10/2024 12:00;14/10/2024 12:15;49;kWh;-36204;0;0;0;36204;-36204
14/10/2024 12:15;14/10/2024 12:30;50;kWh;-13080;0;0;0;13080;-13080
14/10/2024 12:30;14/10/2024 12:45;51;kWh;-28104;0;0;0;28104;-28104
14/10/2024 12:45;14/10/2024 13:00;52;kWh;-75824;0;0;0;75824;-75824
14/10/2024 13:00;14/10/2024 13:15;53;kWh;-11131;0;0;0;11131;-11131
14/10/2024 13:15;14/10/2024 13:30;54;kWh;-11212;0;0;0;11212;-11212
14/10/2024 13:30;14/10/2024 13:45;55;kWh;-11661;0;0;0;11661;-11661
14/10/2024 13:45;14/10/2024 14:00;56;kWh;-16991;0;0;0;16991;-16991
14/10/2024 14:00;14/10/2024 14:15;57;kWh;-26990;499;0;0;27489;-26491
14/10/2024 14:15;14/10/2024 14:30;58;kWh;0;5728;0;0;5728;5728
14/10/2024 14:30;14/10/2024 14:45;59;kWh;-300;0;0;0;300;-300
14/10/2024 14:45;14/10/2024 15:00;60;kWh;-37648;0;0;0;37648;-37648
14/10/2024 15:00;14/10/2024 15:15;61;kWh;-39760;0;0;0;39760;-39760
14/10/2024 15:15;14/10/2024 15:30;62;kWh;-81883;0;0;0;81883;-81883
14/10/2024 15:30;14/10/2024 15:45;63;kWh;-101098;0;0;0;101098;-101098
14/10/2024 15:45;14/10/2024 16:00;64;kWh;-103612;0;0;0;103612;-103612
14/10/2024 16:00;14/10/2024 16:15;65;kWh;-27507;423;0;0;27930;-27084
14/10/2024 16:15;14/10/2024 16:30;66;kWh;-92846;0;0;0;92846;-92846
14/10/2024 16:30;14/10/2024 16:45;67;kWh;-81102;0;0;0;81102;-81102
14/10/2024 16:45;14/10/2024 17:00;68;kWh;-4896;10;0;0;4906;-4886
14/10/2024 17:00;14/10/2024 17:15;69;kWh;-5735;0;0;0;5735;-5735
14/10/2024 17:15;14/10/2024 17:30;70;kWh;-18;14432;0;0;14450;14414
14/10/2024 17:30;14/10/2024 17:45;71;kWh;0;52755;0;0;52755;52755
14/10/2024 17:45;14/10/2024 18:00;72;kWh;0;91506;0;0;91506;91506
14/10/2024 18:00;14/10/2024 18:15;73;kWh;0;100500;0;0;100500;100500
14/10/2024 18:15;14/10/2024 18:30;74;kWh;0;87062;0;84732;171794;171794
14/10/2024 18:30;14/10/2024 18:45;75;kWh;0;87305;0;84852;172157;172157
14/10/2024 18:45;14/10/2024 19:00;76;kWh;0;90194;0;84852;175046;175046
14/10/2024 19:00;14/10/2024 19:15;77;kWh;0;100407;0;84852;185259;185259
14/10/2024 19:15;14/10/2024 19:30;78;kWh;0;100500;0;76324;176824;176824
14/10/2024 19:30;14/10/2024 19:45;79;kWh;0;97214;0;126161;223375;223375
14/10/2024 19:45;14/10/2024 20:00;80;kWh;0;55578;0;128253;183831;183831
14/10/2024 20:00;14/10/2024 20:15;81;kWh;0;29426;0;128253;157679;157679
14/10/2024 20:15;14/10/2024 20:30;82;kWh;-321;2745;0;80083;83149;82507
14/10/2024 20:30;14/10/2024 20:45;83;kWh;-1049;9404;0;0;10453;8355
14/10/2024 20:45;14/10/2024 21:00;84;kWh;-9616;0;0;0;9616;-9616
14/10/2024 21:00;14/10/2024 21:15;85;kWh;-6029;0;0;0;6029;-6029
14/10/2024 21:15;14/10/2024 21:30;86;kWh;-997;0;0;0;997;-997
14/10/2024 21:30;14/10/2024 21:45;87;kWh;-10040;0;0;0;10040;-10040
14/10/2024 21:45;14/10/2024 22:00;88;kWh;-19502;0;0;0;19502;-19502
14/10/2024 22:00;14/10/2024 22:15;89;kWh;-7354;73;0;0;7427;-7281
14/10/2024 22:15;14/10/2024 22:30;90;kWh;-528;812;0;0;1340;284
14/10/2024 22:30;14/10/2024 22:45;91;kWh;0;10023;0;0;10023;10023
14/10/2024 22:45;14/10/2024 23:00;92;kWh;-2;9382;0;0;9384;9380
14/10/2024 23:00;14/10/2024 23:15;93;kWh;-100;0;0;0;100;-100
14/10/2024 23:15;14/10/2024 23:30;94;kWh;0;2273;0;0;2273;2273
14/10/2024 23:30;14/10/2024 23:45;95;kWh;-23;7220;0;0;7243;7197
14/10/2024 23:45;15/10/2024 00:00;96;kWh;-9223;0;0;0;9223;-9223
15/10/2024 00:00;15/10/2024 00:15;1;kWh;-21764;75;0;0;21839;-21689
15/10/2024 00:15;15/10/2024 00:30;2;kWh;-7621;0;0;0;7621;-7621
15/10/2024 00:30;15/10/2024 00:45;3;kWh;-15513;0;0;0;15513;-15513
15/10/2024 00:45;15/10/2024 01:00;4;kWh;-10160;0;0;0;10160;-10160
15/10/2024 01:00;15/10/2024 01:15;5;kWh;-26441;0;0;0;26441;-26441
15/10/2024 01:15;15/10/2024 01:30;6;kWh;-8670;0;0;0;8670;-8670
15/10/2024 01:30;15/10/2024 01:45;7;kWh;-20375;0;0;0;20375;-20375
15/10/2024 01:45;15/10/2024 02:00;8;kWh;-47955;0;0;0;47955;-47955
15/10/2024 02:00;15/10/2024 02:15;9;kWh;-36431;0;0;0;36431;-36431
15/10/2024 02:15;15/10/2024 02:30;10;kWh;-55543;0;0;0;55543;-55543
15/10/2024 02:30;15/10/2024 02:45;11;kWh;-49281;0;0;0;49281;-49281
15/10/2024 02:45;15/10/2024 03:00;12;kWh;-47983;0;0;0;47983;-47983
15/10/2024 03:00;15/10/2024 03:15;13;kWh;-1972;480;0;0;2452;-1492
15/10/2024 03:15;15/10/2024 03:30;14;kWh;-3845;0;0;0;3845;-3845
15/10/2024 03:30;15/10/2024 03:45;15;kWh;-8296;0;0;0;8296;-8296
15/10/2024 03:45;15/10/2024 04:00;16;kWh;-4223;0;0;0;4223;-4223
15/10/2024 04:00;15/10/2024 04:15;17;kWh;-2447;0;0;0;2447;-2447
15/10/2024 04:15;15/10/2024 04:30;18;kWh;-31576;0;0;0;31576;-31576
15/10/2024 04:30;15/10/2024 04:45;19;kWh;-21896;0;0;0;21896;-21896
15/10/2024 04:45;15/10/2024 05:00;20;kWh;-697;0;0;0;697;-697
15/10/2024 05:00;15/10/2024 05:15;21;kWh;-59921;723;0;0;60644;-59198
15/10/2024 05:15;15/10/2024 05:30;22;kWh;-111;781;0;0;892;670
15/10/2024 05:30;15/10/2024 05:45;23;kWh;-15938;0;0;0;15938;-15938
15/10/2024 05:45;15/10/2024 06:00;24;kWh;-21610;0;0;0;21610;-21610
15/10/2024 06:00;15/10/2024 06:15;25;kWh;-58948;0;0;0;58948;-58948
15/10/2024 06:15;15/10/2024 06:30;26;kWh;-37718;0;0;0;37718;-37718
15/10/2024 06:30;15/10/2024 06:45;27;kWh;-2812;0;0;0;2812;-2812
15/10/2024 06:45;15/10/2024 07:00;28;kWh;-7747;0;0;0;7747;-7747
15/10/2024 07:00;15/10/2024 07:15;29;kWh;-17981;0;0;0;17981;-17981
15/10/2024 07:15;15/10/2024 07:30;30;kWh;-19;0;0;0;19;-19
15/10/2024 07:30;15/10/2024 07:45;31;kWh;0;15336;0;0;15336;15336
15/10/2024 07:45;15/10/2024 08:00;32;kWh;0;8960;0;0;8960;8960
15/10/2024 08:00;15/10/2024 08:15;33;kWh;0;37387;0;0;37387;37387
15/10/2024 08:15;15/10/2024 08:30;34;kWh;0;14624;0;0;14624;14624
15/10/2024 08:30;15/10/2024 08:45;35;kWh;-1570;0;0;0;1570;-1570
15/10/2024 08:45;15/10/2024 09:00;36;kWh;-9057;0;0;0;9057;-9057
15/10/2024 09:00;15/10/2024 09:15;37;kWh;-11714;0;0;0;11714;-11714
15/10/2024 09:15;15/10/2024 09:30;38;kWh;-49664;0;0;0;49664;-49664
15/10/2024 09:30;15/10/2024 09:45;39;kWh;-48153;0;0;0;48153;-48153
15/10/2024 09:45;15/10/2024 10:00;40;kWh;-53653;230;0;0;53883;-53423
15/10/2024 10:00;15/10/2024 10:15;41;kWh;-1393;23814;0;0;25207;22421
15/10/2024 10:15;15/10/2024 10:30;42;kWh;-4933;157;0;0;5090;-4776
15/10/2024 10:30;15/10/2024 10:45;43;kWh;0;38211;0;0;38211;38211
15/10/2024 10:45;15/10/2024 11:00;44;kWh;-3019;1659;0;0;4678;-1360
15/10/2024 11:00;15/10/2024 11:15;45;kWh;-2842;0;0;0;2842;-2842
15/10/2024 11:15;15/10/2024 11:30;46;kWh;-6334;0;0;0;6334;-6334
15/10/2024 11:30;15/10/2024 11:45;47;kWh;-9121;0;0;0;9121;-9121
15/10/2024 11:45;15/10/2024 12:00;48;kWh;-35645;266;0;0;35911;-35379
15/10/2024 12:00;15/10/2024 12:15;49;kWh;0;152;0;0;152;152
15/10/2024 12:15;15/10/2024 12:30;50;kWh;-9870;0;0;0;9870;-9870
15/10/2024 12:30;15/10/2024 12:45;51;kWh;-13017;0;0;0;13017;-13017
15/10/2024 12:45;15/10/2024 13:00;52;kWh;-25631;468;0;0;26099;-25163
15/10/2024 13:00;15/10/2024 13:15;53;kWh;0;482;0;0;482;482
15/10/2024 13:15;15/10/2024 13:30;54;kWh;-5578;0;0;0;5578;-5578
15/10/2024 13:30;15/10/2024 13:45;55;kWh;-10065;0;0;0;10065;-10065
15/10/2024 13:45;15/10/2024 14:00;56;kWh;-25140;0;0;0;25140;-25140
15/10/2024 14:00;15/10/2024 14:15;57;kWh;-15041;0;0;0;15041;-15041
15/10/2024 14:15;15/10/2024 14:30;58;kWh;-6624;0;0;0;6624;-6624
15/10/2024 14:30;15/10/2024 14:45;59;kWh;-37614;0;0;0;37614;-37614
15/10/2024 14:45;15/10/2024 15:00;60;kWh;-9084;0;0;0;9084;-9084
15/10/2024 15:00;15/10/2024 15:15;61;kWh;-42603;0;0;0;42603;-42603
15/10/2024 15:15;15/10/2024 15:30;62;kWh;-12065;0;0;0;12065;-12065
15/10/2024 15:30;15/10/2024 15:45;63;kWh;-17071;2898;0;0;19969;-14173
15/10/2024 15:45;15/10/2024 16:00;64;kWh;-651;19518;0;0;20169;18867
15/10/2024 16:00;15/10/2024 16:15;65;kWh;-14920;0;0;0;14920;-14920
15/10/2024 16:15;15/10/2024 16:30;66;kWh;-6;5388;0;0;5394;5382
15/10/2024 16:30;15/10/2024 16:45;67;kWh;0;21689;0;0;21689;21689
15/10/2024 16:45;15/10/2024 17:00;68;kWh;0;57106;0;0;57106;57106
15/10/2024 17:00;15/10/2024 17:15;69;kWh;-2930;16827;0;0;19757;13897
15/10/2024 17:15;15/10/2024 17:30;70;kWh;0;13859;0;0;13859;13859
15/10/2024 17:30;15/10/2024 17:45;71;kWh;0;36373;0;0;36373;36373
15/10/2024 17:45;15/10/2024 18:00;72;kWh;-1004;54660;0;0;55664;53656
15/10/2024 18:00;15/10/2024 18:15;73;kWh;-35706;0;0;0;35706;-35706
15/10/2024 18:15;15/10/2024 18:30;74;kWh;-66040;0;0;0;66040;-66040
15/10/2024 18:30;15/10/2024 18:45;75;kWh;-59170;1643;0;0;60813;-57527
15/10/2024 18:45;15/10/2024 19:00;76;kWh;-73197;15290;0;0;88487;-57907
15/10/2024 19:00;15/10/2024 19:15;77;kWh;-62930;0;0;0;62930;-62930
15/10/2024 19:15;15/10/2024 19:30;78;kWh;-34405;0;0;0;34405;-34405
15/10/2024 19:30;15/10/2024 19:45;79;kWh;-45832;0;0;0;45832;-45832
15/10/2024 19:45;15/10/2024 20:00;80;kWh;-32888;464;0;0;33352;-32424
15/10/2024 20:00;15/10/2024 20:15;81;kWh;-71292;11;0;0;71303;-71281
15/10/2024 20:15;15/10/2024 20:30;82;kWh;-13232;9586;0;0;22818;-3646
15/10/2024 20:30;15/10/2024 20:45;83;kWh;-6440;1624;0;0;8064;-4816
15/10/2024 20:45;15/10/2024 21:00;84;kWh;-10913;424;0;0;11337;-10489
15/10/2024 21:00;15/10/2024 21:15;85;kWh;0;31801;0;0;31801;31801
15/10/2024 21:15;15/10/2024 21:30;86;kWh;-579;3719;0;0;4298;3140
15/10/2024 21:30;15/10/2024 21:45;87;kWh;-21536;0;0;0;21536;-21536
15/10/2024 21:45;15/10/2024 22:00;88;kWh;-23168;0;0;0;23168;-23168
15/10/2024 22:00;15/10/2024 22:15;89;kWh;-12651;0;0;0;12651;-12651
15/10/2024 22:15;15/10/2024 22:30;90;kWh;-13495;0;0;0;13495;-13495
15/10/2024 22:30;15/10/2024 22:45;91;kWh;-10990;0;0;0;10990;-10990
15/10/2024 22:45;15/10/2024 23:00;92;kWh;-21031;0;0;0;21031;-21031
15/10/2024 23:00;15/10/2024 23:15;93;kWh;-18858;1893;0;0;20751;-16965
15/10/2024 23:15;15/10/2024 23:30;94;kWh;-14614;0;0;0;14614;-14614
15/10/2024 23:30;15/10/2024 23:45;95;kWh;-31762;0;0;0;31762;-31762
15/10/2024 23:45;16/10/2024 00:00;96;kWh;-59025;0;0;0;59025;-59025
16/10/2024 00:00;16/10/2024 00:15;1;kWh;-23477;22730;0;0;46207;-747
16/10/2024 00:15;16/10/2024 00:30;2;kWh;-1529;776;0;0;2305;-753
16/10/2024 00:30;16/10/2024 00:45;3;kWh;-4003;0;0;0;4003;-4003
16/10/2024 00:45;16/10/2024 01:00;4;kWh;-3942;0;0;0;3942;-3942
16/10/2024 01:00;16/10/2024 01:15;5;kWh;-12;2160;0;0;2172;2148
16/10/2024 01:15;16/10/2024 01:30;6;kWh;-65;156;0;0;221;91
16/10/2024 01:30;16/10/2024 01:45;7;kWh;-3205;0;0;0;3205;-3205
16/10/2024 01:45;16/10/2024 02:00;8;kWh;-1103;0;0;0;1103;-1103
16/10/2024 02:00;16/10/2024 02:15;9;kWh;-1416;0;0;0;1416;-1416
16/10/2024 02:15;16/10/2024 02:30;10;kWh;-1079;0;0;0;1079;-1079
16/10/2024 02:30;16/10/2024 02:45;11;kWh;-3621;0;0;0;3621;-3621
16/10/2024 02:45;16/10/2024 03:00;12;kWh;-9690;0;0;0;9690;-9690
16/10/2024 03:00;16/10/2024 03:15;13;kWh;-10727;1550;0;0;12277;-9177
16/10/2024 03:15;16/10/2024 03:30;14;kWh;-15681;56;0;0;15737;-15625
16/10/2024 03:30;16/10/2024 03:45;15;kWh;-21510;0;0;0;21510;-21510
16/10/2024 03:45;16/10/2024 04:00;16;kWh;-15369;1;0;0;15370;-15368
16/10/2024 04:00;16/10/2024 04:15;17;kWh;-33922;195;0;0;34117;-33727
16/10/2024 04:15;16/10/2024 04:30;18;kWh;-35868;0;0;0;35868;-35868
16/10/2024 04:30;16/10/2024 04:45;19;kWh;-33694;57;0;0;33751;-33637
16/10/2024 04:45;16/10/2024 05:00;20;kWh;-25229;0;0;0;25229;-25229
16/10/2024 05:00;16/10/2024 05:15;21;kWh;-5211;0;0;0;5211;-5211
16/10/2024 05:15;16/10/2024 05:30;22;kWh;-19257;13;0;0;19270;-19244
16/10/2024 05:30;16/10/2024 05:45;23;kWh;-158;153;0;0;311;-5
16/10/2024 05:45;16/10/2024 06:00;24;kWh;-1928;0;0;0;1928;-1928
16/10/2024 06:00;16/10/2024 06:15;25;kWh;-16284;6622;0;0;22906;-9662
16/10/2024 06:15;16/10/2024 06:30;26;kWh;-784;5885;0;0;6669;5101
16/10/2024 06:30;16/10/2024 06:45;27;kWh;-232;7933;0;0;8165;7701
16/10/2024 06:45;16/10/2024 07:00;28;kWh;-285;10500;0;0;10785;10215
16/10/2024 07:00;16/10/2024 07:15;29;kWh;-10466;14950;0;0;25416;4484
16/10/2024 07:15;16/10/2024 07:30;30;kWh;-2376;2808;0;0;5184;432
16/10/2024 07:30;16/10/2024 07:45;31;kWh;0;43700;0;0;43700;43700
16/10/2024 07:45;16/10/2024 08:00;32;kWh;0;53697;0;0;53697;53697
16/10/2024 08:00;16/10/2024 08:15;33;kWh;-564;5411;0;0;5975;4847
16/10/2024 08:15;16/10/2024 08:30;34;kWh;0;1626;0;0;1626;1626
16/10/2024 08:30;16/10/2024 08:45;35;kWh;0;8962;0;0;8962;8962
16/10/2024 08:45;16/10/2024 09:00;36;kWh;0;4601;0;0;4601;4601
16/10/2024 09:00;16/10/2024 09:15;37;kWh;0;3394;0;0;3394;3394
16/10/2024 09:15;16/10/2024 09:30;38;kWh;-1894;262;0;0;2156;-1632
16/10/2024 09:30;16/10/2024 09:45;39;kWh;-23228;439;0;0;23667;-22789
16/10/2024 09:45;16/10/2024 10:00;40;kWh;-10570;7796;0;0;18366;-2774
16/10/2024 10:00;16/10/2024 10:15;41;kWh;-4954;56692;0;0;61646;51738
16/10/2024 10:15;16/10/2024 10:30;42;kWh;-23054;31897;0;0;54951;8843
16/10/2024 10:30;16/10/2024 10:45;43;kWh;-15454;4318;0;0;19772;-11136
16/10/2024 10:45;16/10/2024 11:00;44;kWh;-11739;2797;0;0;14536;-8942
16/10/2024 11:00;16/10/2024 11:15;45;kWh;0;80955;0;0;80955;80955
16/10/2024 11:15;16/10/2024 11:30;46;kWh;-1141;41835;0;0;42976;40694
16/10/2024 11:30;16/10/2024 11:45;47;kWh;0;67208;0;0;67208;67208
16/10/2024 11:45;16/10/2024 12:00;48;kWh;-1716;5047;0;0;6763;3331
16/10/2024 12:00;16/10/2024 12:15;49;kWh;0;62135;0;0;62135;62135
16/10/2024 12:15;16/10/2024 12:30;50;kWh;0;60584;0;0;60584;60584
16/10/2024 12:30;16/10/2024 12:45;51;kWh;0;66089;0;0;66089;66089
16/10/2024 12:45;16/10/2024 13:00;52;kWh;0;31099;0;0;31099;31099
16/10/2024 13:00;16/10/2024 13:15;53;kWh;-1252;18942;0;0;20194;17690
16/10/2024 13:15;16/10/2024 13:30;54;kWh;0;55531;0;0;55531;55531
16/10/2024 13:30;16/10/2024 13:45;55;kWh;0;51732;0;0;51732;51732
16/10/2024 13:45;16/10/2024 14:00;56;kWh;-20720;4123;0;0;24843;-16597
16/10/2024 14:00;16/10/2024 14:15;57;kWh;-47780;1231;0;0;49011;-46549
16/10/2024 14:15;16/10/2024 14:30;58;kWh;-65814;1836;0;0;67650;-63978
16/10/2024 14:30;16/10/2024 14:45;59;kWh;-33051;117;0;0;33168;-32934
16/10/2024 14:45;16/10/2024 15:00;60;kWh;-6050;457;0;0;6507;-5593
16/10/2024 15:00;16/10/2024 15:15;61;kWh;-65635;2633;0;0;68268;-63002
16/10/2024 15:15;16/10/2024 15:30;62;kWh;-30339;6851;0;0;37190;-23488
16/10/2024 15:30;16/10/2024 15:45;63;kWh;-8646;1773;0;0;10419;-6873
16/10/2024 15:45;16/10/2024 16:00;64;kWh;0;15829;0;0;15829;15829
16/10/2024 16:00;16/10/2024 16:15;65;kWh;-10214;11454;0;0;21668;1240
16/10/2024 16:15;16/10/2024 16:30;66;kWh;-27910;41266;0;0;69176;13356
16/10/2024 16:30;16/10/2024 16:45;67;kWh;-7725;19498;0;0;27223;11773
16/10/2024 16:45;16/10/2024 17:00;68;kWh;0;37888;0;0;37888;37888
16/10/2024 17:00;16/10/2024 17:15;69;kWh;-11735;9709;0;0;21444;-2026
16/10/2024 17:15;16/10/2024 17:30;70;kWh;-3393;13529;0;0;16922;10136
16/10/2024 17:30;16/10/2024 17:45;71;kWh;-17524;8312;0;0;25836;-9212
16/10/2024 17:45;16/10/2024 18:00;72;kWh;-3287;8995;0;0;12282;5708
16/10/2024 18:00;16/10/2024 18:15;73;kWh;-24420;592;0;0;25012;-23828
16/10/2024 18:15;16/10/2024 18:30;74;kWh;-21308;214;0;0;21522;-21094
16/10/2024 18:30;16/10/2024 18:45;75;kWh;-40063;110;0;0;40173;-39953
16/10/2024 18:45;16/10/2024 19:00;76;kWh;-26998;6898;0;0;33896;-20100
16/10/2024 19:00;16/10/2024 19:15;77;kWh;0;17719;0;0;17719;17719
16/10/2024 19:15;16/10/2024 19:30;78;kWh;-16275;394;0;0;16669;-15881
16/10/2024 19:30;16/10/2024 19:45;79;kWh;-18891;1558;0;0;20449;-17333
16/10/2024 19:45;16/10/2024 20:00;80;kWh;-22513;303;0;0;22816;-22210
16/10/2024 20:00;16/10/2024 20:15;81;kWh;-27752;3429;0;0;31181;-24323
16/10/2024 20:15;16/10/2024 20:30;82;kWh;-11319;13107;0;0;24426;1788
16/10/2024 20:30;16/10/2024 20:45;83;kWh;-4734;7259;0;0;11993;2525
16/10/2024 20:45;16/10/2024 21:00;84;kWh;-8413;10808;0;0;19221;2395
16/10/2024 21:00;16/10/2024 21:15;85;kWh;-879;196;0;0;1075;-683
16/10/2024 21:15;16/10/2024 21:30;86;kWh;-4557;3196;0;0;7753;-1361
16/10/2024 21:30;16/10/2024 21:45;87;kWh;-5988;4167;0;0;10155;-1821
16/10/2024 21:45;16/10/2024 22:00;88;kWh;-20484;14;0;0;20498;-20470
16/10/2024 22:00;16/10/2024 22:15;89;kWh;-1677;320;0;0;1997;-1357
16/10/2024 22:15;16/10/2024 22:30;90;kWh;-8415;167;0;0;8582;-8248
16/10/2024 22:30;16/10/2024 22:45;91;kWh;-15066;7719;0;0;22785;-7347
16/10/2024 22:45;16/10/2024 23:00;92;kWh;-21706;2158;0;0;23864;-19548
16/10/2024 23:00;16/10/2024 23:15;93;kWh;-296;7074;0;0;7370;6778
16/10/2024 23:15;16/10/2024 23:30;94;kWh;-2802;976;0;0;3778;-1826
16/10/2024 23:30;16/10/2024 23:45;95;kWh;-26439;0;0;0;26439;-26439
16/10/2024 23:45;17/10/2024 00:00;96;kWh;-37730;48;0;0;37778;-37682
17/10/2024 00:00;17/10/2024 00:15;1;kWh;-18242;0;0;0;18242;-18242
17/10/2024 00:15;17/10/2024 00:30;2;kWh;0;0;0;0;0;0
17/10/2024 00:30;17/10/2024 00:45;3;kWh;0;0;0;0;0;0
17/10/2024 00:45;17/10/2024 01:00;4;kWh;-2413;0;0;0;2413;-2413
17/10/2024 01:00;17/10/2024 01:15;5;kWh;-5940;0;0;0;5940;-5940
17/10/2024 01:15;17/10/2024 01:30;6;kWh;-5533;0;0;0;5533;-5533
17/10/2024 01:30;17/10/2024 01:45;7;kWh;-3467;0;0;0;3467;-3467
17/10/2024 01:45;17/10/2024 02:00;8;kWh;-156;0;0;0;156;-156
17/10/2024 02:00;17/10/2024 02:15;9;kWh;-312;0;0;0;312;-312
17/10/2024 02:15;17/10/2024 02:30;10;kWh;-984;0;0;0;984;-984
17/10/2024 02:30;17/10/2024 02:45;11;kWh;-1778;0;0;0;1778;-1778
17/10/2024 02:45;17/10/2024 03:00;12;kWh;-1529;0;0;0;1529;-1529
17/10/2024 03:00;17/10/2024 03:15;13;kWh;0;0;0;0;0;0
17/10/2024 03:15;17/10/2024 03:30;14;kWh;-1244;0;0;0;1244;-1244
17/10/2024 03:30;17/10/2024 03:45;15;kWh;-1376;0;0;0;1376;-1376
17/10/2024 03:45;17/10/2024 04:00;16;kWh;-2519;0;0;0;2519;-2519
17/10/2024 04:00;17/10/2024 04:15;17;kWh;-3730;0;0;0;3730;-3730
17/10/2024 04:15;17/10/2024 04:30;18;kWh;-845;0;0;0;845;-845
17/10/2024 04:30;17/10/2024 04:45;19;kWh;-857;0;0;0;857;-857
17/10/2024 04:45;17/10/2024 05:00;20;kWh;-6908;0;0;0;6908;-6908
17/10/2024 05:00;17/10/2024 05:15;21;kWh;-15684;0;0;0;15684;-15684
17/10/2024 05:15;17/10/2024 05:30;22;kWh;-15590;0;0;0;15590;-15590
17/10/2024 05:30;17/10/2024 05:45;23;kWh;-33043;4;0;0;33047;-33039
17/10/2024 05:45;17/10/2024 06:00;24;kWh;-32238;0;0;0;32238;-32238
17/10/2024 06:00;17/10/2024 06:15;25;kWh;-39436;6630;0;0;46066;-32806
17/10/2024 06:15;17/10/2024 06:30;26;kWh;-79484;8347;0;0;87831;-71137
17/10/2024 06:30;17/10/2024 06:45;27;kWh;-29909;969;0;0;30878;-28940
17/10/2024 06:45;17/10/2024 07:00;28;kWh;-44509;8365;0;0;52874;-36144
17/10/2024 07:00;17/10/2024 07:15;29;kWh;-39988;0;0;0;39988;-39988
17/10/2024 07:15;17/10/2024 07:30;30;kWh;-23530;1502;0;0;25032;-22028
17/10/2024 07:30;17/10/2024 07:45;31;kWh;0;35467;0;0;35467;35467
17/10/2024 07:45;17/10/2024 08:00;32;kWh;0;36968;0;0;36968;36968
17/10/2024 08:00;17/10/2024 08:15;33;kWh;-11335;621;0;0;11956;-10714
17/10/2024 08:15;17/10/2024 08:30;34;kWh;-10035;0;0;0;10035;-10035
17/10/2024 08:30;17/10/2024 08:45;35;kWh;-484;0;0;0;484;-484
17/10/2024 08:45;17/10/2024 09:00;36;kWh;-195;15814;0;0;16009;15619
17/10/2024 09:00;17/10/2024 09:15;37;kWh;0;48110;0;0;48110;48110
17/10/2024 09:15;17/10/2024 09:30;38;kWh;0;32583;0;0;32583;32583
17/10/2024 09:30;17/10/2024 09:45;39;kWh;0;37025;0;0;37025;37025
17/10/2024 09:45;17/10/2024 10:00;40;kWh;0;23513;0;0;23513;23513
17/10/2024 10:00;17/10/2024 10:15;41;kWh;-25133;1187;0;0;26320;-23946
17/10/2024 10:15;17/10/2024 10:30;42;kWh;-27232;10708;0;0;37940;-16524
17/10/2024 10:30;17/10/2024 10:45;43;kWh;-12372;2;0;0;12374;-12370
17/10/2024 10:45;17/10/2024 11:00;44;kWh;-45238;519;0;0;45757;-44719
17/10/2024 11:00;17/10/2024 11:15;45;kWh;-5745;1;0;0;5746;-5744
17/10/2024 11:15;17/10/2024 11:30;46;kWh;-2044;0;0;0;2044;-2044
17/10/2024 11:30;17/10/2024 11:45;47;kWh;-12752;0;0;0;12752;-12752
17/10/2024 11:45;17/10/2024 12:00;48;kWh;-19087;0;0;0;19087;-19087
17/10/2024 12:00;17/10/2024 12:15;49;kWh;-10052;0;0;0;10052;-10052
17/10/2024 12:15;17/10/2024 12:30;50;kWh;-5213;0;0;0;5213;-5213
17/10/2024 12:30;17/10/2024 12:45;51;kWh;-17805;4805;0;0;22610;-13000
17/10/2024 12:45;17/10/2024 13:00;52;kWh;-3527;2957;0;0;6484;-570
17/10/2024 13:00;17/10/2024 13:15;53;kWh;-3372;26235;0;0;29607;22863
17/10/2024 13:15;17/10/2024 13:30;54;kWh;0;61665;0;0;61665;61665
17/10/2024 13:30;17/10/2024 13:45;55;kWh;0;56732;0;0;56732;56732
17/10/2024 13:45;17/10/2024 14:00;56;kWh;0;80846;0;0;80846;80846
17/10/2024 14:00;17/10/2024 14:15;57;kWh;0;27880;0;0;27880;27880
17/10/2024 14:15;17/10/2024 14:30;58;kWh;0;16657;0;0;16657;16657
17/10/2024 14:30;17/10/2024 14:45;59;kWh;0;15087;0;0;15087;15087
17/10/2024 14:45;17/10/2024 15:00;60;kWh;0;32368;0;0;32368;32368
17/10/2024 15:00;17/10/2024 15:15;61;kWh;-264;3112;0;0;3376;2848
17/10/2024 15:15;17/10/2024 15:30;62;kWh;-33594;0;0;0;33594;-33594
17/10/2024 15:30;17/10/2024 15:45;63;kWh;-23;372;0;0;395;349
17/10/2024 15:45;17/10/2024 16:00;64;kWh;0;1036;0;0;1036;1036
17/10/2024 16:00;17/10/2024 16:15;65;kWh;-3157;41329;0;0;44486;38172
17/10/2024 16:15;17/10/2024 16:30;66;kWh;-32730;30424;0;0;63154;-2306
17/10/2024 16:30;17/10/2024 16:45;67;kWh;-14725;15416;0;0;30141;691
17/10/2024 16:45;17/10/2024 17:00;68;kWh;-20276;12027;0;0;32303;-8249
17/10/2024 17:00;17/10/2024 17:15;69;kWh;-44999;0;0;0;44999;-44999
17/10/2024 17:15;17/10/2024 17:30;70;kWh;-44085;0;0;0;44085;-44085
17/10/2024 17:30;17/10/2024 17:45;71;kWh;-17154;99;0;0;17253;-17055
17/10/2024 17:45;17/10/2024 18:00;72;kWh;-336;3267;0;0;3603;2931
17/10/2024 18:00;17/10/2024 18:15;73;kWh;-21636;313;0;0;21949;-21323
17/10/2024 18:15;17/10/2024 18:30;74;kWh;-40862;0;0;0;40862;-40862
17/10/2024 18:30;17/10/2024 18:45;75;kWh;-35200;0;0;0;35200;-35200
17/10/2024 18:45;17/10/2024 19:00;76;kWh;-23456;0;0;0;23456;-23456
17/10/2024 19:00;17/10/2024 19:15;77;kWh;-23186;10028;0;0;33214;-13158
17/10/2024 19:15;17/10/2024 19:30;78;kWh;-214;3676;0;0;3890;3462
17/10/2024 19:30;17/10/2024 19:45;79;kWh;-4020;0;0;0;4020;-4020
17/10/2024 19:45;17/10/2024 20:00;80;kWh;-25937;0;0;0;25937;-25937
17/10/2024 20:00;17/10/2024 20:15;81;kWh;-14587;5833;0;0;20420;-8754
17/10/2024 20:15;17/10/2024 20:30;82;kWh;-409;45;0;0;454;-364
17/10/2024 20:30;17/10/2024 20:45;83;kWh;-808;98;0;0;906;-710
17/10/2024 20:45;17/10/2024 21:00;84;kWh;-1486;8587;0;0;10073;7101
17/10/2024 21:00;17/10/2024 21:15;85;kWh;-3603;48002;0;0;51605;44399
17/10/2024 21:15;17/10/2024 21:30;86;kWh;0;67333;0;0;67333;67333
17/10/2024 21:30;17/10/2024 21:45;87;kWh;0;8813;0;0;8813;8813
17/10/2024 21:45;17/10/2024 22:00;88;kWh;0;40903;0;0;40903;40903
17/10/2024 22:00;17/10/2024 22:15;89;kWh;-9730;14857;0;0;24587;5127
17/10/2024 22:15;17/10/2024 22:30;90;kWh;-633;55672;0;0;56305;55039
17/10/2024 22:30;17/10/2024 22:45;91;kWh;-142;15428;0;0;15570;15286
17/10/2024 22:45;17/10/2024 23:00;92;kWh;0;27101;0;0;27101;27101
17/10/2024 23:00;17/10/2024 23:15;93;kWh;-30982;9998;0;0;40980;-20984
17/10/2024 23:15;17/10/2024 23:30;94;kWh;-19967;43909;0;0;63876;23942
17/10/2024 23:30;17/10/2024 23:45;95;kWh;-27577;241;0;0;27818;-27336
17/10/2024 23:45;18/10/2024 00:00;96;kWh;-32522;0;0;0;32522;-32522
18/10/2024 00:00;18/10/2024 00:15;1;kWh;-1438;82761;0;0;84199;81323
18/10/2024 00:15;18/10/2024 00:30;2;kWh;0;58040;0;0;58040;58040
18/10/2024 00:30;18/10/2024 00:45;3;kWh;0;50922;0;0;50922;50922
18/10/2024 00:45;18/10/2024 01:00;4;kWh;-2492;30110;0;0;32602;27618
18/10/2024 01:00;18/10/2024 01:15;5;kWh;-212;52159;0;0;52371;51947
18/10/2024 01:15;18/10/2024 01:30;6;kWh;0;36650;0;0;36650;36650
18/10/2024 01:30;18/10/2024 01:45;7;kWh;-5;30196;0;0;30201;30191
18/10/2024 01:45;18/10/2024 02:00;8;kWh;0;36063;0;0;36063;36063
18/10/2024 02:00;18/10/2024 02:15;9;kWh;0;28895;0;0;28895;28895
18/10/2024 02:15;18/10/2024 02:30;10;kWh;-57;1963;0;0;2020;1906
18/10/2024 02:30;18/10/2024 02:45;11;kWh;-3217;49;0;0;3266;-3168
18/10/2024 02:45;18/10/2024 03:00;12;kWh;0;26603;0;0;26603;26603
18/10/2024 03:00;18/10/2024 03:15;13;kWh;0;56792;0;0;56792;56792
18/10/2024 03:15;18/10/2024 03:30;14;kWh;0;65013;0;0;65013;65013
18/10/2024 03:30;18/10/2024 03:45;15;kWh;0;49569;0;0;49569;49569
18/10/2024 03:45;18/10/2024 04:00;16;kWh;0;61909;0;0;61909;61909
18/10/2024 04:00;18/10/2024 04:15;17;kWh;0;21257;0;0;21257;21257
18/10/2024 04:15;18/10/2024 04:30;18;kWh;0;59320;0;0;59320;59320
18/10/2024 04:30;18/10/2024 04:45;19;kWh;0;49490;0;0;49490;49490
18/10/2024 04:45;18/10/2024 05:00;20;kWh;0;45070;0;0;45070;45070
18/10/2024 05:00;18/10/2024 05:15;21;kWh;0;6479;0;0;6479;6479
18/10/2024 05:15;18/10/2024 05:30;22;kWh;0;1535;0;0;1535;1535
18/10/2024 05:30;18/10/2024 05:45;23;kWh;0;4041;0;0;4041;4041
18/10/2024 05:45;18/10/2024 06:00;24;kWh;-9651;4575;0;0;14226;-5076
18/10/2024 06:00;18/10/2024 06:15;25;kWh;-20385;8490;0;0;28875;-11895
18/10/2024 06:15;18/10/2024 06:30;26;kWh;-822;33811;0;0;34633;32989
18/10/2024 06:30;18/10/2024 06:45;27;kWh;-153;24608;0;0;24761;24455
18/10/2024 06:45;18/10/2024 07:00;28;kWh;0;32507;0;0;32507;32507
18/10/2024 07:00;18/10/2024 07:15;29;kWh;-23968;6403;0;0;30371;-17565
18/10/2024 07:15;18/10/2024 07:30;30;kWh;-732;7481;0;0;8213;6749
18/10/2024 07:30;18/10/2024 07:45;31;kWh;0;27899;0;0;27899;27899
18/10/2024 07:45;18/10/2024 08:00;32;kWh;0;30941;0;0;30941;30941
18/10/2024 08:00;18/10/2024 08:15;33;kWh;0;5247;0;0;5247;5247
18/10/2024 08:15;18/10/2024 08:30;34;kWh;-1295;0;0;0;1295;-1295
18/10/2024 08:30;18/10/2024 08:45;35;kWh;-372;9319;0;0;9691;8947
18/10/2024 08:45;18/10/2024 09:00;36;kWh;0;20470;0;0;20470;20470
18/10/2024 09:00;18/10/2024 09:15;37;kWh;0;2531;0;0;2531;2531
18/10/2024 09:15;18/10/2024 09:30;38;kWh;-94;0;0;0;94;-94
18/10/2024 09:30;18/10/2024 09:45;39;kWh;-2702;0;0;0;2702;-2702
18/10/2024 09:45;18/10/2024 10:00;40;kWh;-7469;0;0;0;7469;-7469
18/10/2024 10:00;18/10/2024 10:15;41;kWh;-9167;208;0;0;9375;-8959
18/10/2024 10:15;18/10/2024 10:30;42;kWh;-2758;25325;0;0;28083;22567
18/10/2024 10:30;18/10/2024 10:45;43;kWh;-24700;84;0;0;24784;-24616
18/10/2024 10:45;18/10/2024 11:00;44;kWh;-5655;12048;0;0;17703;6393
18/10/2024 11:00;18/10/2024 11:15;45;kWh;-569;3567;0;0;4136;2998
18/10/2024 11:15;18/10/2024 11:30;46;kWh;0;6133;0;0;6133;6133
18/10/2024 11:30;18/10/2024 11:45;47;kWh;-11021;387;0;0;11408;-10634
18/10/2024 11:45;18/10/2024 12:00;48;kWh;-65025;0;0;0;65025;-65025
18/10/2024 12:00;18/10/2024 12:15;49;kWh;-22035;371;0;0;22406;-21664
18/10/2024 12:15;18/10/2024 12:30;50;kWh;-56249;0;0;0;56249;-56249
18/10/2024 12:30;18/10/2024 12:45;51;kWh;-107545;0;0;0;107545;-107545
18/10/2024 12:45;18/10/2024 13:00;52;kWh;-110707;0;0;0;110707;-110707
18/10/2024 13:00;18/10/2024 13:15;53;kWh;-83372;0;0;0;83372;-83372
18/10/2024 13:15;18/10/2024 13:30;54;kWh;-79229;0;0;0;79229;-79229
18/10/2024 13:30;18/10/2024 13:45;55;kWh;-49471;0;0;0;49471;-49471
18/10/2024 13:45;18/10/2024 14:00;56;kWh;-11998;33545;0;0;45543;21547
18/10/2024 14:00;18/10/2024 14:15;57;kWh;0;58763;0;0;58763;58763
18/10/2024 14:15;18/10/2024 14:30;58;kWh;0;24631;0;0;24631;24631
18/10/2024 14:30;18/10/2024 14:45;59;kWh;-1919;393;0;0;2312;-1526
18/10/2024 14:45;18/10/2024 15:00;60;kWh;-375;1554;0;0;1929;1179
18/10/2024 15:00;18/10/2024 15:15;61;kWh;-55391;2114;0;0;57505;-53277
18/10/2024 15:15;18/10/2024 15:30;62;kWh;-266;10621;0;0;10887;10355
18/10/2024 15:30;18/10/2024 15:45;63;kWh;0;9554;0;0;9554;9554
18/10/2024 15:45;18/10/2024 16:00;64;kWh;0;27254;0;0;27254;27254
18/10/2024 16:00;18/10/2024 16:15;65;kWh;0;87404;0;0;87404;87404
18/10/2024 16:15;18/10/2024 16:30;66;kWh;0;39391;0;0;39391;39391
18/10/2024 16:30;18/10/2024 16:45;67;kWh;-1558;10436;0;0;11994;8878
18/10/2024 16:45;18/10/2024 17:00;68;kWh;0;3852;0;0;3852;3852
18/10/2024 17:00;18/10/2024 17:15;69;kWh;-30;3754;0;0;3784;3724
18/10/2024 17:15;18/10/2024 17:30;70;kWh;-1372;2710;0;0;4082;1338
18/10/2024 17:30;18/10/2024 17:45;71;kWh;0;560;0;0;560;560
18/10/2024 17:45;18/10/2024 18:00;72;kWh;0;6524;0;0;6524;6524
18/10/2024 18:00;18/10/2024 18:15;73;kWh;-227;4678;0;0;4905;4451
18/10/2024 18:15;18/10/2024 18:30;74;kWh;0;57081;0;0;57081;57081
18/10/2024 18:30;18/10/2024 18:45;75;kWh;0;41609;0;0;41609;41609
18/10/2024 18:45;18/10/2024 19:00;76;kWh;0;63498;0;0;63498;63498
18/10/2024 19:00;18/10/2024 19:15;77;kWh;-103;11477;0;0;11580;11374
18/10/2024 19:15;18/10/2024 19:30;78;kWh;-5332;613;0;0;5945;-4719
18/10/2024 19:30;18/10/2024 19:45;79;kWh;-42979;0;0;0;42979;-42979
18/10/2024 19:45;18/10/2024 20:00;80;kWh;-44448;0;0;0;44448;-44448
18/10/2024 20:00;18/10/2024 20:15;81;kWh;-17008;0;0;0;17008;-17008
18/10/2024 20:15;18/10/2024 20:30;82;kWh;-26355;2381;0;0;28736;-23974
18/10/2024 20:30;18/10/2024 20:45;83;kWh;-22714;561;0;0;23275;-22153
18/10/2024 20:45;18/10/2024 21:00;84;kWh;-17109;35;0;0;17144;-17074
18/10/2024 21:00;18/10/2024 21:15;85;kWh;-36981;0;0;0;36981;-36981
18/10/2024 21:15;18/10/2024 21:30;86;kWh;-3643;0;0;0;3643;-3643
18/10/2024 21:30;18/10/2024 21:45;87;kWh;-7816;16989;0;0;24805;9173
18/10/2024 21:45;18/10/2024 22:00;88;kWh;0;32468;0;0;32468;32468
18/10/2024 22:00;18/10/2024 22:15;89;kWh;0;18283;0;0;18283;18283
18/10/2024 22:15;18/10/2024 22:30;90;kWh;-760;1773;0;0;2533;1013
18/10/2024 22:30;18/10/2024 22:45;91;kWh;-1277;359;0;0;1636;-918
18/10/2024 22:45;18/10/2024 23:00;92;kWh;-841;33769;0;0;34610;32928
18/10/2024 23:00;18/10/2024 23:15;93;kWh;-635;2023;0;0;2658;1388
18/10/2024 23:15;18/10/2024 23:30;94;kWh;-533;23291;0;0;23824;22758
18/10/2024 23:30;18/10/2024 23:45;95;kWh;-1753;4791;0;0;6544;3038
18/10/2024 23:45;19/10/2024 00:00;96;kWh;-3302;1476;0;0;4778;-1826
19/10/2024 00:00;19/10/2024 00:15;1;kWh;-1521;2363;0;0;3884;842
19/10/2024 00:15;19/10/2024 00:30;2;kWh;0;34232;0;0;34232;34232
19/10/2024 00:30;19/10/2024 00:45;3;kWh;0;36618;0;0;36618;36618
19/10/2024 00:45;19/10/2024 01:00;4;kWh;0;33518;0;0;33518;33518
19/10/2024 01:00;19/10/2024 01:15;5;kWh;0;29429;0;0;29429;29429
19/10/2024 01:15;19/10/2024 01:30;6;kWh;0;29861;0;0;29861;29861
19/10/2024 01:30;19/10/2024 01:45;7;kWh;0;12491;0;0;12491;12491
19/10/2024 01:45;19/10/2024 02:00;8;kWh;-9912;0;0;0;9912;-9912
19/10/2024 02:00;19/10/2024 02:15;9;kWh;-1903;17427;0;0;19330;15524
19/10/2024 02:15;19/10/2024 02:30;10;kWh;0;28823;0;0;28823;28823
19/10/2024 02:30;19/10/2024 02:45;11;kWh;0;24343;0;0;24343;24343
19/10/2024 02:45;19/10/2024 03:00;12;kWh;0;488;0;0;488;488
19/10/2024 03:00;19/10/2024 03:15;13;kWh;0;23363;0;0;23363;23363
19/10/2024 03:15;19/10/2024 03:30;14;kWh;0;31487;0;0;31487;31487
19/10/2024 03:30;19/10/2024 03:45;15;kWh;0;17534;0;0;17534;17534
19/10/2024 03:45;19/10/2024 04:00;16;kWh;0;9029;0;0;9029;9029
19/10/2024 04:00;19/10/2024 04:15;17;kWh;0;1966;0;0;1966;1966
19/10/2024 04:15;19/10/2024 04:30;18;kWh;0;19019;0;0;19019;19019
19/10/2024 04:30;19/10/2024 04:45;19;kWh;0;952;0;0;952;952
19/10/2024 04:45;19/10/2024 05:00;20;kWh;-6114;0;0;0;6114;-6114
19/10/2024 05:00;19/10/2024 05:15;21;kWh;-2649;0;0;0;2649;-2649
19/10/2024 05:15;19/10/2024 05:30;22;kWh;0;471;0;0;471;471
19/10/2024 05:30;19/10/2024 05:45;23;kWh;-443;183;0;0;626;-260
19/10/2024 05:45;19/10/2024 06:00;24;kWh;0;1963;0;0;1963;1963
19/10/2024 06:00;19/10/2024 06:15;25;kWh;0;16134;0;0;16134;16134
19/10/2024 06:15;19/10/2024 06:30;26;kWh;0;23906;0;0;23906;23906
19/10/2024 06:30;19/10/2024 06:45;27;kWh;0;5552;0;0;5552;5552
19/10/2024 06:45;19/10/2024 07:00;28;kWh;-23;889;0;0;912;866
19/10/2024 07:00;19/10/2024 07:15;29;kWh;-423;9630;0;0;10053;9207
19/10/2024 07:15;19/10/2024 07:30;30;kWh;-1828;30511;0;0;32339;28683
19/10/2024 07:30;19/10/2024 07:45;31;kWh;-2874;292;0;0;3166;-2582
19/10/2024 07:45;19/10/2024 08:00;32;kWh;0;2789;0;0;2789;2789
19/10/2024 08:00;19/10/2024 08:15;33;kWh;-6451;0;0;0;6451;-6451
19/10/2024 08:15;19/10/2024 08:30;34;kWh;-6303;0;0;0;6303;-6303
19/10/2024 08:30;19/10/2024 08:45;35;kWh;0;7450;0;0;7450;7450
19/10/2024 08:45;19/10/2024 09:00;36;kWh;0;38632;0;0;38632;38632
19/10/2024 09:00;19/10/2024 09:15;37;kWh;0;39264;0;0;39264;39264
19/10/2024 09:15;19/10/2024 09:30;38;kWh;0;44870;0;0;44870;44870
19/10/2024 09:30;19/10/2024 09:45;39;kWh;0;33760;0;0;33760;33760
19/10/2024 09:45;19/10/2024 10:00;40;kWh;0;14915;0;0;14915;14915
19/10/2024 10:00;19/10/2024 10:15;41;kWh;0;22958;0;0;22958;22958
19/10/2024 10:15;19/10/2024 10:30;42;kWh;0;26606;0;0;26606;26606
19/10/2024 10:30;19/10/2024 10:45;43;kWh;-351;31172;0;0;31523;30821
19/10/2024 10:45;19/10/2024 11:00;44;kWh;-1811;264;0;0;2075;-1547
19/10/2024 11:00;19/10/2024 11:15;45;kWh;-27;3910;0;0;3937;3883
19/10/2024 11:15;19/10/2024 11:30;46;kWh;-2;549;0;0;551;547
19/10/2024 11:30;19/10/2024 11:45;47;kWh;-16421;0;0;0;16421;-16421
19/10/2024 11:45;19/10/2024 12:00;48;kWh;-32548;0;0;0;32548;-32548
19/10/2024 12:00;19/10/2024 12:15;49;kWh;-6613;13005;0;0;19618;6392
19/10/2024 12:15;19/10/2024 12:30;50;kWh;0;18071;0;0;18071;18071
19/10/2024 12:30;19/10/2024 12:45;51;kWh;0;11128;0;0;11128;11128
19/10/2024 12:45;19/10/2024 13:00;52;kWh;0;19689;0;0;19689;19689
19/10/2024 13:00;19/10/2024 13:15;53;kWh;0;50234;0;0;50234;50234
19/10/2024 13:15;19/10/2024 13:30;54;kWh;-2;32633;0;0;32635;32631
19/10/2024 13:30;19/10/2024 13:45;55;kWh;0;53234;0;0;53234;53234
19/10/2024 13:45;19/10/2024 14:00;56;kWh;0;40441;0;0;40441;40441
19/10/2024 14:00;19/10/2024 14:15;57;kWh;0;16025;0;0;16025;16025
19/10/2024 14:15;19/10/2024 14:30;58;kWh;0;30397;0;0;30397;30397
19/10/2024 14:30;19/10/2024 14:45;59;kWh;0;16811;0;0;16811;16811
19/10/2024 14:45;19/10/2024 15:00;60;kWh;0;2580;0;0;2580;2580
19/10/2024 15:00;19/10/2024 15:15;61;kWh;0;2776;0;0;2776;2776
19/10/2024 15:15;19/10/2024 15:30;62;kWh;0;6637;0;0;6637;6637
19/10/2024 15:30;19/10/2024 15:45;63;kWh;-1143;6001;0;0;7144;4858
19/10/2024 15:45;19/10/2024 16:00;64;kWh;-24554;232;0;0;24786;-24322
19/10/2024 16:00;19/10/2024 16:15;65;kWh;-29289;11295;0;0;40584;-17994
19/10/2024 16:15;19/10/2024 16:30;66;kWh;0;19400;0;0;19400;19400
19/10/2024 16:30;19/10/2024 16:45;67;kWh;0;12424;0;0;12424;12424
19/10/2024 16:45;19/10/2024 17:00;68;kWh;0;23556;0;0;23556;23556
19/10/2024 17:00;19/10/2024 17:15;69;kWh;0;37265;0;0;37265;37265
19/10/2024 17:15;19/10/2024 17:30;70;kWh;0;26044;0;0;26044;26044
19/10/2024 17:30;19/10/2024 17:45;71;kWh;-130;10074;0;0;10204;9944
19/10/2024 17:45;19/10/2024 18:00;72;kWh;-37;0;0;0;37;-37
19/10/2024 18:00;19/10/2024 18:15;73;kWh;0;0;0;0;0;0
19/10/2024 18:15;19/10/2024 18:30;74;kWh;0;0;0;0;0;0
19/10/2024 18:30;19/10/2024 18:45;75;kWh;0;0;0;0;0;0
19/10/2024 18:45;19/10/2024 19:00;76;kWh;-2687;1147;0;0;3834;-1540
19/10/2024 19:00;19/10/2024 19:15;77;kWh;-5871;0;0;0;5871;-5871
19/10/2024 19:15;19/10/2024 19:30;78;kWh;0;7528;0;0;7528;7528
19/10/2024 19:30;19/10/2024 19:45;79;kWh;-1139;0;0;0;1139;-1139
19/10/2024 19:45;19/10/2024 20:00;80;kWh;-33970;0;0;0;33970;-33970
19/10/2024 20:00;19/10/2024 20:15;81;kWh;-16417;81;0;0;16498;-16336
19/10/2024 20:15;19/10/2024 20:30;82;kWh;-2094;4971;0;0;7065;2877
19/10/2024 20:30;19/10/2024 20:45;83;kWh;-2803;767;0;0;3570;-2036
19/10/2024 20:45;19/10/2024 21:00;84;kWh;0;737;0;0;737;737
19/10/2024 21:00;19/10/2024 21:15;85;kWh;0;25105;0;0;25105;25105
19/10/2024 21:15;19/10/2024 21:30;86;kWh;-390;39958;0;0;40348;39568
19/10/2024 21:30;19/10/2024 21:45;87;kWh;-5986;256;0;0;6242;-5730
19/10/2024 21:45;19/10/2024 22:00;88;kWh;-19695;0;0;0;19695;-19695
19/10/2024 22:00;19/10/2024 22:15;89;kWh;-17687;29;0;0;17716;-17658
19/10/2024 22:15;19/10/2024 22:30;90;kWh;-31557;0;0;0;31557;-31557
19/10/2024 22:30;19/10/2024 22:45;91;kWh;-421;5205;0;0;5626;4784
19/10/2024 22:45;19/10/2024 23:00;92;kWh;0;22346;0;0;22346;22346
19/10/2024 23:00;19/10/2024 23:15;93;kWh;-14814;2162;0;0;16976;-12652
19/10/2024 23:15;19/10/2024 23:30;94;kWh;-5115;1482;0;0;6597;-3633
19/10/2024 23:30;19/10/2024 23:45;95;kWh;0;15375;0;0;15375;15375
19/10/2024 23:45;20/10/2024 00:00;96;kWh;-107;33534;0;0;33641;33427
20/10/2024 00:00;20/10/2024 00:15;1;kWh;-74453;4124;0;0;78577;-70329
20/10/2024 00:15;20/10/2024 00:30;2;kWh;-55834;16298;0;0;72132;-39536
20/10/2024 00:30;20/10/2024 00:45;3;kWh;-36899;8542;0;0;45441;-28357
20/10/2024 00:45;20/10/2024 01:00;4;kWh;-6151;915;0;0;7066;-5236
20/10/2024 01:00;20/10/2024 01:15;5;kWh;-22826;242;0;0;23068;-22584
20/10/2024 01:15;20/10/2024 01:30;6;kWh;-14237;1310;0;0;15547;-12927
20/10/2024 01:30;20/10/2024 01:45;7;kWh;-498;4640;0;0;5138;4142
20/10/2024 01:45;20/10/2024 02:00;8;kWh;-498;1387;0;0;1885;889
20/10/2024 02:00;20/10/2024 02:15;9;kWh;-498;23575;0;0;24073;23077
20/10/2024 02:15;20/10/2024 02:30;10;kWh;-498;41857;0;0;42355;41359
20/10/2024 02:30;20/10/2024 02:45;11;kWh;-498;48398;0;0;48896;47900
20/10/2024 02:45;20/10/2024 03:00;12;kWh;-498;67004;0;0;67502;66506
20/10/2024 03:00;20/10/2024 03:15;13;kWh;-498;39074;0;0;39572;38576
20/10/2024 03:15;20/10/2024 03:30;14;kWh;-498;33402;0;0;33900;32904
20/10/2024 03:30;20/10/2024 03:45;15;kWh;-498;45905;0;0;46403;45407
20/10/2024 03:45;20/10/2024 04:00;16;kWh;-498;36894;0;0;37392;36396
20/10/2024 04:00;20/10/2024 04:15;17;kWh;-846;5093;0;0;5939;4247
20/10/2024 04:15;20/10/2024 04:30;18;kWh;-1186;0;0;0;1186;-1186
20/10/2024 04:30;20/10/2024 04:45;19;kWh;-498;0;0;0;498;-498
20/10/2024 04:45;20/10/2024 05:00;20;kWh;-7149;0;0;0;7149;-7149
20/10/2024 05:00;20/10/2024 05:15;21;kWh;-680;8612;0;0;9292;7932
20/10/2024 05:15;20/10/2024 05:30;22;kWh;-6960;0;0;0;6960;-6960
20/10/2024 05:30;20/10/2024 05:45;23;kWh;-6777;0;0;0;6777;-6777
20/10/2024 05:45;20/10/2024 06:00;24;kWh;-5007;0;0;0;5007;-5007
20/10/2024 06:00;20/10/2024 06:15;25;kWh;-1751;3528;0;0;5279;1777
20/10/2024 06:15;20/10/2024 06:30;26;kWh;-498;21019;0;0;21517;20521
20/10/2024 06:30;20/10/2024 06:45;27;kWh;-498;18658;0;0;19156;18160
20/10/2024 06:45;20/10/2024 07:00;28;kWh;-498;7092;0;0;7590;6594
20/10/2024 07:00;20/10/2024 07:15;29;kWh;-498;1991;0;0;2489;1493
20/10/2024 07:15;20/10/2024 07:30;30;kWh;-498;1719;0;0;2217;1221
20/10/2024 07:30;20/10/2024 07:45;31;kWh;-1934;450;0;0;2384;-1484
20/10/2024 07:45;20/10/2024 08:00;32;kWh;-498;12488;0;0;12986;11990
20/10/2024 08:00;20/10/2024 08:15;33;kWh;-6504;3132;0;0;9636;-3372
20/10/2024 08:15;20/10/2024 08:30;34;kWh;-16207;0;0;0;16207;-16207
20/10/2024 08:30;20/10/2024 08:45;35;kWh;-1695;0;0;0;1695;-1695
20/10/2024 08:45;20/10/2024 09:00;36;kWh;-498;6564;0;0;7062;6066
20/10/2024 09:00;20/10/2024 09:15;37;kWh;-4776;0;0;0;4776;-4776
20/10/2024 09:15;20/10/2024 09:30;38;kWh;-20302;0;0;0;20302;-20302
20/10/2024 09:30;20/10/2024 09:45;39;kWh;-11291;0;0;0;11291;-11291
20/10/2024 09:45;20/10/2024 10:00;40;kWh;-9720;0;0;0;9720;-9720
20/10/2024 10:00;20/10/2024 10:15;41;kWh;-982;1477;0;0;2459;495
20/10/2024 10:15;20/10/2024 10:30;42;kWh;-4715;0;0;0;4715;-4715
20/10/2024 10:30;20/10/2024 10:45;43;kWh;-13587;0;0;0;13587;-13587
20/10/2024 10:45;20/10/2024 11:00;44;kWh;-34323;0;0;0;34323;-34323
20/10/2024 11:00;20/10/2024 11:15;45;kWh;-8397;55795;0;0;64192;47398
20/10/2024 11:15;20/10/2024 11:30;46;kWh;-6230;23469;0;0;29699;17239
20/10/2024 11:30;20/10/2024 11:45;47;kWh;-31790;0;0;0;31790;-31790
20/10/2024 11:45;20/10/2024 12:00;48;kWh;-75492;0;0;0;75492;-75492
20/10/2024 12:00;20/10/2024 12:15;49;kWh;-21051;4140;0;0;25191;-16911
20/10/2024 12:15;20/10/2024 12:30;50;kWh;-29776;0;0;0;29776;-29776
20/10/2024 12:30;20/10/2024 12:45;51;kWh;-48449;0;0;0;48449;-48449
20/10/2024 12:45;20/10/2024 13:00;52;kWh;-58393;0;0;0;58393;-58393
20/10/2024 13:00;20/10/2024 13:15;53;kWh;-62370;0;0;0;62370;-62370
20/10/2024 13:15;20/10/2024 13:30;54;kWh;-87136;0;0;0;87136;-87136
20/10/2024 13:30;20/10/2024 13:45;55;kWh;-85485;0;0;0;85485;-85485
20/10/2024 13:45;20/10/2024 14:00;56;kWh;-64567;0;0;0;64567;-64567
20/10/2024 14:00;20/10/2024 14:15;57;kWh;-48124;1346;0;0;49470;-46778
20/10/2024 14:15;20/10/2024 14:30;58;kWh;-81868;1315;0;0;83183;-80553
20/10/2024 14:30;20/10/2024 14:45;59;kWh;-24018;0;0;0;24018;-24018
20/10/2024 14:45;20/10/2024 15:00;60;kWh;-16558;8;0;0;16566;-16550
20/10/2024 15:00;20/10/2024 15:15;61;kWh;-71879;69;0;0;71948;-71810
20/10/2024 15:15;20/10/2024 15:30;62;kWh;-28366;147;0;0;28513;-28219
20/10/2024 15:30;20/10/2024 15:45;63;kWh;-28751;5260;0;0;34011;-23491
20/10/2024 15:45;20/10/2024 16:00;64;kWh;-2023;14728;0;0;16751;12705
20/10/2024 16:00;20/10/2024 16:15;65;kWh;-73005;30;0;0;73035;-72975
20/10/2024 16:15;20/10/2024 16:30;66;kWh;-33410;387;0;0;33797;-33023
20/10/2024 16:30;20/10/2024 16:45;67;kWh;-16028;7370;0;0;23398;-8658
20/10/2024 16:45;20/10/2024 17:00;68;kWh;-8211;7551;0;0;15762;-660
20/10/2024 17:00;20/10/2024 17:15;69;kWh;-65713;1174;0;0;66887;-64539
20/10/2024 17:15;20/10/2024 17:30;70;kWh;-15027;812;0;0;15839;-14215
20/10/2024 17:30;20/10/2024 17:45;71;kWh;-10929;3038;0;0;13967;-7891
20/10/2024 17:45;20/10/2024 18:00;72;kWh;-3890;3363;0;0;7253;-527
20/10/2024 18:00;20/10/2024 18:15;73;kWh;-44508;1755;0;0;46263;-42753
20/10/2024 18:15;20/10/2024 18:30;74;kWh;-15384;12;0;0;15396;-15372
20/10/2024 18:30;20/10/2024 18:45;75;kWh;-28225;429;0;0;28654;-27796
20/10/2024 18:45;20/10/2024 19:00;76;kWh;-23098;763;0;0;23861;-22335
20/10/2024 19:00;20/10/2024 19:15;77;kWh;-21242;7649;0;0;28891;-13593
20/10/2024 19:15;20/10/2024 19:30;78;kWh;-13424;862;0;0;14286;-12562
20/10/2024 19:30;20/10/2024 19:45;79;kWh;-9192;0;0;0;9192;-9192
20/10/2024 19:45;20/10/2024 20:00;80;kWh;-12827;10;0;0;12837;-12817
20/10/2024 20:00;20/10/2024 20:15;81;kWh;-1810;3103;0;0;4913;1293
20/10/2024 20:15;20/10/2024 20:30;82;kWh;-3927;249;0;0;4176;-3678
20/10/2024 20:30;20/10/2024 20:45;83;kWh;-19364;910;0;0;20274;-18454
20/10/2024 20:45;20/10/2024 21:00;84;kWh;-23800;1201;0;0;25001;-22599
20/10/2024 21:00;20/10/2024 21:15;85;kWh;-4186;79151;0;0;83337;74965
20/10/2024 21:15;20/10/2024 21:30;86;kWh;-498;43675;0;0;44173;43177
20/10/2024 21:30;20/10/2024 21:45;87;kWh;-498;38150;0;0;38648;37652
20/10/2024 21:45;20/10/2024 22:00;88;kWh;-498;39818;0;0;40316;39320
20/10/2024 22:00;20/10/2024 22:15;89;kWh;-498;30104;0;0;30602;29606
20/10/2024 22:15;20/10/2024 22:30;90;kWh;-14174;2183;0;0;16357;-11991
20/10/2024 22:30;20/10/2024 22:45;91;kWh;-18915;330;0;0;19245;-18585
20/10/2024 22:45;20/10/2024 23:00;92;kWh;-43176;258;0;0;43434;-42918
20/10/2024 23:00;20/10/2024 23:15;93;kWh;-53686;9961;0;0;63647;-43725
20/10/2024 23:15;20/10/2024 23:30;94;kWh;-38214;2963;0;0;41177;-35251
20/10/2024 23:30;20/10/2024 23:45;95;kWh;-43772;0;0;0;43772;-43772
20/10/2024 23:45;21/10/2024 00:00;96;kWh;-51179;0;0;0;51179;-51179
21/10/2024 00:00;21/10/2024 00:15;1;kWh;-49417;0;0;0;49417;-49417
21/10/2024 00:15;21/10/2024 00:30;2;kWh;-40689;0;0;0;40689;-40689
21/10/2024 00:30;21/10/2024 00:45;3;kWh;-59423;0;0;0;59423;-59423
21/10/2024 00:45;21/10/2024 01:00;4;kWh;-44874;0;0;0;44874;-44874
21/10/2024 01:00;21/10/2024 01:15;5;kWh;-15213;0;0;0;15213;-15213
21/10/2024 01:15;21/10/2024 01:30;6;kWh;-29354;0;0;0;29354;-29354
21/10/2024 01:30;21/10/2024 01:45;7;kWh;-22029;0;0;0;22029;-22029
21/10/2024 01:45;21/10/2024 02:00;8;kWh;-31314;0;0;0;31314;-31314
21/10/2024 02:00;21/10/2024 02:15;9;kWh;-40386;779;0;0;41165;-39607
21/10/2024 02:15;21/10/2024 02:30;10;kWh;-28843;0;0;0;28843;-28843
21/10/2024 02:30;21/10/2024 02:45;11;kWh;-19459;145;0;0;19604;-19314
21/10/2024 02:45;21/10/2024 03:00;12;kWh;-37980;928;0;0;38908;-37052
21/10/2024 03:00;21/10/2024 03:15;13;kWh;-37283;0;0;0;37283;-37283
21/10/2024 03:15;21/10/2024 03:30;14;kWh;-26195;0;0;0;26195;-26195
21/10/2024 03:30;21/10/2024 03:45;15;kWh;-27270;0;0;0;27270;-27270
21/10/2024 03:45;21/10/2024 04:00;16;kWh;-29140;0;0;0;29140;-29140
21/10/2024 04:00;21/10/2024 04:15;17;kWh;-30792;0;0;0;30792;-30792
21/10/2024 04:15;21/10/2024 04:30;18;kWh;-21990;0;0;0;21990;-21990
21/10/2024 04:30;21/10/2024 04:45;19;kWh;-14636;2541;0;0;17177;-12095
21/10/2024 04:45;21/10/2024 05:00;20;kWh;-1337;4965;0;0;6302;3628
21/10/2024 05:00;21/10/2024 05:15;21;kWh;-50951;0;0;0;50951;-50951
21/10/2024 05:15;21/10/2024 05:30;22;kWh;-37222;0;0;0;37222;-37222
21/10/2024 05:30;21/10/2024 05:45;23;kWh;-1774;191;0;0;1965;-1583
21/10/2024 05:45;21/10/2024 06:00;24;kWh;-8256;0;0;0;8256;-8256
21/10/2024 06:00;21/10/2024 06:15;25;kWh;-48744;8539;0;0;57283;-40205
21/10/2024 06:15;21/10/2024 06:30;26;kWh;-12430;10003;0;0;22433;-2427
21/10/2024 06:30;21/10/2024 06:45;27;kWh;-1918;5590;0;0;7508;3672
21/10/2024 06:45;21/10/2024 07:00;28;kWh;-25;13581;0;0;13606;13556
21/10/2024 07:00;21/10/2024 07:15;29;kWh;-42042;1534;0;0;43576;-40508
21/10/2024 07:15;21/10/2024 07:30;30;kWh;-224;10284;0;0;10508;10060
21/10/2024 07:30;21/10/2024 07:45;31;kWh;0;4075;0;0;4075;4075
21/10/2024 07:45;21/10/2024 08:00;32;kWh;-34299;739;0;0;35038;-33560
21/10/2024 08:00;21/10/2024 08:15;33;kWh;-68445;1;0;0;68446;-68444
21/10/2024 08:15;21/10/2024 08:30;34;kWh;-45511;63;0;0;45574;-45448
21/10/2024 08:30;21/10/2024 08:45;35;kWh;-26517;0;0;0;26517;-26517
21/10/2024 08:45;21/10/2024 09:00;36;kWh;-33174;0;0;0;33174;-33174
21/10/2024 09:00;21/10/2024 09:15;37;kWh;-75991;7902;0;0;83893;-68089
21/10/2024 09:15;21/10/2024 09:30;38;kWh;-10585;3963;0;0;14548;-6622
21/10/2024 09:30;21/10/2024 09:45;39;kWh;-19595;0;0;0;19595;-19595
21/10/2024 09:45;21/10/2024 10:00;40;kWh;-33985;0;0;0;33985;-33985
21/10/2024 10:00;21/10/2024 10:15;41;kWh;-76979;768;0;0;77747;-76211
21/10/2024 10:15;21/10/2024 10:30;42;kWh;-52248;6;0;0;52254;-52242
21/10/2024 10:30;21/10/2024 10:45;43;kWh;-94332;0;0;0;94332;-94332
21/10/2024 10:45;21/10/2024 11:00;44;kWh;-51220;0;0;0;51220;-51220
21/10/2024 11:00;21/10/2024 11:15;45;kWh;-38641;0;0;0;38641;-38641
21/10/2024 11:15;21/10/2024 11:30;46;kWh;-75777;0;0;0;75777;-75777
21/10/2024 11:30;21/10/2024 11:45;47;kWh;-79472;0;0;0;79472;-79472
21/10/2024 11:45;21/10/2024 12:00;48;kWh;-32306;0;0;0;32306;-32306
21/10/2024 12:00;21/10/2024 12:15;49;kWh;-84549;0;0;0;84549;-84549
21/10/2024 12:15;21/10/2024 12:30;50;kWh;-51152;0;0;0;51152;-51152
21/10/2024 12:30;21/10/2024 12:45;51;kWh;-104635;0;0;0;104635;-104635
21/10/2024 12:45;21/10/2024 13:00;52;kWh;-127506;0;0;0;127506;-127506
21/10/2024 13:00;21/10/2024 13:15;53;kWh;-102957;384;0;0;103341;-102573
21/10/2024 13:15;21/10/2024 13:30;54;kWh;-83599;11;0;0;83610;-83588
21/10/2024 13:30;21/10/2024 13:45;55;kWh;-107486;0;0;0;107486;-107486
21/10/2024 13:45;21/10/2024 14:00;56;kWh;-109530;0;0;0;109530;-109530
21/10/2024 14:00;21/10/2024 14:15;57;kWh;-78826;0;0;0;78826;-78826
21/10/2024 14:15;21/10/2024 14:30;58;kWh;-103604;0;0;0;103604;-103604
21/10/2024 14:30;21/10/2024 14:45;59;kWh;-84035;187;0;0;84222;-83848
21/10/2024 14:45;21/10/2024 15:00;60;kWh;-66507;869;0;0;67376;-65638
21/10/2024 15:00;21/10/2024 15:15;61;kWh;-12923;26160;0;0;39083;13237
21/10/2024 15:15;21/10/2024 15:30;62;kWh;-24889;431;0;0;25320;-24458
21/10/2024 15:30;21/10/2024 15:45;63;kWh;-31506;2525;0;0;34031;-28981
21/10/2024 15:45;21/10/2024 16:00;64;kWh;-27211;3012;0;0;30223;-24199
21/10/2024 16:00;21/10/2024 16:15;65;kWh;-13533;14055;0;0;27588;522
21/10/2024 16:15;21/10/2024 16:30;66;kWh;-31640;0;0;0;31640;-31640
21/10/2024 16:30;21/10/2024 16:45;67;kWh;-12482;0;0;0;12482;-12482
21/10/2024 16:45;21/10/2024 17:00;68;kWh;-949;3057;0;0;4006;2108
21/10/2024 17:00;21/10/2024 17:15;69;kWh;0;38421;0;0;38421;38421
21/10/2024 17:15;21/10/2024 17:30;70;kWh;0;37377;0;0;37377;37377
21/10/2024 17:30;21/10/2024 17:45;71;kWh;0;40451;0;0;40451;40451
21/10/2024 17:45;21/10/2024 18:00;72;kWh;0;56253;0;0;56253;56253
21/10/2024 18:00;21/10/2024 18:15;73;kWh;0;23366;0;0;23366;23366
21/10/2024 18:15;21/10/2024 18:30;74;kWh;0;31626;0;0;31626;31626
21/10/2024 18:30;21/10/2024 18:45;75;kWh;0;40163;0;0;40163;40163
21/10/2024 18:45;21/10/2024 19:00;76;kWh;0;54004;0;0;54004;54004
21/10/2024 19:00;21/10/2024 19:15;77;kWh;0;73246;0;0;73246;73246
21/10/2024 19:15;21/10/2024 19:30;78;kWh;0;26423;0;0;26423;26423
21/10/2024 19:30;21/10/2024 19:45;79;kWh;-269;866;0;0;1135;597
21/10/2024 19:45;21/10/2024 20:00;80;kWh;-5364;0;0;0;5364;-5364
21/10/2024 20:00;21/10/2024 20:15;81;kWh;-543;66056;0;0;66599;65513
21/10/2024 20:15;21/10/2024 20:30;82;kWh;-145;14554;0;0;14699;14409
21/10/2024 20:30;21/10/2024 20:45;83;kWh;-2626;14994;0;0;17620;12368
21/10/2024 20:45;21/10/2024 21:00;84;kWh;-33404;0;0;0;33404;-33404
21/10/2024 21:00;21/10/2024 21:15;85;kWh;-33647;1127;0;0;34774;-32520
21/10/2024 21:15;21/10/2024 21:30;86;kWh;-6994;653;0;0;7647;-6341
21/10/2024 21:30;21/10/2024 21:45;87;kWh;-20146;0;0;0;20146;-20146
21/10/2024 21:45;21/10/2024 22:00;88;kWh;-16662;34881;0;0;51543;18219
21/10/2024 22:00;21/10/2024 22:15;89;kWh;-28044;1935;0;0;29979;-26109
21/10/2024 22:15;21/10/2024 22:30;90;kWh;0;25902;0;0;25902;25902
21/10/2024 22:30;21/10/2024 22:45;91;kWh;-25;10253;0;0;10278;10228
21/10/2024 22:45;21/10/2024 23:00;92;kWh;-26951;70;0;0;27021;-26881
21/10/2024 23:00;21/10/2024 23:15;93;kWh;-11902;24;0;0;11926;-11878
21/10/2024 23:15;21/10/2024 23:30;94;kWh;-4270;10392;0;0;14662;6122
21/10/2024 23:30;21/10/2024 23:45;95;kWh;-11197;2152;0;0;13349;-9045
21/10/2024 23:45;22/10/2024 00:00;96;kWh;-32028;0;0;0;32028;-32028
22/10/2024 00:00;22/10/2024 00:15;1;kWh;-15461;0;0;0;15461;-15461
22/10/2024 00:15;22/10/2024 00:30;2;kWh;-39834;0;0;0;39834;-39834
22/10/2024 00:30;22/10/2024 00:45;3;kWh;-32491;0;0;0;32491;-32491
22/10/2024 00:45;22/10/2024 01:00;4;kWh;-6007;10308;0;0;16315;4301
22/10/2024 01:00;22/10/2024 01:15;5;kWh;-56;414;0;0;470;358
22/10/2024 01:15;22/10/2024 01:30;6;kWh;-91;0;0;0;91;-91
22/10/2024 01:30;22/10/2024 01:45;7;kWh;0;0;0;0;0;0
22/10/2024 01:45;22/10/2024 02:00;8;kWh;0;14136;0;0;14136;14136
22/10/2024 02:00;22/10/2024 02:15;9;kWh;0;19992;0;0;19992;19992
22/10/2024 02:15;22/10/2024 02:30;10;kWh;0;67272;0;0;67272;67272
22/10/2024 02:30;22/10/2024 02:45;11;kWh;0;74528;0;0;74528;74528
22/10/2024 02:45;22/10/2024 03:00;12;kWh;0;17415;0;0;17415;17415
22/10/2024 03:00;22/10/2024 03:15;13;kWh;-13236;3921;0;0;17157;-9315
22/10/2024 03:15;22/10/2024 03:30;14;kWh;-1187;6035;0;0;7222;4848
22/10/2024 03:30;22/10/2024 03:45;15;kWh;-579;54;0;0;633;-525
22/10/2024 03:45;22/10/2024 04:00;16;kWh;-1648;0;0;0;1648;-1648
22/10/2024 04:00;22/10/2024 04:15;17;kWh;0;16870;0;0;16870;16870
22/10/2024 04:15;22/10/2024 04:30;18;kWh;0;21091;0;0;21091;21091
22/10/2024 04:30;22/10/2024 04:45;19;kWh;-24940;223;0;0;25163;-24717
22/10/2024 04:45;22/10/2024 05:00;20;kWh;-50512;0;0;0;50512;-50512
22/10/2024 05:00;22/10/2024 05:15;21;kWh;-9077;24059;0;0;33136;14982
22/10/2024 05:15;22/10/2024 05:30;22;kWh;0;24682;0;0;24682;24682
22/10/2024 05:30;22/10/2024 05:45;23;kWh;0;23912;0;0;23912;23912
22/10/2024 05:45;22/10/2024 06:00;24;kWh;-43404;673;0;0;44077;-42731
22/10/2024 06:00;22/10/2024 06:15;25;kWh;-9892;35686;0;0;45578;25794
22/10/2024 06:15;22/10/2024 06:30;26;kWh;-35925;360;0;0;36285;-35565
22/10/2024 06:30;22/10/2024 06:45;27;kWh;-51079;0;0;0;51079;-51079
22/10/2024 06:45;22/10/2024 07:00;28;kWh;-64677;0;0;0;64677;-64677
22/10/2024 07:00;22/10/2024 07:15;29;kWh;-59805;0;0;0;59805;-59805
22/10/2024 07:15;22/10/2024 07:30;30;kWh;-33174;0;0;0;33174;-33174
22/10/2024 07:30;22/10/2024 07:45;31;kWh;-17;1755;0;0;1772;1738
22/10/2024 07:45;22/10/2024 08:00;32;kWh;-29;14798;0;0;14827;14769
22/10/2024 08:00;22/10/2024 08:15;33;kWh;-18014;688;0;0;18702;-17326
22/10/2024 08:15;22/10/2024 08:30;34;kWh;-16102;0;0;0;16102;-16102
22/10/2024 08:30;22/10/2024 08:45;35;kWh;-23017;0;0;0;23017;-23017
22/10/2024 08:45;22/10/2024 09:00;36;kWh;-24410;0;0;0;24410;-24410
22/10/2024 09:00;22/10/2024 09:15;37;kWh;-14206;123;0;0;14329;-14083
22/10/2024 09:15;22/10/2024 09:30;38;kWh;-1675;2661;0;0;4336;986
22/10/2024 09:30;22/10/2024 09:45;39;kWh;-5560;0;0;0;5560;-5560
22/10/2024 09:45;22/10/2024 10:00;40;kWh;-11643;0;0;0;11643;-11643
22/10/2024 10:00;22/10/2024 10:15;41;kWh;-22855;499;0;0;23354;-22356
22/10/2024 10:15;22/10/2024 10:30;42;kWh;-30256;0;0;0;30256;-30256
22/10/2024 10:30;22/10/2024 10:45;43;kWh;-29723;13;0;0;29736;-29710
22/10/2024 10:45;22/10/2024 11:00;44;kWh;-12336;0;0;0;12336;-12336
22/10/2024 11:00;22/10/2024 11:15;45;kWh;-23115;0;0;0;23115;-23115
22/10/2024 11:15;22/10/2024 11:30;46;kWh;-4511;3792;0;0;8303;-719
22/10/2024 11:30;22/10/2024 11:45;47;kWh;-7943;11586;0;0;19529;3643
22/10/2024 11:45;22/10/2024 12:00;48;kWh;-6262;3687;0;0;9949;-2575
22/10/2024 12:00;22/10/2024 12:15;49;kWh;-19588;0;0;0;19588;-19588
22/10/2024 12:15;22/10/2024 12:30;50;kWh;-32915;0;0;0;32915;-32915
22/10/2024 12:30;22/10/2024 12:45;51;kWh;-39277;0;0;0;39277;-39277
22/10/2024 12:45;22/10/2024 13:00;52;kWh;-56205;0;0;0;56205;-56205
22/10/2024 13:00;22/10/2024 13:15;53;kWh;-41251;46;0;0;41297;-41205
22/10/2024 13:15;22/10/2024 13:30;54;kWh;-47884;764;0;0;48648;-47120
22/10/2024 13:30;22/10/2024 13:45;55;kWh;-71721;1813;0;0;73534;-69908
22/10/2024 13:45;22/10/2024 14:00;56;kWh;-104805;455;0;0;105260;-104350
22/10/2024 14:00;22/10/2024 14:15;57;kWh;-51175;0;0;0;51175;-51175
22/10/2024 14:15;22/10/2024 14:30;58;kWh;-41916;64;0;0;41980;-41852
22/10/2024 14:30;22/10/2024 14:45;59;kWh;-49003;629;0;0;49632;-48374
22/10/2024 14:45;22/10/2024 15:00;60;kWh;-35893;0;0;0;35893;-35893
22/10/2024 15:00;22/10/2024 15:15;61;kWh;-16281;0;0;0;16281;-16281
22/10/2024 15:15;22/10/2024 15:30;62;kWh;-15189;0;0;0;15189;-15189
22/10/2024 15:30;22/10/2024 15:45;63;kWh;-24640;1121;0;0;25761;-23519
22/10/2024 15:45;22/10/2024 16:00;64;kWh;-20289;5773;0;0;26062;-14516
22/10/2024 16:00;22/10/2024 16:15;65;kWh;-4607;589;0;0;5196;-4018
22/10/2024 16:15;22/10/2024 16:30;66;kWh;-48218;0;0;0;48218;-48218
22/10/2024 16:30;22/10/2024 16:45;67;kWh;-67409;0;0;0;67409;-67409
22/10/2024 16:45;22/10/2024 17:00;68;kWh;-53536;0;0;0;53536;-53536
22/10/2024 17:00;22/10/2024 17:15;69;kWh;-82763;24;0;0;82787;-82739
22/10/2024 17:15;22/10/2024 17:30;70;kWh;-64535;472;0;0;65007;-64063
22/10/2024 17:30;22/10/2024 17:45;71;kWh;-58809;0;0;0;58809;-58809
22/10/2024 17:45;22/10/2024 18:00;72;kWh;-3664;2007;0;0;5671;-1657
22/10/2024 18:00;22/10/2024 18:15;73;kWh;-39380;4536;0;0;43916;-34844
22/10/2024 18:15;22/10/2024 18:30;74;kWh;-9323;12626;0;0;21949;3303
22/10/2024 18:30;22/10/2024 18:45;75;kWh;-20790;0;0;0;20790;-20790
22/10/2024 18:45;22/10/2024 19:00;76;kWh;-5488;0;0;0;5488;-5488
22/10/2024 19:00;22/10/2024 19:15;77;kWh;-67993;0;0;0;67993;-67993
22/10/2024 19:15;22/10/2024 19:30;78;kWh;-72671;0;0;0;72671;-72671
22/10/2024 19:30;22/10/2024 19:45;79;kWh;-69483;0;0;0;69483;-69483
22/10/2024 19:45;22/10/2024 20:00;80;kWh;-68665;0;0;0;68665;-68665
22/10/2024 20:00;22/10/2024 20:15;81;kWh;-16939;15218;0;0;32157;-1721
22/10/2024 20:15;22/10/2024 20:30;82;kWh;0;6818;0;0;6818;6818
22/10/2024 20:30;22/10/2024 20:45;83;kWh;-14523;7825;0;0;22348;-6698
22/10/2024 20:45;22/10/2024 21:00;84;kWh;-32719;0;0;0;32719;-32719
22/10/2024 21:00;22/10/2024 21:15;85;kWh;-22572;0;0;0;22572;-22572
22/10/2024 21:15;22/10/2024 21:30;86;kWh;-698;7875;0;0;8573;7177
22/10/2024 21:30;22/10/2024 21:45;87;kWh;0;35220;0;0;35220;35220
22/10/2024 21:45;22/10/2024 22:00;88;kWh;0;27252;0;0;27252;27252
22/10/2024 22:00;22/10/2024 22:15;89;kWh;-12080;2076;0;0;14156;-10004
22/10/2024 22:15;22/10/2024 22:30;90;kWh;-45066;0;0;0;45066;-45066
22/10/2024 22:30;22/10/2024 22:45;91;kWh;-30467;0;0;0;30467;-30467
22/10/2024 22:45;22/10/2024 23:00;92;kWh;-16472;0;0;0;16472;-16472
22/10/2024 23:00;22/10/2024 23:15;93;kWh;-13019;1774;0;0;14793;-11245
22/10/2024 23:15;22/10/2024 23:30;94;kWh;-1292;3112;0;0;4404;1820
22/10/2024 23:30;22/10/2024 23:45;95;kWh;-4259;17629;0;0;21888;13370
22/10/2024 23:45;23/10/2024 00:00;96;kWh;-1583;910;0;0;2493;-673
23/10/2024 00:00;23/10/2024 00:15;1;kWh;-1667;695;0;0;2362;-972
23/10/2024 00:15;23/10/2024 00:30;2;kWh;0;17059;0;0;17059;17059
23/10/2024 00:30;23/10/2024 00:45;3;kWh;0;3747;0;0;3747;3747
23/10/2024 00:45;23/10/2024 01:00;4;kWh;0;1768;0;0;1768;1768
23/10/2024 01:00;23/10/2024 01:15;5;kWh;-328;7;0;0;335;-321
23/10/2024 01:15;23/10/2024 01:30;6;kWh;0;2402;0;0;2402;2402
23/10/2024 01:30;23/10/2024 01:45;7;kWh;0;1229;0;0;1229;1229
23/10/2024 01:45;23/10/2024 02:00;8;kWh;-25;96;0;0;121;71
23/10/2024 02:00;23/10/2024 02:15;9;kWh;-60;14356;0;0;14416;14296
23/10/2024 02:15;23/10/2024 02:30;10;kWh;0;6943;0;0;6943;6943
23/10/2024 02:30;23/10/2024 02:45;11;kWh;0;4422;0;0;4422;4422
23/10/2024 02:45;23/10/2024 03:00;12;kWh;0;26514;0;0;26514;26514
23/10/2024 03:00;23/10/2024 03:15;13;kWh;0;29121;0;0;29121;29121
23/10/2024 03:15;23/10/2024 03:30;14;kWh;0;30084;0;0;30084;30084
23/10/2024 03:30;23/10/2024 03:45;15;kWh;0;49677;0;0;49677;49677
23/10/2024 03:45;23/10/2024 04:00;16;kWh;0;48654;0;0;48654;48654
23/10/2024 04:00;23/10/2024 04:15;17;kWh;0;66152;0;0;66152;66152
23/10/2024 04:15;23/10/2024 04:30;18;kWh;0;46795;0;0;46795;46795
23/10/2024 04:30;23/10/2024 04:45;19;kWh;-46;12708;0;0;12754;12662
23/10/2024 04:45;23/10/2024 05:00;20;kWh;-45517;0;0;0;45517;-45517
23/10/2024 05:00;23/10/2024 05:15;21;kWh;-35430;1863;0;0;37293;-33567
23/10/2024 05:15;23/10/2024 05:30;22;kWh;0;9101;0;0;9101;9101
23/10/2024 05:30;23/10/2024 05:45;23;kWh;0;9584;0;0;9584;9584
23/10/2024 05:45;23/10/2024 06:00;24;kWh;-4392;3550;0;0;7942;-842
23/10/2024 06:00;23/10/2024 06:15;25;kWh;-274;1545;0;0;1819;1271
23/10/2024 06:15;23/10/2024 06:30;26;kWh;-17063;2069;0;0;19132;-14994
23/10/2024 06:30;23/10/2024 06:45;27;kWh;-3938;2438;0;0;6376;-1500
23/10/2024 06:45;23/10/2024 07:00;28;kWh;-28583;199;0;0;28782;-28384
23/10/2024 07:00;23/10/2024 07:15;29;kWh;-54875;0;0;0;54875;-54875
23/10/2024 07:15;23/10/2024 07:30;30;kWh;-25845;0;0;0;25845;-25845
23/10/2024 07:30;23/10/2024 07:45;31;kWh;-4487;0;0;0;4487;-4487
23/10/2024 07:45;23/10/2024 08:00;32;kWh;0;43308;0;0;43308;43308
23/10/2024 08:00;23/10/2024 08:15;33;kWh;0;35297;0;0;35297;35297
23/10/2024 08:15;23/10/2024 08:30;34;kWh;0;18906;0;0;18906;18906
23/10/2024 08:30;23/10/2024 08:45;35;kWh;-172;30010;0;0;30182;29838
23/10/2024 08:45;23/10/2024 09:00;36;kWh;-750;28258;0;0;29008;27508
23/10/2024 09:00;23/10/2024 09:15;37;kWh;-1107;977;0;0;2084;-130
23/10/2024 09:15;23/10/2024 09:30;38;kWh;-46964;0;0;0;46964;-46964
23/10/2024 09:30;23/10/2024 09:45;39;kWh;-85971;0;0;0;85971;-85971
23/10/2024 09:45;23/10/2024 10:00;40;kWh;-56733;0;0;0;56733;-56733
23/10/2024 10:00;23/10/2024 10:15;41;kWh;-17497;5202;0;0;22699;-12295
23/10/2024 10:15;23/10/2024 10:30;42;kWh;0;46799;0;0;46799;46799
23/10/2024 10:30;23/10/2024 10:45;43;kWh;0;73543;0;0;73543;73543
23/10/2024 10:45;23/10/2024 11:00;44;kWh;0;68054;0;0;68054;68054
23/10/2024 11:00;23/10/2024 11:15;45;kWh;0;36251;0;0;36251;36251
23/10/2024 11:15;23/10/2024 11:30;46;kWh;-16;34880;0;0;34896;34864
23/10/2024 11:30;23/10/2024 11:45;47;kWh;-108;5339;0;0;5447;5231
23/10/2024 11:45;23/10/2024 12:00;48;kWh;-1319;12905;0;0;14224;11586
23/10/2024 12:00;23/10/2024 12:15;49;kWh;-129;3150;0;0;3279;3021
23/10/2024 12:15;23/10/2024 12:30;50;kWh;0;11173;0;0;11173;11173
23/10/2024 12:30;23/10/2024 12:45;51;kWh;0;57566;0;0;57566;57566
23/10/2024 12:45;23/10/2024 13:00;52;kWh;0;45296;0;0;45296;45296
23/10/2024 13:00;23/10/2024 13:15;53;kWh;0;22161;0;0;22161;22161
23/10/2024 13:15;23/10/2024 13:30;54;kWh;-10033;2520;0;0;12553;-7513
23/10/2024 13:30;23/10/2024 13:45;55;kWh;-19827;0;0;0;19827;-19827
23/10/2024 13:45;23/10/2024 14:00;56;kWh;-2220;0;0;0;2220;-2220
23/10/2024 14:00;23/10/2024 14:15;57;kWh;-931;17852;0;0;18783;16921
23/10/2024 14:15;23/10/2024 14:30;58;kWh;0;40238;0;0;40238;40238
23/10/2024 14:30;23/10/2024 14:45;59;kWh;0;32647;0;0;32647;32647
23/10/2024 14:45;23/10/2024 15:00;60;kWh;0;53998;0;0;53998;53998
23/10/2024 15:00;23/10/2024 15:15;61;kWh;0;52743;0;0;52743;52743
23/10/2024 15:15;23/10/2024 15:30;62;kWh;0;23154;0;0;23154;23154
23/10/2024 15:30;23/10/2024 15:45;63;kWh;0;16702;0;0;16702;16702
23/10/2024 15:45;23/10/2024 16:00;64;kWh;0;8974;0;0;8974;8974
23/10/2024 16:00;23/10/2024 16:15;65;kWh;0;14923;0;0;14923;14923
23/10/2024 16:15;23/10/2024 16:30;66;kWh;0;36566;0;0;36566;36566
23/10/2024 16:30;23/10/2024 16:45;67;kWh;-258;25438;0;0;25696;25180
23/10/2024 16:45;23/10/2024 17:00;68;kWh;-1469;654;0;0;2123;-815
23/10/2024 17:00;23/10/2024 17:15;69;kWh;-12346;1055;0;0;13401;-11291
23/10/2024 17:15;23/10/2024 17:30;70;kWh;-7239;5230;0;0;12469;-2009
23/10/2024 17:30;23/10/2024 17:45;71;kWh;0;50898;0;0;50898;50898
23/10/2024 17:45;23/10/2024 18:00;72;kWh;0;87105;0;0;87105;87105
23/10/2024 18:00;23/10/2024 18:15;73;kWh;0;31844;0;0;31844;31844
23/10/2024 18:15;23/10/2024 18:30;74;kWh;0;32059;0;0;32059;32059
23/10/2024 18:30;23/10/2024 18:45;75;kWh;0;59578;0;0;59578;59578
23/10/2024 18:45;23/10/2024 19:00;76;kWh;0;63984;0;0;63984;63984
23/10/2024 19:00;23/10/2024 19:15;77;kWh;-88;9002;0;0;9090;8914
23/10/2024 19:15;23/10/2024 19:30;78;kWh;-3127;0;0;0;3127;-3127
23/10/2024 19:30;23/10/2024 19:45;79;kWh;-6713;0;0;0;6713;-6713
23/10/2024 19:45;23/10/2024 20:00;80;kWh;-9488;167;0;0;9655;-9321
23/10/2024 20:00;23/10/2024 20:15;81;kWh;-971;63029;0;0;64000;62058
23/10/2024 20:15;23/10/2024 20:30;82;kWh;-3805;598;0;0;4403;-3207
23/10/2024 20:30;23/10/2024 20:45;83;kWh;-3178;0;0;0;3178;-3178
23/10/2024 20:45;23/10/2024 21:00;84;kWh;-8155;0;0;0;8155;-8155
23/10/2024 21:00;23/10/2024 21:15;85;kWh;-5631;0;0;0;5631;-5631
23/10/2024 21:15;23/10/2024 21:30;86;kWh;-1053;42945;0;0;43998;41892
23/10/2024 21:30;23/10/2024 21:45;87;kWh;0;45734;0;0;45734;45734
23/10/2024 21:45;23/10/2024 22:00;88;kWh;0;44350;0;0;44350;44350
23/10/2024 22:00;23/10/2024 22:15;89;kWh;0;46798;0;0;46798;46798
23/10/2024 22:15;23/10/2024 22:30;90;kWh;-11;73747;0;0;73758;73736
23/10/2024 22:30;23/10/2024 22:45;91;kWh;-264;18384;0;0;18648;18120
23/10/2024 22:45;23/10/2024 23:00;92;kWh;-458;6734;0;0;7192;6276
23/10/2024 23:00;23/10/2024 23:15;93;kWh;-928;192;0;0;1120;-736
23/10/2024 23:15;23/10/2024 23:30;94;kWh;-1682;0;0;0;1682;-1682
23/10/2024 23:30;23/10/2024 23:45;95;kWh;-1657;0;0;0;1657;-1657
23/10/2024 23:45;24/10/2024 00:00;96;kWh;-3222;0;0;0;3222;-3222
24/10/2024 00:00;24/10/2024 00:15;1;kWh;-28016;0;0;0;28016;-28016
24/10/2024 00:15;24/10/2024 00:30;2;kWh;-14045;0;0;0;14045;-14045
24/10/2024 00:30;24/10/2024 00:45;3;kWh;-9721;0;0;0;9721;-9721
24/10/2024 00:45;24/10/2024 01:00;4;kWh;-2144;0;0;0;2144;-2144
24/10/2024 01:00;24/10/2024 01:15;5;kWh;-379;5;0;0;384;-374
24/10/2024 01:15;24/10/2024 01:30;6;kWh;0;663;0;0;663;663
24/10/2024 01:30;24/10/2024 01:45;7;kWh;0;1613;0;0;1613;1613
24/10/2024 01:45;24/10/2024 02:00;8;kWh;0;2903;0;0;2903;2903
24/10/2024 02:00;24/10/2024 02:15;9;kWh;0;845;0;0;845;845
24/10/2024 02:15;24/10/2024 02:30;10;kWh;0;806;0;0;806;806
24/10/2024 02:30;24/10/2024 02:45;11;kWh;0;2;0;0;2;2
24/10/2024 02:45;24/10/2024 03:00;12;kWh;-8680;0;0;0;8680;-8680
24/10/2024 03:00;24/10/2024 03:15;13;kWh;-12419;103;0;0;12522;-12316
24/10/2024 03:15;24/10/2024 03:30;14;kWh;-1034;0;0;0;1034;-1034
24/10/2024 03:30;24/10/2024 03:45;15;kWh;-786;0;0;0;786;-786
24/10/2024 03:45;24/10/2024 04:00;16;kWh;-1747;0;0;0;1747;-1747
24/10/2024 04:00;24/10/2024 04:15;17;kWh;-2817;0;0;0;2817;-2817
24/10/2024 04:15;24/10/2024 04:30;18;kWh;-606;219;0;0;825;-387
24/10/2024 04:30;24/10/2024 04:45;19;kWh;0;21575;0;0;21575;21575
24/10/2024 04:45;24/10/2024 05:00;20;kWh;0;31340;0;0;31340;31340
24/10/2024 05:00;24/10/2024 05:15;21;kWh;0;31401;0;0;31401;31401
24/10/2024 05:15;24/10/2024 05:30;22;kWh;0;29611;0;0;29611;29611
24/10/2024 05:30;24/10/2024 05:45;23;kWh;0;34034;0;0;34034;34034
24/10/2024 05:45;24/10/2024 06:00;24;kWh;-197;15631;0;0;15828;15434
24/10/2024 06:00;24/10/2024 06:15;25;kWh;-3747;106;0;0;3853;-3641
24/10/2024 06:15;24/10/2024 06:30;26;kWh;-14078;1380;0;0;15458;-12698
24/10/2024 06:30;24/10/2024 06:45;27;kWh;-268;9590;0;0;9858;9322
24/10/2024 06:45;24/10/2024 07:00;28;kWh;-21750;4247;0;0;25997;-17503
24/10/2024 07:00;24/10/2024 07:15;29;kWh;-37592;525;0;0;38117;-37067
24/10/2024 07:15;24/10/2024 07:30;30;kWh;-2;5026;0;0;5028;5024
24/10/2024 07:30;24/10/2024 07:45;31;kWh;0;49417;0;0;49417;49417
24/10/2024 07:45;24/10/2024 08:00;32;kWh;0;46047;0;0;46047;46047
24/10/2024 08:00;24/10/2024 08:15;33;kWh;-31;14764;0;0;14795;14733
24/10/2024 08:15;24/10/2024 08:30;34;kWh;0;47269;0;0;47269;47269
24/10/2024 08:30;24/10/2024 08:45;35;kWh;0;60892;0;0;60892;60892
24/10/2024 08:45;24/10/2024 09:00;36;kWh;0;41901;0;0;41901;41901
24/10/2024 09:00;24/10/2024 09:15;37;kWh;-8425;10529;0;0;18954;2104
24/10/2024 09:15;24/10/2024 09:30;38;kWh;-47068;0;0;0;47068;-47068
24/10/2024 09:30;24/10/2024 09:45;39;kWh;-67561;0;0;0;67561;-67561
24/10/2024 09:45;24/10/2024 10:00;40;kWh;-28711;189;0;0;28900;-28522
24/10/2024 10:00;24/10/2024 10:15;41;kWh;0;39528;0;0;39528;39528
24/10/2024 10:15;24/10/2024 10:30;42;kWh;0;10313;0;0;10313;10313
24/10/2024 10:30;24/10/2024 10:45;43;kWh;-455;2889;0;0;3344;2434
24/10/2024 10:45;24/10/2024 11:00;44;kWh;0;619;0;0;619;619
24/10/2024 11:00;24/10/2024 11:15;45;kWh;0;3448;0;0;3448;3448
24/10/2024 11:15;24/10/2024 11:30;46;kWh;-1406;10470;0;0;11876;9064
24/10/2024 11:30;24/10/2024 11:45;47;kWh;-9599;0;0;0;9599;-9599
24/10/2024 11:45;24/10/2024 12:00;48;kWh;-24347;0;0;0;24347;-24347
24/10/2024 12:00;24/10/2024 12:15;49;kWh;-1256;1033;0;0;2289;-223
24/10/2024 12:15;24/10/2024 12:30;50;kWh;-35;15329;0;0;15364;15294
24/10/2024 12:30;24/10/2024 12:45;51;kWh;-1159;125;0;0;1284;-1034
24/10/2024 12:45;24/10/2024 13:00;52;kWh;-225;0;0;0;225;-225
24/10/2024 13:00;24/10/2024 13:15;53;kWh;-1049;2673;0;0;3722;1624
24/10/2024 13:15;24/10/2024 13:30;54;kWh;0;13143;0;0;13143;13143
24/10/2024 13:30;24/10/2024 13:45;55;kWh;0;13792;0;0;13792;13792
24/10/2024 13:45;24/10/2024 14:00;56;kWh;0;7377;0;0;7377;7377
24/10/2024 14:00;24/10/2024 14:15;57;kWh;-7476;222;0;0;7698;-7254
24/10/2024 14:15;24/10/2024 14:30;58;kWh;-2197;0;0;0;2197;-2197
24/10/2024 14:30;24/10/2024 14:45;59;kWh;-3625;0;0;0;3625;-3625
24/10/2024 14:45;24/10/2024 15:00;60;kWh;-1550;0;0;0;1550;-1550
24/10/2024 15:00;24/10/2024 15:15;61;kWh;-26076;0;0;0;26076;-26076
24/10/2024 15:15;24/10/2024 15:30;62;kWh;-3225;0;0;0;3225;-3225
24/10/2024 15:30;24/10/2024 15:45;63;kWh;-730;185;0;0;915;-545
24/10/2024 15:45;24/10/2024 16:00;64;kWh;0;297;0;0;297;297
24/10/2024 16:00;24/10/2024 16:15;65;kWh;0;0;0;0;0;0
24/10/2024 16:15;24/10/2024 16:30;66;kWh;-8;5756;0;0;5764;5748
24/10/2024 16:30;24/10/2024 16:45;67;kWh;0;20835;0;0;20835;20835
24/10/2024 16:45;24/10/2024 17:00;68;kWh;0;14343;0;0;14343;14343
24/10/2024 17:00;24/10/2024 17:15;69;kWh;-704;5380;0;0;6084;4676
24/10/2024 17:15;24/10/2024 17:30;70;kWh;-1236;8430;0;0;9666;7194
24/10/2024 17:30;24/10/2024 17:45;71;kWh;-5316;7942;0;0;13258;2626
24/10/2024 17:45;24/10/2024 18:00;72;kWh;-40;14469;0;0;14509;14429
24/10/2024 18:00;24/10/2024 18:15;73;kWh;-80596;235;0;0;80831;-80361
24/10/2024 18:15;24/10/2024 18:30;74;kWh;-41591;0;0;0;41591;-41591
24/10/2024 18:30;24/10/2024 18:45;75;kWh;-33387;0;0;0;33387;-33387
24/10/2024 18:45;24/10/2024 19:00;76;kWh;-62014;0;0;0;62014;-62014
24/10/2024 19:00;24/10/2024 19:15;77;kWh;-35634;11351;0;0;46985;-24283
24/10/2024 19:15;24/10/2024 19:30;78;kWh;-19449;1579;0;0;21028;-17870
24/10/2024 19:30;24/10/2024 19:45;79;kWh;-62957;0;0;0;62957;-62957
24/10/2024 19:45;24/10/2024 20:00;80;kWh;-64936;0;0;0;64936;-64936
24/10/2024 20:00;24/10/2024 20:15;81;kWh;-78242;0;0;0;78242;-78242
24/10/2024 20:15;24/10/2024 20:30;82;kWh;-40033;2843;0;0;42876;-37190
24/10/2024 20:30;24/10/2024 20:45;83;kWh;-39487;20;0;0;39507;-39467
24/10/2024 20:45;24/10/2024 21:00;84;kWh;-11698;0;0;0;11698;-11698
24/10/2024 21:00;24/10/2024 21:15;85;kWh;-1607;7693;0;0;9300;6086
24/10/2024 21:15;24/10/2024 21:30;86;kWh;0;34052;0;0;34052;34052
24/10/2024 21:30;24/10/2024 21:45;87;kWh;0;38508;0;0;38508;38508
24/10/2024 21:45;24/10/2024 22:00;88;kWh;0;44731;0;0;44731;44731
24/10/2024 22:00;24/10/2024 22:15;89;kWh;0;35845;0;0;35845;35845
24/10/2024 22:15;24/10/2024 22:30;90;kWh;0;44931;0;0;44931;44931
24/10/2024 22:30;24/10/2024 22:45;91;kWh;0;35545;0;0;35545;35545
24/10/2024 22:45;24/10/2024 23:00;92;kWh;0;9653;0;0;9653;9653
24/10/2024 23:00;24/10/2024 23:15;93;kWh;0;46951;0;0;46951;46951
24/10/2024 23:15;24/10/2024 23:30;94;kWh;0;52882;0;0;52882;52882
24/10/2024 23:30;24/10/2024 23:45;95;kWh;0;45012;0;0;45012;45012
24/10/2024 23:45;25/10/2024 00:00;96;kWh;0;7864;0;0;7864;7864
25/10/2024 00:00;25/10/2024 00:15;1;kWh;0;18582;0;0;18582;18582
25/10/2024 00:15;25/10/2024 00:30;2;kWh;0;23222;0;0;23222;23222
25/10/2024 00:30;25/10/2024 00:45;3;kWh;0;16593;0;0;16593;16593
25/10/2024 00:45;25/10/2024 01:00;4;kWh;0;189;0;0;189;189
25/10/2024 01:00;25/10/2024 01:15;5;kWh;0;26896;0;0;26896;26896
25/10/2024 01:15;25/10/2024 01:30;6;kWh;0;12110;0;0;12110;12110
25/10/2024 01:30;25/10/2024 01:45;7;kWh;0;4077;0;0;4077;4077
25/10/2024 01:45;25/10/2024 02:00;8;kWh;-3;4515;0;0;4518;4512
25/10/2024 02:00;25/10/2024 02:15;9;kWh;-283;0;0;0;283;-283
25/10/2024 02:15;25/10/2024 02:30;10;kWh;0;1580;0;0;1580;1580
25/10/2024 02:30;25/10/2024 02:45;11;kWh;0;3522;0;0;3522;3522
25/10/2024 02:45;25/10/2024 03:00;12;kWh;-8305;478;0;0;8783;-7827
25/10/2024 03:00;25/10/2024 03:15;13;kWh;-45867;0;0;0;45867;-45867
25/10/2024 03:15;25/10/2024 03:30;14;kWh;-34180;0;0;0;34180;-34180
25/10/2024 03:30;25/10/2024 03:45;15;kWh;-6734;0;0;0;6734;-6734
25/10/2024 03:45;25/10/2024 04:00;16;kWh;0;5863;0;0;5863;5863
25/10/2024 04:00;25/10/2024 04:15;17;kWh;0;53235;0;0;53235;53235
25/10/2024 04:15;25/10/2024 04:30;18;kWh;0;75480;0;0;75480;75480
25/10/2024 04:30;25/10/2024 04:45;19;kWh;0;53091;0;0;53091;53091
25/10/2024 04:45;25/10/2024 05:00;20;kWh;0;50824;0;0;50824;50824
25/10/2024 05:00;25/10/2024 05:15;21;kWh;0;3890;0;0;3890;3890
25/10/2024 05:15;25/10/2024 05:30;22;kWh;0;3383;0;0;3383;3383
25/10/2024 05:30;25/10/2024 05:45;23;kWh;0;2524;0;0;2524;2524
25/10/2024 05:45;25/10/2024 06:00;24;kWh;-2768;2023;0;0;4791;-745
25/10/2024 06:00;25/10/2024 06:15;25;kWh;-24548;1243;0;0;25791;-23305
25/10/2024 06:15;25/10/2024 06:30;26;kWh;-18343;912;0;0;19255;-17431
25/10/2024 06:30;25/10/2024 06:45;27;kWh;-11541;1239;0;0;12780;-10302
25/10/2024 06:45;25/10/2024 07:00;28;kWh;0;3640;0;0;3640;3640
25/10/2024 07:00;25/10/2024 07:15;29;kWh;-36045;49;0;0;36094;-35996
25/10/2024 07:15;25/10/2024 07:30;30;kWh;-26055;0;0;0;26055;-26055
25/10/2024 07:30;25/10/2024 07:45;31;kWh;0;3517;0;0;3517;3517
25/10/2024 07:45;25/10/2024 08:00;32;kWh;0;28012;0;0;28012;28012
25/10/2024 08:00;25/10/2024 08:15;33;kWh;0;24099;0;0;24099;24099
25/10/2024 08:15;25/10/2024 08:30;34;kWh;-154;2912;0;0;3066;2758
25/10/2024 08:30;25/10/2024 08:45;35;kWh;-409;7852;0;0;8261;7443
25/10/2024 08:45;25/10/2024 09:00;36;kWh;-5219;0;0;0;5219;-5219
25/10/2024 09:00;25/10/2024 09:15;37;kWh;-1240;0;0;0;1240;-1240
25/10/2024 09:15;25/10/2024 09:30;38;kWh;-2423;10368;0;0;12791;7945
25/10/2024 09:30;25/10/2024 09:45;39;kWh;-4641;22547;0;0;27188;17906
25/10/2024 09:45;25/10/2024 10:00;40;kWh;0;113;0;0;113;113
25/10/2024 10:00;25/10/2024 10:15;41;kWh;0;21237;0;0;21237;21237
25/10/2024 10:15;25/10/2024 10:30;42;kWh;-528;3868;0;0;4396;3340
25/10/2024 10:30;25/10/2024 10:45;43;kWh;-518;16393;0;0;16911;15875
25/10/2024 10:45;25/10/2024 11:00;44;kWh;0;25235;0;0;25235;25235
25/10/2024 11:00;25/10/2024 11:15;45;kWh;0;20464;0;0;20464;20464
25/10/2024 11:15;25/10/2024 11:30;46;kWh;-6790;10908;0;0;17698;4118
25/10/2024 11:30;25/10/2024 11:45;47;kWh;-32166;0;0;0;32166;-32166
25/10/2024 11:45;25/10/2024 12:00;48;kWh;-16499;0;0;0;16499;-16499
25/10/2024 12:00;25/10/2024 12:15;49;kWh;-12718;24682;0;0;37400;11964
25/10/2024 12:15;25/10/2024 12:30;50;kWh;-50;16467;0;0;16517;16417
25/10/2024 12:30;25/10/2024 12:45;51;kWh;-1643;68;0;0;1711;-1575
25/10/2024 12:45;25/10/2024 13:00;52;kWh;-33582;0;0;0;33582;-33582
25/10/2024 13:00;25/10/2024 13:15;53;kWh;-36060;0;0;0;36060;-36060
25/10/2024 13:15;25/10/2024 13:30;54;kWh;-7611;0;0;0;7611;-7611
25/10/2024 13:30;25/10/2024 13:45;55;kWh;-28630;0;0;0;28630;-28630
25/10/2024 13:45;25/10/2024 14:00;56;kWh;-30201;0;0;0;30201;-30201
25/10/2024 14:00;25/10/2024 14:15;57;kWh;-23303;0;0;0;23303;-23303
25/10/2024 14:15;25/10/2024 14:30;58;kWh;0;0;0;0;0;0
25/10/2024 14:30;25/10/2024 14:45;59;kWh;0;14;0;0;14;14
25/10/2024 14:45;25/10/2024 15:00;60;kWh;0;1129;0;0;1129;1129
25/10/2024 15:00;25/10/2024 15:15;61;kWh;-23788;7;0;0;23795;-23781
25/10/2024 15:15;25/10/2024 15:30;62;kWh;-2924;0;0;0;2924;-2924
25/10/2024 15:30;25/10/2024 15:45;63;kWh;-575;0;0;0;575;-575
25/10/2024 15:45;25/10/2024 16:00;64;kWh;-13128;0;0;0;13128;-13128
25/10/2024 16:00;25/10/2024 16:15;65;kWh;-68629;13;0;0;68642;-68616
25/10/2024 16:15;25/10/2024 16:30;66;kWh;-11937;1110;0;0;13047;-10827
25/10/2024 16:30;25/10/2024 16:45;67;kWh;-3117;19471;0;0;22588;16354
25/10/2024 16:45;25/10/2024 17:00;68;kWh;-258;23333;0;0;23591;23075
25/10/2024 17:00;25/10/2024 17:15;69;kWh;-64324;1431;0;0;65755;-62893
25/10/2024 17:15;25/10/2024 17:30;70;kWh;-2953;15286;0;0;18239;12333
25/10/2024 17:30;25/10/2024 17:45;71;kWh;0;21612;0;0;21612;21612
25/10/2024 17:45;25/10/2024 18:00;72;kWh;0;41825;0;0;41825;41825
25/10/2024 18:00;25/10/2024 18:15;73;kWh;-25007;14226;0;0;39233;-10781
25/10/2024 18:15;25/10/2024 18:30;74;kWh;-13107;1166;0;0;14273;-11941
25/10/2024 18:30;25/10/2024 18:45;75;kWh;0;19542;0;0;19542;19542
25/10/2024 18:45;25/10/2024 19:00;76;kWh;0;9833;0;0;9833;9833
25/10/2024 19:00;25/10/2024 19:15;77;kWh;0;14083;0;0;14083;14083
25/10/2024 19:15;25/10/2024 19:30;78;kWh;-3224;350;0;0;3574;-2874
25/10/2024 19:30;25/10/2024 19:45;79;kWh;-15396;0;0;0;15396;-15396
25/10/2024 19:45;25/10/2024 20:00;80;kWh;-29176;386;0;0;29562;-28790
25/10/2024 20:00;25/10/2024 20:15;81;kWh;-406;43419;0;0;43825;43013
25/10/2024 20:15;25/10/2024 20:30;82;kWh;-369;10613;0;0;10982;10244
25/10/2024 20:30;25/10/2024 20:45;83;kWh;-1810;5835;0;0;7645;4025
25/10/2024 20:45;25/10/2024 21:00;84;kWh;-47795;0;0;0;47795;-47795
25/10/2024 21:00;25/10/2024 21:15;85;kWh;-33585;4;0;0;33589;-33581
25/10/2024 21:15;25/10/2024 21:30;86;kWh;-9522;0;0;0;9522;-9522
25/10/2024 21:30;25/10/2024 21:45;87;kWh;-3394;9369;0;0;12763;5975
25/10/2024 21:45;25/10/2024 22:00;88;kWh;-5611;0;0;0;5611;-5611
25/10/2024 22:00;25/10/2024 22:15;89;kWh;-9163;0;0;0;9163;-9163
25/10/2024 22:15;25/10/2024 22:30;90;kWh;-10373;978;0;0;11351;-9395
25/10/2024 22:30;25/10/2024 22:45;91;kWh;0;9234;0;0;9234;9234
25/10/2024 22:45;25/10/2024 23:00;92;kWh;0;12638;0;0;12638;12638
25/10/2024 23:00;25/10/2024 23:15;93;kWh;-4;4338;0;0;4342;4334
25/10/2024 23:15;25/10/2024 23:30;94;kWh;-964;1768;0;0;2732;804
25/10/2024 23:30;25/10/2024 23:45;95;kWh;-3737;163;0;0;3900;-3574
25/10/2024 23:45;26/10/2024 00:00;96;kWh;-1633;0;0;0;1633;-1633
26/10/2024 00:00;26/10/2024 00:15;1;kWh;-573;22050;0;0;22623;21477
26/10/2024 00:15;26/10/2024 00:30;2;kWh;0;53009;0;0;53009;53009
26/10/2024 00:30;26/10/2024 00:45;3;kWh;0;44107;0;0;44107;44107
26/10/2024 00:45;26/10/2024 01:00;4;kWh;0;18431;0;0;18431;18431
26/10/2024 01:00;26/10/2024 01:15;5;kWh;0;40969;0;0;40969;40969
26/10/2024 01:15;26/10/2024 01:30;6;kWh;0;57156;0;0;57156;57156
26/10/2024 01:30;26/10/2024 01:45;7;kWh;0;31130;0;0;31130;31130
26/10/2024 01:45;26/10/2024 02:00;8;kWh;-151;1740;0;0;1891;1589
26/10/2024 02:00;26/10/2024 02:15;9;kWh;-492;25975;0;0;26467;25483
26/10/2024 02:15;26/10/2024 02:30;10;kWh;0;32448;0;0;32448;32448
26/10/2024 02:30;26/10/2024 02:45;11;kWh;0;31353;0;0;31353;31353
26/10/2024 02:45;26/10/2024 03:00;12;kWh;0;34587;0;0;34587;34587
26/10/2024 03:00;26/10/2024 03:15;13;kWh;0;57400;0;0;57400;57400
26/10/2024 03:15;26/10/2024 03:30;14;kWh;0;84388;0;0;84388;84388
26/10/2024 03:30;26/10/2024 03:45;15;kWh;0;72729;0;0;72729;72729
26/10/2024 03:45;26/10/2024 04:00;16;kWh;0;39305;0;0;39305;39305
26/10/2024 04:00;26/10/2024 04:15;17;kWh;0;25515;0;0;25515;25515
26/10/2024 04:15;26/10/2024 04:30;18;kWh;0;15359;0;0;15359;15359
26/10/2024 04:30;26/10/2024 04:45;19;kWh;0;33352;0;0;33352;33352
26/10/2024 04:45;26/10/2024 05:00;20;kWh;0;26367;0;0;26367;26367
26/10/2024 05:00;26/10/2024 05:15;21;kWh;0;18594;0;0;18594;18594
26/10/2024 05:15;26/10/2024 05:30;22;kWh;0;14988;0;0;14988;14988
26/10/2024 05:30;26/10/2024 05:45;23;kWh;0;15774;0;0;15774;15774
26/10/2024 05:45;26/10/2024 06:00;24;kWh;-158;10233;0;0;10391;10075
26/10/2024 06:00;26/10/2024 06:15;25;kWh;-1627;43;0;0;1670;-1584
26/10/2024 06:15;26/10/2024 06:30;26;kWh;0;26704;0;0;26704;26704
26/10/2024 06:30;26/10/2024 06:45;27;kWh;0;42617;0;0;42617;42617
26/10/2024 06:45;26/10/2024 07:00;28;kWh;-823;22529;0;0;23352;21706
26/10/2024 07:00;26/10/2024 07:15;29;kWh;-3103;3361;0;0;6464;258
26/10/2024 07:15;26/10/2024 07:30;30;kWh;0;26371;0;0;26371;26371
26/10/2024 07:30;26/10/2024 07:45;31;kWh;0;29675;0;0;29675;29675
26/10/2024 07:45;26/10/2024 08:00;32;kWh;0;40441;0;0;40441;40441
26/10/2024 08:00;26/10/2024 08:15;33;kWh;0;6524;0;0;6524;6524
26/10/2024 08:15;26/10/2024 08:30;34;kWh;0;4744;0;0;4744;4744
26/10/2024 08:30;26/10/2024 08:45;35;kWh;0;3216;0;0;3216;3216
26/10/2024 08:45;26/10/2024 09:00;36;kWh;0;858;0;0;858;858
26/10/2024 09:00;26/10/2024 09:15;37;kWh;0;9516;0;0;9516;9516
26/10/2024 09:15;26/10/2024 09:30;38;kWh;0;26984;0;0;26984;26984
26/10/2024 09:30;26/10/2024 09:45;39;kWh;-1152;40;0;0;1192;-1112
26/10/2024 09:45;26/10/2024 10:00;40;kWh;-2354;217;0;0;2571;-2137
26/10/2024 10:00;26/10/2024 10:15;41;kWh;-339;25043;0;0;25382;24704
26/10/2024 10:15;26/10/2024 10:30;42;kWh;0;810;0;0;810;810
26/10/2024 10:30;26/10/2024 10:45;43;kWh;-51;0;0;0;51;-51
26/10/2024 10:45;26/10/2024 11:00;44;kWh;-22268;0;0;0;22268;-22268
26/10/2024 11:00;26/10/2024 11:15;45;kWh;-32820;0;0;0;32820;-32820
26/10/2024 11:15;26/10/2024 11:30;46;kWh;-1602;0;0;0;1602;-1602
26/10/2024 11:30;26/10/2024 11:45;47;kWh;-1297;0;0;0;1297;-1297
26/10/2024 11:45;26/10/2024 12:00;48;kWh;-2165;0;0;0;2165;-2165
26/10/2024 12:00;26/10/2024 12:15;49;kWh;-43;4579;0;0;4622;4536
26/10/2024 12:15;26/10/2024 12:30;50;kWh;0;16343;0;0;16343;16343
26/10/2024 12:30;26/10/2024 12:45;51;kWh;-954;90;0;0;1044;-864
26/10/2024 12:45;26/10/2024 13:00;52;kWh;-35250;0;0;0;35250;-35250
26/10/2024 13:00;26/10/2024 13:15;53;kWh;-15570;13;0;0;15583;-15557
26/10/2024 13:15;26/10/2024 13:30;54;kWh;-830;509;0;0;1339;-321
26/10/2024 13:30;26/10/2024 13:45;55;kWh;-5179;0;0;0;5179;-5179
26/10/2024 13:45;26/10/2024 14:00;56;kWh;-13072;0;0;0;13072;-13072
26/10/2024 14:00;26/10/2024 14:15;57;kWh;-25497;0;0;0;25497;-25497
26/10/2024 14:15;26/10/2024 14:30;58;kWh;-275;169;0;0;444;-106
26/10/2024 14:30;26/10/2024 14:45;59;kWh;0;350;0;0;350;350
26/10/2024 14:45;26/10/2024 15:00;60;kWh;0;10695;0;0;10695;10695
26/10/2024 15:00;26/10/2024 15:15;61;kWh;-241;4544;0;0;4785;4303
26/10/2024 15:15;26/10/2024 15:30;62;kWh;0;26215;0;0;26215;26215
26/10/2024 15:30;26/10/2024 15:45;63;kWh;0;45874;0;0;45874;45874
26/10/2024 15:45;26/10/2024 16:00;64;kWh;0;42014;0;0;42014;42014
26/10/2024 16:00;26/10/2024 16:15;65;kWh;0;19737;0;0;19737;19737
26/10/2024 16:15;26/10/2024 16:30;66;kWh;0;33614;0;0;33614;33614
26/10/2024 16:30;26/10/2024 16:45;67;kWh;0;47667;0;0;47667;47667
26/10/2024 16:45;26/10/2024 17:00;68;kWh;0;47991;0;0;47991;47991
26/10/2024 17:00;26/10/2024 17:15;69;kWh;-1637;14524;0;0;16161;12887
26/10/2024 17:15;26/10/2024 17:30;70;kWh;0;28911;0;0;28911;28911
26/10/2024 17:30;26/10/2024 17:45;71;kWh;0;28347;0;0;28347;28347
26/10/2024 17:45;26/10/2024 18:00;72;kWh;0;35220;0;0;35220;35220
26/10/2024 18:00;26/10/2024 18:15;73;kWh;0;16762;0;0;16762;16762
26/10/2024 18:15;26/10/2024 18:30;74;kWh;0;57186;0;0;57186;57186
26/10/2024 18:30;26/10/2024 18:45;75;kWh;0;39198;0;0;39198;39198
26/10/2024 18:45;26/10/2024 19:00;76;kWh;0;14835;0;0;14835;14835
26/10/2024 19:00;26/10/2024 19:15;77;kWh;0;1317;0;0;1317;1317
26/10/2024 19:15;26/10/2024 19:30;78;kWh;-18;35626;0;0;35644;35608
26/10/2024 19:30;26/10/2024 19:45;79;kWh;-18631;426;0;0;19057;-18205
26/10/2024 19:45;26/10/2024 20:00;80;kWh;-47720;0;0;0;47720;-47720
26/10/2024 20:00;26/10/2024 20:15;81;kWh;-18397;16108;0;0;34505;-2289
26/10/2024 20:15;26/10/2024 20:30;82;kWh;-2250;3483;0;0;5733;1233
26/10/2024 20:30;26/10/2024 20:45;83;kWh;-17973;0;0;0;17973;-17973
26/10/2024 20:45;26/10/2024 21:00;84;kWh;-58160;0;0;0;58160;-58160
26/10/2024 21:00;26/10/2024 21:15;85;kWh;-18801;13462;0;0;32263;-5339
26/10/2024 21:15;26/10/2024 21:30;86;kWh;-4100;471;0;0;4571;-3629
26/10/2024 21:30;26/10/2024 21:45;87;kWh;-10826;0;0;0;10826;-10826
26/10/2024 21:45;26/10/2024 22:00;88;kWh;-29545;0;0;0;29545;-29545
26/10/2024 22:00;26/10/2024 22:15;89;kWh;-15624;36626;0;0;52250;21002
26/10/2024 22:15;26/10/2024 22:30;90;kWh;0;52834;0;0;52834;52834
26/10/2024 22:30;26/10/2024 22:45;91;kWh;0;54510;0;0;54510;54510
26/10/2024 22:45;26/10/2024 23:00;92;kWh;0;43924;0;0;43924;43924
26/10/2024 23:00;26/10/2024 23:15;93;kWh;0;10118;0;0;10118;10118
26/10/2024 23:15;26/10/2024 23:30;94;kWh;0;20505;0;0;20505;20505
26/10/2024 23:30;26/10/2024 23:45;95;kWh;0;7146;0;0;7146;7146
26/10/2024 23:45;27/10/2024 00:00;96;kWh;0;4117;0;0;4117;4117
27/10/2024 00:00;27/10/2024 00:15;1;kWh;0;17838;0;0;17838;17838
27/10/2024 00:15;27/10/2024 00:30;2;kWh;0;15330;0;0;15330;15330
27/10/2024 00:30;27/10/2024 00:45;3;kWh;-9891;0;0;0;9891;-9891
27/10/2024 00:45;27/10/2024 01:00;4;kWh;-20729;0;0;0;20729;-20729
27/10/2024 01:00;27/10/2024 01:15;5;kWh;-39469;0;0;0;39469;-39469
27/10/2024 01:15;27/10/2024 01:30;6;kWh;-38789;0;0;0;38789;-38789
27/10/2024 01:30;27/10/2024 01:45;7;kWh;-22857;0;0;0;22857;-22857
27/10/2024 01:45;27/10/2024 02:00;8;kWh;-86;6463;0;0;6549;6377
27/10/2024 02:00;27/10/2024 02:15;9;kWh;0;21728;0;0;21728;21728
27/10/2024 02:00;27/10/2024 02:15;13;kWh;0;19375;0;0;19375;19375
27/10/2024 02:15;27/10/2024 02:30;10;kWh;-49;5465;0;0;5514;5416
27/10/2024 02:15;27/10/2024 02:30;14;kWh;0;8769;0;0;8769;8769
27/10/2024 02:30;27/10/2024 02:45;11;kWh;-187;1026;0;0;1213;839
27/10/2024 02:30;27/10/2024 02:45;15;kWh;0;13271;0;0;13271;13271
27/10/2024 02:45;27/10/2024 03:00;12;kWh;0;11294;0;0;11294;11294
27/10/2024 02:45;27/10/2024 03:00;16;kWh;0;15045;0;0;15045;15045
27/10/2024 03:00;27/10/2024 03:15;17;kWh;-260;0;0;0;260;-260
27/10/2024 03:15;27/10/2024 03:30;18;kWh;-4672;0;0;0;4672;-4672
27/10/2024 03:30;27/10/2024 03:45;19;kWh;-541;0;0;0;541;-541
27/10/2024 03:45;27/10/2024 04:00;20;kWh;-1211;0;0;0;1211;-1211
27/10/2024 04:00;27/10/2024 04:15;21;kWh;-1395;0;0;0;1395;-1395
27/10/2024 04:15;27/10/2024 04:30;22;kWh;-115;0;0;0;115;-115
27/10/2024 04:30;27/10/2024 04:45;23;kWh;-2240;0;0;0;2240;-2240
27/10/2024 04:45;27/10/2024 05:00;24;kWh;-376;0;0;0;376;-376
27/10/2024 05:00;27/10/2024 05:15;25;kWh;-2072;0;0;0;2072;-2072
27/10/2024 05:15;27/10/2024 05:30;26;kWh;-687;0;0;0;687;-687
27/10/2024 05:30;27/10/2024 05:45;27;kWh;-9432;0;0;0;9432;-9432
27/10/2024 05:45;27/10/2024 06:00;28;kWh;-5767;685;0;0;6452;-5082
27/10/2024 06:00;27/10/2024 06:15;29;kWh;-378;21513;0;0;21891;21135
27/10/2024 06:15;27/10/2024 06:30;30;kWh;0;44734;0;0;44734;44734
27/10/2024 06:30;27/10/2024 06:45;31;kWh;0;59034;0;0;59034;59034
27/10/2024 06:45;27/10/2024 07:00;32;kWh;0;70489;0;0;70489;70489
27/10/2024 07:00;27/10/2024 07:15;33;kWh;0;30000;0;0;30000;30000
27/10/2024 07:15;27/10/2024 07:30;34;kWh;0;4624;0;0;4624;4624
27/10/2024 07:30;27/10/2024 07:45;35;kWh;0;26552;0;0;26552;26552
27/10/2024 07:45;27/10/2024 08:00;36;kWh;0;39804;0;0;39804;39804
27/10/2024 08:00;27/10/2024 08:15;37;kWh;0;48707;0;0;48707;48707
27/10/2024 08:15;27/10/2024 08:30;38;kWh;0;7865;0;0;7865;7865
27/10/2024 08:30;27/10/2024 08:45;39;kWh;-841;987;0;0;1828;146
27/10/2024 08:45;27/10/2024 09:00;40;kWh;-8612;0;0;0;8612;-8612
27/10/2024 09:00;27/10/2024 09:15;41;kWh;-21183;0;0;0;21183;-21183
27/10/2024 09:15;27/10/2024 09:30;42;kWh;-10816;0;0;0;10816;-10816
27/10/2024 09:30;27/10/2024 09:45;43;kWh;-37570;0;0;0;37570;-37570
27/10/2024 09:45;27/10/2024 10:00;44;kWh;-54381;0;0;0;54381;-54381
27/10/2024 10:00;27/10/2024 10:15;45;kWh;-17032;966;0;0;17998;-16066
27/10/2024 10:15;27/10/2024 10:30;46;kWh;-37809;0;0;0;37809;-37809
27/10/2024 10:30;27/10/2024 10:45;47;kWh;-61460;0;0;0;61460;-61460
27/10/2024 10:45;27/10/2024 11:00;48;kWh;-29692;0;0;0;29692;-29692
27/10/2024 11:00;27/10/2024 11:15;49;kWh;-1553;0;0;0;1553;-1553
27/10/2024 11:15;27/10/2024 11:30;50;kWh;-2606;0;0;0;2606;-2606
27/10/2024 11:30;27/10/2024 11:45;51;kWh;-680;0;0;0;680;-680
27/10/2024 11:45;27/10/2024 12:00;52;kWh;-11;25;0;0;36;14
27/10/2024 12:00;27/10/2024 12:15;53;kWh;0;43282;0;0;43282;43282
27/10/2024 12:15;27/10/2024 12:30;54;kWh;0;71506;0;0;71506;71506
27/10/2024 12:30;27/10/2024 12:45;55;kWh;0;36772;0;0;36772;36772
27/10/2024 12:45;27/10/2024 13:00;56;kWh;0;47557;0;0;47557;47557
27/10/2024 13:00;27/10/2024 13:15;57;kWh;-39099;8540;0;0;47639;-30559
27/10/2024 13:15;27/10/2024 13:30;58;kWh;-4430;0;0;0;4430;-4430
27/10/2024 13:30;27/10/2024 13:45;59;kWh;-1759;0;0;0;1759;-1759
27/10/2024 13:45;27/10/2024 14:00;60;kWh;-3;13295;0;0;13298;13292
27/10/2024 14:00;27/10/2024 14:15;61;kWh;0;4221;0;0;4221;4221
27/10/2024 14:15;27/10/2024 14:30;62;kWh;0;4219;0;0;4219;4219
27/10/2024 14:30;27/10/2024 14:45;63;kWh;0;18499;0;0;18499;18499
27/10/2024 14:45;27/10/2024 15:00;64;kWh;0;10294;0;0;10294;10294
27/10/2024 15:00;27/10/2024 15:15;65;kWh;-8775;3513;0;0;12288;-5262
27/10/2024 15:15;27/10/2024 15:30;66;kWh;0;26195;0;0;26195;26195
27/10/2024 15:30;27/10/2024 15:45;67;kWh;0;57037;0;0;57037;57037
27/10/2024 15:45;27/10/2024 16:00;68;kWh;0;76927;0;0;76927;76927
27/10/2024 16:00;27/10/2024 16:15;69;kWh;0;69477;0;0;69477;69477
27/10/2024 16:15;27/10/2024 16:30;70;kWh;0;70876;0;0;70876;70876
27/10/2024 16:30;27/10/2024 16:45;71;kWh;0;65852;0;0;65852;65852
27/10/2024 16:45;27/10/2024 17:00;72;kWh;-3838;18318;0;0;22156;14480
27/10/2024 17:00;27/10/2024 17:15;73;kWh;-34;28504;0;0;28538;28470
27/10/2024 17:15;27/10/2024 17:30;74;kWh;0;84311;0;0;84311;84311
27/10/2024 17:30;27/10/2024 17:45;75;kWh;0;93507;0;0;93507;93507
27/10/2024 17:45;27/10/2024 18:00;76;kWh;0;95487;0;0;95487;95487
27/10/2024 18:00;27/10/2024 18:15;77;kWh;0;80781;0;0;80781;80781
27/10/2024 18:15;27/10/2024 18:30;78;kWh;0;75460;0;0;75460;75460
27/10/2024 18:30;27/10/2024 18:45;79;kWh;0;39849;0;0;39849;39849
27/10/2024 18:45;27/10/2024 19:00;80;kWh;-32;3302;0;0;3334;3270
27/10/2024 19:00;27/10/2024 19:15;81;kWh;-255;1525;0;0;1780;1270
27/10/2024 19:15;27/10/2024 19:30;82;kWh;-3695;59;0;0;3754;-3636
27/10/2024 19:30;27/10/2024 19:45;83;kWh;-1236;10366;0;0;11602;9130
27/10/2024 19:45;27/10/2024 20:00;84;kWh;0;36947;0;0;36947;36947
27/10/2024 20:00;27/10/2024 20:15;85;kWh;0;66339;0;0;66339;66339
27/10/2024 20:15;27/10/2024 20:30;86;kWh;-18;66597;0;0;66615;66579
27/10/2024 20:30;27/10/2024 20:45;87;kWh;-350;3723;0;0;4073;3373
27/10/2024 20:45;27/10/2024 21:00;88;kWh;-27953;6;0;0;27959;-27947
27/10/2024 21:00;27/10/2024 21:15;89;kWh;-22743;13369;0;0;36112;-9374
27/10/2024 21:15;27/10/2024 21:30;90;kWh;-25153;394;0;0;25547;-24759
27/10/2024 21:30;27/10/2024 21:45;91;kWh;-23211;1038;0;0;24249;-22173
27/10/2024 21:45;27/10/2024 22:00;92;kWh;-34442;40;0;0;34482;-34402
27/10/2024 22:00;27/10/2024 22:15;93;kWh;-37816;0;0;0;37816;-37816
27/10/2024 22:15;27/10/2024 22:30;94;kWh;-36528;0;0;0;36528;-36528
27/10/2024 22:30;27/10/2024 22:45;95;kWh;-41927;0;0;0;41927;-41927
27/10/2024 22:45;27/10/2024 23:00;96;kWh;-22470;0;0;0;22470;-22470
27/10/2024 23:00;27/10/2024 23:15;97;kWh;-38466;0;0;0;38466;-38466
27/10/2024 23:15;27/10/2024 23:30;98;kWh;-6827;7608;0;0;14435;781
27/10/2024 23:30;27/10/2024 23:45;99;kWh;-1417;1720;0;0;3137;303
27/10/2024 23:45;28/10/2024 00:00;100;kWh;-8256;8;0;0;8264;-8248
28/10/2024 00:00;28/10/2024 00:15;1;kWh;-6733;0;0;0;6733;-6733
28/10/2024 00:15;28/10/2024 00:30;2;kWh;-32660;0;0;0;32660;-32660
28/10/2024 00:30;28/10/2024 00:45;3;kWh;-63530;0;0;0;63530;-63530
28/10/2024 00:45;28/10/2024 01:00;4;kWh;-68877;0;0;0;68877;-68877
28/10/2024 01:00;28/10/2024 01:15;5;kWh;-20887;739;0;0;21626;-20148
28/10/2024 01:15;28/10/2024 01:30;6;kWh;-51468;0;0;0;51468;-51468
28/10/2024 01:30;28/10/2024 01:45;7;kWh;-71501;0;0;0;71501;-71501
28/10/2024 01:45;28/10/2024 02:00;8;kWh;-61861;0;0;0;61861;-61861
28/10/2024 02:00;28/10/2024 02:15;9;kWh;-57771;0;0;0;57771;-57771
28/10/2024 02:15;28/10/2024 02:30;10;kWh;-64993;0;0;0;64993;-64993
28/10/2024 02:30;28/10/2024 02:45;11;kWh;-68485;0;0;0;68485;-68485
28/10/2024 02:45;28/10/2024 03:00;12;kWh;-70721;0;0;0;70721;-70721
28/10/2024 03:00;28/10/2024 03:15;13;kWh;-46176;0;0;0;46176;-46176
28/10/2024 03:15;28/10/2024 03:30;14;kWh;-42503;0;0;0;42503;-42503
28/10/2024 03:30;28/10/2024 03:45;15;kWh;-46179;0;0;0;46179;-46179
28/10/2024 03:45;28/10/2024 04:00;16;kWh;-63486;0;0;0;63486;-63486
28/10/2024 04:00;28/10/2024 04:15;17;kWh;-20322;0;0;0;20322;-20322
28/10/2024 04:15;28/10/2024 04:30;18;kWh;-20093;0;0;0;20093;-20093
28/10/2024 04:30;28/10/2024 04:45;19;kWh;-54102;0;0;0;54102;-54102
28/10/2024 04:45;28/10/2024 05:00;20;kWh;-49069;0;0;0;49069;-49069
28/10/2024 05:00;28/10/2024 05:15;21;kWh;-61433;0;0;0;61433;-61433
28/10/2024 05:15;28/10/2024 05:30;22;kWh;-48890;0;0;0;48890;-48890
28/10/2024 05:30;28/10/2024 05:45;23;kWh;-47162;0;0;0;47162;-47162
28/10/2024 05:45;28/10/2024 06:00;24;kWh;-48130;0;0;0;48130;-48130
28/10/2024 06:00;28/10/2024 06:15;25;kWh;-70376;0;0;0;70376;-70376
28/10/2024 06:15;28/10/2024 06:30;26;kWh;-53031;0;0;0;53031;-53031
28/10/2024 06:30;28/10/2024 06:45;27;kWh;-23714;0;0;0;23714;-23714
28/10/2024 06:45;28/10/2024 07:00;28;kWh;-19974;0;0;0;19974;-19974
28/10/2024 07:00;28/10/2024 07:15;29;kWh;-69030;0;0;0;69030;-69030
28/10/2024 07:15;28/10/2024 07:30;30;kWh;-19172;0;0;0;19172;-19172
28/10/2024 07:30;28/10/2024 07:45;31;kWh;-21558;0;0;0;21558;-21558
28/10/2024 07:45;28/10/2024 08:00;32;kWh;-15278;0;0;0;15278;-15278
28/10/2024 08:00;28/10/2024 08:15;33;kWh;-2451;39;0;0;2490;-2412
28/10/2024 08:15;28/10/2024 08:30;34;kWh;-10811;196;0;0;11007;-10615
28/10/2024 08:30;28/10/2024 08:45;35;kWh;-21817;0;0;0;21817;-21817
28/10/2024 08:45;28/10/2024 09:00;36;kWh;-43493;0;0;0;43493;-43493
28/10/2024 09:00;28/10/2024 09:15;37;kWh;-24176;0;0;0;24176;-24176
28/10/2024 09:15;28/10/2024 09:30;38;kWh;-31972;363;0;0;32335;-31609
28/10/2024 09:30;28/10/2024 09:45;39;kWh;-11136;0;0;0;11136;-11136
28/10/2024 09:45;28/10/2024 10:00;40;kWh;-19515;0;0;0;19515;-19515
28/10/2024 10:00;28/10/2024 10:15;41;kWh;-22301;0;0;0;22301;-22301
28/10/2024 10:15;28/10/2024 10:30;42;kWh;-14927;8;0;0;14935;-14919
28/10/2024 10:30;28/10/2024 10:45;43;kWh;-1107;0;0;0;1107;-1107
28/10/2024 10:45;28/10/2024 11:00;44;kWh;-371;0;0;0;371;-371
28/10/2024 11:00;28/10/2024 11:15;45;kWh;0;2110;0;0;2110;2110
28/10/2024 11:15;28/10/2024 11:30;46;kWh;-2008;1058;0;0;3066;-950
28/10/2024 11:30;28/10/2024 11:45;47;kWh;-499;28000;0;0;28499;27501
28/10/2024 11:45;28/10/2024 12:00;48;kWh;0;23602;0;0;23602;23602
28/10/2024 12:00;28/10/2024 12:15;49;kWh;-3820;317;0;0;4137;-3503
28/10/2024 12:15;28/10/2024 12:30;50;kWh;-15241;0;0;0;15241;-15241
28/10/2024 12:30;28/10/2024 12:45;51;kWh;-11574;0;0;0;11574;-11574
28/10/2024 12:45;28/10/2024 13:00;52;kWh;-19904;0;0;0;19904;-19904
28/10/2024 13:00;28/10/2024 13:15;53;kWh;-10491;0;0;0;10491;-10491
28/10/2024 13:15;28/10/2024 13:30;54;kWh;-2386;0;0;0;2386;-2386
28/10/2024 13:30;28/10/2024 13:45;55;kWh;-2990;0;0;0;2990;-2990
28/10/2024 13:45;28/10/2024 14:00;56;kWh;-1586;0;0;0;1586;-1586
28/10/2024 14:00;28/10/2024 14:15;57;kWh;0;0;0;0;0;0
28/10/2024 14:15;28/10/2024 14:30;58;kWh;-15896;0;0;0;15896;-15896
28/10/2024 14:30;28/10/2024 14:45;59;kWh;-23;0;0;0;23;-23
28/10/2024 14:45;28/10/2024 15:00;60;kWh;-734;0;0;0;734;-734
28/10/2024 15:00;28/10/2024 15:15;61;kWh;-7500;0;0;0;7500;-7500
28/10/2024 15:15;28/10/2024 15:30;62;kWh;-50742;0;0;0;50742;-50742
28/10/2024 15:30;28/10/2024 15:45;63;kWh;-60792;0;0;0;60792;-60792
28/10/2024 15:45;28/10/2024 16:00;64;kWh;-79136;0;0;0;79136;-79136
28/10/2024 16:00;28/10/2024 16:15;65;kWh;-51646;0;0;0;51646;-51646
28/10/2024 16:15;28/10/2024 16:30;66;kWh;-51595;0;0;0;51595;-51595
28/10/2024 16:30;28/10/2024 16:45;67;kWh;-34454;0;0;0;34454;-34454
28/10/2024 16:45;28/10/2024 17:00;68;kWh;-15725;0;0;0;15725;-15725
28/10/2024 17:00;28/10/2024 17:15;69;kWh;-72232;6614;0;0;78846;-65618
28/10/2024 17:15;28/10/2024 17:30;70;kWh;-119;24449;0;0;24568;24330
28/10/2024 17:30;28/10/2024 17:45;71;kWh;0;33579;0;0;33579;33579
28/10/2024 17:45;28/10/2024 18:00;72;kWh;0;50669;0;0;50669;50669
28/10/2024 18:00;28/10/2024 18:15;73;kWh;-7098;9322;0;0;16420;2224
28/10/2024 18:15;28/10/2024 18:30;74;kWh;-19354;0;0;0;19354;-19354
28/10/2024 18:30;28/10/2024 18:45;75;kWh;-33611;0;0;0;33611;-33611
28/10/2024 18:45;28/10/2024 19:00;76;kWh;-40613;0;0;0;40613;-40613
28/10/2024 19:00;28/10/2024 19:15;77;kWh;-13323;1103;0;0;14426;-12220
28/10/2024 19:15;28/10/2024 19:30;78;kWh;-3509;0;0;0;3509;-3509
28/10/2024 19:30;28/10/2024 19:45;79;kWh;-28157;0;0;0;28157;-28157
28/10/2024 19:45;28/10/2024 20:00;80;kWh;-36524;0;0;0;36524;-36524
28/10/2024 20:00;28/10/2024 20:15;81;kWh;-10384;8022;0;0;18406;-2362
28/10/2024 20:15;28/10/2024 20:30;82;kWh;-2448;1422;0;0;3870;-1026
28/10/2024 20:30;28/10/2024 20:45;83;kWh;-14024;0;0;0;14024;-14024
28/10/2024 20:45;28/10/2024 21:00;84;kWh;-9963;0;0;0;9963;-9963
28/10/2024 21:00;28/10/2024 21:15;85;kWh;-33675;0;0;0;33675;-33675
28/10/2024 21:15;28/10/2024 21:30;86;kWh;-26878;0;0;0;26878;-26878
28/10/2024 21:30;28/10/2024 21:45;87;kWh;-24628;0;0;0;24628;-24628
28/10/2024 21:45;28/10/2024 22:00;88;kWh;-5173;9613;0;0;14786;4440
28/10/2024 22:00;28/10/2024 22:15;89;kWh;-1818;6508;0;0;8326;4690
28/10/2024 22:15;28/10/2024 22:30;90;kWh;-1938;0;0;0;1938;-1938
28/10/2024 22:30;28/10/2024 22:45;91;kWh;-3438;0;0;0;3438;-3438
28/10/2024 22:45;28/10/2024 23:00;92;kWh;-1362;119;0;0;1481;-1243
28/10/2024 23:00;28/10/2024 23:15;93;kWh;-1333;27060;0;0;28393;25727
28/10/2024 23:15;28/10/2024 23:30;94;kWh;0;4754;0;0;4754;4754
28/10/2024 23:30;28/10/2024 23:45;95;kWh;0;562;0;0;562;562
28/10/2024 23:45;29/10/2024 00:00;96;kWh;-4704;52;0;0;4756;-4652
29/10/2024 00:00;29/10/2024 00:15;1;kWh;-28813;0;0;0;28813;-28813
29/10/2024 00:15;29/10/2024 00:30;2;kWh;-22792;0;0;0;22792;-22792
29/10/2024 00:30;29/10/2024 00:45;3;kWh;-15077;0;0;0;15077;-15077
29/10/2024 00:45;29/10/2024 01:00;4;kWh;-1895;8094;0;0;9989;6199
29/10/2024 01:00;29/10/2024 01:15;5;kWh;0;46032;0;0;46032;46032
29/10/2024 01:15;29/10/2024 01:30;6;kWh;0;51111;0;0;51111;51111
29/10/2024 01:30;29/10/2024 01:45;7;kWh;0;52787;0;0;52787;52787
29/10/2024 01:45;29/10/2024 02:00;8;kWh;0;48273;0;0;48273;48273
29/10/2024 02:00;29/10/2024 02:15;9;kWh;0;29119;0;0;29119;29119
29/10/2024 02:15;29/10/2024 02:30;10;kWh;-64;4499;0;0;4563;4435
29/10/2024 02:30;29/10/2024 02:45;11;kWh;0;32636;0;0;32636;32636
29/10/2024 02:45;29/10/2024 03:00;12;kWh;0;17200;0;0;17200;17200
29/10/2024 03:00;29/10/2024 03:15;13;kWh;0;5607;0;0;5607;5607
29/10/2024 03:15;29/10/2024 03:30;14;kWh;0;17274;0;0;17274;17274
29/10/2024 03:30;29/10/2024 03:45;15;kWh;0;8027;0;0;8027;8027
29/10/2024 03:45;29/10/2024 04:00;16;kWh;-1288;1927;0;0;3215;639
29/10/2024 04:00;29/10/2024 04:15;17;kWh;-60559;0;0;0;60559;-60559
29/10/2024 04:15;29/10/2024 04:30;18;kWh;-3403;0;0;0;3403;-3403
29/10/2024 04:30;29/10/2024 04:45;19;kWh;-14381;0;0;0;14381;-14381
29/10/2024 04:45;29/10/2024 05:00;20;kWh;-5303;0;0;0;5303;-5303
29/10/2024 05:00;29/10/2024 05:15;21;kWh;-14806;0;0;0;14806;-14806
29/10/2024 05:15;29/10/2024 05:30;22;kWh;-1310;5503;0;0;6813;4193
29/10/2024 05:30;29/10/2024 05:45;23;kWh;0;8415;0;0;8415;8415
29/10/2024 05:45;29/10/2024 06:00;24;kWh;-1318;0;0;0;1318;-1318
29/10/2024 06:00;29/10/2024 06:15;25;kWh;-40119;3724;0;0;43843;-36395
29/10/2024 06:15;29/10/2024 06:30;26;kWh;-6604;6643;0;0;13247;39
29/10/2024 06:30;29/10/2024 06:45;27;kWh;-201;1069;0;0;1270;868
29/10/2024 06:45;29/10/2024 07:00;28;kWh;0;12244;0;0;12244;12244
29/10/2024 07:00;29/10/2024 07:15;29;kWh;-21634;5765;0;0;27399;-15869
29/10/2024 07:15;29/10/2024 07:30;30;kWh;-2336;533;0;0;2869;-1803
29/10/2024 07:30;29/10/2024 07:45;31;kWh;-8272;0;0;0;8272;-8272
29/10/2024 07:45;29/10/2024 08:00;32;kWh;-19080;0;0;0;19080;-19080
29/10/2024 08:00;29/10/2024 08:15;33;kWh;-3756;310;0;0;4066;-3446
29/10/2024 08:15;29/10/2024 08:30;34;kWh;0;782;0;0;782;782
29/10/2024 08:30;29/10/2024 08:45;35;kWh;0;4816;0;0;4816;4816
29/10/2024 08:45;29/10/2024 09:00;36;kWh;-1983;191;0;0;2174;-1792
29/10/2024 09:00;29/10/2024 09:15;37;kWh;0;32872;0;0;32872;32872
29/10/2024 09:15;29/10/2024 09:30;38;kWh;0;39113;0;0;39113;39113
29/10/2024 09:30;29/10/2024 09:45;39;kWh;-24;1838;0;0;1862;1814
29/10/2024 09:45;29/10/2024 10:00;40;kWh;-35182;19;0;0;35201;-35163
29/10/2024 10:00;29/10/2024 10:15;41;kWh;-20474;33;0;0;20507;-20441
29/10/2024 10:15;29/10/2024 10:30;42;kWh;-6812;0;0;0;6812;-6812
29/10/2024 10:30;29/10/2024 10:45;43;kWh;-9982;0;0;0;9982;-9982
29/10/2024 10:45;29/10/2024 11:00;44;kWh;-31303;0;0;0;31303;-31303
29/10/2024 11:00;29/10/2024 11:15;45;kWh;-34183;896;0;0;35079;-33287
29/10/2024 11:15;29/10/2024 11:30;46;kWh;-1102;112;0;0;1214;-990
29/10/2024 11:30;29/10/2024 11:45;47;kWh;-11520;0;0;0;11520;-11520
29/10/2024 11:45;29/10/2024 12:00;48;kWh;-2674;5240;0;0;7914;2566
29/10/2024 12:00;29/10/2024 12:15;49;kWh;-3129;0;0;0;3129;-3129
29/10/2024 12:15;29/10/2024 12:30;50;kWh;-6403;0;0;0;6403;-6403
29/10/2024 12:30;29/10/2024 12:45;51;kWh;-26526;0;0;0;26526;-26526
29/10/2024 12:45;29/10/2024 13:00;52;kWh;-2125;0;0;0;2125;-2125
29/10/2024 13:00;29/10/2024 13:15;53;kWh;-7405;0;0;0;7405;-7405
29/10/2024 13:15;29/10/2024 13:30;54;kWh;-271;0;0;0;271;-271
29/10/2024 13:30;29/10/2024 13:45;55;kWh;-3059;0;0;0;3059;-3059
29/10/2024 13:45;29/10/2024 14:00;56;kWh;-101;2308;0;0;2409;2207
29/10/2024 14:00;29/10/2024 14:15;57;kWh;-5309;1571;0;0;6880;-3738
29/10/2024 14:15;29/10/2024 14:30;58;kWh;0;21809;0;0;21809;21809
29/10/2024 14:30;29/10/2024 14:45;59;kWh;0;29242;0;0;29242;29242
29/10/2024 14:45;29/10/2024 15:00;60;kWh;0;17205;0;0;17205;17205
29/10/2024 15:00;29/10/2024 15:15;61;kWh;-22632;3575;0;0;26207;-19057
29/10/2024 15:15;29/10/2024 15:30;62;kWh;-34885;0;0;0;34885;-34885
29/10/2024 15:30;29/10/2024 15:45;63;kWh;-5395;260;0;0;5655;-5135
29/10/2024 15:45;29/10/2024 16:00;64;kWh;0;9374;0;0;9374;9374
29/10/2024 16:00;29/10/2024 16:15;65;kWh;-288;2587;0;0;2875;2299
29/10/2024 16:15;29/10/2024 16:30;66;kWh;0;14030;0;0;14030;14030
29/10/2024 16:30;29/10/2024 16:45;67;kWh;0;56033;0;0;56033;56033
29/10/2024 16:45;29/10/2024 17:00;68;kWh;0;57323;0;0;57323;57323
29/10/2024 17:00;29/10/2024 17:15;69;kWh;-29262;15494;0;0;44756;-13768
29/10/2024 17:15;29/10/2024 17:30;70;kWh;-1250;35541;0;0;36791;34291
29/10/2024 17:30;29/10/2024 17:45;71;kWh;0;92668;0;0;92668;92668
29/10/2024 17:45;29/10/2024 18:00;72;kWh;0;73399;0;0;73399;73399
29/10/2024 18:00;29/10/2024 18:15;73;kWh;0;55740;0;0;55740;55740
29/10/2024 18:15;29/10/2024 18:30;74;kWh;0;6951;0;0;6951;6951
29/10/2024 18:30;29/10/2024 18:45;75;kWh;0;0;0;0;0;0
29/10/2024 18:45;29/10/2024 19:00;76;kWh;-851;0;0;0;851;-851
29/10/2024 19:00;29/10/2024 19:15;77;kWh;-176;1952;0;0;2128;1776
29/10/2024 19:15;29/10/2024 19:30;78;kWh;-147;944;0;0;1091;797
29/10/2024 19:30;29/10/2024 19:45;79;kWh;-6579;0;0;0;6579;-6579
29/10/2024 19:45;29/10/2024 20:00;80;kWh;-12231;0;0;0;12231;-12231
29/10/2024 20:00;29/10/2024 20:15;81;kWh;-3804;17354;0;0;21158;13550
29/10/2024 20:15;29/10/2024 20:30;82;kWh;-453;466;0;0;919;13
29/10/2024 20:30;29/10/2024 20:45;83;kWh;-9399;0;0;0;9399;-9399
29/10/2024 20:45;29/10/2024 21:00;84;kWh;-8765;1205;0;0;9970;-7560
29/10/2024 21:00;29/10/2024 21:15;85;kWh;0;9157;0;0;9157;9157
29/10/2024 21:15;29/10/2024 21:30;86;kWh;0;27411;0;0;27411;27411
29/10/2024 21:30;29/10/2024 21:45;87;kWh;-210;9440;0;0;9650;9230
29/10/2024 21:45;29/10/2024 22:00;88;kWh;-15128;0;0;0;15128;-15128
29/10/2024 22:00;29/10/2024 22:15;89;kWh;-13037;0;0;0;13037;-13037
29/10/2024 22:15;29/10/2024 22:30;90;kWh;0;1257;0;0;1257;1257
29/10/2024 22:30;29/10/2024 22:45;91;kWh;-4781;1653;0;0;6434;-3128
29/10/2024 22:45;29/10/2024 23:00;92;kWh;-4643;12379;0;0;17022;7736
29/10/2024 23:00;29/10/2024 23:15;93;kWh;-4895;335;0;0;5230;-4560
29/10/2024 23:15;29/10/2024 23:30;94;kWh;0;68;0;0;68;68
29/10/2024 23:30;29/10/2024 23:45;95;kWh;0;7956;0;0;7956;7956
29/10/2024 23:45;30/10/2024 00:00;96;kWh;-37;32;0;0;69;-5
30/10/2024 00:00;30/10/2024 00:15;1;kWh;-73;48587;0;0;48660;48514
30/10/2024 00:15;30/10/2024 00:30;2;kWh;0;38874;0;0;38874;38874
30/10/2024 00:30;30/10/2024 00:45;3;kWh;0;6016;0;0;6016;6016
30/10/2024 00:45;30/10/2024 01:00;4;kWh;-785;59;0;0;844;-726
30/10/2024 01:00;30/10/2024 01:15;5;kWh;-6737;226;0;0;6963;-6511
30/10/2024 01:15;30/10/2024 01:30;6;kWh;-16692;0;0;0;16692;-16692
30/10/2024 01:30;30/10/2024 01:45;7;kWh;-17936;4;0;0;17940;-17932
30/10/2024 01:45;30/10/2024 02:00;8;kWh;-14137;0;0;0;14137;-14137
30/10/2024 02:00;30/10/2024 02:15;9;kWh;0;4385;0;0;4385;4385
30/10/2024 02:15;30/10/2024 02:30;10;kWh;0;2718;0;0;2718;2718
30/10/2024 02:30;30/10/2024 02:45;11;kWh;0;0;0;0;0;0
30/10/2024 02:45;30/10/2024 03:00;12;kWh;-1951;0;0;0;1951;-1951
30/10/2024 03:00;30/10/2024 03:15;13;kWh;-1116;5671;0;0;6787;4555
30/10/2024 03:15;30/10/2024 03:30;14;kWh;0;5661;0;0;5661;5661
30/10/2024 03:30;30/10/2024 03:45;15;kWh;0;341;0;0;341;341
30/10/2024 03:45;30/10/2024 04:00;16;kWh;-2308;189;0;0;2497;-2119
30/10/2024 04:00;30/10/2024 04:15;17;kWh;-21484;0;0;0;21484;-21484
30/10/2024 04:15;30/10/2024 04:30;18;kWh;-21295;0;0;0;21295;-21295
30/10/2024 04:30;30/10/2024 04:45;19;kWh;-9647;0;0;0;9647;-9647
30/10/2024 04:45;30/10/2024 05:00;20;kWh;-929;0;0;0;929;-929
30/10/2024 05:00;30/10/2024 05:15;21;kWh;-470;5;0;0;475;-465
30/10/2024 05:15;30/10/2024 05:30;22;kWh;0;11888;0;0;11888;11888
30/10/2024 05:30;30/10/2024 05:45;23;kWh;-3725;2964;0;0;6689;-761
30/10/2024 05:45;30/10/2024 06:00;24;kWh;-4708;4909;0;0;9617;201
30/10/2024 06:00;30/10/2024 06:15;25;kWh;-18153;2829;0;0;20982;-15324
30/10/2024 06:15;30/10/2024 06:30;26;kWh;-442;4802;0;0;5244;4360
30/10/2024 06:30;30/10/2024 06:45;27;kWh;-84;5629;0;0;5713;5545
30/10/2024 06:45;30/10/2024 07:00;28;kWh;0;36804;0;0;36804;36804
30/10/2024 07:00;30/10/2024 07:15;29;kWh;0;8191;0;0;8191;8191
30/10/2024 07:15;30/10/2024 07:30;30;kWh;0;8549;0;0;8549;8549
30/10/2024 07:30;30/10/2024 07:45;31;kWh;0;4223;0;0;4223;4223
30/10/2024 07:45;30/10/2024 08:00;32;kWh;-1036;950;0;0;1986;-86
30/10/2024 08:00;30/10/2024 08:15;33;kWh;-7685;0;0;0;7685;-7685
30/10/2024 08:15;30/10/2024 08:30;34;kWh;-1207;1371;0;0;2578;164
30/10/2024 08:30;30/10/2024 08:45;35;kWh;-49;2301;0;0;2350;2252
30/10/2024 08:45;30/10/2024 09:00;36;kWh;-2823;0;0;0;2823;-2823
30/10/2024 09:00;30/10/2024 09:15;37;kWh;-1223;13306;0;0;14529;12083
30/10/2024 09:15;30/10/2024 09:30;38;kWh;0;8460;0;0;8460;8460
30/10/2024 09:30;30/10/2024 09:45;39;kWh;-3797;12;0;0;3809;-3785
30/10/2024 09:45;30/10/2024 10:00;40;kWh;-13689;0;0;0;13689;-13689
30/10/2024 10:00;30/10/2024 10:15;41;kWh;-1122;32085;0;0;33207;30963
30/10/2024 10:15;30/10/2024 10:30;42;kWh;-4095;1241;0;0;5336;-2854
30/10/2024 10:30;30/10/2024 10:45;43;kWh;0;5647;0;0;5647;5647
30/10/2024 10:45;30/10/2024 11:00;44;kWh;0;0;0;0;0;0
30/10/2024 11:00;30/10/2024 11:15;45;kWh;0;1071;0;0;1071;1071
30/10/2024 11:15;30/10/2024 11:30;46;kWh;0;5312;0;0;5312;5312
30/10/2024 11:30;30/10/2024 11:45;47;kWh;0;20037;0;0;20037;20037
30/10/2024 11:45;30/10/2024 12:00;48;kWh;0;20649;0;0;20649;20649
30/10/2024 12:00;30/10/2024 12:15;49;kWh;0;44988;0;0;44988;44988
30/10/2024 12:15;30/10/2024 12:30;50;kWh;0;33826;0;0;33826;33826
30/10/2024 12:30;30/10/2024 12:45;51;kWh;0;49005;0;0;49005;49005
30/10/2024 12:45;30/10/2024 13:00;52;kWh;0;60205;0;0;60205;60205
30/10/2024 13:00;30/10/2024 13:15;53;kWh;0;59867;0;0;59867;59867
30/10/2024 13:15;30/10/2024 13:30;54;kWh;0;73444;0;0;73444;73444
30/10/2024 13:30;30/10/2024 13:45;55;kWh;0;73129;0;0;73129;73129
30/10/2024 13:45;30/10/2024 14:00;56;kWh;0;73674;0;0;73674;73674
30/10/2024 14:00;30/10/2024 14:15;57;kWh;0;58509;0;0;58509;58509
30/10/2024 14:15;30/10/2024 14:30;58;kWh;0;47513;0;0;47513;47513
30/10/2024 14:30;30/10/2024 14:45;59;kWh;0;61570;0;0;61570;61570
30/10/2024 14:45;30/10/2024 15:00;60;kWh;0;54102;0;0;54102;54102
30/10/2024 15:00;30/10/2024 15:15;61;kWh;-4655;9804;0;0;14459;5149
30/10/2024 15:15;30/10/2024 15:30;62;kWh;-36;1482;0;0;1518;1446
30/10/2024 15:30;30/10/2024 15:45;63;kWh;0;12828;0;0;12828;12828
30/10/2024 15:45;30/10/2024 16:00;64;kWh;0;34005;0;0;34005;34005
30/10/2024 16:00;30/10/2024 16:15;65;kWh;-40408;3461;0;0;43869;-36947
30/10/2024 16:15;30/10/2024 16:30;66;kWh;-16173;0;0;0;16173;-16173
30/10/2024 16:30;30/10/2024 16:45;67;kWh;-13430;509;0;0;13939;-12921
30/10/2024 16:45;30/10/2024 17:00;68;kWh;-184;5776;0;0;5960;5592
30/10/2024 17:00;30/10/2024 17:15;69;kWh;-46803;44;0;0;46847;-46759
30/10/2024 17:15;30/10/2024 17:30;70;kWh;-1612;369;0;0;1981;-1243
30/10/2024 17:30;30/10/2024 17:45;71;kWh;0;3204;0;0;3204;3204
30/10/2024 17:45;30/10/2024 18:00;72;kWh;0;7870;0;0;7870;7870
30/10/2024 18:00;30/10/2024 18:15;73;kWh;-1279;18195;0;0;19474;16916
30/10/2024 18:15;30/10/2024 18:30;74;kWh;-11020;0;0;0;11020;-11020
30/10/2024 18:30;30/10/2024 18:45;75;kWh;-17197;0;0;0;17197;-17197
30/10/2024 18:45;30/10/2024 19:00;76;kWh;-24829;0;0;0;24829;-24829
30/10/2024 19:00;30/10/2024 19:15;77;kWh;-4770;49906;0;0;54676;45136
30/10/2024 19:15;30/10/2024 19:30;78;kWh;0;30705;0;0;30705;30705
30/10/2024 19:30;30/10/2024 19:45;79;kWh;-5892;3277;0;0;9169;-2615
30/10/2024 19:45;30/10/2024 20:00;80;kWh;-1188;6506;0;0;7694;5318
30/10/2024 20:00;30/10/2024 20:15;81;kWh;0;31448;0;0;31448;31448
30/10/2024 20:15;30/10/2024 20:30;82;kWh;0;32580;0;0;32580;32580
30/10/2024 20:30;30/10/2024 20:45;83;kWh;0;26657;0;0;26657;26657
30/10/2024 20:45;30/10/2024 21:00;84;kWh;0;18277;0;0;18277;18277
30/10/2024 21:00;30/10/2024 21:15;85;kWh;0;15556;0;0;15556;15556
30/10/2024 21:15;30/10/2024 21:30;86;kWh;0;6854;0;0;6854;6854
30/10/2024 21:30;30/10/2024 21:45;87;kWh;0;227;0;0;227;227
30/10/2024 21:45;30/10/2024 22:00;88;kWh;-104;648;0;0;752;544
30/10/2024 22:00;30/10/2024 22:15;89;kWh;-7811;0;0;0;7811;-7811
30/10/2024 22:15;30/10/2024 22:30;90;kWh;-7881;17;0;0;7898;-7864
30/10/2024 22:30;30/10/2024 22:45;91;kWh;0;25808;0;0;25808;25808
30/10/2024 22:45;30/10/2024 23:00;92;kWh;-332;7599;0;0;7931;7267
30/10/2024 23:00;30/10/2024 23:15;93;kWh;-168;11782;0;0;11950;11614
30/10/2024 23:15;30/10/2024 23:30;94;kWh;0;38827;0;0;38827;38827
30/10/2024 23:30;30/10/2024 23:45;95;kWh;0;40940;0;0;40940;40940
30/10/2024 23:45;31/10/2024 00:00;96;kWh;0;16615;0;0;16615;16615
31/10/2024 00:00;31/10/2024 00:15;1;kWh;-2512;1553;0;0;4065;-959
31/10/2024 00:15;31/10/2024 00:30;2;kWh;0;9050;0;0;9050;9050
31/10/2024 00:30;31/10/2024 00:45;3;kWh;0;2587;0;0;2587;2587
31/10/2024 00:45;31/10/2024 01:00;4;kWh;0;2216;0;0;2216;2216
31/10/2024 01:00;31/10/2024 01:15;5;kWh;0;20495;0;0;20495;20495
31/10/2024 01:15;31/10/2024 01:30;6;kWh;-129;3585;0;0;3714;3456
31/10/2024 01:30;31/10/2024 01:45;7;kWh;-549;1415;0;0;1964;866
31/10/2024 01:45;31/10/2024 02:00;8;kWh;-2932;519;0;0;3451;-2413
31/10/2024 02:00;31/10/2024 02:15;9;kWh;-287;26157;0;0;26444;25870
31/10/2024 02:15;31/10/2024 02:30;10;kWh;-165;12276;0;0;12441;12111
31/10/2024 02:30;31/10/2024 02:45;11;kWh;-207;2923;0;0;3130;2716
31/10/2024 02:45;31/10/2024 03:00;12;kWh;-10258;5025;0;0;15283;-5233
31/10/2024 03:00;31/10/2024 03:15;13;kWh;-41552;0;0;0;41552;-41552
31/10/2024 03:15;31/10/2024 03:30;14;kWh;-12279;0;0;0;12279;-12279
31/10/2024 03:30;31/10/2024 03:45;15;kWh;-59841;0;0;0;59841;-59841
31/10/2024 03:45;31/10/2024 04:00;16;kWh;-86870;0;0;0;86870;-86870
31/10/2024 04:00;31/10/2024 04:15;17;kWh;-68237;0;0;0;68237;-68237
31/10/2024 04:15;31/10/2024 04:30;18;kWh;-31450;0;0;0;31450;-31450
31/10/2024 04:30;31/10/2024 04:45;19;kWh;-19240;0;0;0;19240;-19240
31/10/2024 04:45;31/10/2024 05:00;20;kWh;-55070;0;0;0;55070;-55070
31/10/2024 05:00;31/10/2024 05:15;21;kWh;-22284;0;0;0;22284;-22284
31/10/2024 05:15;31/10/2024 05:30;22;kWh;-29197;0;0;0;29197;-29197
31/10/2024 05:30;31/10/2024 05:45;23;kWh;-4818;5665;0;0;10483;847
31/10/2024 05:45;31/10/2024 06:00;24;kWh;-35;5258;0;0;5293;5223
31/10/2024 06:00;31/10/2024 06:15;25;kWh;-22264;1167;0;0;23431;-21097
31/10/2024 06:15;31/10/2024 06:30;26;kWh;0;19715;0;0;19715;19715
31/10/2024 06:30;31/10/2024 06:45;27;kWh;0;29383;0;0;29383;29383
31/10/2024 06:45;31/10/2024 07:00;28;kWh;0;30120;0;0;30120;30120
31/10/2024 07:00;31/10/2024 07:15;29;kWh;-76318;1068;0;0;77386;-75250
31/10/2024 07:15;31/10/2024 07:30;30;kWh;-55165;0;0;0;55165;-55165
31/10/2024 07:30;31/10/2024 07:45;31;kWh;-5205;0;0;0;5205;-5205
31/10/2024 07:45;31/10/2024 08:00;32;kWh;-495;0;0;0;495;-495
31/10/2024 08:00;31/10/2024 08:15;33;kWh;-196;13962;0;0;14158;13766
31/10/2024 08:15;31/10/2024 08:30;34;kWh;0;37653;0;0;37653;37653
31/10/2024 08:30;31/10/2024 08:45;35;kWh;0;20403;0;0;20403;20403
31/10/2024 08:45;31/10/2024 09:00;36;kWh;0;46990;0;0;46990;46990
31/10/2024 09:00;31/10/2024 09:15;37;kWh;0;58100;0;0;58100;58100
31/10/2024 09:15;31/10/2024 09:30;38;kWh;-233;14582;0;0;14815;14349
31/10/2024 09:30;31/10/2024 09:45;39;kWh;-611;30335;0;0;30946;29724
31/10/2024 09:45;31/10/2024 10:00;40;kWh;0;47031;0;0;47031;47031
31/10/2024 10:00;31/10/2024 10:15;41;kWh;0;4712;0;0;4712;4712
31/10/2024 10:15;31/10/2024 10:30;42;kWh;-1;1546;0;0;1547;1545
31/10/2024 10:30;31/10/2024 10:45;43;kWh;-538;4655;0;0;5193;4117
31/10/2024 10:45;31/10/2024 11:00;44;kWh;0;1937;0;0;1937;1937
31/10/2024 11:00;31/10/2024 11:15;45;kWh;0;14018;0;0;14018;14018
31/10/2024 11:15;31/10/2024 11:30;46;kWh;0;32966;0;0;32966;32966
31/10/2024 11:30;31/10/2024 11:45;47;kWh;0;6944;0;0;6944;6944
31/10/2024 11:45;31/10/2024 12:00;48;kWh;0;26862;0;0;26862;26862
31/10/2024 12:00;31/10/2024 12:15;49;kWh;0;48870;0;0;48870;48870
31/10/2024 12:15;31/10/2024 12:30;50;kWh;0;30187;0;0;30187;30187
31/10/2024 12:30;31/10/2024 12:45;51;kWh;0;52021;0;0;52021;52021
31/10/2024 12:45;31/10/2024 13:00;52;kWh;0;70001;0;0;70001;70001
31/10/2024 13:00;31/10/2024 13:15;53;kWh;0;35808;0;0;35808;35808
31/10/2024 13:15;31/10/2024 13:30;54;kWh;0;58371;0;0;58371;58371
31/10/2024 13:30;31/10/2024 13:45;55;kWh;0;76461;0;0;76461;76461
31/10/2024 13:45;31/10/2024 14:00;56;kWh;0;57911;0;0;57911;57911
31/10/2024 14:00;31/10/2024 14:15;57;kWh;-28505;7130;0;0;35635;-21375
31/10/2024 14:15;31/10/2024 14:30;58;kWh;-679;8368;0;0;9047;7689
31/10/2024 14:30;31/10/2024 14:45;59;kWh;-2;6443;0;0;6445;6441
31/10/2024 14:45;31/10/2024 15:00;60;kWh;-322;20166;0;0;20488;19844
31/10/2024 15:00;31/10/2024 15:15;61;kWh;-65226;664;0;0;65890;-64562
31/10/2024 15:15;31/10/2024 15:30;62;kWh;-21435;0;0;0;21435;-21435
31/10/2024 15:30;31/10/2024 15:45;63;kWh;-34876;0;0;0;34876;-34876
31/10/2024 15:45;31/10/2024 16:00;64;kWh;-27815;0;0;0;27815;-27815
31/10/2024 16:00;31/10/2024 16:15;65;kWh;-57151;0;0;0;57151;-57151
31/10/2024 16:15;31/10/2024 16:30;66;kWh;-66862;0;0;0;66862;-66862
31/10/2024 16:30;31/10/2024 16:45;67;kWh;-52805;0;0;0;52805;-52805
31/10/2024 16:45;31/10/2024 17:00;68;kWh;-7123;4195;0;0;11318;-2928
31/10/2024 17:00;31/10/2024 17:15;69;kWh;-62428;1871;0;0;64299;-60557
31/10/2024 17:15;31/10/2024 17:30;70;kWh;-17275;0;0;0;17275;-17275
31/10/2024 17:30;31/10/2024 17:45;71;kWh;-21431;0;0;0;21431;-21431
31/10/2024 17:45;31/10/2024 18:00;72;kWh;-20264;0;0;0;20264;-20264
31/10/2024 18:00;31/10/2024 18:15;73;kWh;-2457;25324;0;0;27781;22867
31/10/2024 18:15;31/10/2024 18:30;74;kWh;-8023;1693;0;0;9716;-6330
31/10/2024 18:30;31/10/2024 18:45;75;kWh;-17850;0;0;0;17850;-17850
31/10/2024 18:45;31/10/2024 19:00;76;kWh;-31945;0;0;0;31945;-31945
31/10/2024 19:00;31/10/2024 19:15;77;kWh;-3184;3209;0;0;6393;25
31/10/2024 19:15;31/10/2024 19:30;78;kWh;-770;550;0;0;1320;-220
31/10/2024 19:30;31/10/2024 19:45;79;kWh;-4837;0;0;0;4837;-4837
31/10/2024 19:45;31/10/2024 20:00;80;kWh;-3832;0;0;0;3832;-3832
31/10/2024 20:00;31/10/2024 20:15;81;kWh;-2846;1109;0;0;3955;-1737
31/10/2024 20:15;31/10/2024 20:30;82;kWh;0;37406;0;0;37406;37406
31/10/2024 20:30;31/10/2024 20:45;83;kWh;0;48818;0;0;48818;48818
31/10/2024 20:45;31/10/2024 21:00;84;kWh;0;25523;0;0;25523;25523
31/10/2024 21:00;31/10/2024 21:15;85;kWh;0;53204;0;0;53204;53204
31/10/2024 21:15;31/10/2024 21:30;86;kWh;0;42696;0;0;42696;42696
31/10/2024 21:30;31/10/2024 21:45;87;kWh;0;27167;0;0;27167;27167
31/10/2024 21:45;31/10/2024 22:00;88;kWh;0;7832;0;0;7832;7832
31/10/2024 22:00;31/10/2024 22:15;89;kWh;0;27071;0;0;27071;27071
31/10/2024 22:15;31/10/2024 22:30;90;kWh;0;43492;0;0;43492;43492
31/10/2024 22:30;31/10/2024 22:45;91;kWh;-2702;12573;0;0;15275;9871
31/10/2024 22:45;31/10/2024 23:00;92;kWh;-7047;80;0;0;7127;-6967
31/10/2024 23:00;31/10/2024 23:15;93;kWh;-11565;217;0;0;11782;-11348
31/10/2024 23:15;31/10/2024 23:30;94;kWh;-6100;458;0;0;6558;-5642
31/10/2024 23:30;31/10/2024 23:45;95;kWh;-11308;482;0;0;11790;-10826
31/10/2024 23:45;01/11/2024 00:00;96;kWh;-6836;700;0;0;7536;-6136
01/11/2024 00:00;01/11/2024 00:15;1;kWh;-330;2838;0;0;3168;2508
01/11/2024 00:15;01/11/2024 00:30;2;kWh;-13575;0;0;0;13575;-13575
01/11/2024 00:30;01/11/2024 00:45;3;kWh;-64469;0;0;0;64469;-64469
01/11/2024 00:45;01/11/2024 01:00;4;kWh;-62134;0;0;0;62134;-62134
01/11/2024 01:00;01/11/2024 01:15;5;kWh;-11859;1370;0;0;13229;-10489
01/11/2024 01:15;01/11/2024 01:30;6;kWh;-19016;0;0;0;19016;-19016
01/11/2024 01:30;01/11/2024 01:45;7;kWh;-21597;0;0;0;21597;-21597
01/11/2024 01:45;01/11/2024 02:00;8;kWh;-64756;0;0;0;64756;-64756
01/11/2024 02:00;01/11/2024 02:15;9;kWh;-17311;11220;0;0;28531;-6091
01/11/2024 02:15;01/11/2024 02:30;10;kWh;0;8438;0;0;8438;8438
01/11/2024 02:30;01/11/2024 02:45;11;kWh;0;1111;0;0;1111;1111
01/11/2024 02:45;01/11/2024 03:00;12;kWh;-13465;0;0;0;13465;-13465
01/11/2024 03:00;01/11/2024 03:15;13;kWh;-8737;0;0;0;8737;-8737
01/11/2024 03:15;01/11/2024 03:30;14;kWh;0;0;0;0;0;0
01/11/2024 03:30;01/11/2024 03:45;15;kWh;0;0;0;0;0;0
01/11/2024 03:45;01/11/2024 04:00;16;kWh;-71;1841;0;0;1912;1770
01/11/2024 04:00;01/11/2024 04:15;17;kWh;-34842;43;0;0;34885;-34799
01/11/2024 04:15;01/11/2024 04:30;18;kWh;-42908;0;0;0;42908;-42908
01/11/2024 04:30;01/11/2024 04:45;19;kWh;-15636;0;0;0;15636;-15636
01/11/2024 04:45;01/11/2024 05:00;20;kWh;-4331;0;0;0;4331;-4331
01/11/2024 05:00;01/11/2024 05:15;21;kWh;-1593;0;0;0;1593;-1593
01/11/2024 05:15;01/11/2024 05:30;22;kWh;0;1232;0;0;1232;1232
01/11/2024 05:30;01/11/2024 05:45;23;kWh;0;961;0;0;961;961
01/11/2024 05:45;01/11/2024 06:00;24;kWh;0;482;0;0;482;482
01/11/2024 06:00;01/11/2024 06:15;25;kWh;-15746;0;0;0;15746;-15746
01/11/2024 06:15;01/11/2024 06:30;26;kWh;-29432;0;0;0;29432;-29432
01/11/2024 06:30;01/11/2024 06:45;27;kWh;-22514;0;0;0;22514;-22514
01/11/2024 06:45;01/11/2024 07:00;28;kWh;-24248;0;0;0;24248;-24248
01/11/2024 07:00;01/11/2024 07:15;29;kWh;-72082;0;0;0;72082;-72082
01/11/2024 07:15;01/11/2024 07:30;30;kWh;-35534;0;0;0;35534;-35534
01/11/2024 07:30;01/11/2024 07:45;31;kWh;-8117;0;0;0;8117;-8117
01/11/2024 07:45;01/11/2024 08:00;32;kWh;0;1289;0;0;1289;1289
01/11/2024 08:00;01/11/2024 08:15;33;kWh;-4088;997;0;0;5085;-3091
01/11/2024 08:15;01/11/2024 08:30;34;kWh;-1155;1559;0;0;2714;404
01/11/2024 08:30;01/11/2024 08:45;35;kWh;-29;6015;0;0;6044;5986
01/11/2024 08:45;01/11/2024 09:00;36;kWh;-56;10191;0;0;10247;10135
01/11/2024 09:00;01/11/2024 09:15;37;kWh;0;41169;0;0;41169;41169
01/11/2024 09:15;01/11/2024 09:30;38;kWh;0;19819;0;0;19819;19819
01/11/2024 09:30;01/11/2024 09:45;39;kWh;0;47182;0;0;47182;47182
01/11/2024 09:45;01/11/2024 10:00;40;kWh;0;42248;0;0;42248;42248
01/11/2024 10:00;01/11/2024 10:15;41;kWh;0;8302;0;0;8302;8302
01/11/2024 10:15;01/11/2024 10:30;42;kWh;0;2549;0;0;2549;2549
01/11/2024 10:30;01/11/2024 10:45;43;kWh;0;15616;0;0;15616;15616
01/11/2024 10:45;01/11/2024 11:00;44;kWh;0;25750;0;0;25750;25750
01/11/2024 11:00;01/11/2024 11:15;45;kWh;0;11279;0;0;11279;11279
01/11/2024 11:15;01/11/2024 11:30;46;kWh;0;16248;0;0;16248;16248
01/11/2024 11:30;01/11/2024 11:45;47;kWh;-6567;127;0;0;6694;-6440
01/11/2024 11:45;01/11/2024 12:00;48;kWh;-18266;0;0;0;18266;-18266
01/11/2024 12:00;01/11/2024 12:15;49;kWh;-57866;9137;0;0;67003;-48729
01/11/2024 12:15;01/11/2024 12:30;50;kWh;-59204;5944;0;0;65148;-53260
01/11/2024 12:30;01/11/2024 12:45;51;kWh;-42479;0;0;0;42479;-42479
01/11/2024 12:45;01/11/2024 13:00;52;kWh;-27590;0;0;0;27590;-27590
01/11/2024 13:00;01/11/2024 13:15;53;kWh;-5249;9418;0;0;14667;4169
01/11/2024 13:15;01/11/2024 13:30;54;kWh;0;3660;0;0;3660;3660
01/11/2024 13:30;01/11/2024 13:45;55;kWh;-230;2632;0;0;2862;2402
01/11/2024 13:45;01/11/2024 14:00;56;kWh;0;9814;0;0;9814;9814
01/11/2024 14:00;01/11/2024 14:15;57;kWh;0;5539;0;0;5539;5539
01/11/2024 14:15;01/11/2024 14:30;58;kWh;0;32264;0;0;32264;32264
01/11/2024 14:30;01/11/2024 14:45;59;kWh;0;34702;0;0;34702;34702
01/11/2024 14:45;01/11/2024 15:00;60;kWh;0;47429;0;0;47429;47429
01/11/2024 15:00;01/11/2024 15:15;61;kWh;-118;20519;0;0;20637;20401
01/11/2024 15:15;01/11/2024 15:30;62;kWh;0;12615;0;0;12615;12615
01/11/2024 15:30;01/11/2024 15:45;63;kWh;0;7917;0;0;7917;7917
01/11/2024 15:45;01/11/2024 16:00;64;kWh;0;18246;0;0;18246;18246
01/11/2024 16:00;01/11/2024 16:15;65;kWh;-11617;531;0;0;12148;-11086
01/11/2024 16:15;01/11/2024 16:30;66;kWh;-9894;528;0;0;10422;-9366
01/11/2024 16:30;01/11/2024 16:45;67;kWh;-1074;5276;0;0;6350;4202
01/11/2024 16:45;01/11/2024 17:00;68;kWh;0;10439;0;0;10439;10439
01/11/2024 17:00;01/11/2024 17:15;69;kWh;-805;171;0;0;976;-634
01/11/2024 17:15;01/11/2024 17:30;70;kWh;0;11058;0;0;11058;11058
01/11/2024 17:30;01/11/2024 17:45;71;kWh;0;51852;0;0;51852;51852
01/11/2024 17:45;01/11/2024 18:00;72;kWh;0;68864;0;0;68864;68864
01/11/2024 18:00;01/11/2024 18:15;73;kWh;0;58392;0;0;58392;58392
01/11/2024 18:15;01/11/2024 18:30;74;kWh;0;54061;0;0;54061;54061
01/11/2024 18:30;01/11/2024 18:45;75;kWh;0;40200;0;0;40200;40200
01/11/2024 18:45;01/11/2024 19:00;76;kWh;0;28352;0;0;28352;28352
01/11/2024 19:00;01/11/2024 19:15;77;kWh;-1808;8409;0;0;10217;6601
01/11/2024 19:15;01/11/2024 19:30;78;kWh;-39933;0;0;0;39933;-39933
01/11/2024 19:30;01/11/2024 19:45;79;kWh;-64291;0;0;0;64291;-64291
01/11/2024 19:45;01/11/2024 20:00;80;kWh;-63746;0;0;0;63746;-63746
01/11/2024 20:00;01/11/2024 20:15;81;kWh;-52941;0;0;0;52941;-52941
01/11/2024 20:15;01/11/2024 20:30;82;kWh;-53066;301;0;0;53367;-52765
01/11/2024 20:30;01/11/2024 20:45;83;kWh;-632;28355;0;0;28987;27723
01/11/2024 20:45;01/11/2024 21:00;84;kWh;0;67;0;0;67;67
01/11/2024 21:00;01/11/2024 21:15;85;kWh;-214;2052;0;0;2266;1838
01/11/2024 21:15;01/11/2024 21:30;86;kWh;0;10776;0;0;10776;10776
01/11/2024 21:30;01/11/2024 21:45;87;kWh;0;5637;0;0;5637;5637
01/11/2024 21:45;01/11/2024 22:00;88;kWh;0;1830;0;0;1830;1830
01/11/2024 22:00;01/11/2024 22:15;89;kWh;0;44353;0;0;44353;44353
01/11/2024 22:15;01/11/2024 22:30;90;kWh;0;13244;0;0;13244;13244
01/11/2024 22:30;01/11/2024 22:45;91;kWh;0;653;0;0;653;653
01/11/2024 22:45;01/11/2024 23:00;92;kWh;-3696;2809;0;0;6505;-887
01/11/2024 23:00;01/11/2024 23:15;93;kWh;-597;38142;0;0;38739;37545
01/11/2024 23:15;01/11/2024 23:30;94;kWh;0;47783;0;0;47783;47783
01/11/2024 23:30;01/11/2024 23:45;95;kWh;0;48857;0;0;48857;48857
01/11/2024 23:45;02/11/2024 00:00;96;kWh;-401;7528;0;0;7929;7127
02/11/2024 00:00;02/11/2024 00:15;1;kWh;-6110;0;0;0;6110;-6110
02/11/2024 00:15;02/11/2024 00:30;2;kWh;-1321;8100;0;0;9421;6779
02/11/2024 00:30;02/11/2024 00:45;3;kWh;0;6496;0;0;6496;6496
02/11/2024 00:45;02/11/2024 01:00;4;kWh;0;6910;0;0;6910;6910
02/11/2024 01:00;02/11/2024 01:15;5;kWh;0;6583;0;0;6583;6583
02/11/2024 01:15;02/11/2024 01:30;6;kWh;-7005;196;0;0;7201;-6809
02/11/2024 01:30;02/11/2024 01:45;7;kWh;-49192;0;0;0;49192;-49192
02/11/2024 01:45;02/11/2024 02:00;8;kWh;-53995;0;0;0;53995;-53995
02/11/2024 02:00;02/11/2024 02:15;9;kWh;-55810;0;0;0;55810;-55810
02/11/2024 02:15;02/11/2024 02:30;10;kWh;-36051;0;0;0;36051;-36051
02/11/2024 02:30;02/11/2024 02:45;11;kWh;-71219;0;0;0;71219;-71219
02/11/2024 02:45;02/11/2024 03:00;12;kWh;-82087;0;0;0;82087;-82087
02/11/2024 03:00;02/11/2024 03:15;13;kWh;-18115;9299;0;0;27414;-8816
02/11/2024 03:15;02/11/2024 03:30;14;kWh;0;4787;0;0;4787;4787
02/11/2024 03:30;02/11/2024 03:45;15;kWh;-13211;908;0;0;14119;-12303
02/11/2024 03:45;02/11/2024 04:00;16;kWh;-21243;0;0;0;21243;-21243
02/11/2024 04:00;02/11/2024 04:15;17;kWh;-4489;9965;0;0;14454;5476
02/11/2024 04:15;02/11/2024 04:30;18;kWh;-87;3861;0;0;3948;3774
02/11/2024 04:30;02/11/2024 04:45;19;kWh;0;14407;0;0;14407;14407
02/11/2024 04:45;02/11/2024 05:00;20;kWh;0;28815;0;0;28815;28815
02/11/2024 05:00;02/11/2024 05:15;21;kWh;-3093;7548;0;0;10641;4455
02/11/2024 05:15;02/11/2024 05:30;22;kWh;-513;0;0;0;513;-513
02/11/2024 05:30;02/11/2024 05:45;23;kWh;-314;1789;0;0;2103;1475
02/11/2024 05:45;02/11/2024 06:00;24;kWh;0;10151;0;0;10151;10151
02/11/2024 06:00;02/11/2024 06:15;25;kWh;-13686;8348;0;0;22034;-5338
02/11/2024 06:15;02/11/2024 06:30;26;kWh;0;29671;0;0;29671;29671
02/11/2024 06:30;02/11/2024 06:45;27;kWh;-116;4799;0;0;4915;4683
02/11/2024 06:45;02/11/2024 07:00;28;kWh;-3517;6717;0;0;10234;3200
02/11/2024 07:00;02/11/2024 07:15;29;kWh;-76881;0;0;0;76881;-76881
02/11/2024 07:15;02/11/2024 07:30;30;kWh;-63890;0;0;0;63890;-63890
02/11/2024 07:30;02/11/2024 07:45;31;kWh;-56700;0;0;0;56700;-56700
02/11/2024 07:45;02/11/2024 08:00;32;kWh;-73112;0;0;0;73112;-73112
02/11/2024 08:00;02/11/2024 08:15;33;kWh;-29182;0;0;0;29182;-29182
02/11/2024 08:15;02/11/2024 08:30;34;kWh;-30435;0;0;0;30435;-30435
02/11/2024 08:30;02/11/2024 08:45;35;kWh;-77789;0;0;0;77789;-77789
02/11/2024 08:45;02/11/2024 09:00;36;kWh;-96441;0;0;0;96441;-96441
02/11/2024 09:00;02/11/2024 09:15;37;kWh;-35464;513;0;0;35977;-34951
02/11/2024 09:15;02/11/2024 09:30;38;kWh;-32045;0;0;0;32045;-32045
02/11/2024 09:30;02/11/2024 09:45;39;kWh;-66891;0;0;0;66891;-66891
02/11/2024 09:45;02/11/2024 10:00;40;kWh;-67902;0;0;0;67902;-67902
02/11/2024 10:00;02/11/2024 10:15;41;kWh;-32517;5;0;0;32522;-32512
02/11/2024 10:15;02/11/2024 10:30;42;kWh;-14772;0;0;0;14772;-14772
02/11/2024 10:30;02/11/2024 10:45;43;kWh;-50959;0;0;0;50959;-50959
02/11/2024 10:45;02/11/2024 11:00;44;kWh;-24980;0;0;0;24980;-24980
02/11/2024 11:00;02/11/2024 11:15;45;kWh;-5873;1009;0;0;6882;-4864
02/11/2024 11:15;02/11/2024 11:30;46;kWh;0;1251;0;0;1251;1251
02/11/2024 11:30;02/11/2024 11:45;47;kWh;0;12711;0;0;12711;12711
02/11/2024 11:45;02/11/2024 12:00;48;kWh;0;75607;0;0;75607;75607
02/11/2024 12:00;02/11/2024 12:15;49;kWh;0;45906;0;0;45906;45906
02/11/2024 12:15;02/11/2024 12:30;50;kWh;0;50571;0;0;50571;50571
02/11/2024 12:30;02/11/2024 12:45;51;kWh;0;71514;0;0;71514;71514
02/11/2024 12:45;02/11/2024 13:00;52;kWh;0;57829;0;0;57829;57829
02/11/2024 13:00;02/11/2024 13:15;53;kWh;-920;157;0;0;1077;-763
02/11/2024 13:15;02/11/2024 13:30;54;kWh;0;17;0;0;17;17
02/11/2024 13:30;02/11/2024 13:45;55;kWh;0;215;0;0;215;215
02/11/2024 13:45;02/11/2024 14:00;56;kWh;0;4220;0;0;4220;4220
02/11/2024 14:00;02/11/2024 14:15;57;kWh;-1178;403;0;0;1581;-775
02/11/2024 14:15;02/11/2024 14:30;58;kWh;0;8798;0;0;8798;8798
02/11/2024 14:30;02/11/2024 14:45;59;kWh;0;45447;0;0;45447;45447
02/11/2024 14:45;02/11/2024 15:00;60;kWh;0;23739;0;0;23739;23739
02/11/2024 15:00;02/11/2024 15:15;61;kWh;-30144;423;0;0;30567;-29721
02/11/2024 15:15;02/11/2024 15:30;62;kWh;-2754;2935;0;0;5689;181
02/11/2024 15:30;02/11/2024 15:45;63;kWh;0;39202;0;0;39202;39202
02/11/2024 15:45;02/11/2024 16:00;64;kWh;0;50585;0;0;50585;50585
02/11/2024 16:00;02/11/2024 16:15;65;kWh;-11893;397;0;0;12290;-11496
02/11/2024 16:15;02/11/2024 16:30;66;kWh;0;18408;0;0;18408;18408
02/11/2024 16:30;02/11/2024 16:45;67;kWh;-35;19804;0;0;19839;19769
02/11/2024 16:45;02/11/2024 17:00;68;kWh;0;38703;0;0;38703;38703
02/11/2024 17:00;02/11/2024 17:15;69;kWh;-11824;11104;0;0;22928;-720
02/11/2024 17:15;02/11/2024 17:30;70;kWh;-52;35253;0;0;35305;35201
02/11/2024 17:30;02/11/2024 17:45;71;kWh;0;61909;0;0;61909;61909
02/11/2024 17:45;02/11/2024 18:00;72;kWh;0;39894;0;0;39894;39894
02/11/2024 18:00;02/11/2024 18:15;73;kWh;0;22823;0;0;22823;22823
02/11/2024 18:15;02/11/2024 18:30;74;kWh;0;19868;0;0;19868;19868
02/11/2024 18:30;02/11/2024 18:45;75;kWh;-2265;993;0;0;3258;-1272
02/11/2024 18:45;02/11/2024 19:00;76;kWh;-53719;0;0;0;53719;-53719
02/11/2024 19:00;02/11/2024 19:15;77;kWh;-23423;0;0;0;23423;-23423
02/11/2024 19:15;02/11/2024 19:30;78;kWh;-9090;13;0;0;9103;-9077
02/11/2024 19:30;02/11/2024 19:45;79;kWh;-5065;0;0;0;5065;-5065
02/11/2024 19:45;02/11/2024 20:00;80;kWh;-22459;0;0;0;22459;-22459
02/11/2024 20:00;02/11/2024 20:15;81;kWh;-4594;17037;0;0;21631;12443
02/11/2024 20:15;02/11/2024 20:30;82;kWh;-833;2025;0;0;2858;1192
02/11/2024 20:30;02/11/2024 20:45;83;kWh;-9611;0;0;0;9611;-9611
02/11/2024 20:45;02/11/2024 21:00;84;kWh;-8861;0;0;0;8861;-8861
02/11/2024 21:00;02/11/2024 21:15;85;kWh;-2;16232;0;0;16234;16230
02/11/2024 21:15;02/11/2024 21:30;86;kWh;-222;1996;0;0;2218;1774
02/11/2024 21:30;02/11/2024 21:45;87;kWh;0;38911;0;0;38911;38911
02/11/2024 21:45;02/11/2024 22:00;88;kWh;-1887;27554;0;0;29441;25667
02/11/2024 22:00;02/11/2024 22:15;89;kWh;-1623;5465;0;0;7088;3842
02/11/2024 22:15;02/11/2024 22:30;90;kWh;0;3777;0;0;3777;3777
02/11/2024 22:30;02/11/2024 22:45;91;kWh;0;27128;0;0;27128;27128
02/11/2024 22:45;02/11/2024 23:00;92;kWh;0;39050;0;0;39050;39050
02/11/2024 23:00;02/11/2024 23:15;93;kWh;0;22899;0;0;22899;22899
02/11/2024 23:15;02/11/2024 23:30;94;kWh;-96;14445;0;0;14541;14349
02/11/2024 23:30;02/11/2024 23:45;95;kWh;-21;12945;0;0;12966;12924
02/11/2024 23:45;03/11/2024 00:00;96;kWh;0;64376;0;0;64376;64376
03/11/2024 00:00;03/11/2024 00:15;1;kWh;-20636;2544;0;0;23180;-18092
03/11/2024 00:15;03/11/2024 00:30;2;kWh;0;2414;0;0;2414;2414
03/11/2024 00:30;03/11/2024 00:45;3;kWh;0;4933;0;0;4933;4933
03/11/2024 00:45;03/11/2024 01:00;4;kWh;0;429;0;0;429;429
03/11/2024 01:00;03/11/2024 01:15;5;kWh;0;18187;0;0;18187;18187
03/11/2024 01:15;03/11/2024 01:30;6;kWh;0;10663;0;0;10663;10663
03/11/2024 01:30;03/11/2024 01:45;7;kWh;0;6738;0;0;6738;6738
03/11/2024 01:45;03/11/2024 02:00;8;kWh;0;5425;0;0;5425;5425
03/11/2024 02:00;03/11/2024 02:15;9;kWh;0;27413;0;0;27413;27413
03/11/2024 02:15;03/11/2024 02:30;10;kWh;0;13208;0;0;13208;13208
03/11/2024 02:30;03/11/2024 02:45;11;kWh;0;12351;0;0;12351;12351
03/11/2024 02:45;03/11/2024 03:00;12;kWh;0;2970;0;0;2970;2970
03/11/2024 03:00;03/11/2024 03:15;13;kWh;0;1112;0;0;1112;1112
03/11/2024 03:15;03/11/2024 03:30;14;kWh;0;5047;0;0;5047;5047
03/11/2024 03:30;03/11/2024 03:45;15;kWh;0;2778;0;0;2778;2778
03/11/2024 03:45;03/11/2024 04:00;16;kWh;0;3176;0;0;3176;3176
03/11/2024 04:00;03/11/2024 04:15;17;kWh;0;5533;0;0;5533;5533
03/11/2024 04:15;03/11/2024 04:30;18;kWh;0;3266;0;0;3266;3266
03/11/2024 04:30;03/11/2024 04:45;19;kWh;0;4027;0;0;4027;4027
03/11/2024 04:45;03/11/2024 05:00;20;kWh;-886;69;0;0;955;-817
03/11/2024 05:00;03/11/2024 05:15;21;kWh;-825;0;0;0;825;-825
03/11/2024 05:15;03/11/2024 05:30;22;kWh;0;12;0;0;12;12
03/11/2024 05:30;03/11/2024 05:45;23;kWh;0;1189;0;0;1189;1189
03/11/2024 05:45;03/11/2024 06:00;24;kWh;-84;6802;0;0;6886;6718
03/11/2024 06:00;03/11/2024 06:15;25;kWh;-1159;15564;0;0;16723;14405
03/11/2024 06:15;03/11/2024 06:30;26;kWh;-432;11814;0;0;12246;11382
03/11/2024 06:30;03/11/2024 06:45;27;kWh;0;0;0;0;0;0
03/11/2024 06:45;03/11/2024 07:00;28;kWh;0;0;0;0;0;0
03/11/2024 07:00;03/11/2024 07:15;29;kWh;0;35314;0;0;35314;35314
03/11/2024 07:15;03/11/2024 07:30;30;kWh;0;34232;0;0;34232;34232
03/11/2024 07:30;03/11/2024 07:45;31;kWh;0;28086;0;0;28086;28086
03/11/2024 07:45;03/11/2024 08:00;32;kWh;0;24714;0;0;24714;24714
03/11/2024 08:00;03/11/2024 08:15;33;kWh;0;48637;0;0;48637;48637
03/11/2024 08:15;03/11/2024 08:30;34;kWh;-1702;14622;0;0;16324;12920
03/11/2024 08:30;03/11/2024 08:45;35;kWh;-24829;0;0;0;24829;-24829
03/11/2024 08:45;03/11/2024 09:00;36;kWh;-44624;0;0;0;44624;-44624
03/11/2024 09:00;03/11/2024 09:15;37;kWh;-12855;5634;0;0;18489;-7221
03/11/2024 09:15;03/11/2024 09:30;38;kWh;-15359;41;0;0;15400;-15318
03/11/2024 09:30;03/11/2024 09:45;39;kWh;-41857;0;0;0;41857;-41857
03/11/2024 09:45;03/11/2024 10:00;40;kWh;-33209;0;0;0;33209;-33209
03/11/2024 10:00;03/11/2024 10:15;41;kWh;-27457;3952;0;0;31409;-23505
03/11/2024 10:15;03/11/2024 10:30;42;kWh;0;27582;0;0;27582;27582
03/11/2024 10:30;03/11/2024 10:45;43;kWh;0;19540;0;0;19540;19540
03/11/2024 10:45;03/11/2024 11:00;44;kWh;0;10129;0;0;10129;10129
03/11/2024 11:00;03/11/2024 11:15;45;kWh;0;31419;0;0;31419;31419
03/11/2024 11:15;03/11/2024 11:30;46;kWh;0;631;0;0;631;631
03/11/2024 11:30;03/11/2024 11:45;47;kWh;0;867;0;0;867;867
03/11/2024 11:45;03/11/2024 12:00;48;kWh;0;2228;0;0;2228;2228
03/11/2024 12:00;03/11/2024 12:15;49;kWh;0;2465;0;0;2465;2465
03/11/2024 12:15;03/11/2024 12:30;50;kWh;0;1022;0;0;1022;1022
03/11/2024 12:30;03/11/2024 12:45;51;kWh;-396;207;0;0;603;-189
03/11/2024 12:45;03/11/2024 13:00;52;kWh;0;11888;0;0;11888;11888
03/11/2024 13:00;03/11/2024 13:15;53;kWh;-653;1157;0;0;1810;504
03/11/2024 13:15;03/11/2024 13:30;54;kWh;-11640;0;0;0;11640;-11640
03/11/2024 13:30;03/11/2024 13:45;55;kWh;-1273;0;0;0;1273;-1273
03/11/2024 13:45;03/11/2024 14:00;56;kWh;0;17656;0;0;17656;17656
03/11/2024 14:00;03/11/2024 14:15;57;kWh;-28693;2473;0;0;31166;-26220
03/11/2024 14:15;03/11/2024 14:30;58;kWh;-440;164;0;0;604;-276
03/11/2024 14:30;03/11/2024 14:45;59;kWh;0;9150;0;0;9150;9150
03/11/2024 14:45;03/11/2024 15:00;60;kWh;0;32523;0;0;32523;32523
03/11/2024 15:00;03/11/2024 15:15;61;kWh;-565;3713;0;0;4278;3148
03/11/2024 15:15;03/11/2024 15:30;62;kWh;0;22070;0;0;22070;22070
03/11/2024 15:30;03/11/2024 15:45;63;kWh;0;34351;0;0;34351;34351
03/11/2024 15:45;03/11/2024 16:00;64;kWh;0;34824;0;0;34824;34824
03/11/2024 16:00;03/11/2024 16:15;65;kWh;-1114;1993;0;0;3107;879
03/11/2024 16:15;03/11/2024 16:30;66;kWh;0;18919;0;0;18919;18919
03/11/2024 16:30;03/11/2024 16:45;67;kWh;0;32225;0;0;32225;32225
03/11/2024 16:45;03/11/2024 17:00;68;kWh;0;58449;0;0;58449;58449
03/11/2024 17:00;03/11/2024 17:15;69;kWh;0;19816;0;0;19816;19816
03/11/2024 17:15;03/11/2024 17:30;70;kWh;0;54743;0;0;54743;54743
03/11/2024 17:30;03/11/2024 17:45;71;kWh;0;81194;0;0;81194;81194
03/11/2024 17:45;03/11/2024 18:00;72;kWh;0;80776;0;0;80776;80776
03/11/2024 18:00;03/11/2024 18:15;73;kWh;0;50958;0;0;50958;50958
03/11/2024 18:15;03/11/2024 18:30;74;kWh;0;26190;0;0;26190;26190
03/11/2024 18:30;03/11/2024 18:45;75;kWh;-4744;2099;0;0;6843;-2645
03/11/2024 18:45;03/11/2024 19:00;76;kWh;-2429;357;0;0;2786;-2072
03/11/2024 19:00;03/11/2024 19:15;77;kWh;-131;42952;0;0;43083;42821
03/11/2024 19:15;03/11/2024 19:30;78;kWh;0;74627;0;0;74627;74627
03/11/2024 19:30;03/11/2024 19:45;79;kWh;0;15290;0;0;15290;15290
03/11/2024 19:45;03/11/2024 20:00;80;kWh;0;32209;0;0;32209;32209
03/11/2024 20:00;03/11/2024 20:15;81;kWh;-4201;2102;0;0;6303;-2099
03/11/2024 20:15;03/11/2024 20:30;82;kWh;-478;4562;0;0;5040;4084
03/11/2024 20:30;03/11/2024 20:45;83;kWh;-1107;1278;0;0;2385;171
03/11/2024 20:45;03/11/2024 21:00;84;kWh;-287;11132;0;0;11419;10845
03/11/2024 21:00;03/11/2024 21:15;85;kWh;0;28559;0;0;28559;28559
03/11/2024 21:15;03/11/2024 21:30;86;kWh;0;38612;0;0;38612;38612
03/11/2024 21:30;03/11/2024 21:45;87;kWh;0;50479;0;0;50479;50479
03/11/2024 21:45;03/11/2024 22:00;88;kWh;0;40516;0;0;40516;40516
03/11/2024 22:00;03/11/2024 22:15;89;kWh;0;22940;0;0;22940;22940
03/11/2024 22:15;03/11/2024 22:30;90;kWh;0;26232;0;0;26232;26232
03/11/2024 22:30;03/11/2024 22:45;91;kWh;0;11947;0;0;11947;11947
03/11/2024 22:45;03/11/2024 23:00;92;kWh;-606;4808;0;0;5414;4202
03/11/2024 23:00;03/11/2024 23:15;93;kWh;-1182;5229;0;0;6411;4047
03/11/2024 23:15;03/11/2024 23:30;94;kWh;-207;46123;0;0;46330;45916
03/11/2024 23:30;03/11/2024 23:45;95;kWh;-266;17275;0;0;17541;17009
03/11/2024 23:45;04/11/2024 00:00;96;kWh;-9041;339;0;0;9380;-8702
04/11/2024 00:00;04/11/2024 00:15;1;kWh;-3523;12184;0;0;15707;8661
04/11/2024 00:15;04/11/2024 00:30;2;kWh;0;12747;0;0;12747;12747
04/11/2024 00:30;04/11/2024 00:45;3;kWh;0;27148;0;0;27148;27148
04/11/2024 00:45;04/11/2024 01:00;4;kWh;0;2971;0;0;2971;2971
04/11/2024 01:00;04/11/2024 01:15;5;kWh;-3718;853;0;0;4571;-2865
04/11/2024 01:15;04/11/2024 01:30;6;kWh;-7846;160;0;0;8006;-7686
04/11/2024 01:30;04/11/2024 01:45;7;kWh;-1044;26758;0;0;27802;25714
04/11/2024 01:45;04/11/2024 02:00;8;kWh;0;49044;0;0;49044;49044
04/11/2024 02:00;04/11/2024 02:15;9;kWh;-250;51023;0;0;51273;50773
04/11/2024 02:15;04/11/2024 02:30;10;kWh;-68;32260;0;0;32328;32192
04/11/2024 02:30;04/11/2024 02:45;11;kWh;0;19427;0;0;19427;19427
04/11/2024 02:45;04/11/2024 03:00;12;kWh;0;2695;0;0;2695;2695
04/11/2024 03:00;04/11/2024 03:15;13;kWh;0;754;0;0;754;754
04/11/2024 03:15;04/11/2024 03:30;14;kWh;0;507;0;0;507;507
04/11/2024 03:30;04/11/2024 03:45;15;kWh;-1819;0;0;0;1819;-1819
04/11/2024 03:45;04/11/2024 04:00;16;kWh;-1299;0;0;0;1299;-1299
04/11/2024 04:00;04/11/2024 04:15;17;kWh;-1098;360;0;0;1458;-738
04/11/2024 04:15;04/11/2024 04:30;18;kWh;0;45;0;0;45;45
04/11/2024 04:30;04/11/2024 04:45;19;kWh;0;2893;0;0;2893;2893
04/11/2024 04:45;04/11/2024 05:00;20;kWh;0;2390;0;0;2390;2390
04/11/2024 05:00;04/11/2024 05:15;21;kWh;0;1644;0;0;1644;1644
04/11/2024 05:15;04/11/2024 05:30;22;kWh;-2840;147;0;0;2987;-2693
04/11/2024 05:30;04/11/2024 05:45;23;kWh;-281;2865;0;0;3146;2584
04/11/2024 05:45;04/11/2024 06:00;24;kWh;-3;5469;0;0;5472;5466
04/11/2024 06:00;04/11/2024 06:15;25;kWh;-11156;1004;0;0;12160;-10152
04/11/2024 06:15;04/11/2024 06:30;26;kWh;0;4223;0;0;4223;4223
04/11/2024 06:30;04/11/2024 06:45;27;kWh;0;22276;0;0;22276;22276
04/11/2024 06:45;04/11/2024 07:00;28;kWh;0;49093;0;0;49093;49093
04/11/2024 07:00;04/11/2024 07:15;29;kWh;0;17530;0;0;17530;17530
04/11/2024 07:15;04/11/2024 07:30;30;kWh;0;52977;0;0;52977;52977
04/11/2024 07:30;04/11/2024 07:45;31;kWh;0;35324;0;0;35324;35324
04/11/2024 07:45;04/11/2024 08:00;32;kWh;0;28434;0;0;28434;28434
04/11/2024 08:00;04/11/2024 08:15;33;kWh;-15;30212;0;0;30227;30197
04/11/2024 08:15;04/11/2024 08:30;34;kWh;-197;0;0;0;197;-197
04/11/2024 08:30;04/11/2024 08:45;35;kWh;-4735;202;0;0;4937;-4533
04/11/2024 08:45;04/11/2024 09:00;36;kWh;-5348;0;0;0;5348;-5348
04/11/2024 09:00;04/11/2024 09:15;37;kWh;0;26620;0;0;26620;26620
04/11/2024 09:15;04/11/2024 09:30;38;kWh;0;22464;0;0;22464;22464
04/11/2024 09:30;04/11/2024 09:45;39;kWh;-109;1217;0;0;1326;1108
04/11/2024 09:45;04/11/2024 10:00;40;kWh;-38950;0;0;0;38950;-38950
04/11/2024 10:00;04/11/2024 10:15;41;kWh;-20186;36732;0;0;56918;16546
04/11/2024 10:15;04/11/2024 10:30;42;kWh;0;25567;0;0;25567;25567
04/11/2024 10:30;04/11/2024 10:45;43;kWh;-4896;10138;0;0;15034;5242
04/11/2024 10:45;04/11/2024 11:00;44;kWh;-18213;13;0;0;18226;-18200
04/11/2024 11:00;04/11/2024 11:15;45;kWh;-1056;24719;0;0;25775;23663
04/11/2024 11:15;04/11/2024 11:30;46;kWh;-1071;11133;0;0;12204;10062
04/11/2024 11:30;04/11/2024 11:45;47;kWh;-29119;0;0;0;29119;-29119
04/11/2024 11:45;04/11/2024 12:00;48;kWh;-31424;0;0;0;31424;-31424
04/11/2024 12:00;04/11/2024 12:15;49;kWh;-39594;0;0;0;39594;-39594
04/11/2024 12:15;04/11/2024 12:30;50;kWh;-16788;0;0;0;16788;-16788
04/11/2024 12:30;04/11/2024 12:45;51;kWh;-15008;0;0;0;15008;-15008
04/11/2024 12:45;04/11/2024 13:00;52;kWh;-17331;0;0;0;17331;-17331
04/11/2024 13:00;04/11/2024 13:15;53;kWh;-20386;0;0;0;20386;-20386
04/11/2024 13:15;04/11/2024 13:30;54;kWh;-7036;27;0;0;7063;-7009
04/11/2024 13:30;04/11/2024 13:45;55;kWh;0;1145;0;0;1145;1145
04/11/2024 13:45;04/11/2024 14:00;56;kWh;0;6074;0;0;6074;6074
04/11/2024 14:00;04/11/2024 14:15;57;kWh;-3406;30;0;0;3436;-3376
04/11/2024 14:15;04/11/2024 14:30;58;kWh;-1478;7989;0;0;9467;6511
04/11/2024 14:30;04/11/2024 14:45;59;kWh;0;52323;0;0;52323;52323
04/11/2024 14:45;04/11/2024 15:00;60;kWh;0;59862;0;0;59862;59862
04/11/2024 15:00;04/11/2024 15:15;61;kWh;-24887;6615;0;0;31502;-18272
04/11/2024 15:15;04/11/2024 15:30;62;kWh;-270;6708;0;0;6978;6438
04/11/2024 15:30;04/11/2024 15:45;63;kWh;0;30980;0;0;30980;30980
04/11/2024 15:45;04/11/2024 16:00;64;kWh;0;49203;0;0;49203;49203
04/11/2024 16:00;04/11/2024 16:15;65;kWh;-11251;18530;0;0;29781;7279
04/11/2024 16:15;04/11/2024 16:30;66;kWh;-9352;4715;0;0;14067;-4637
04/11/2024 16:30;04/11/2024 16:45;67;kWh;0;16565;0;0;16565;16565
04/11/2024 16:45;04/11/2024 17:00;68;kWh;0;14268;0;0;14268;14268
04/11/2024 17:00;04/11/2024 17:15;69;kWh;-1545;285;0;0;1830;-1260
04/11/2024 17:15;04/11/2024 17:30;70;kWh;-3;15406;0;0;15409;15403
04/11/2024 17:30;04/11/2024 17:45;71;kWh;0;20117;0;0;20117;20117
04/11/2024 17:45;04/11/2024 18:00;72;kWh;0;5599;0;0;5599;5599
04/11/2024 18:00;04/11/2024 18:15;73;kWh;0;1932;0;0;1932;1932
04/11/2024 18:15;04/11/2024 18:30;74;kWh;0;14358;0;0;14358;14358
04/11/2024 18:30;04/11/2024 18:45;75;kWh;0;90;0;0;90;90
04/11/2024 18:45;04/11/2024 19:00;76;kWh;-9584;0;0;0;9584;-9584
04/11/2024 19:00;04/11/2024 19:15;77;kWh;-2384;39471;0;0;41855;37087
04/11/2024 19:15;04/11/2024 19:30;78;kWh;-310;15817;0;0;16127;15507
04/11/2024 19:30;04/11/2024 19:45;79;kWh;-487;11775;0;0;12262;11288
04/11/2024 19:45;04/11/2024 20:00;80;kWh;-276;5289;0;0;5565;5013
04/11/2024 20:00;04/11/2024 20:15;81;kWh;0;17950;0;0;17950;17950
04/11/2024 20:15;04/11/2024 20:30;82;kWh;0;26293;0;0;26293;26293
04/11/2024 20:30;04/11/2024 20:45;83;kWh;-15;34809;0;0;34824;34794
04/11/2024 20:45;04/11/2024 21:00;84;kWh;-1646;67;0;0;1713;-1579
04/11/2024 21:00;04/11/2024 21:15;85;kWh;-1250;19378;0;0;20628;18128
04/11/2024 21:15;04/11/2024 21:30;86;kWh;-127;30265;0;0;30392;30138
04/11/2024 21:30;04/11/2024 21:45;87;kWh;-5849;114;0;0;5963;-5735
04/11/2024 21:45;04/11/2024 22:00;88;kWh;-3180;0;0;0;3180;-3180
04/11/2024 22:00;04/11/2024 22:15;89;kWh;-19534;0;0;0;19534;-19534
04/11/2024 22:15;04/11/2024 22:30;90;kWh;-19102;0;0;0;19102;-19102
04/11/2024 22:30;04/11/2024 22:45;91;kWh;-22372;0;0;0;22372;-22372
04/11/2024 22:45;04/11/2024 23:00;92;kWh;-26984;0;0;0;26984;-26984
04/11/2024 23:00;04/11/2024 23:15;93;kWh;-3852;0;0;0;3852;-3852
04/11/2024 23:15;04/11/2024 23:30;94;kWh;-11617;0;0;0;11617;-11617
04/11/2024 23:30;04/11/2024 23:45;95;kWh;-24368;0;0;0;24368;-24368
04/11/2024 23:45;05/11/2024 00:00;96;kWh;-29411;0;0;0;29411;-29411
05/11/2024 00:00;05/11/2024 00:15;1;kWh;-45881;0;0;0;45881;-45881
05/11/2024 00:15;05/11/2024 00:30;2;kWh;-33188;0;0;0;33188;-33188
05/11/2024 00:30;05/11/2024 00:45;3;kWh;-30187;0;0;0;30187;-30187
05/11/2024 00:45;05/11/2024 01:00;4;kWh;-40111;0;0;0;40111;-40111
05/11/2024 01:00;05/11/2024 01:15;5;kWh;-23535;0;0;0;23535;-23535
05/11/2024 01:15;05/11/2024 01:30;6;kWh;-44470;0;0;0;44470;-44470
05/11/2024 01:30;05/11/2024 01:45;7;kWh;-50782;0;0;0;50782;-50782
05/11/2024 01:45;05/11/2024 02:00;8;kWh;-55044;0;0;0;55044;-55044
05/11/2024 02:00;05/11/2024 02:15;9;kWh;-48911;0;0;0;48911;-48911
05/11/2024 02:15;05/11/2024 02:30;10;kWh;-31161;0;0;0;31161;-31161
05/11/2024 02:30;05/11/2024 02:45;11;kWh;-6778;0;0;0;6778;-6778
05/11/2024 02:45;05/11/2024 03:00;12;kWh;-70;1276;0;0;1346;1206
05/11/2024 03:00;05/11/2024 03:15;13;kWh;-42933;0;0;0;42933;-42933
05/11/2024 03:15;05/11/2024 03:30;14;kWh;-19402;0;0;0;19402;-19402
05/11/2024 03:30;05/11/2024 03:45;15;kWh;-2933;0;0;0;2933;-2933
05/11/2024 03:45;05/11/2024 04:00;16;kWh;-23073;0;0;0;23073;-23073
05/11/2024 04:00;05/11/2024 04:15;17;kWh;-26924;0;0;0;26924;-26924
05/11/2024 04:15;05/11/2024 04:30;18;kWh;-775;0;0;0;775;-775
05/11/2024 04:30;05/11/2024 04:45;19;kWh;-7553;1284;0;0;8837;-6269
05/11/2024 04:45;05/11/2024 05:00;20;kWh;-171;1719;0;0;1890;1548
05/11/2024 05:00;05/11/2024 05:15;21;kWh;-10758;230;0;0;10988;-10528
05/11/2024 05:15;05/11/2024 05:30;22;kWh;-238;2185;0;0;2423;1947
05/11/2024 05:30;05/11/2024 05:45;23;kWh;0;15476;0;0;15476;15476
05/11/2024 05:45;05/11/2024 06:00;24;kWh;-3716;4539;0;0;8255;823
05/11/2024 06:00;05/11/2024 06:15;25;kWh;-32729;0;0;0;32729;-32729
05/11/2024 06:15;05/11/2024 06:30;26;kWh;-13579;0;0;0;13579;-13579
05/11/2024 06:30;05/11/2024 06:45;27;kWh;-7269;4889;0;0;12158;-2380
05/11/2024 06:45;05/11/2024 07:00;28;kWh;-1;29764;0;0;29765;29763
05/11/2024 07:00;05/11/2024 07:15;29;kWh;-39411;2588;0;0;41999;-36823
05/11/2024 07:15;05/11/2024 07:30;30;kWh;-1500;1263;0;0;2763;-237
05/11/2024 07:30;05/11/2024 07:45;31;kWh;-1278;1549;0;0;2827;271
05/11/2024 07:45;05/11/2024 08:00;32;kWh;-249;8880;0;0;9129;8631
05/11/2024 08:00;05/11/2024 08:15;33;kWh;-249;19151;0;0;19400;18902
05/11/2024 08:15;05/11/2024 08:30;34;kWh;-249;13505;0;0;13754;13256
05/11/2024 08:30;05/11/2024 08:45;35;kWh;-249;5688;0;0;5937;5439
05/11/2024 08:45;05/11/2024 09:00;36;kWh;-249;2392;0;0;2641;2143
05/11/2024 09:00;05/11/2024 09:15;37;kWh;-677;25320;0;0;25997;24643
05/11/2024 09:15;05/11/2024 09:30;38;kWh;-921;60;0;0;981;-861
05/11/2024 09:30;05/11/2024 09:45;39;kWh;-249;1673;0;0;1922;1424
05/11/2024 09:45;05/11/2024 10:00;40;kWh;-1032;0;0;0;1032;-1032
05/11/2024 10:00;05/11/2024 10:15;41;kWh;-283;46686;0;0;46969;46403
05/11/2024 10:15;05/11/2024 10:30;42;kWh;-249;46866;0;0;47115;46617
05/11/2024 10:30;05/11/2024 10:45;43;kWh;-5299;6360;0;0;11659;1061
05/11/2024 10:45;05/11/2024 11:00;44;kWh;-29116;0;0;0;29116;-29116
05/11/2024 11:00;05/11/2024 11:15;45;kWh;-5252;21048;0;0;26300;15796
05/11/2024 11:15;05/11/2024 11:30;46;kWh;-364;3884;0;0;4248;3520
05/11/2024 11:30;05/11/2024 11:45;47;kWh;-3873;1656;0;0;5529;-2217
05/11/2024 11:45;05/11/2024 12:00;48;kWh;-15171;0;0;0;15171;-15171
05/11/2024 12:00;05/11/2024 12:15;49;kWh;-1166;20167;0;0;21333;19001
05/11/2024 12:15;05/11/2024 12:30;50;kWh;-2895;42;0;0;2937;-2853
05/11/2024 12:30;05/11/2024 12:45;51;kWh;-333;0;0;0;333;-333
05/11/2024 12:45;05/11/2024 13:00;52;kWh;-809;224;0;0;1033;-585
05/11/2024 13:00;05/11/2024 13:15;53;kWh;-19647;0;0;0;19647;-19647
05/11/2024 13:15;05/11/2024 13:30;54;kWh;-1736;3845;0;0;5581;2109
05/11/2024 13:30;05/11/2024 13:45;55;kWh;-249;34897;0;0;35146;34648
05/11/2024 13:45;05/11/2024 14:00;56;kWh;-1095;19237;0;0;20332;18142
05/11/2024 14:00;05/11/2024 14:15;57;kWh;-11105;0;0;0;11105;-11105
05/11/2024 14:15;05/11/2024 14:30;58;kWh;-1575;2950;0;0;4525;1375
05/11/2024 14:30;05/11/2024 14:45;59;kWh;-249;30160;0;0;30409;29911
05/11/2024 14:45;05/11/2024 15:00;60;kWh;-249;40969;0;0;41218;40720
05/11/2024 15:00;05/11/2024 15:15;61;kWh;-25223;4797;0;0;30020;-20426
05/11/2024 15:15;05/11/2024 15:30;62;kWh;-2746;16754;0;0;19500;14008
05/11/2024 15:30;05/11/2024 15:45;63;kWh;-249;63155;0;0;63404;62906
05/11/2024 15:45;05/11/2024 16:00;64;kWh;-249;37780;0;0;38029;37531
05/11/2024 16:00;05/11/2024 16:15;65;kWh;-249;6451;0;0;6700;6202
05/11/2024 16:15;05/11/2024 16:30;66;kWh;-438;22503;0;0;22941;22065
05/11/2024 16:30;05/11/2024 16:45;67;kWh;-249;51740;0;0;51989;51491
05/11/2024 16:45;05/11/2024 17:00;68;kWh;-249;71759;0;0;72008;71510
05/11/2024 17:00;05/11/2024 17:15;69;kWh;-249;54649;0;0;54898;54400
05/11/2024 17:15;05/11/2024 17:30;70;kWh;-249;75735;0;0;75984;75486
05/11/2024 17:30;05/11/2024 17:45;71;kWh;-249;79834;0;0;80083;79585
05/11/2024 17:45;05/11/2024 18:00;72;kWh;-249;78963;0;0;79212;78714
05/11/2024 18:00;05/11/2024 18:15;73;kWh;-249;79368;0;0;79617;79119
05/11/2024 18:15;05/11/2024 18:30;74;kWh;-249;60020;0;0;60269;59771
05/11/2024 18:30;05/11/2024 18:45;75;kWh;-249;44791;0;0;45040;44542
05/11/2024 18:45;05/11/2024 19:00;76;kWh;-249;62507;0;0;62756;62258
05/11/2024 19:00;05/11/2024 19:15;77;kWh;-249;38287;0;0;38536;38038
05/11/2024 19:15;05/11/2024 19:30;78;kWh;-249;50524;0;0;50773;50275
05/11/2024 19:30;05/11/2024 19:45;79;kWh;-249;42508;0;0;42757;42259
05/11/2024 19:45;05/11/2024 20:00;80;kWh;-531;21202;0;0;21733;20671
05/11/2024 20:00;05/11/2024 20:15;81;kWh;-694;35334;0;0;36028;34640
05/11/2024 20:15;05/11/2024 20:30;82;kWh;-249;53353;0;0;53602;53104
05/11/2024 20:30;05/11/2024 20:45;83;kWh;-249;44714;0;0;44963;44465
05/11/2024 20:45;05/11/2024 21:00;84;kWh;-249;22949;0;0;23198;22700
05/11/2024 21:00;05/11/2024 21:15;85;kWh;-261;31051;0;0;31312;30790
05/11/2024 21:15;05/11/2024 21:30;86;kWh;-249;30945;0;0;31194;30696
05/11/2024 21:30;05/11/2024 21:45;87;kWh;-249;27627;0;0;27876;27378
05/11/2024 21:45;05/11/2024 22:00;88;kWh;-500;117;0;0;617;-383
05/11/2024 22:00;05/11/2024 22:15;89;kWh;-296;11710;0;0;12006;11414
05/11/2024 22:15;05/11/2024 22:30;90;kWh;-249;21441;0;0;21690;21192
05/11/2024 22:30;05/11/2024 22:45;91;kWh;-954;10695;0;0;11649;9741
05/11/2024 22:45;05/11/2024 23:00;92;kWh;-1383;982;0;0;2365;-401
05/11/2024 23:00;05/11/2024 23:15;93;kWh;-249;18585;0;0;18834;18336
05/11/2024 23:15;05/11/2024 23:30;94;kWh;-249;6443;0;0;6692;6194
05/11/2024 23:30;05/11/2024 23:45;95;kWh;-546;707;0;0;1253;161
05/11/2024 23:45;06/11/2024 00:00;96;kWh;-1195;0;0;0;1195;-1195
06/11/2024 00:00;06/11/2024 00:15;1;kWh;-413;24258;0;0;24671;23845
06/11/2024 00:15;06/11/2024 00:30;2;kWh;-339;31935;0;0;32274;31596
06/11/2024 00:30;06/11/2024 00:45;3;kWh;-515;16700;0;0;17215;16185
06/11/2024 00:45;06/11/2024 01:00;4;kWh;0;25172;0;0;25172;25172
06/11/2024 01:00;06/11/2024 01:15;5;kWh;0;20228;0;0;20228;20228
06/11/2024 01:15;06/11/2024 01:30;6;kWh;-217;18995;0;0;19212;18778
06/11/2024 01:30;06/11/2024 01:45;7;kWh;-561;13712;0;0;14273;13151
06/11/2024 01:45;06/11/2024 02:00;8;kWh;-508;2418;0;0;2926;1910
06/11/2024 02:00;06/11/2024 02:15;9;kWh;0;2717;0;0;2717;2717
06/11/2024 02:15;06/11/2024 02:30;10;kWh;-127;13122;0;0;13249;12995
06/11/2024 02:30;06/11/2024 02:45;11;kWh;-204;16836;0;0;17040;16632
06/11/2024 02:45;06/11/2024 03:00;12;kWh;-1577;11471;0;0;13048;9894
06/11/2024 03:00;06/11/2024 03:15;13;kWh;-5112;392;0;0;5504;-4720
06/11/2024 03:15;06/11/2024 03:30;14;kWh;0;4374;0;0;4374;4374
06/11/2024 03:30;06/11/2024 03:45;15;kWh;-43;2648;0;0;2691;2605
06/11/2024 03:45;06/11/2024 04:00;16;kWh;-1539;0;0;0;1539;-1539
06/11/2024 04:00;06/11/2024 04:15;17;kWh;-1628;8547;0;0;10175;6919
06/11/2024 04:15;06/11/2024 04:30;18;kWh;0;23842;0;0;23842;23842
06/11/2024 04:30;06/11/2024 04:45;19;kWh;0;20741;0;0;20741;20741
06/11/2024 04:45;06/11/2024 05:00;20;kWh;-52;21457;0;0;21509;21405
06/11/2024 05:00;06/11/2024 05:15;21;kWh;-30672;526;0;0;31198;-30146
06/11/2024 05:15;06/11/2024 05:30;22;kWh;-21112;0;0;0;21112;-21112
06/11/2024 05:30;06/11/2024 05:45;23;kWh;-24;9851;0;0;9875;9827
06/11/2024 05:45;06/11/2024 06:00;24;kWh;-11;7758;0;0;7769;7747
06/11/2024 06:00;06/11/2024 06:15;25;kWh;-16410;64;0;0;16474;-16346
06/11/2024 06:15;06/11/2024 06:30;26;kWh;0;4920;0;0;4920;4920
06/11/2024 06:30;06/11/2024 06:45;27;kWh;0;36570;0;0;36570;36570
06/11/2024 06:45;06/11/2024 07:00;28;kWh;0;49430;0;0;49430;49430
06/11/2024 07:00;06/11/2024 07:15;29;kWh;-7594;2354;0;0;9948;-5240
06/11/2024 07:15;06/11/2024 07:30;30;kWh;-3;33137;0;0;33140;33134
06/11/2024 07:30;06/11/2024 07:45;31;kWh;0;50235;0;0;50235;50235
06/11/2024 07:45;06/11/2024 08:00;32;kWh;0;53957;0;0;53957;53957
06/11/2024 08:00;06/11/2024 08:15;33;kWh;0;20328;0;0;20328;20328
06/11/2024 08:15;06/11/2024 08:30;34;kWh;0;5097;0;0;5097;5097
06/11/2024 08:30;06/11/2024 08:45;35;kWh;0;5657;0;0;5657;5657
06/11/2024 08:45;06/11/2024 09:00;36;kWh;0;14116;0;0;14116;14116
06/11/2024 09:00;06/11/2024 09:15;37;kWh;0;41138;0;0;41138;41138
06/11/2024 09:15;06/11/2024 09:30;38;kWh;0;48753;0;0;48753;48753
06/11/2024 09:30;06/11/2024 09:45;39;kWh;0;48696;0;0;48696;48696
06/11/2024 09:45;06/11/2024 10:00;40;kWh;0;42592;0;0;42592;42592
06/11/2024 10:00;06/11/2024 10:15;41;kWh;0;56849;0;0;56849;56849
06/11/2024 10:15;06/11/2024 10:30;42;kWh;0;66476;0;0;66476;66476
06/11/2024 10:30;06/11/2024 10:45;43;kWh;0;69738;0;0;69738;69738
06/11/2024 10:45;06/11/2024 11:00;44;kWh;0;67712;0;0;67712;67712
06/11/2024 11:00;06/11/2024 11:15;45;kWh;0;50700;0;0;50700;50700
06/11/2024 11:15;06/11/2024 11:30;46;kWh;0;60342;0;0;60342;60342
06/11/2024 11:30;06/11/2024 11:45;47;kWh;0;59376;0;0;59376;59376
06/11/2024 11:45;06/11/2024 12:00;48;kWh;0;34756;0;0;34756;34756
06/11/2024 12:00;06/11/2024 12:15;49;kWh;0;23902;0;0;23902;23902
06/11/2024 12:15;06/11/2024 12:30;50;kWh;0;32262;0;0;32262;32262
06/11/2024 12:30;06/11/2024 12:45;51;kWh;0;33974;0;0;33974;33974
06/11/2024 12:45;06/11/2024 13:00;52;kWh;0;30151;0;0;30151;30151
06/11/2024 13:00;06/11/2024 13:15;53;kWh;0;42976;0;0;42976;42976
06/11/2024 13:15;06/11/2024 13:30;54;kWh;0;33108;0;0;33108;33108
06/11/2024 13:30;06/11/2024 13:45;55;kWh;0;27313;0;0;27313;27313
06/11/2024 13:45;06/11/2024 14:00;56;kWh;0;52144;0;0;52144;52144
06/11/2024 14:00;06/11/2024 14:15;57;kWh;0;30263;0;0;30263;30263
06/11/2024 14:15;06/11/2024 14:30;58;kWh;0;35403;0;0;35403;35403
06/11/2024 14:30;06/11/2024 14:45;59;kWh;0;35305;0;0;35305;35305
06/11/2024 14:45;06/11/2024 15:00;60;kWh;0;29358;0;0;29358;29358
06/11/2024 15:00;06/11/2024 15:15;61;kWh;0;9585;0;0;9585;9585
06/11/2024 15:15;06/11/2024 15:30;62;kWh;0;34129;0;0;34129;34129
06/11/2024 15:30;06/11/2024 15:45;63;kWh;0;17685;0;0;17685;17685
06/11/2024 15:45;06/11/2024 16:00;64;kWh;0;48150;0;0;48150;48150
06/11/2024 16:00;06/11/2024 16:15;65;kWh;0;27392;0;0;27392;27392
06/11/2024 16:15;06/11/2024 16:30;66;kWh;0;52500;0;0;52500;52500
06/11/2024 16:30;06/11/2024 16:45;67;kWh;0;61637;0;0;61637;61637
06/11/2024 16:45;06/11/2024 17:00;68;kWh;0;68859;0;0;68859;68859
06/11/2024 17:00;06/11/2024 17:15;69;kWh;0;69028;0;0;69028;69028
06/11/2024 17:15;06/11/2024 17:30;70;kWh;0;82075;0;0;82075;82075
06/11/2024 17:30;06/11/2024 17:45;71;kWh;0;80526;0;0;80526;80526
06/11/2024 17:45;06/11/2024 18:00;72;kWh;0;74770;0;0;74770;74770
06/11/2024 18:00;06/11/2024 18:15;73;kWh;0;68112;0;0;68112;68112
06/11/2024 18:15;06/11/2024 18:30;74;kWh;0;51140;0;0;51140;51140
06/11/2024 18:30;06/11/2024 18:45;75;kWh;0;22023;0;0;22023;22023
06/11/2024 18:45;06/11/2024 19:00;76;kWh;0;3404;0;0;3404;3404
06/11/2024 19:00;06/11/2024 19:15;77;kWh;0;7649;0;0;7649;7649
06/11/2024 19:15;06/11/2024 19:30;78;kWh;-4;8055;0;0;8059;8051
06/11/2024 19:30;06/11/2024 19:45;79;kWh;-1969;0;0;0;1969;-1969
06/11/2024 19:45;06/11/2024 20:00;80;kWh;-21148;0;0;0;21148;-21148
06/11/2024 20:00;06/11/2024 20:15;81;kWh;-7783;22654;0;0;30437;14871
06/11/2024 20:15;06/11/2024 20:30;82;kWh;-70;16769;0;0;16839;16699
06/11/2024 20:30;06/11/2024 20:45;83;kWh;-1684;188;0;0;1872;-1496
06/11/2024 20:45;06/11/2024 21:00;84;kWh;-5708;1298;0;0;7006;-4410
06/11/2024 21:00;06/11/2024 21:15;85;kWh;-200;44089;0;0;44289;43889
06/11/2024 21:15;06/11/2024 21:30;86;kWh;0;59644;0;0;59644;59644
06/11/2024 21:30;06/11/2024 21:45;87;kWh;-15;29631;0;0;29646;29616
06/11/2024 21:45;06/11/2024 22:00;88;kWh;-197;16458;0;0;16655;16261
06/11/2024 22:00;06/11/2024 22:15;89;kWh;-101;31571;0;0;31672;31470
06/11/2024 22:15;06/11/2024 22:30;90;kWh;0;50000;0;0;50000;50000
06/11/2024 22:30;06/11/2024 22:45;91;kWh;-10;13858;0;0;13868;13848
06/11/2024 22:45;06/11/2024 23:00;92;kWh;-41;1412;0;0;1453;1371
06/11/2024 23:00;06/11/2024 23:15;93;kWh;-47;18950;0;0;18997;18903
06/11/2024 23:15;06/11/2024 23:30;94;kWh;0;29452;0;0;29452;29452
06/11/2024 23:30;06/11/2024 23:45;95;kWh;-483;17134;0;0;17617;16651
06/11/2024 23:45;07/11/2024 00:00;96;kWh;-5992;0;0;0;5992;-5992
07/11/2024 00:00;07/11/2024 00:15;1;kWh;-356;29831;0;0;30187;29475
07/11/2024 00:15;07/11/2024 00:30;2;kWh;0;35253;0;0;35253;35253
07/11/2024 00:30;07/11/2024 00:45;3;kWh;-53;841;0;0;894;788
07/11/2024 00:45;07/11/2024 01:00;4;kWh;0;167;0;0;167;167
07/11/2024 01:00;07/11/2024 01:15;5;kWh;0;29293;0;0;29293;29293
07/11/2024 01:15;07/11/2024 01:30;6;kWh;-48;18741;0;0;18789;18693
07/11/2024 01:30;07/11/2024 01:45;7;kWh;-312;57;0;0;369;-255
07/11/2024 01:45;07/11/2024 02:00;8;kWh;-1964;376;0;0;2340;-1588
07/11/2024 02:00;07/11/2024 02:15;9;kWh;-1263;14617;0;0;15880;13354
07/11/2024 02:15;07/11/2024 02:30;10;kWh;-24;287;0;0;311;263
07/11/2024 02:30;07/11/2024 02:45;11;kWh;-10;1373;0;0;1383;1363
07/11/2024 02:45;07/11/2024 03:00;12;kWh;0;0;0;0;0;0
07/11/2024 03:00;07/11/2024 03:15;13;kWh;-237;4361;0;0;4598;4124
07/11/2024 03:15;07/11/2024 03:30;14;kWh;-10;13488;0;0;13498;13478
07/11/2024 03:30;07/11/2024 03:45;15;kWh;-874;0;0;0;874;-874
07/11/2024 03:45;07/11/2024 04:00;16;kWh;-60;0;0;0;60;-60
07/11/2024 04:00;07/11/2024 04:15;17;kWh;-4307;0;0;0;4307;-4307
07/11/2024 04:15;07/11/2024 04:30;18;kWh;-318;1631;0;0;1949;1313
07/11/2024 04:30;07/11/2024 04:45;19;kWh;0;6379;0;0;6379;6379
07/11/2024 04:45;07/11/2024 05:00;20;kWh;-85;13650;0;0;13735;13565
07/11/2024 05:00;07/11/2024 05:15;21;kWh;-998;6;0;0;1004;-992
07/11/2024 05:15;07/11/2024 05:30;22;kWh;0;4600;0;0;4600;4600
07/11/2024 05:30;07/11/2024 05:45;23;kWh;0;27823;0;0;27823;27823
07/11/2024 05:45;07/11/2024 06:00;24;kWh;0;26666;0;0;26666;26666
07/11/2024 06:00;07/11/2024 06:15;25;kWh;-29300;2557;0;0;31857;-26743
07/11/2024 06:15;07/11/2024 06:30;26;kWh;-16314;0;0;0;16314;-16314
07/11/2024 06:30;07/11/2024 06:45;27;kWh;0;231;0;0;231;231
07/11/2024 06:45;07/11/2024 07:00;28;kWh;-163;17418;0;0;17581;17255
07/11/2024 07:00;07/11/2024 07:15;29;kWh;-2551;5883;0;0;8434;3332
07/11/2024 07:15;07/11/2024 07:30;30;kWh;0;42876;0;0;42876;42876
07/11/2024 07:30;07/11/2024 07:45;31;kWh;0;56663;0;0;56663;56663
07/11/2024 07:45;07/11/2024 08:00;32;kWh;0;59957;0;0;59957;59957
07/11/2024 08:00;07/11/2024 08:15;33;kWh;0;33928;0;0;33928;33928
07/11/2024 08:15;07/11/2024 08:30;34;kWh;0;29519;0;0;29519;29519
07/11/2024 08:30;07/11/2024 08:45;35;kWh;0;69432;0;0;69432;69432
07/11/2024 08:45;07/11/2024 09:00;36;kWh;0;66083;0;0;66083;66083
07/11/2024 09:00;07/11/2024 09:15;37;kWh;0;48005;0;0;48005;48005
07/11/2024 09:15;07/11/2024 09:30;38;kWh;0;60376;0;0;60376;60376
07/11/2024 09:30;07/11/2024 09:45;39;kWh;0;52834;0;0;52834;52834
07/11/2024 09:45;07/11/2024 10:00;40;kWh;0;47902;0;0;47902;47902
07/11/2024 10:00;07/11/2024 10:15;41;kWh;0;67601;0;0;67601;67601
07/11/2024 10:15;07/11/2024 10:30;42;kWh;0;71516;0;0;71516;71516
07/11/2024 10:30;07/11/2024 10:45;43;kWh;0;74822;0;0;74822;74822
07/11/2024 10:45;07/11/2024 11:00;44;kWh;0;66217;0;0;66217;66217
07/11/2024 11:00;07/11/2024 11:15;45;kWh;0;64969;0;0;64969;64969
07/11/2024 11:15;07/11/2024 11:30;46;kWh;0;83304;0;0;83304;83304
07/11/2024 11:30;07/11/2024 11:45;47;kWh;0;81788;0;0;81788;81788
07/11/2024 11:45;07/11/2024 12:00;48;kWh;0;46228;0;0;46228;46228
07/11/2024 12:00;07/11/2024 12:15;49;kWh;0;57078;0;0;57078;57078
07/11/2024 12:15;07/11/2024 12:30;50;kWh;0;58725;0;0;58725;58725
07/11/2024 12:30;07/11/2024 12:45;51;kWh;0;65435;0;0;65435;65435
07/11/2024 12:45;07/11/2024 13:00;52;kWh;0;83284;0;0;83284;83284
07/11/2024 13:00;07/11/2024 13:15;53;kWh;0;88178;0;0;88178;88178
07/11/2024 13:15;07/11/2024 13:30;54;kWh;0;92001;0;0;92001;92001
07/11/2024 13:30;07/11/2024 13:45;55;kWh;0;94686;0;0;94686;94686
07/11/2024 13:45;07/11/2024 14:00;56;kWh;0;89502;0;0;89502;89502
07/11/2024 14:00;07/11/2024 14:15;57;kWh;0;26258;0;0;26258;26258
07/11/2024 14:15;07/11/2024 14:30;58;kWh;0;43232;0;0;43232;43232
07/11/2024 14:30;07/11/2024 14:45;59;kWh;0;45829;0;0;45829;45829
07/11/2024 14:45;07/11/2024 15:00;60;kWh;0;32126;0;0;32126;32126
07/11/2024 15:00;07/11/2024 15:15;61;kWh;0;18940;0;0;18940;18940
07/11/2024 15:15;07/11/2024 15:30;62;kWh;0;50713;0;0;50713;50713
07/11/2024 15:30;07/11/2024 15:45;63;kWh;0;56367;0;0;56367;56367
07/11/2024 15:45;07/11/2024 16:00;64;kWh;0;53271;0;0;53271;53271
07/11/2024 16:00;07/11/2024 16:15;65;kWh;0;11193;0;0;11193;11193
07/11/2024 16:15;07/11/2024 16:30;66;kWh;0;14607;0;0;14607;14607
07/11/2024 16:30;07/11/2024 16:45;67;kWh;0;3975;0;0;3975;3975
07/11/2024 16:45;07/11/2024 17:00;68;kWh;0;6101;0;0;6101;6101
07/11/2024 17:00;07/11/2024 17:15;69;kWh;0;49424;0;0;49424;49424
07/11/2024 17:15;07/11/2024 17:30;70;kWh;0;80424;0;0;80424;80424
07/11/2024 17:30;07/11/2024 17:45;71;kWh;0;60839;0;0;60839;60839
07/11/2024 17:45;07/11/2024 18:00;72;kWh;0;56908;0;0;56908;56908
07/11/2024 18:00;07/11/2024 18:15;73;kWh;0;63647;0;0;63647;63647
07/11/2024 18:15;07/11/2024 18:30;74;kWh;0;64435;0;0;64435;64435
07/11/2024 18:30;07/11/2024 18:45;75;kWh;0;9062;0;0;9062;9062
07/11/2024 18:45;07/11/2024 19:00;76;kWh;0;24550;0;0;24550;24550
07/11/2024 19:00;07/11/2024 19:15;77;kWh;0;55623;0;0;55623;55623
07/11/2024 19:15;07/11/2024 19:30;78;kWh;0;77005;0;0;77005;77005
07/11/2024 19:30;07/11/2024 19:45;79;kWh;0;65268;0;0;65268;65268
07/11/2024 19:45;07/11/2024 20:00;80;kWh;0;32485;0;0;32485;32485
07/11/2024 20:00;07/11/2024 20:15;81;kWh;0;41802;0;0;41802;41802
07/11/2024 20:15;07/11/2024 20:30;82;kWh;0;32684;0;0;32684;32684
07/11/2024 20:30;07/11/2024 20:45;83;kWh;0;24308;0;0;24308;24308
07/11/2024 20:45;07/11/2024 21:00;84;kWh;0;4054;0;0;4054;4054
07/11/2024 21:00;07/11/2024 21:15;85;kWh;0;36715;0;0;36715;36715
07/11/2024 21:15;07/11/2024 21:30;86;kWh;-366;7214;0;0;7580;6848
07/11/2024 21:30;07/11/2024 21:45;87;kWh;-1606;0;0;0;1606;-1606
07/11/2024 21:45;07/11/2024 22:00;88;kWh;-10377;0;0;0;10377;-10377
07/11/2024 22:00;07/11/2024 22:15;89;kWh;-767;19698;0;0;20465;18931
07/11/2024 22:15;07/11/2024 22:30;90;kWh;0;1722;0;0;1722;1722
07/11/2024 22:30;07/11/2024 22:45;91;kWh;0;17452;0;0;17452;17452
07/11/2024 22:45;07/11/2024 23:00;92;kWh;-958;0;0;0;958;-958
07/11/2024 23:00;07/11/2024 23:15;93;kWh;-621;30706;0;0;31327;30085
07/11/2024 23:15;07/11/2024 23:30;94;kWh;0;11751;0;0;11751;11751
07/11/2024 23:30;07/11/2024 23:45;95;kWh;-408;7962;0;0;8370;7554
07/11/2024 23:45;08/11/2024 00:00;96;kWh;-10194;0;0;0;10194;-10194
08/11/2024 00:00;08/11/2024 00:15;1;kWh;-5823;1538;0;0;7361;-4285
08/11/2024 00:15;08/11/2024 00:30;2;kWh;0;1101;0;0;1101;1101
08/11/2024 00:30;08/11/2024 00:45;3;kWh;0;0;0;0;0;0
08/11/2024 00:45;08/11/2024 01:00;4;kWh;0;14;0;0;14;14
08/11/2024 01:00;08/11/2024 01:15;5;kWh;0;48168;0;0;48168;48168
08/11/2024 01:15;08/11/2024 01:30;6;kWh;0;27701;0;0;27701;27701
08/11/2024 01:30;08/11/2024 01:45;7;kWh;0;17496;0;0;17496;17496
08/11/2024 01:45;08/11/2024 02:00;8;kWh;0;486;0;0;486;486
08/11/2024 02:00;08/11/2024 02:15;9;kWh;0;13431;0;0;13431;13431
08/11/2024 02:15;08/11/2024 02:30;10;kWh;0;20391;0;0;20391;20391
08/11/2024 02:30;08/11/2024 02:45;11;kWh;0;5970;0;0;5970;5970
08/11/2024 02:45;08/11/2024 03:00;12;kWh;0;4618;0;0;4618;4618
08/11/2024 03:00;08/11/2024 03:15;13;kWh;0;35135;0;0;35135;35135
08/11/2024 03:15;08/11/2024 03:30;14;kWh;0;9655;0;0;9655;9655
08/11/2024 03:30;08/11/2024 03:45;15;kWh;0;9936;0;0;9936;9936
08/11/2024 03:45;08/11/2024 04:00;16;kWh;0;5413;0;0;5413;5413
08/11/2024 04:00;08/11/2024 04:15;17;kWh;0;8744;0;0;8744;8744
08/11/2024 04:15;08/11/2024 04:30;18;kWh;0;12166;0;0;12166;12166
08/11/2024 04:30;08/11/2024 04:45;19;kWh;0;35985;0;0;35985;35985
08/11/2024 04:45;08/11/2024 05:00;20;kWh;0;39759;0;0;39759;39759
08/11/2024 05:00;08/11/2024 05:15;21;kWh;-18;4415;0;0;4433;4397
08/11/2024 05:15;08/11/2024 05:30;22;kWh;0;7428;0;0;7428;7428
08/11/2024 05:30;08/11/2024 05:45;23;kWh;0;4442;0;0;4442;4442
08/11/2024 05:45;08/11/2024 06:00;24;kWh;0;4856;0;0;4856;4856
08/11/2024 06:00;08/11/2024 06:15;25;kWh;-4480;1094;0;0;5574;-3386
08/11/2024 06:15;08/11/2024 06:30;26;kWh;0;12266;0;0;12266;12266
08/11/2024 06:30;08/11/2024 06:45;27;kWh;0;22075;0;0;22075;22075
08/11/2024 06:45;08/11/2024 07:00;28;kWh;0;75954;0;0;75954;75954
08/11/2024 07:00;08/11/2024 07:15;29;kWh;-1;29351;0;0;29352;29350
08/11/2024 07:15;08/11/2024 07:30;30;kWh;0;23357;0;0;23357;23357
08/11/2024 07:30;08/11/2024 07:45;31;kWh;0;53757;0;0;53757;53757
08/11/2024 07:45;08/11/2024 08:00;32;kWh;0;80766;0;0;80766;80766
08/11/2024 08:00;08/11/2024 08:15;33;kWh;0;41677;0;0;41677;41677
08/11/2024 08:15;08/11/2024 08:30;34;kWh;0;64197;0;0;64197;64197
08/11/2024 08:30;08/11/2024 08:45;35;kWh;0;65820;0;0;65820;65820
08/11/2024 08:45;08/11/2024 09:00;36;kWh;0;85939;0;0;85939;85939
08/11/2024 09:00;08/11/2024 09:15;37;kWh;0;107422;0;0;107422;107422
08/11/2024 09:15;08/11/2024 09:30;38;kWh;0;86614;0;0;86614;86614
08/11/2024 09:30;08/11/2024 09:45;39;kWh;0;77066;0;0;77066;77066
08/11/2024 09:45;08/11/2024 10:00;40;kWh;0;93278;0;0;93278;93278
08/11/2024 10:00;08/11/2024 10:15;41;kWh;0;126842;0;148031;274873;274873
08/11/2024 10:15;08/11/2024 10:30;42;kWh;0;127018;0;235108;362126;362126
08/11/2024 10:30;08/11/2024 10:45;43;kWh;0;135085;0;235227;370312;370312
08/11/2024 10:45;08/11/2024 11:00;44;kWh;0;135280;0;235227;370507;370507
08/11/2024 11:00;08/11/2024 11:15;45;kWh;0;114835;0;235227;350062;350062
08/11/2024 11:15;08/11/2024 11:30;46;kWh;0;125873;0;233806;359679;359679
08/11/2024 11:30;08/11/2024 11:45;47;kWh;0;131871;0;230964;362835;362835
08/11/2024 11:45;08/11/2024 12:00;48;kWh;0;128022;0;230964;358986;358986
08/11/2024 12:00;08/11/2024 12:15;49;kWh;0;106544;0;230964;337508;337508
08/11/2024 12:15;08/11/2024 12:30;50;kWh;0;108701;0;230964;339665;339665
08/11/2024 12:30;08/11/2024 12:45;51;kWh;0;97051;0;230964;328015;328015
08/11/2024 12:45;08/11/2024 13:00;52;kWh;0;48845;0;230964;279809;279809
08/11/2024 13:00;08/11/2024 13:15;53;kWh;0;55482;0;142304;197786;197786
08/11/2024 13:15;08/11/2024 13:30;54;kWh;0;87182;0;80568;167750;167750
08/11/2024 13:30;08/11/2024 13:45;55;kWh;0;87316;0;80568;167884;167884
08/11/2024 13:45;08/11/2024 14:00;56;kWh;0;76731;0;80568;157299;157299
08/11/2024 14:00;08/11/2024 14:15;57;kWh;-2922;13644;0;76211;92777;86933
08/11/2024 14:15;08/11/2024 14:30;58;kWh;0;25345;0;22499;47844;47844
08/11/2024 14:30;08/11/2024 14:45;59;kWh;0;29096;0;0;29096;29096
08/11/2024 14:45;08/11/2024 15:00;60;kWh;0;16986;0;0;16986;16986
08/11/2024 15:00;08/11/2024 15:15;61;kWh;0;14;0;0;14;14
08/11/2024 15:15;08/11/2024 15:30;62;kWh;0;3002;0;0;3002;3002
08/11/2024 15:30;08/11/2024 15:45;63;kWh;0;42143;0;0;42143;42143
08/11/2024 15:45;08/11/2024 16:00;64;kWh;0;17404;0;0;17404;17404
08/11/2024 16:00;08/11/2024 16:15;65;kWh;0;33640;0;0;33640;33640
08/11/2024 16:15;08/11/2024 16:30;66;kWh;0;36603;0;0;36603;36603
08/11/2024 16:30;08/11/2024 16:45;67;kWh;0;8828;0;0;8828;8828
08/11/2024 16:45;08/11/2024 17:00;68;kWh;0;22068;0;0;22068;22068
08/11/2024 17:00;08/11/2024 17:15;69;kWh;-464;5750;0;0;6214;5286
08/11/2024 17:15;08/11/2024 17:30;70;kWh;0;20409;0;0;20409;20409
08/11/2024 17:30;08/11/2024 17:45;71;kWh;-2853;6815;0;0;9668;3962
08/11/2024 17:45;08/11/2024 18:00;72;kWh;-16967;0;0;0;16967;-16967
08/11/2024 18:00;08/11/2024 18:15;73;kWh;-563;625;0;0;1188;62
08/11/2024 18:15;08/11/2024 18:30;74;kWh;0;812;0;0;812;812
08/11/2024 18:30;08/11/2024 18:45;75;kWh;0;561;0;0;561;561
08/11/2024 18:45;08/11/2024 19:00;76;kWh;0;412;0;0;412;412
08/11/2024 19:00;08/11/2024 19:15;77;kWh;0;50821;0;0;50821;50821
08/11/2024 19:15;08/11/2024 19:30;78;kWh;0;20611;0;0;20611;20611
08/11/2024 19:30;08/11/2024 19:45;79;kWh;0;13014;0;0;13014;13014
08/11/2024 19:45;08/11/2024 20:00;80;kWh;0;20916;0;0;20916;20916
08/11/2024 20:00;08/11/2024 20:15;81;kWh;0;42706;0;0;42706;42706
08/11/2024 20:15;08/11/2024 20:30;82;kWh;0;45999;0;0;45999;45999
08/11/2024 20:30;08/11/2024 20:45;83;kWh;0;10145;0;0;10145;10145
08/11/2024 20:45;08/11/2024 21:00;84;kWh;0;678;0;0;678;678
08/11/2024 21:00;08/11/2024 21:15;85;kWh;0;35848;0;0;35848;35848
08/11/2024 21:15;08/11/2024 21:30;86;kWh;0;38179;0;0;38179;38179
08/11/2024 21:30;08/11/2024 21:45;87;kWh;0;29951;0;0;29951;29951
08/11/2024 21:45;08/11/2024 22:00;88;kWh;0;13928;0;0;13928;13928
08/11/2024 22:00;08/11/2024 22:15;89;kWh;0;13059;0;0;13059;13059
08/11/2024 22:15;08/11/2024 22:30;90;kWh;0;2755;0;0;2755;2755
08/11/2024 22:30;08/11/2024 22:45;91;kWh;-381;5637;0;0;6018;5256
08/11/2024 22:45;08/11/2024 23:00;92;kWh;-1211;0;0;0;1211;-1211
08/11/2024 23:00;08/11/2024 23:15;93;kWh;-280;8913;0;0;9193;8633
08/11/2024 23:15;08/11/2024 23:30;94;kWh;-27;63;0;0;90;36
08/11/2024 23:30;08/11/2024 23:45;95;kWh;-239;19630;0;0;19869;19391
08/11/2024 23:45;09/11/2024 00:00;96;kWh;-3809;6693;0;0;10502;2884
09/11/2024 00:00;09/11/2024 00:15;1;kWh;-3493;25859;0;0;29352;22366
09/11/2024 00:15;09/11/2024 00:30;2;kWh;0;53454;0;0;53454;53454
09/11/2024 00:30;09/11/2024 00:45;3;kWh;0;74050;0;0;74050;74050
09/11/2024 00:45;09/11/2024 01:00;4;kWh;0;48592;0;0;48592;48592
09/11/2024 01:00;09/11/2024 01:15;5;kWh;-41;2398;0;0;2439;2357
09/11/2024 01:15;09/11/2024 01:30;6;kWh;0;23910;0;0;23910;23910
09/11/2024 01:30;09/11/2024 01:45;7;kWh;0;10968;0;0;10968;10968
09/11/2024 01:45;09/11/2024 02:00;8;kWh;0;1222;0;0;1222;1222
09/11/2024 02:00;09/11/2024 02:15;9;kWh;0;34833;0;0;34833;34833
09/11/2024 02:15;09/11/2024 02:30;10;kWh;0;36814;0;0;36814;36814
09/11/2024 02:30;09/11/2024 02:45;11;kWh;0;5541;0;0;5541;5541
09/11/2024 02:45;09/11/2024 03:00;12;kWh;0;13775;0;0;13775;13775
09/11/2024 03:00;09/11/2024 03:15;13;kWh;0;30098;0;0;30098;30098
09/11/2024 03:15;09/11/2024 03:30;14;kWh;0;24513;0;0;24513;24513
09/11/2024 03:30;09/11/2024 03:45;15;kWh;0;20669;0;0;20669;20669
09/11/2024 03:45;09/11/2024 04:00;16;kWh;0;5819;0;0;5819;5819
09/11/2024 04:00;09/11/2024 04:15;17;kWh;0;4719;0;0;4719;4719
09/11/2024 04:15;09/11/2024 04:30;18;kWh;0;11557;0;0;11557;11557
09/11/2024 04:30;09/11/2024 04:45;19;kWh;0;4443;0;0;4443;4443
09/11/2024 04:45;09/11/2024 05:00;20;kWh;0;4092;0;0;4092;4092
09/11/2024 05:00;09/11/2024 05:15;21;kWh;-137;9382;0;0;9519;9245
09/11/2024 05:15;09/11/2024 05:30;22;kWh;0;22553;0;0;22553;22553
09/11/2024 05:30;09/11/2024 05:45;23;kWh;0;5682;0;0;5682;5682
09/11/2024 05:45;09/11/2024 06:00;24;kWh;0;2680;0;0;2680;2680
09/11/2024 06:00;09/11/2024 06:15;25;kWh;-2304;154;0;0;2458;-2150
09/11/2024 06:15;09/11/2024 06:30;26;kWh;-229;3308;0;0;3537;3079
09/11/2024 06:30;09/11/2024 06:45;27;kWh;0;15335;0;0;15335;15335
09/11/2024 06:45;09/11/2024 07:00;28;kWh;0;17506;0;0;17506;17506
09/11/2024 07:00;09/11/2024 07:15;29;kWh;0;10577;0;0;10577;10577
09/11/2024 07:15;09/11/2024 07:30;30;kWh;0;54534;0;0;54534;54534
09/11/2024 07:30;09/11/2024 07:45;31;kWh;0;33494;0;0;33494;33494
09/11/2024 07:45;09/11/2024 08:00;32;kWh;0;17346;0;0;17346;17346
09/11/2024 08:00;09/11/2024 08:15;33;kWh;0;14653;0;0;14653;14653
09/11/2024 08:15;09/11/2024 08:30;34;kWh;0;18761;0;0;18761;18761
09/11/2024 08:30;09/11/2024 08:45;35;kWh;0;15003;0;0;15003;15003
09/11/2024 08:45;09/11/2024 09:00;36;kWh;0;41615;0;0;41615;41615
09/11/2024 09:00;09/11/2024 09:15;37;kWh;0;8153;0;0;8153;8153
09/11/2024 09:15;09/11/2024 09:30;38;kWh;0;4182;0;0;4182;4182
09/11/2024 09:30;09/11/2024 09:45;39;kWh;0;35545;0;0;35545;35545
09/11/2024 09:45;09/11/2024 10:00;40;kWh;0;29302;0;0;29302;29302
09/11/2024 10:00;09/11/2024 10:15;41;kWh;0;50797;0;0;50797;50797
09/11/2024 10:15;09/11/2024 10:30;42;kWh;0;60719;0;0;60719;60719
09/11/2024 10:30;09/11/2024 10:45;43;kWh;0;67903;0;0;67903;67903
09/11/2024 10:45;09/11/2024 11:00;44;kWh;0;55186;0;0;55186;55186
09/11/2024 11:00;09/11/2024 11:15;45;kWh;0;39498;0;0;39498;39498
09/11/2024 11:15;09/11/2024 11:30;46;kWh;0;32814;0;0;32814;32814
09/11/2024 11:30;09/11/2024 11:45;47;kWh;0;57869;0;0;57869;57869
09/11/2024 11:45;09/11/2024 12:00;48;kWh;0;35787;0;0;35787;35787
09/11/2024 12:00;09/11/2024 12:15;49;kWh;0;6533;0;0;6533;6533
09/11/2024 12:15;09/11/2024 12:30;50;kWh;0;43389;0;0;43389;43389
09/11/2024 12:30;09/11/2024 12:45;51;kWh;0;32790;0;0;32790;32790
09/11/2024 12:45;09/11/2024 13:00;52;kWh;0;42057;0;0;42057;42057
09/11/2024 13:00;09/11/2024 13:15;53;kWh;0;5078;0;0;5078;5078
09/11/2024 13:15;09/11/2024 13:30;54;kWh;0;56008;0;0;56008;56008
09/11/2024 13:30;09/11/2024 13:45;55;kWh;0;47654;0;0;47654;47654
09/11/2024 13:45;09/11/2024 14:00;56;kWh;0;55310;0;0;55310;55310
09/11/2024 14:00;09/11/2024 14:15;57;kWh;0;9530;0;0;9530;9530
09/11/2024 14:15;09/11/2024 14:30;58;kWh;0;3961;0;0;3961;3961
09/11/2024 14:30;09/11/2024 14:45;59;kWh;-812;462;0;0;1274;-350
09/11/2024 14:45;09/11/2024 15:00;60;kWh;-4144;443;0;0;4587;-3701
09/11/2024 15:00;09/11/2024 15:15;61;kWh;0;13162;0;0;13162;13162
09/11/2024 15:15;09/11/2024 15:30;62;kWh;0;11676;0;0;11676;11676
09/11/2024 15:30;09/11/2024 15:45;63;kWh;0;21302;0;0;21302;21302
09/11/2024 15:45;09/11/2024 16:00;64;kWh;0;36070;0;0;36070;36070
09/11/2024 16:00;09/11/2024 16:15;65;kWh;0;55388;0;0;55388;55388
09/11/2024 16:15;09/11/2024 16:30;66;kWh;0;54125;0;0;54125;54125
09/11/2024 16:30;09/11/2024 16:45;67;kWh;0;44047;0;0;44047;44047
09/11/2024 16:45;09/11/2024 17:00;68;kWh;0;37599;0;0;37599;37599
09/11/2024 17:00;09/11/2024 17:15;69;kWh;0;9370;0;0;9370;9370
09/11/2024 17:15;09/11/2024 17:30;70;kWh;0;10075;0;0;10075;10075
09/11/2024 17:30;09/11/2024 17:45;71;kWh;0;5343;0;0;5343;5343
09/11/2024 17:45;09/11/2024 18:00;72;kWh;0;4116;0;0;4116;4116
09/11/2024 18:00;09/11/2024 18:15;73;kWh;0;5089;0;0;5089;5089
09/11/2024 18:15;09/11/2024 18:30;74;kWh;0;4254;0;0;4254;4254
09/11/2024 18:30;09/11/2024 18:45;75;kWh;-63;1383;0;0;1446;1320
09/11/2024 18:45;09/11/2024 19:00;76;kWh;-1755;0;0;0;1755;-1755
09/11/2024 19:00;09/11/2024 19:15;77;kWh;-944;715;0;0;1659;-229
09/11/2024 19:15;09/11/2024 19:30;78;kWh;0;2933;0;0;2933;2933
09/11/2024 19:30;09/11/2024 19:45;79;kWh;-7427;25;0;0;7452;-7402
09/11/2024 19:45;09/11/2024 20:00;80;kWh;-23544;0;0;0;23544;-23544
09/11/2024 20:00;09/11/2024 20:15;81;kWh;-1352;3526;0;0;4878;2174
09/11/2024 20:15;09/11/2024 20:30;82;kWh;0;32556;0;0;32556;32556
09/11/2024 20:30;09/11/2024 20:45;83;kWh;0;28760;0;0;28760;28760
09/11/2024 20:45;09/11/2024 21:00;84;kWh;0;4571;0;0;4571;4571
09/11/2024 21:00;09/11/2024 21:15;85;kWh;0;34156;0;0;34156;34156
09/11/2024 21:15;09/11/2024 21:30;86;kWh;0;45854;0;0;45854;45854
09/11/2024 21:30;09/11/2024 21:45;87;kWh;0;18524;0;0;18524;18524
09/11/2024 21:45;09/11/2024 22:00;88;kWh;-23;440;0;0;463;417
09/11/2024 22:00;09/11/2024 22:15;89;kWh;-344;7066;0;0;7410;6722
09/11/2024 22:15;09/11/2024 22:30;90;kWh;-1923;708;0;0;2631;-1215
09/11/2024 22:30;09/11/2024 22:45;91;kWh;-2217;993;0;0;3210;-1224
09/11/2024 22:45;09/11/2024 23:00;92;kWh;0;17199;0;0;17199;17199
09/11/2024 23:00;09/11/2024 23:15;93;kWh;0;6375;0;0;6375;6375
09/11/2024 23:15;09/11/2024 23:30;94;kWh;0;37694;0;0;37694;37694
09/11/2024 23:30;09/11/2024 23:45;95;kWh;0;50679;0;0;50679;50679
09/11/2024 23:45;10/11/2024 00:00;96;kWh;0;3292;0;0;3292;3292
10/11/2024 00:00;10/11/2024 00:15;1;kWh;0;7700;0;0;7700;7700
10/11/2024 00:15;10/11/2024 00:30;2;kWh;0;17457;0;0;17457;17457
10/11/2024 00:30;10/11/2024 00:45;3;kWh;-537;4403;0;0;4940;3866
10/11/2024 00:45;10/11/2024 01:00;4;kWh;-3145;0;0;0;3145;-3145
10/11/2024 01:00;10/11/2024 01:15;5;kWh;-972;2085;0;0;3057;1113
10/11/2024 01:15;10/11/2024 01:30;6;kWh;0;2073;0;0;2073;2073
10/11/2024 01:30;10/11/2024 01:45;7;kWh;0;4637;0;0;4637;4637
10/11/2024 01:45;10/11/2024 02:00;8;kWh;-1891;0;0;0;1891;-1891
10/11/2024 02:00;10/11/2024 02:15;9;kWh;-387;2906;0;0;3293;2519
10/11/2024 02:15;10/11/2024 02:30;10;kWh;-1496;77;0;0;1573;-1419
10/11/2024 02:30;10/11/2024 02:45;11;kWh;-1643;0;0;0;1643;-1643
10/11/2024 02:45;10/11/2024 03:00;12;kWh;-5424;0;0;0;5424;-5424
10/11/2024 03:00;10/11/2024 03:15;13;kWh;-549;1576;0;0;2125;1027
10/11/2024 03:15;10/11/2024 03:30;14;kWh;-1083;930;0;0;2013;-153
10/11/2024 03:30;10/11/2024 03:45;15;kWh;0;1159;0;0;1159;1159
10/11/2024 03:45;10/11/2024 04:00;16;kWh;0;18195;0;0;18195;18195
10/11/2024 04:00;10/11/2024 04:15;17;kWh;0;11636;0;0;11636;11636
10/11/2024 04:15;10/11/2024 04:30;18;kWh;-4316;0;0;0;4316;-4316
10/11/2024 04:30;10/11/2024 04:45;19;kWh;-9491;0;0;0;9491;-9491
10/11/2024 04:45;10/11/2024 05:00;20;kWh;-844;0;0;0;844;-844
10/11/2024 05:00;10/11/2024 05:15;21;kWh;0;1176;0;0;1176;1176
10/11/2024 05:15;10/11/2024 05:30;22;kWh;0;7181;0;0;7181;7181
10/11/2024 05:30;10/11/2024 05:45;23;kWh;0;7616;0;0;7616;7616
10/11/2024 05:45;10/11/2024 06:00;24;kWh;0;20109;0;0;20109;20109
10/11/2024 06:00;10/11/2024 06:15;25;kWh;-7261;3909;0;0;11170;-3352
10/11/2024 06:15;10/11/2024 06:30;26;kWh;-114;0;0;0;114;-114
10/11/2024 06:30;10/11/2024 06:45;27;kWh;-17669;0;0;0;17669;-17669
10/11/2024 06:45;10/11/2024 07:00;28;kWh;-15827;0;0;0;15827;-15827
10/11/2024 07:00;10/11/2024 07:15;29;kWh;-6406;117;0;0;6523;-6289
10/11/2024 07:15;10/11/2024 07:30;30;kWh;-1088;109;0;0;1197;-979
10/11/2024 07:30;10/11/2024 07:45;31;kWh;0;3114;0;0;3114;3114
10/11/2024 07:45;10/11/2024 08:00;32;kWh;0;1303;0;0;1303;1303
10/11/2024 08:00;10/11/2024 08:15;33;kWh;0;854;0;0;854;854
10/11/2024 08:15;10/11/2024 08:30;34;kWh;0;3627;0;0;3627;3627
10/11/2024 08:30;10/11/2024 08:45;35;kWh;0;3725;0;0;3725;3725
10/11/2024 08:45;10/11/2024 09:00;36;kWh;0;3209;0;0;3209;3209
10/11/2024 09:00;10/11/2024 09:15;37;kWh;-7258;122;0;0;7380;-7136
10/11/2024 09:15;10/11/2024 09:30;38;kWh;-2126;0;0;0;2126;-2126
10/11/2024 09:30;10/11/2024 09:45;39;kWh;-2454;0;0;0;2454;-2454
10/11/2024 09:45;10/11/2024 10:00;40;kWh;-4;2706;0;0;2710;2702
10/11/2024 10:00;10/11/2024 10:15;41;kWh;-5273;132;0;0;5405;-5141
10/11/2024 10:15;10/11/2024 10:30;42;kWh;-1092;0;0;0;1092;-1092
10/11/2024 10:30;10/11/2024 10:45;43;kWh;-4325;0;0;0;4325;-4325
10/11/2024 10:45;10/11/2024 11:00;44;kWh;-1303;0;0;0;1303;-1303
10/11/2024 11:00;10/11/2024 11:15;45;kWh;0;29183;0;0;29183;29183
10/11/2024 11:15;10/11/2024 11:30;46;kWh;0;33725;0;0;33725;33725
10/11/2024 11:30;10/11/2024 11:45;47;kWh;0;1973;0;0;1973;1973
10/11/2024 11:45;10/11/2024 12:00;48;kWh;0;8131;0;0;8131;8131
10/11/2024 12:00;10/11/2024 12:15;49;kWh;0;34968;0;0;34968;34968
10/11/2024 12:15;10/11/2024 12:30;50;kWh;0;46771;0;0;46771;46771
10/11/2024 12:30;10/11/2024 12:45;51;kWh;0;63671;0;0;63671;63671
10/11/2024 12:45;10/11/2024 13:00;52;kWh;0;58650;0;0;58650;58650
10/11/2024 13:00;10/11/2024 13:15;53;kWh;0;40350;0;0;40350;40350
10/11/2024 13:15;10/11/2024 13:30;54;kWh;0;41335;0;0;41335;41335
10/11/2024 13:30;10/11/2024 13:45;55;kWh;0;22165;0;0;22165;22165
10/11/2024 13:45;10/11/2024 14:00;56;kWh;0;5020;0;0;5020;5020
10/11/2024 14:00;10/11/2024 14:15;57;kWh;-21370;170;0;0;21540;-21200
10/11/2024 14:15;10/11/2024 14:30;58;kWh;-8935;916;0;0;9851;-8019
10/11/2024 14:30;10/11/2024 14:45;59;kWh;-28757;26;0;0;28783;-28731
10/11/2024 14:45;10/11/2024 15:00;60;kWh;-38316;0;0;0;38316;-38316
10/11/2024 15:00;10/11/2024 15:15;61;kWh;-24062;0;0;0;24062;-24062
10/11/2024 15:15;10/11/2024 15:30;62;kWh;-38742;0;0;0;38742;-38742
10/11/2024 15:30;10/11/2024 15:45;63;kWh;-22146;0;0;0;22146;-22146
10/11/2024 15:45;10/11/2024 16:00;64;kWh;-1452;5761;0;0;7213;4309
10/11/2024 16:00;10/11/2024 16:15;65;kWh;-7798;40525;0;0;48323;32727
10/11/2024 16:15;10/11/2024 16:30;66;kWh;-17105;1792;0;0;18897;-15313
10/11/2024 16:30;10/11/2024 16:45;67;kWh;-11508;1724;0;0;13232;-9784
10/11/2024 16:45;10/11/2024 17:00;68;kWh;0;16984;0;0;16984;16984
10/11/2024 17:00;10/11/2024 17:15;69;kWh;-145;9759;0;0;9904;9614
10/11/2024 17:15;10/11/2024 17:30;70;kWh;0;38889;0;0;38889;38889
10/11/2024 17:30;10/11/2024 17:45;71;kWh;0;51308;0;0;51308;51308
10/11/2024 17:45;10/11/2024 18:00;72;kWh;0;57305;0;0;57305;57305
10/11/2024 18:00;10/11/2024 18:15;73;kWh;0;68795;0;0;68795;68795
10/11/2024 18:15;10/11/2024 18:30;74;kWh;0;37192;0;0;37192;37192
10/11/2024 18:30;10/11/2024 18:45;75;kWh;0;14047;0;0;14047;14047
10/11/2024 18:45;10/11/2024 19:00;76;kWh;-6912;2363;0;0;9275;-4549
10/11/2024 19:00;10/11/2024 19:15;77;kWh;-10174;0;0;0;10174;-10174
10/11/2024 19:15;10/11/2024 19:30;78;kWh;-15688;0;0;0;15688;-15688
10/11/2024 19:30;10/11/2024 19:45;79;kWh;-22328;0;0;0;22328;-22328
10/11/2024 19:45;10/11/2024 20:00;80;kWh;-36189;0;0;0;36189;-36189
10/11/2024 20:00;10/11/2024 20:15;81;kWh;-14801;3254;0;0;18055;-11547
10/11/2024 20:15;10/11/2024 20:30;82;kWh;-16709;0;0;0;16709;-16709
10/11/2024 20:30;10/11/2024 20:45;83;kWh;-7969;0;0;0;7969;-7969
10/11/2024 20:45;10/11/2024 21:00;84;kWh;-3233;74;0;0;3307;-3159
10/11/2024 21:00;10/11/2024 21:15;85;kWh;-1582;10521;0;0;12103;8939
10/11/2024 21:15;10/11/2024 21:30;86;kWh;0;25084;0;0;25084;25084
10/11/2024 21:30;10/11/2024 21:45;87;kWh;0;20908;0;0;20908;20908
10/11/2024 21:45;10/11/2024 22:00;88;kWh;-301;11561;0;0;11862;11260
10/11/2024 22:00;10/11/2024 22:15;89;kWh;-16316;59;0;0;16375;-16257
10/11/2024 22:15;10/11/2024 22:30;90;kWh;-24325;0;0;0;24325;-24325
10/11/2024 22:30;10/11/2024 22:45;91;kWh;-28392;0;0;0;28392;-28392
10/11/2024 22:45;10/11/2024 23:00;92;kWh;-1154;17590;0;0;18744;16436
10/11/2024 23:00;10/11/2024 23:15;93;kWh;-52304;16;0;0;52320;-52288
10/11/2024 23:15;10/11/2024 23:30;94;kWh;-34925;0;0;0;34925;-34925
10/11/2024 23:30;10/11/2024 23:45;95;kWh;-36562;0;0;0;36562;-36562
10/11/2024 23:45;11/11/2024 00:00;96;kWh;-34475;0;0;0;34475;-34475
11/11/2024 00:00;11/11/2024 00:15;1;kWh;-48299;0;0;0;48299;-48299
11/11/2024 00:15;11/11/2024 00:30;2;kWh;-12635;0;0;0;12635;-12635
11/11/2024 00:30;11/11/2024 00:45;3;kWh;-9392;106;0;0;9498;-9286
11/11/2024 00:45;11/11/2024 01:00;4;kWh;-28261;0;0;0;28261;-28261
11/11/2024 01:00;11/11/2024 01:15;5;kWh;-22080;657;0;0;22737;-21423
11/11/2024 01:15;11/11/2024 01:30;6;kWh;-4773;0;0;0;4773;-4773
11/11/2024 01:30;11/11/2024 01:45;7;kWh;-15879;0;0;0;15879;-15879
11/11/2024 01:45;11/11/2024 02:00;8;kWh;-58854;0;0;0;58854;-58854
11/11/2024 02:00;11/11/2024 02:15;9;kWh;-10274;38545;0;0;48819;28271
11/11/2024 02:15;11/11/2024 02:30;10;kWh;0;28318;0;0;28318;28318
11/11/2024 02:30;11/11/2024 02:45;11;kWh;0;22392;0;0;22392;22392
11/11/2024 02:45;11/11/2024 03:00;12;kWh;0;9642;0;0;9642;9642
11/11/2024 03:00;11/11/2024 03:15;13;kWh;0;39363;0;0;39363;39363
11/11/2024 03:15;11/11/2024 03:30;14;kWh;0;72064;0;0;72064;72064
11/11/2024 03:30;11/11/2024 03:45;15;kWh;0;84560;0;0;84560;84560
11/11/2024 03:45;11/11/2024 04:00;16;kWh;0;70349;0;0;70349;70349
11/11/2024 04:00;11/11/2024 04:15;17;kWh;0;44796;0;0;44796;44796
11/11/2024 04:15;11/11/2024 04:30;18;kWh;-4;35639;0;0;35643;35635
11/11/2024 04:30;11/11/2024 04:45;19;kWh;-19421;513;0;0;19934;-18908
11/11/2024 04:45;11/11/2024 05:00;20;kWh;-51240;92;0;0;51332;-51148
11/11/2024 05:00;11/11/2024 05:15;21;kWh;-20962;0;0;0;20962;-20962
11/11/2024 05:15;11/11/2024 05:30;22;kWh;-26901;0;0;0;26901;-26901
11/11/2024 05:30;11/11/2024 05:45;23;kWh;-18648;0;0;0;18648;-18648
11/11/2024 05:45;11/11/2024 06:00;24;kWh;-33742;243;0;0;33985;-33499
11/11/2024 06:00;11/11/2024 06:15;25;kWh;-62;64494;0;0;64556;64432
11/11/2024 06:15;11/11/2024 06:30;26;kWh;-112;28275;0;0;28387;28163
11/11/2024 06:30;11/11/2024 06:45;27;kWh;0;60750;0;0;60750;60750
11/11/2024 06:45;11/11/2024 07:00;28;kWh;0;37338;0;0;37338;37338
11/11/2024 07:00;11/11/2024 07:15;29;kWh;-620;20684;0;0;21304;20064
11/11/2024 07:15;11/11/2024 07:30;30;kWh;0;57466;0;0;57466;57466
11/11/2024 07:30;11/11/2024 07:45;31;kWh;0;90155;0;0;90155;90155
11/11/2024 07:45;11/11/2024 08:00;32;kWh;0;47885;0;0;47885;47885
11/11/2024 08:00;11/11/2024 08:15;33;kWh;0;31985;0;0;31985;31985
11/11/2024 08:15;11/11/2024 08:30;34;kWh;0;40271;0;0;40271;40271
11/11/2024 08:30;11/11/2024 08:45;35;kWh;0;42887;0;0;42887;42887
11/11/2024 08:45;11/11/2024 09:00;36;kWh;-404;23096;0;0;23500;22692
11/11/2024 09:00;11/11/2024 09:15;37;kWh;-19475;6238;0;0;25713;-13237
11/11/2024 09:15;11/11/2024 09:30;38;kWh;-65386;0;0;0;65386;-65386
11/11/2024 09:30;11/11/2024 09:45;39;kWh;-67442;0;0;0;67442;-67442
11/11/2024 09:45;11/11/2024 10:00;40;kWh;-60587;1899;0;0;62486;-58688
11/11/2024 10:00;11/11/2024 10:15;41;kWh;-34596;5204;0;0;39800;-29392
11/11/2024 10:15;11/11/2024 10:30;42;kWh;-20452;3082;0;0;23534;-17370
11/11/2024 10:30;11/11/2024 10:45;43;kWh;-54382;0;0;0;54382;-54382
11/11/2024 10:45;11/11/2024 11:00;44;kWh;-39651;0;0;0;39651;-39651
11/11/2024 11:00;11/11/2024 11:15;45;kWh;-12309;17540;0;0;29849;5231
11/11/2024 11:15;11/11/2024 11:30;46;kWh;0;48601;0;0;48601;48601
11/11/2024 11:30;11/11/2024 11:45;47;kWh;-10707;5457;0;0;16164;-5250
11/11/2024 11:45;11/11/2024 12:00;48;kWh;-3747;309;0;0;4056;-3438
11/11/2024 12:00;11/11/2024 12:15;49;kWh;-53195;0;0;0;53195;-53195
11/11/2024 12:15;11/11/2024 12:30;50;kWh;-68196;0;0;0;68196;-68196
11/11/2024 12:30;11/11/2024 12:45;51;kWh;-67681;932;0;0;68613;-66749
11/11/2024 12:45;11/11/2024 13:00;52;kWh;-66462;3501;0;0;69963;-62961
11/11/2024 13:00;11/11/2024 13:15;53;kWh;-83525;594;0;0;84119;-82931
11/11/2024 13:15;11/11/2024 13:30;54;kWh;-2301;23354;0;0;25655;21053
11/11/2024 13:30;11/11/2024 13:45;55;kWh;0;20805;0;0;20805;20805
11/11/2024 13:45;11/11/2024 14:00;56;kWh;-5839;7261;0;0;13100;1422
11/11/2024 14:00;11/11/2024 14:15;57;kWh;-83960;0;0;0;83960;-83960
11/11/2024 14:15;11/11/2024 14:30;58;kWh;-35623;0;0;0;35623;-35623
11/11/2024 14:30;11/11/2024 14:45;59;kWh;-253;27945;0;0;28198;27692
11/11/2024 14:45;11/11/2024 15:00;60;kWh;-78;25948;0;0;26026;25870
11/11/2024 15:00;11/11/2024 15:15;61;kWh;-28685;116;0;0;28801;-28569
11/11/2024 15:15;11/11/2024 15:30;62;kWh;-186;0;0;0;186;-186
11/11/2024 15:30;11/11/2024 15:45;63;kWh;0;21005;0;0;21005;21005
11/11/2024 15:45;11/11/2024 16:00;64;kWh;0;110127;0;0;110127;110127
11/11/2024 16:00;11/11/2024 16:15;65;kWh;-183;54985;0;0;55168;54802
11/11/2024 16:15;11/11/2024 16:30;66;kWh;0;91054;0;0;91054;91054
11/11/2024 16:30;11/11/2024 16:45;67;kWh;0;82682;0;0;82682;82682
11/11/2024 16:45;11/11/2024 17:00;68;kWh;0;70591;0;0;70591;70591
11/11/2024 17:00;11/11/2024 17:15;69;kWh;-19673;20128;0;0;39801;455
11/11/2024 17:15;11/11/2024 17:30;70;kWh;-1044;2482;0;0;3526;1438
11/11/2024 17:30;11/11/2024 17:45;71;kWh;-1268;473;0;0;1741;-795
11/11/2024 17:45;11/11/2024 18:00;72;kWh;-21373;0;0;0;21373;-21373
11/11/2024 18:00;11/11/2024 18:15;73;kWh;-26511;0;0;0;26511;-26511
11/11/2024 18:15;11/11/2024 18:30;74;kWh;-55895;0;0;0;55895;-55895
11/11/2024 18:30;11/11/2024 18:45;75;kWh;-75659;0;0;0;75659;-75659
11/11/2024 18:45;11/11/2024 19:00;76;kWh;-63254;0;0;0;63254;-63254
11/11/2024 19:00;11/11/2024 19:15;77;kWh;-29843;0;0;0;29843;-29843
11/11/2024 19:15;11/11/2024 19:30;78;kWh;-44373;2587;0;0;46960;-41786
11/11/2024 19:30;11/11/2024 19:45;79;kWh;-7935;346;0;0;8281;-7589
11/11/2024 19:45;11/11/2024 20:00;80;kWh;-3524;77;0;0;3601;-3447
11/11/2024 20:00;11/11/2024 20:15;81;kWh;-74;46291;0;0;46365;46217
11/11/2024 20:15;11/11/2024 20:30;82;kWh;0;47013;0;0;47013;47013
11/11/2024 20:30;11/11/2024 20:45;83;kWh;0;52387;0;0;52387;52387
11/11/2024 20:45;11/11/2024 21:00;84;kWh;0;41654;0;0;41654;41654
11/11/2024 21:00;11/11/2024 21:15;85;kWh;-7007;4418;0;0;11425;-2589
11/11/2024 21:15;11/11/2024 21:30;86;kWh;-3769;17130;0;0;20899;13361
11/11/2024 21:30;11/11/2024 21:45;87;kWh;0;40444;0;0;40444;40444
11/11/2024 21:45;11/11/2024 22:00;88;kWh;-775;5135;0;0;5910;4360
11/11/2024 22:00;11/11/2024 22:15;89;kWh;-17605;0;0;0;17605;-17605
11/11/2024 22:15;11/11/2024 22:30;90;kWh;-2761;3256;0;0;6017;495
11/11/2024 22:30;11/11/2024 22:45;91;kWh;0;15447;0;0;15447;15447
11/11/2024 22:45;11/11/2024 23:00;92;kWh;0;27426;0;0;27426;27426
11/11/2024 23:00;11/11/2024 23:15;93;kWh;0;65415;0;0;65415;65415
11/11/2024 23:15;11/11/2024 23:30;94;kWh;0;31665;0;0;31665;31665
11/11/2024 23:30;11/11/2024 23:45;95;kWh;0;16171;0;0;16171;16171
11/11/2024 23:45;12/11/2024 00:00;96;kWh;0;15494;0;0;15494;15494
12/11/2024 00:00;12/11/2024 00:15;1;kWh;0;40981;0;0;40981;40981
12/11/2024 00:15;12/11/2024 00:30;2;kWh;0;54345;0;0;54345;54345
12/11/2024 00:30;12/11/2024 00:45;3;kWh;0;30961;0;0;30961;30961
12/11/2024 00:45;12/11/2024 01:00;4;kWh;0;32472;0;0;32472;32472
12/11/2024 01:00;12/11/2024 01:15;5;kWh;0;29305;0;0;29305;29305
12/11/2024 01:15;12/11/2024 01:30;6;kWh;0;38435;0;0;38435;38435
12/11/2024 01:30;12/11/2024 01:45;7;kWh;0;42041;0;0;42041;42041
12/11/2024 01:45;12/11/2024 02:00;8;kWh;0;30619;0;0;30619;30619
12/11/2024 02:00;12/11/2024 02:15;9;kWh;0;1782;0;0;1782;1782
12/11/2024 02:15;12/11/2024 02:30;10;kWh;-491;0;0;0;491;-491
12/11/2024 02:30;12/11/2024 02:45;11;kWh;0;5711;0;0;5711;5711
12/11/2024 02:45;12/11/2024 03:00;12;kWh;0;11837;0;0;11837;11837
12/11/2024 03:00;12/11/2024 03:15;13;kWh;-4764;2584;0;0;7348;-2180
12/11/2024 03:15;12/11/2024 03:30;14;kWh;-1482;357;0;0;1839;-1125
12/11/2024 03:30;12/11/2024 03:45;15;kWh;-7;13066;0;0;13073;13059
12/11/2024 03:45;12/11/2024 04:00;16;kWh;-2283;433;0;0;2716;-1850
12/11/2024 04:00;12/11/2024 04:15;17;kWh;-24242;0;0;0;24242;-24242
12/11/2024 04:15;12/11/2024 04:30;18;kWh;-31204;0;0;0;31204;-31204
12/11/2024 04:30;12/11/2024 04:45;19;kWh;-32812;0;0;0;32812;-32812
12/11/2024 04:45;12/11/2024 05:00;20;kWh;-18840;0;0;0;18840;-18840
12/11/2024 05:00;12/11/2024 05:15;21;kWh;-35840;0;0;0;35840;-35840
12/11/2024 05:15;12/11/2024 05:30;22;kWh;-56801;146;0;0;56947;-56655
12/11/2024 05:30;12/11/2024 05:45;23;kWh;-15072;1;0;0;15073;-15071
12/11/2024 05:45;12/11/2024 06:00;24;kWh;-47184;0;0;0;47184;-47184
12/11/2024 06:00;12/11/2024 06:15;25;kWh;-49762;0;0;0;49762;-49762
12/11/2024 06:15;12/11/2024 06:30;26;kWh;-15054;123;0;0;15177;-14931
12/11/2024 06:30;12/11/2024 06:45;27;kWh;-194;41839;0;0;42033;41645
12/11/2024 06:45;12/11/2024 07:00;28;kWh;-63;28135;0;0;28198;28072
12/11/2024 07:00;12/11/2024 07:15;29;kWh;-57019;2556;0;0;59575;-54463
12/11/2024 07:15;12/11/2024 07:30;30;kWh;-1743;5457;0;0;7200;3714
12/11/2024 07:30;12/11/2024 07:45;31;kWh;0;14168;0;0;14168;14168
12/11/2024 07:45;12/11/2024 08:00;32;kWh;-16578;2409;0;0;18987;-14169
12/11/2024 08:00;12/11/2024 08:15;33;kWh;-90050;0;0;0;90050;-90050
12/11/2024 08:15;12/11/2024 08:30;34;kWh;-57180;0;0;0;57180;-57180
12/11/2024 08:30;12/11/2024 08:45;35;kWh;-11430;29515;0;0;40945;18085
12/11/2024 08:45;12/11/2024 09:00;36;kWh;-6721;37806;0;0;44527;31085
12/11/2024 09:00;12/11/2024 09:15;37;kWh;-14025;1570;0;0;15595;-12455
12/11/2024 09:15;12/11/2024 09:30;38;kWh;-3062;3100;0;0;6162;38
12/11/2024 09:30;12/11/2024 09:45;39;kWh;-2573;1707;0;0;4280;-866
12/11/2024 09:45;12/11/2024 10:00;40;kWh;-26525;0;0;0;26525;-26525
12/11/2024 10:00;12/11/2024 10:15;41;kWh;-793;13145;0;0;13938;12352
12/11/2024 10:15;12/11/2024 10:30;42;kWh;-111;27469;0;0;27580;27358
12/11/2024 10:30;12/11/2024 10:45;43;kWh;-6571;249;0;0;6820;-6322
12/11/2024 10:45;12/11/2024 11:00;44;kWh;-48773;0;0;0;48773;-48773
12/11/2024 11:00;12/11/2024 11:15;45;kWh;-102386;0;0;0;102386;-102386
12/11/2024 11:15;12/11/2024 11:30;46;kWh;-127239;0;0;0;127239;-127239
12/11/2024 11:30;12/11/2024 11:45;47;kWh;-124523;0;0;0;124523;-124523
12/11/2024 11:45;12/11/2024 12:00;48;kWh;-70623;0;0;0;70623;-70623
12/11/2024 12:00;12/11/2024 12:15;49;kWh;-7066;33040;0;0;40106;25974
12/11/2024 12:15;12/11/2024 12:30;50;kWh;0;57565;0;0;57565;57565
12/11/2024 12:30;12/11/2024 12:45;51;kWh;-818;23444;0;0;24262;22626
12/11/2024 12:45;12/11/2024 13:00;52;kWh;-45;34768;0;0;34813;34723
12/11/2024 13:00;12/11/2024 13:15;53;kWh;0;52797;0;0;52797;52797
12/11/2024 13:15;12/11/2024 13:30;54;kWh;0;73454;0;0;73454;73454
12/11/2024 13:30;12/11/2024 13:45;55;kWh;0;43408;0;0;43408;43408
12/11/2024 13:45;12/11/2024 14:00;56;kWh;-52;29716;0;0;29768;29664
12/11/2024 14:00;12/11/2024 14:15;57;kWh;-52867;438;0;0;53305;-52429
12/11/2024 14:15;12/11/2024 14:30;58;kWh;-3681;0;0;0;3681;-3681
12/11/2024 14:30;12/11/2024 14:45;59;kWh;-26366;0;0;0;26366;-26366
12/11/2024 14:45;12/11/2024 15:00;60;kWh;-3980;185;0;0;4165;-3795
12/11/2024 15:00;12/11/2024 15:15;61;kWh;-96672;0;0;0;96672;-96672
12/11/2024 15:15;12/11/2024 15:30;62;kWh;-37714;0;0;0;37714;-37714
12/11/2024 15:30;12/11/2024 15:45;63;kWh;-37979;0;0;0;37979;-37979
12/11/2024 15:45;12/11/2024 16:00;64;kWh;-5456;414;0;0;5870;-5042
12/11/2024 16:00;12/11/2024 16:15;65;kWh;-11238;108;0;0;11346;-11130
12/11/2024 16:15;12/11/2024 16:30;66;kWh;-6374;1414;0;0;7788;-4960
12/11/2024 16:30;12/11/2024 16:45;67;kWh;0;5295;0;0;5295;5295
12/11/2024 16:45;12/11/2024 17:00;68;kWh;0;34474;0;0;34474;34474
12/11/2024 17:00;12/11/2024 17:15;69;kWh;0;80672;0;0;80672;80672
12/11/2024 17:15;12/11/2024 17:30;70;kWh;0;58837;0;0;58837;58837
12/11/2024 17:30;12/11/2024 17:45;71;kWh;-263;6344;0;0;6607;6081
12/11/2024 17:45;12/11/2024 18:00;72;kWh;-1495;0;0;0;1495;-1495
12/11/2024 18:00;12/11/2024 18:15;73;kWh;-830;3503;0;0;4333;2673
12/11/2024 18:15;12/11/2024 18:30;74;kWh;0;1892;0;0;1892;1892
12/11/2024 18:30;12/11/2024 18:45;75;kWh;0;3054;0;0;3054;3054
12/11/2024 18:45;12/11/2024 19:00;76;kWh;-132;8152;0;0;8284;8020
12/11/2024 19:00;12/11/2024 19:15;77;kWh;-130;34337;0;0;34467;34207
12/11/2024 19:15;12/11/2024 19:30;78;kWh;0;35356;0;0;35356;35356
12/11/2024 19:30;12/11/2024 19:45;79;kWh;-184;8106;0;0;8290;7922
12/11/2024 19:45;12/11/2024 20:00;80;kWh;-165;3994;0;0;4159;3829
12/11/2024 20:00;12/11/2024 20:15;81;kWh;0;48006;0;0;48006;48006
12/11/2024 20:15;12/11/2024 20:30;82;kWh;-14;34050;0;0;34064;34036
12/11/2024 20:30;12/11/2024 20:45;83;kWh;0;40085;0;0;40085;40085
12/11/2024 20:45;12/11/2024 21:00;84;kWh;0;28041;0;0;28041;28041
12/11/2024 21:00;12/11/2024 21:15;85;kWh;0;8305;0;0;8305;8305
12/11/2024 21:15;12/11/2024 21:30;86;kWh;0;27889;0;0;27889;27889
12/11/2024 21:30;12/11/2024 21:45;87;kWh;-36;2659;0;0;2695;2623
12/11/2024 21:45;12/11/2024 22:00;88;kWh;-5886;0;0;0;5886;-5886
12/11/2024 22:00;12/11/2024 22:15;89;kWh;-5365;0;0;0;5365;-5365
12/11/2024 22:15;12/11/2024 22:30;90;kWh;-3227;0;0;0;3227;-3227
12/11/2024 22:30;12/11/2024 22:45;91;kWh;-8925;0;0;0;8925;-8925
12/11/2024 22:45;12/11/2024 23:00;92;kWh;-9150;0;0;0;9150;-9150
12/11/2024 23:00;12/11/2024 23:15;93;kWh;-5225;714;0;0;5939;-4511
12/11/2024 23:15;12/11/2024 23:30;94;kWh;-5041;0;0;0;5041;-5041
12/11/2024 23:30;12/11/2024 23:45;95;kWh;-15641;0;0;0;15641;-15641
12/11/2024 23:45;13/11/2024 00:00;96;kWh;-37495;0;0;0;37495;-37495
13/11/2024 00:00;13/11/2024 00:15;1;kWh;-9427;10899;0;0;20326;1472
13/11/2024 00:15;13/11/2024 00:30;2;kWh;0;11194;0;0;11194;11194
13/11/2024 00:30;13/11/2024 00:45;3;kWh;-368;10338;0;0;10706;9970
13/11/2024 00:45;13/11/2024 01:00;4;kWh;-2421;0;0;0;2421;-2421
13/11/2024 01:00;13/11/2024 01:15;5;kWh;-4631;0;0;0;4631;-4631
13/11/2024 01:15;13/11/2024 01:30;6;kWh;-12043;0;0;0;12043;-12043
13/11/2024 01:30;13/11/2024 01:45;7;kWh;-15936;0;0;0;15936;-15936
13/11/2024 01:45;13/11/2024 02:00;8;kWh;-21311;0;0;0;21311;-21311
13/11/2024 02:00;13/11/2024 02:15;9;kWh;-24469;0;0;0;24469;-24469
13/11/2024 02:15;13/11/2024 02:30;10;kWh;-23864;0;0;0;23864;-23864
13/11/2024 02:30;13/11/2024 02:45;11;kWh;-22259;0;0;0;22259;-22259
13/11/2024 02:45;13/11/2024 03:00;12;kWh;-29681;0;0;0;29681;-29681
13/11/2024 03:00;13/11/2024 03:15;13;kWh;-8496;1176;0;0;9672;-7320
13/11/2024 03:15;13/11/2024 03:30;14;kWh;0;5425;0;0;5425;5425
13/11/2024 03:30;13/11/2024 03:45;15;kWh;0;1749;0;0;1749;1749
13/11/2024 03:45;13/11/2024 04:00;16;kWh;0;5020;0;0;5020;5020
13/11/2024 04:00;13/11/2024 04:15;17;kWh;-1296;313;0;0;1609;-983
13/11/2024 04:15;13/11/2024 04:30;18;kWh;-611;0;0;0;611;-611
13/11/2024 04:30;13/11/2024 04:45;19;kWh;-489;1506;0;0;1995;1017
13/11/2024 04:45;13/11/2024 05:00;20;kWh;0;9495;0;0;9495;9495
13/11/2024 05:00;13/11/2024 05:15;21;kWh;-2767;1736;0;0;4503;-1031
13/11/2024 05:15;13/11/2024 05:30;22;kWh;-350;0;0;0;350;-350
13/11/2024 05:30;13/11/2024 05:45;23;kWh;0;12003;0;0;12003;12003
13/11/2024 05:45;13/11/2024 06:00;24;kWh;-7;9380;0;0;9387;9373
13/11/2024 06:00;13/11/2024 06:15;25;kWh;-6631;7060;0;0;13691;429
13/11/2024 06:15;13/11/2024 06:30;26;kWh;-262;18132;0;0;18394;17870
13/11/2024 06:30;13/11/2024 06:45;27;kWh;0;34089;0;0;34089;34089
13/11/2024 06:45;13/11/2024 07:00;28;kWh;0;65638;0;0;65638;65638
13/11/2024 07:00;13/11/2024 07:15;29;kWh;-5577;10731;0;0;16308;5154
13/11/2024 07:15;13/11/2024 07:30;30;kWh;-19;12579;0;0;12598;12560
13/11/2024 07:30;13/11/2024 07:45;31;kWh;0;23599;0;0;23599;23599
13/11/2024 07:45;13/11/2024 08:00;32;kWh;0;6927;0;0;6927;6927
13/11/2024 08:00;13/11/2024 08:15;33;kWh;-7079;2198;0;0;9277;-4881
13/11/2024 08:15;13/11/2024 08:30;34;kWh;-4940;0;0;0;4940;-4940
13/11/2024 08:30;13/11/2024 08:45;35;kWh;-818;2061;0;0;2879;1243
13/11/2024 08:45;13/11/2024 09:00;36;kWh;0;10718;0;0;10718;10718
13/11/2024 09:00;13/11/2024 09:15;37;kWh;0;5125;0;0;5125;5125
13/11/2024 09:15;13/11/2024 09:30;38;kWh;0;0;0;0;0;0
13/11/2024 09:30;13/11/2024 09:45;39;kWh;0;0;0;0;0;0
13/11/2024 09:45;13/11/2024 10:00;40;kWh;0;4298;0;0;4298;4298
13/11/2024 10:00;13/11/2024 10:15;41;kWh;0;40985;0;0;40985;40985
13/11/2024 10:15;13/11/2024 10:30;42;kWh;0;30629;0;0;30629;30629
13/11/2024 10:30;13/11/2024 10:45;43;kWh;0;36933;0;0;36933;36933
13/11/2024 10:45;13/11/2024 11:00;44;kWh;0;37782;0;0;37782;37782
13/11/2024 11:00;13/11/2024 11:15;45;kWh;0;52894;0;0;52894;52894
13/11/2024 11:15;13/11/2024 11:30;46;kWh;-82;12556;0;0;12638;12474
13/11/2024 11:30;13/11/2024 11:45;47;kWh;0;30297;0;0;30297;30297
13/11/2024 11:45;13/11/2024 12:00;48;kWh;-3928;5552;0;0;9480;1624
13/11/2024 12:00;13/11/2024 12:15;49;kWh;-5579;6170;0;0;11749;591
13/11/2024 12:15;13/11/2024 12:30;50;kWh;-101;15556;0;0;15657;15455
13/11/2024 12:30;13/11/2024 12:45;51;kWh;-7071;4;0;0;7075;-7067
13/11/2024 12:45;13/11/2024 13:00;52;kWh;-17086;0;0;0;17086;-17086
13/11/2024 13:00;13/11/2024 13:15;53;kWh;-7465;0;0;0;7465;-7465
13/11/2024 13:15;13/11/2024 13:30;54;kWh;-2933;0;0;0;2933;-2933
13/11/2024 13:30;13/11/2024 13:45;55;kWh;-14479;0;0;0;14479;-14479
13/11/2024 13:45;13/11/2024 14:00;56;kWh;-11613;0;0;0;11613;-11613
13/11/2024 14:00;13/11/2024 14:15;57;kWh;-15515;0;0;0;15515;-15515
13/11/2024 14:15;13/11/2024 14:30;58;kWh;-2908;0;0;0;2908;-2908
13/11/2024 14:30;13/11/2024 14:45;59;kWh;0;267;0;0;267;267
13/11/2024 14:45;13/11/2024 15:00;60;kWh;0;8227;0;0;8227;8227
13/11/2024 15:00;13/11/2024 15:15;61;kWh;-31766;0;0;0;31766;-31766
13/11/2024 15:15;13/11/2024 15:30;62;kWh;-3171;4425;0;0;7596;1254
13/11/2024 15:30;13/11/2024 15:45;63;kWh;0;13091;0;0;13091;13091
13/11/2024 15:45;13/11/2024 16:00;64;kWh;0;27335;0;0;27335;27335
13/11/2024 16:00;13/11/2024 16:15;65;kWh;-5543;1905;0;0;7448;-3638
13/11/2024 16:15;13/11/2024 16:30;66;kWh;-594;0;0;0;594;-594
13/11/2024 16:30;13/11/2024 16:45;67;kWh;0;9640;0;0;9640;9640
13/11/2024 16:45;13/11/2024 17:00;68;kWh;0;22138;0;0;22138;22138
13/11/2024 17:00;13/11/2024 17:15;69;kWh;0;20603;0;0;20603;20603
13/11/2024 17:15;13/11/2024 17:30;70;kWh;0;7504;0;0;7504;7504
13/11/2024 17:30;13/11/2024 17:45;71;kWh;-13726;15;0;0;13741;-13711
13/11/2024 17:45;13/11/2024 18:00;72;kWh;-44807;13;0;0;44820;-44794
13/11/2024 18:00;13/11/2024 18:15;73;kWh;-1360;32033;0;0;33393;30673
13/11/2024 18:15;13/11/2024 18:30;74;kWh;-856;14527;0;0;15383;13671
13/11/2024 18:30;13/11/2024 18:45;75;kWh;-463;11590;0;0;12053;11127
13/11/2024 18:45;13/11/2024 19:00;76;kWh;-20737;0;0;0;20737;-20737
13/11/2024 19:00;13/11/2024 19:15;77;kWh;-5987;24975;0;0;30962;18988
13/11/2024 19:15;13/11/2024 19:30;78;kWh;0;26143;0;0;26143;26143
13/11/2024 19:30;13/11/2024 19:45;79;kWh;-8616;943;0;0;9559;-7673
13/11/2024 19:45;13/11/2024 20:00;80;kWh;-14730;0;0;0;14730;-14730
13/11/2024 20:00;13/11/2024 20:15;81;kWh;-71;20469;0;0;20540;20398
13/11/2024 20:15;13/11/2024 20:30;82;kWh;-131;31033;0;0;31164;30902
13/11/2024 20:30;13/11/2024 20:45;83;kWh;-234;34167;0;0;34401;33933
13/11/2024 20:45;13/11/2024 21:00;84;kWh;-1909;3392;0;0;5301;1483
13/11/2024 21:00;13/11/2024 21:15;85;kWh;-287;11140;0;0;11427;10853
13/11/2024 21:15;13/11/2024 21:30;86;kWh;-1073;24144;0;0;25217;23071
13/11/2024 21:30;13/11/2024 21:45;87;kWh;-330;0;0;0;330;-330
13/11/2024 21:45;13/11/2024 22:00;88;kWh;-49;1606;0;0;1655;1557
13/11/2024 22:00;13/11/2024 22:15;89;kWh;-4010;208;0;0;4218;-3802
13/11/2024 22:15;13/11/2024 22:30;90;kWh;-10;18690;0;0;18700;18680
13/11/2024 22:30;13/11/2024 22:45;91;kWh;-876;859;0;0;1735;-17
13/11/2024 22:45;13/11/2024 23:00;92;kWh;-662;1690;0;0;2352;1028
13/11/2024 23:00;13/11/2024 23:15;93;kWh;-494;824;0;0;1318;330
13/11/2024 23:15;13/11/2024 23:30;94;kWh;-5646;11830;0;0;17476;6184
13/11/2024 23:30;13/11/2024 23:45;95;kWh;-9668;0;0;0;9668;-9668
13/11/2024 23:45;14/11/2024 00:00;96;kWh;-8556;0;0;0;8556;-8556
14/11/2024 00:00;14/11/2024 00:15;1;kWh;-4842;720;0;0;5562;-4122
14/11/2024 00:15;14/11/2024 00:30;2;kWh;0;40844;0;0;40844;40844
14/11/2024 00:30;14/11/2024 00:45;3;kWh;0;43904;0;0;43904;43904
14/11/2024 00:45;14/11/2024 01:00;4;kWh;0;41131;0;0;41131;41131
14/11/2024 01:00;14/11/2024 01:15;5;kWh;0;26640;0;0;26640;26640
14/11/2024 01:15;14/11/2024 01:30;6;kWh;0;37626;0;0;37626;37626
14/11/2024 01:30;14/11/2024 01:45;7;kWh;0;33082;0;0;33082;33082
14/11/2024 01:45;14/11/2024 02:00;8;kWh;-2;29815;0;0;29817;29813
14/11/2024 02:00;14/11/2024 02:15;9;kWh;-10014;359;0;0;10373;-9655
14/11/2024 02:15;14/11/2024 02:30;10;kWh;-6682;0;0;0;6682;-6682
14/11/2024 02:30;14/11/2024 02:45;11;kWh;-8706;203;0;0;8909;-8503
14/11/2024 02:45;14/11/2024 03:00;12;kWh;-29771;0;0;0;29771;-29771
14/11/2024 03:00;14/11/2024 03:15;13;kWh;-197;0;0;0;197;-197
14/11/2024 03:15;14/11/2024 03:30;14;kWh;-22319;0;0;0;22319;-22319
14/11/2024 03:30;14/11/2024 03:45;15;kWh;-29947;0;0;0;29947;-29947
14/11/2024 03:45;14/11/2024 04:00;16;kWh;-41058;0;0;0;41058;-41058
14/11/2024 04:00;14/11/2024 04:15;17;kWh;-11363;29372;0;0;40735;18009
14/11/2024 04:15;14/11/2024 04:30;18;kWh;-721;10912;0;0;11633;10191
14/11/2024 04:30;14/11/2024 04:45;19;kWh;-1351;1339;0;0;2690;-12
14/11/2024 04:45;14/11/2024 05:00;20;kWh;-1075;454;0;0;1529;-621
14/11/2024 05:00;14/11/2024 05:15;21;kWh;-51198;1;0;0;51199;-51197
14/11/2024 05:15;14/11/2024 05:30;22;kWh;-70359;0;0;0;70359;-70359
14/11/2024 05:30;14/11/2024 05:45;23;kWh;-39768;293;0;0;40061;-39475
14/11/2024 05:45;14/11/2024 06:00;24;kWh;-50745;585;0;0;51330;-50160
14/11/2024 06:00;14/11/2024 06:15;25;kWh;-84410;3;0;0;84413;-84407
14/11/2024 06:15;14/11/2024 06:30;26;kWh;-5028;330;0;0;5358;-4698
14/11/2024 06:30;14/11/2024 06:45;27;kWh;-1377;3;0;0;1380;-1374
14/11/2024 06:45;14/11/2024 07:00;28;kWh;-700;634;0;0;1334;-66
14/11/2024 07:00;14/11/2024 07:15;29;kWh;-63594;0;0;0;63594;-63594
14/11/2024 07:15;14/11/2024 07:30;30;kWh;-56609;0;0;0;56609;-56609
14/11/2024 07:30;14/11/2024 07:45;31;kWh;-44752;0;0;0;44752;-44752
14/11/2024 07:45;14/11/2024 08:00;32;kWh;-10017;0;0;0;10017;-10017
14/11/2024 08:00;14/11/2024 08:15;33;kWh;-6059;0;0;0;6059;-6059
14/11/2024 08:15;14/11/2024 08:30;34;kWh;-3593;0;0;0;3593;-3593
14/11/2024 08:30;14/11/2024 08:45;35;kWh;0;72;0;0;72;72
14/11/2024 08:45;14/11/2024 09:00;36;kWh;0;2889;0;0;2889;2889
14/11/2024 09:00;14/11/2024 09:15;37;kWh;0;1539;0;0;1539;1539
14/11/2024 09:15;14/11/2024 09:30;38;kWh;0;1261;0;0;1261;1261
14/11/2024 09:30;14/11/2024 09:45;39;kWh;-487;16;0;0;503;-471
14/11/2024 09:45;14/11/2024 10:00;40;kWh;-41;0;0;0;41;-41
14/11/2024 10:00;14/11/2024 10:15;41;kWh;0;3988;0;0;3988;3988
14/11/2024 10:15;14/11/2024 10:30;42;kWh;0;6137;0;0;6137;6137
14/11/2024 10:30;14/11/2024 10:45;43;kWh;0;27750;0;0;27750;27750
14/11/2024 10:45;14/11/2024 11:00;44;kWh;-6860;12826;0;0;19686;5966
14/11/2024 11:00;14/11/2024 11:15;45;kWh;-1545;187;0;0;1732;-1358
14/11/2024 11:15;14/11/2024 11:30;46;kWh;0;16525;0;0;16525;16525
14/11/2024 11:30;14/11/2024 11:45;47;kWh;0;4324;0;0;4324;4324
14/11/2024 11:45;14/11/2024 12:00;48;kWh;0;21852;0;0;21852;21852
14/11/2024 12:00;14/11/2024 12:15;49;kWh;-79;21940;0;0;22019;21861
14/11/2024 12:15;14/11/2024 12:30;50;kWh;-2712;6598;0;0;9310;3886
14/11/2024 12:30;14/11/2024 12:45;51;kWh;-28;891;0;0;919;863
14/11/2024 12:45;14/11/2024 13:00;52;kWh;0;7258;0;0;7258;7258
14/11/2024 13:00;14/11/2024 13:15;53;kWh;0;3112;0;0;3112;3112
14/11/2024 13:15;14/11/2024 13:30;54;kWh;0;4578;0;0;4578;4578
14/11/2024 13:30;14/11/2024 13:45;55;kWh;-2224;557;0;0;2781;-1667
14/11/2024 13:45;14/11/2024 14:00;56;kWh;-1386;0;0;0;1386;-1386
14/11/2024 14:00;14/11/2024 14:15;57;kWh;-8283;3852;0;0;12135;-4431
14/11/2024 14:15;14/11/2024 14:30;58;kWh;0;6787;0;0;6787;6787
14/11/2024 14:30;14/11/2024 14:45;59;kWh;0;5182;0;0;5182;5182
14/11/2024 14:45;14/11/2024 15:00;60;kWh;0;2383;0;0;2383;2383
14/11/2024 15:00;14/11/2024 15:15;61;kWh;0;1283;0;0;1283;1283
14/11/2024 15:15;14/11/2024 15:30;62;kWh;0;26955;0;0;26955;26955
14/11/2024 15:30;14/11/2024 15:45;63;kWh;0;34225;0;0;34225;34225
14/11/2024 15:45;14/11/2024 16:00;64;kWh;0;30407;0;0;30407;30407
14/11/2024 16:00;14/11/2024 16:15;65;kWh;-23083;3481;0;0;26564;-19602
14/11/2024 16:15;14/11/2024 16:30;66;kWh;-22468;2579;0;0;25047;-19889
14/11/2024 16:30;14/11/2024 16:45;67;kWh;0;20064;0;0;20064;20064
14/11/2024 16:45;14/11/2024 17:00;68;kWh;-3337;15281;0;0;18618;11944
14/11/2024 17:00;14/11/2024 17:15;69;kWh;-472;39485;0;0;39957;39013
14/11/2024 17:15;14/11/2024 17:30;70;kWh;-29958;214;0;0;30172;-29744
14/11/2024 17:30;14/11/2024 17:45;71;kWh;-48213;0;0;0;48213;-48213
14/11/2024 17:45;14/11/2024 18:00;72;kWh;-12176;0;0;0;12176;-12176
14/11/2024 18:00;14/11/2024 18:15;73;kWh;-11721;407;0;0;12128;-11314
14/11/2024 18:15;14/11/2024 18:30;74;kWh;-4883;11102;0;0;15985;6219
14/11/2024 18:30;14/11/2024 18:45;75;kWh;0;35721;0;0;35721;35721
14/11/2024 18:45;14/11/2024 19:00;76;kWh;0;28771;0;0;28771;28771
14/11/2024 19:00;14/11/2024 19:15;77;kWh;0;54503;0;0;54503;54503
14/11/2024 19:15;14/11/2024 19:30;78;kWh;-36;35677;0;0;35713;35641
14/11/2024 19:30;14/11/2024 19:45;79;kWh;-423;14811;0;0;15234;14388
14/11/2024 19:45;14/11/2024 20:00;80;kWh;-2;21459;0;0;21461;21457
14/11/2024 20:00;14/11/2024 20:15;81;kWh;-33;24238;0;0;24271;24205
14/11/2024 20:15;14/11/2024 20:30;82;kWh;0;33154;0;0;33154;33154
14/11/2024 20:30;14/11/2024 20:45;83;kWh;0;44725;0;0;44725;44725
14/11/2024 20:45;14/11/2024 21:00;84;kWh;0;30382;0;0;30382;30382
14/11/2024 21:00;14/11/2024 21:15;85;kWh;0;3050;0;0;3050;3050
14/11/2024 21:15;14/11/2024 21:30;86;kWh;-43;28353;0;0;28396;28310
14/11/2024 21:30;14/11/2024 21:45;87;kWh;-235;1627;0;0;1862;1392
14/11/2024 21:45;14/11/2024 22:00;88;kWh;0;4191;0;0;4191;4191
14/11/2024 22:00;14/11/2024 22:15;89;kWh;0;48653;0;0;48653;48653
14/11/2024 22:15;14/11/2024 22:30;90;kWh;0;66693;0;0;66693;66693
14/11/2024 22:30;14/11/2024 22:45;91;kWh;0;53192;0;0;53192;53192
14/11/2024 22:45;14/11/2024 23:00;92;kWh;-1335;1475;0;0;2810;140
14/11/2024 23:00;14/11/2024 23:15;93;kWh;-219;14441;0;0;14660;14222
14/11/2024 23:15;14/11/2024 23:30;94;kWh;0;16282;0;0;16282;16282
14/11/2024 23:30;14/11/2024 23:45;95;kWh;0;46892;0;0;46892;46892
14/11/2024 23:45;15/11/2024 00:00;96;kWh;0;89041;0;0;89041;89041
15/11/2024 00:00;15/11/2024 00:15;1;kWh;-1293;11679;0;0;12972;10386
15/11/2024 00:15;15/11/2024 00:30;2;kWh;0;1020;0;0;1020;1020
15/11/2024 00:30;15/11/2024 00:45;3;kWh;0;22147;0;0;22147;22147
15/11/2024 00:45;15/11/2024 01:00;4;kWh;0;30547;0;0;30547;30547
15/11/2024 01:00;15/11/2024 01:15;5;kWh;0;46993;0;0;46993;46993
15/11/2024 01:15;15/11/2024 01:30;6;kWh;0;47171;0;0;47171;47171
15/11/2024 01:30;15/11/2024 01:45;7;kWh;0;14883;0;0;14883;14883
15/11/2024 01:45;15/11/2024 02:00;8;kWh;0;41945;0;0;41945;41945
15/11/2024 02:00;15/11/2024 02:15;9;kWh;0;45622;0;0;45622;45622
15/11/2024 02:15;15/11/2024 02:30;10;kWh;0;26046;0;0;26046;26046
15/11/2024 02:30;15/11/2024 02:45;11;kWh;0;14058;0;0;14058;14058
15/11/2024 02:45;15/11/2024 03:00;12;kWh;-5;4977;0;0;4982;4972
15/11/2024 03:00;15/11/2024 03:15;13;kWh;-878;0;0;0;878;-878
15/11/2024 03:15;15/11/2024 03:30;14;kWh;-3959;0;0;0;3959;-3959
15/11/2024 03:30;15/11/2024 03:45;15;kWh;-8356;0;0;0;8356;-8356
15/11/2024 03:45;15/11/2024 04:00;16;kWh;-9845;0;0;0;9845;-9845
15/11/2024 04:00;15/11/2024 04:15;17;kWh;-9750;1230;0;0;10980;-8520
15/11/2024 04:15;15/11/2024 04:30;18;kWh;0;5652;0;0;5652;5652
15/11/2024 04:30;15/11/2024 04:45;19;kWh;0;23154;0;0;23154;23154
15/11/2024 04:45;15/11/2024 05:00;20;kWh;0;28161;0;0;28161;28161
15/11/2024 05:00;15/11/2024 05:15;21;kWh;0;39125;0;0;39125;39125
15/11/2024 05:15;15/11/2024 05:30;22;kWh;0;62854;0;0;62854;62854
15/11/2024 05:30;15/11/2024 05:45;23;kWh;0;55978;0;0;55978;55978
15/11/2024 05:45;15/11/2024 06:00;24;kWh;-32;53433;0;0;53465;53401
15/11/2024 06:00;15/11/2024 06:15;25;kWh;-25253;9068;0;0;34321;-16185
15/11/2024 06:15;15/11/2024 06:30;26;kWh;0;25246;0;0;25246;25246
15/11/2024 06:30;15/11/2024 06:45;27;kWh;0;28907;0;0;28907;28907
15/11/2024 06:45;15/11/2024 07:00;28;kWh;0;33835;0;0;33835;33835
15/11/2024 07:00;15/11/2024 07:15;29;kWh;-8445;3096;0;0;11541;-5349
15/11/2024 07:15;15/11/2024 07:30;30;kWh;-2110;28;0;0;2138;-2082
15/11/2024 07:30;15/11/2024 07:45;31;kWh;0;17371;0;0;17371;17371
15/11/2024 07:45;15/11/2024 08:00;32;kWh;0;33468;0;0;33468;33468
15/11/2024 08:00;15/11/2024 08:15;33;kWh;0;8119;0;0;8119;8119
15/11/2024 08:15;15/11/2024 08:30;34;kWh;0;35177;0;0;35177;35177
15/11/2024 08:30;15/11/2024 08:45;35;kWh;0;44103;0;0;44103;44103
15/11/2024 08:45;15/11/2024 09:00;36;kWh;0;32440;0;0;32440;32440
15/11/2024 09:00;15/11/2024 09:15;37;kWh;0;31629;0;0;31629;31629
15/11/2024 09:15;15/11/2024 09:30;38;kWh;0;10938;0;0;10938;10938
15/11/2024 09:30;15/11/2024 09:45;39;kWh;0;23785;0;0;23785;23785
15/11/2024 09:45;15/11/2024 10:00;40;kWh;-10544;8255;0;0;18799;-2289
15/11/2024 10:00;15/11/2024 10:15;41;kWh;-6351;227;0;0;6578;-6124
15/11/2024 10:15;15/11/2024 10:30;42;kWh;-9182;0;0;0;9182;-9182
15/11/2024 10:30;15/11/2024 10:45;43;kWh;-24814;0;0;0;24814;-24814
15/11/2024 10:45;15/11/2024 11:00;44;kWh;-18236;0;0;0;18236;-18236
15/11/2024 11:00;15/11/2024 11:15;45;kWh;-4063;16904;0;0;20967;12841
15/11/2024 11:15;15/11/2024 11:30;46;kWh;0;33063;0;0;33063;33063
15/11/2024 11:30;15/11/2024 11:45;47;kWh;0;29233;0;0;29233;29233
15/11/2024 11:45;15/11/2024 12:00;48;kWh;0;41186;0;0;41186;41186
15/11/2024 12:00;15/11/2024 12:15;49;kWh;0;47530;0;0;47530;47530
15/11/2024 12:15;15/11/2024 12:30;50;kWh;0;58828;0;0;58828;58828
15/11/2024 12:30;15/11/2024 12:45;51;kWh;0;56119;0;0;56119;56119
15/11/2024 12:45;15/11/2024 13:00;52;kWh;0;55474;0;0;55474;55474
15/11/2024 13:00;15/11/2024 13:15;53;kWh;0;28638;0;0;28638;28638
15/11/2024 13:15;15/11/2024 13:30;54;kWh;0;36620;0;0;36620;36620
15/11/2024 13:30;15/11/2024 13:45;55;kWh;0;45659;0;0;45659;45659
15/11/2024 13:45;15/11/2024 14:00;56;kWh;-97;15693;0;0;15790;15596
15/11/2024 14:00;15/11/2024 14:15;57;kWh;-13861;0;0;0;13861;-13861
15/11/2024 14:15;15/11/2024 14:30;58;kWh;0;32318;0;0;32318;32318
15/11/2024 14:30;15/11/2024 14:45;59;kWh;0;51860;0;0;51860;51860
15/11/2024 14:45;15/11/2024 15:00;60;kWh;0;57690;0;0;57690;57690
15/11/2024 15:00;15/11/2024 15:15;61;kWh;-1563;6482;0;0;8045;4919
15/11/2024 15:15;15/11/2024 15:30;62;kWh;0;9403;0;0;9403;9403
15/11/2024 15:30;15/11/2024 15:45;63;kWh;0;33401;0;0;33401;33401
15/11/2024 15:45;15/11/2024 16:00;64;kWh;0;32198;0;0;32198;32198
15/11/2024 16:00;15/11/2024 16:15;65;kWh;-3221;379;0;0;3600;-2842
15/11/2024 16:15;15/11/2024 16:30;66;kWh;0;564;0;0;564;564
15/11/2024 16:30;15/11/2024 16:45;67;kWh;0;996;0;0;996;996
15/11/2024 16:45;15/11/2024 17:00;68;kWh;0;2984;0;0;2984;2984
15/11/2024 17:00;15/11/2024 17:15;69;kWh;0;5011;0;0;5011;5011
15/11/2024 17:15;15/11/2024 17:30;70;kWh;0;2693;0;0;2693;2693
15/11/2024 17:30;15/11/2024 17:45;71;kWh;-2761;30;0;0;2791;-2731
15/11/2024 17:45;15/11/2024 18:00;72;kWh;-870;3855;0;0;4725;2985
15/11/2024 18:00;15/11/2024 18:15;73;kWh;-5458;0;0;0;5458;-5458
15/11/2024 18:15;15/11/2024 18:30;74;kWh;-5407;0;0;0;5407;-5407
15/11/2024 18:30;15/11/2024 18:45;75;kWh;-9988;0;0;0;9988;-9988
15/11/2024 18:45;15/11/2024 19:00;76;kWh;-51528;0;0;0;51528;-51528
15/11/2024 19:00;15/11/2024 19:15;77;kWh;-27977;0;0;0;27977;-27977
15/11/2024 19:15;15/11/2024 19:30;78;kWh;-1928;1244;0;0;3172;-684
15/11/2024 19:30;15/11/2024 19:45;79;kWh;-3482;0;0;0;3482;-3482
15/11/2024 19:45;15/11/2024 20:00;80;kWh;-11429;0;0;0;11429;-11429
15/11/2024 20:00;15/11/2024 20:15;81;kWh;-3263;11040;0;0;14303;7777
15/11/2024 20:15;15/11/2024 20:30;82;kWh;-16182;0;0;0;16182;-16182
15/11/2024 20:30;15/11/2024 20:45;83;kWh;-14158;0;0;0;14158;-14158
15/11/2024 20:45;15/11/2024 21:00;84;kWh;-17459;0;0;0;17459;-17459
15/11/2024 21:00;15/11/2024 21:15;85;kWh;-5132;16059;0;0;21191;10927
15/11/2024 21:15;15/11/2024 21:30;86;kWh;0;38236;0;0;38236;38236
15/11/2024 21:30;15/11/2024 21:45;87;kWh;0;25319;0;0;25319;25319
15/11/2024 21:45;15/11/2024 22:00;88;kWh;-434;4849;0;0;5283;4415
15/11/2024 22:00;15/11/2024 22:15;89;kWh;-416;568;0;0;984;152
15/11/2024 22:15;15/11/2024 22:30;90;kWh;-48;4964;0;0;5012;4916
15/11/2024 22:30;15/11/2024 22:45;91;kWh;-6014;0;0;0;6014;-6014
15/11/2024 22:45;15/11/2024 23:00;92;kWh;-33783;0;0;0;33783;-33783
15/11/2024 23:00;15/11/2024 23:15;93;kWh;-37557;0;0;0;37557;-37557
15/11/2024 23:15;15/11/2024 23:30;94;kWh;-12660;0;0;0;12660;-12660
15/11/2024 23:30;15/11/2024 23:45;95;kWh;-14535;0;0;0;14535;-14535
15/11/2024 23:45;16/11/2024 00:00;96;kWh;-48712;0;0;0;48712;-48712
16/11/2024 00:00;16/11/2024 00:15;1;kWh;-33231;22042;0;0;55273;-11189
16/11/2024 00:15;16/11/2024 00:30;2;kWh;0;15605;0;0;15605;15605
16/11/2024 00:30;16/11/2024 00:45;3;kWh;-3;0;0;0;3;-3
16/11/2024 00:45;16/11/2024 01:00;4;kWh;-18387;0;0;0;18387;-18387
16/11/2024 01:00;16/11/2024 01:15;5;kWh;-4222;1845;0;0;6067;-2377
16/11/2024 01:15;16/11/2024 01:30;6;kWh;-10949;9;0;0;10958;-10940
16/11/2024 01:30;16/11/2024 01:45;7;kWh;-36677;0;0;0;36677;-36677
16/11/2024 01:45;16/11/2024 02:00;8;kWh;-44743;0;0;0;44743;-44743
16/11/2024 02:00;16/11/2024 02:15;9;kWh;-14638;789;0;0;15427;-13849
16/11/2024 02:15;16/11/2024 02:30;10;kWh;-23599;0;0;0;23599;-23599
16/11/2024 02:30;16/11/2024 02:45;11;kWh;-21175;0;0;0;21175;-21175
16/11/2024 02:45;16/11/2024 03:00;12;kWh;-5742;0;0;0;5742;-5742
16/11/2024 03:00;16/11/2024 03:15;13;kWh;-4983;14077;0;0;19060;9094
16/11/2024 03:15;16/11/2024 03:30;14;kWh;0;46211;0;0;46211;46211
16/11/2024 03:30;16/11/2024 03:45;15;kWh;-1212;28836;0;0;30048;27624
16/11/2024 03:45;16/11/2024 04:00;16;kWh;-8137;0;0;0;8137;-8137
16/11/2024 04:00;16/11/2024 04:15;17;kWh;-37054;0;0;0;37054;-37054
16/11/2024 04:15;16/11/2024 04:30;18;kWh;-47164;0;0;0;47164;-47164
16/11/2024 04:30;16/11/2024 04:45;19;kWh;-39359;0;0;0;39359;-39359
16/11/2024 04:45;16/11/2024 05:00;20;kWh;-30293;0;0;0;30293;-30293
16/11/2024 05:00;16/11/2024 05:15;21;kWh;-31384;0;0;0;31384;-31384
16/11/2024 05:15;16/11/2024 05:30;22;kWh;-17943;0;0;0;17943;-17943
16/11/2024 05:30;16/11/2024 05:45;23;kWh;-3847;0;0;0;3847;-3847
16/11/2024 05:45;16/11/2024 06:00;24;kWh;-33461;0;0;0;33461;-33461
16/11/2024 06:00;16/11/2024 06:15;25;kWh;-32397;0;0;0;32397;-32397
16/11/2024 06:15;16/11/2024 06:30;26;kWh;-25069;0;0;0;25069;-25069
16/11/2024 06:30;16/11/2024 06:45;27;kWh;-31961;0;0;0;31961;-31961
16/11/2024 06:45;16/11/2024 07:00;28;kWh;-16029;0;0;0;16029;-16029
16/11/2024 07:00;16/11/2024 07:15;29;kWh;-18827;6150;0;0;24977;-12677
16/11/2024 07:15;16/11/2024 07:30;30;kWh;-11648;3144;0;0;14792;-8504
16/11/2024 07:30;16/11/2024 07:45;31;kWh;-23031;0;0;0;23031;-23031
16/11/2024 07:45;16/11/2024 08:00;32;kWh;-12385;0;0;0;12385;-12385
16/11/2024 08:00;16/11/2024 08:15;33;kWh;-34441;3175;0;0;37616;-31266
16/11/2024 08:15;16/11/2024 08:30;34;kWh;-3529;7129;0;0;10658;3600
16/11/2024 08:30;16/11/2024 08:45;35;kWh;-1348;3327;0;0;4675;1979
16/11/2024 08:45;16/11/2024 09:00;36;kWh;0;22008;0;0;22008;22008
16/11/2024 09:00;16/11/2024 09:15;37;kWh;-10716;1225;0;0;11941;-9491
16/11/2024 09:15;16/11/2024 09:30;38;kWh;-18653;0;0;0;18653;-18653
16/11/2024 09:30;16/11/2024 09:45;39;kWh;-9763;0;0;0;9763;-9763
16/11/2024 09:45;16/11/2024 10:00;40;kWh;-30;16599;0;0;16629;16569
16/11/2024 10:00;16/11/2024 10:15;41;kWh;0;49417;0;0;49417;49417
16/11/2024 10:15;16/11/2024 10:30;42;kWh;0;56491;0;0;56491;56491
16/11/2024 10:30;16/11/2024 10:45;43;kWh;0;44397;0;0;44397;44397
16/11/2024 10:45;16/11/2024 11:00;44;kWh;0;44251;0;0;44251;44251
16/11/2024 11:00;16/11/2024 11:15;45;kWh;-10106;4273;0;0;14379;-5833
16/11/2024 11:15;16/11/2024 11:30;46;kWh;-9418;0;0;0;9418;-9418
16/11/2024 11:30;16/11/2024 11:45;47;kWh;-5966;0;0;0;5966;-5966
16/11/2024 11:45;16/11/2024 12:00;48;kWh;-22256;0;0;0;22256;-22256
16/11/2024 12:00;16/11/2024 12:15;49;kWh;-1991;23447;0;0;25438;21456
16/11/2024 12:15;16/11/2024 12:30;50;kWh;-4676;9645;0;0;14321;4969
16/11/2024 12:30;16/11/2024 12:45;51;kWh;-36473;0;0;0;36473;-36473
16/11/2024 12:45;16/11/2024 13:00;52;kWh;-36303;0;0;0;36303;-36303
16/11/2024 13:00;16/11/2024 13:15;53;kWh;-26077;3215;0;0;29292;-22862
16/11/2024 13:15;16/11/2024 13:30;54;kWh;-3041;5375;0;0;8416;2334
16/11/2024 13:30;16/11/2024 13:45;55;kWh;-5194;2118;0;0;7312;-3076
16/11/2024 13:45;16/11/2024 14:00;56;kWh;0;16956;0;0;16956;16956
16/11/2024 14:00;16/11/2024 14:15;57;kWh;-2450;3532;0;0;5982;1082
16/11/2024 14:15;16/11/2024 14:30;58;kWh;-9767;2960;0;0;12727;-6807
16/11/2024 14:30;16/11/2024 14:45;59;kWh;0;11436;0;0;11436;11436
16/11/2024 14:45;16/11/2024 15:00;60;kWh;0;4927;0;0;4927;4927
16/11/2024 15:00;16/11/2024 15:15;61;kWh;-3808;207;0;0;4015;-3601
16/11/2024 15:15;16/11/2024 15:30;62;kWh;0;4420;0;0;4420;4420
16/11/2024 15:30;16/11/2024 15:45;63;kWh;-7677;373;0;0;8050;-7304
16/11/2024 15:45;16/11/2024 16:00;64;kWh;-31691;0;0;0;31691;-31691
16/11/2024 16:00;16/11/2024 16:15;65;kWh;-41348;14;0;0;41362;-41334
16/11/2024 16:15;16/11/2024 16:30;66;kWh;-18116;89;0;0;18205;-18027
16/11/2024 16:30;16/11/2024 16:45;67;kWh;-25735;453;0;0;26188;-25282
16/11/2024 16:45;16/11/2024 17:00;68;kWh;-21126;768;0;0;21894;-20358
16/11/2024 17:00;16/11/2024 17:15;69;kWh;-4939;0;0;0;4939;-4939
16/11/2024 17:15;16/11/2024 17:30;70;kWh;-14169;0;0;0;14169;-14169
16/11/2024 17:30;16/11/2024 17:45;71;kWh;-4548;0;0;0;4548;-4548
16/11/2024 17:45;16/11/2024 18:00;72;kWh;-4411;0;0;0;4411;-4411
16/11/2024 18:00;16/11/2024 18:15;73;kWh;-1285;13645;0;0;14930;12360
16/11/2024 18:15;16/11/2024 18:30;74;kWh;-5035;12909;0;0;17944;7874
16/11/2024 18:30;16/11/2024 18:45;75;kWh;-18004;0;0;0;18004;-18004
16/11/2024 18:45;16/11/2024 19:00;76;kWh;-27423;0;0;0;27423;-27423
16/11/2024 19:00;16/11/2024 19:15;77;kWh;-20685;177;0;0;20862;-20508
16/11/2024 19:15;16/11/2024 19:30;78;kWh;-20988;0;0;0;20988;-20988
16/11/2024 19:30;16/11/2024 19:45;79;kWh;-19760;161;0;0;19921;-19599
16/11/2024 19:45;16/11/2024 20:00;80;kWh;-42548;9;0;0;42557;-42539
16/11/2024 20:00;16/11/2024 20:15;81;kWh;-2653;259;0;0;2912;-2394
16/11/2024 20:15;16/11/2024 20:30;82;kWh;-12555;0;0;0;12555;-12555
16/11/2024 20:30;16/11/2024 20:45;83;kWh;-14402;478;0;0;14880;-13924
16/11/2024 20:45;16/11/2024 21:00;84;kWh;-1247;44459;0;0;45706;43212
16/11/2024 21:00;16/11/2024 21:15;85;kWh;0;55478;0;0;55478;55478
16/11/2024 21:15;16/11/2024 21:30;86;kWh;0;63566;0;0;63566;63566
16/11/2024 21:30;16/11/2024 21:45;87;kWh;0;75718;0;0;75718;75718
16/11/2024 21:45;16/11/2024 22:00;88;kWh;0;103770;0;0;103770;103770
16/11/2024 22:00;16/11/2024 22:15;89;kWh;0;78457;0;0;78457;78457
16/11/2024 22:15;16/11/2024 22:30;90;kWh;0;56395;0;0;56395;56395
16/11/2024 22:30;16/11/2024 22:45;91;kWh;0;69241;0;0;69241;69241
16/11/2024 22:45;16/11/2024 23:00;92;kWh;0;62096;0;0;62096;62096
16/11/2024 23:00;16/11/2024 23:15;93;kWh;-8500;10717;0;0;19217;2217
16/11/2024 23:15;16/11/2024 23:30;94;kWh;0;14824;0;0;14824;14824
16/11/2024 23:30;16/11/2024 23:45;95;kWh;0;26488;0;0;26488;26488
16/11/2024 23:45;17/11/2024 00:00;96;kWh;-1189;18621;0;0;19810;17432
17/11/2024 00:00;17/11/2024 00:15;1;kWh;-7668;4103;0;0;11771;-3565
17/11/2024 00:15;17/11/2024 00:30;2;kWh;-249;27478;0;0;27727;27229
17/11/2024 00:30;17/11/2024 00:45;3;kWh;-435;4402;0;0;4837;3967
17/11/2024 00:45;17/11/2024 01:00;4;kWh;-2111;449;0;0;2560;-1662
17/11/2024 01:00;17/11/2024 01:15;5;kWh;-2435;11249;0;0;13684;8814
17/11/2024 01:15;17/11/2024 01:30;6;kWh;-18806;0;0;0;18806;-18806
17/11/2024 01:30;17/11/2024 01:45;7;kWh;-11243;1551;0;0;12794;-9692
17/11/2024 01:45;17/11/2024 02:00;8;kWh;-29182;9;0;0;29191;-29173
17/11/2024 02:00;17/11/2024 02:15;9;kWh;-20135;0;0;0;20135;-20135
17/11/2024 02:15;17/11/2024 02:30;10;kWh;-38464;0;0;0;38464;-38464
17/11/2024 02:30;17/11/2024 02:45;11;kWh;-26026;0;0;0;26026;-26026
17/11/2024 02:45;17/11/2024 03:00;12;kWh;-36379;0;0;0;36379;-36379
17/11/2024 03:00;17/11/2024 03:15;13;kWh;-6459;17331;0;0;23790;10872
17/11/2024 03:15;17/11/2024 03:30;14;kWh;-7891;85;0;0;7976;-7806
17/11/2024 03:30;17/11/2024 03:45;15;kWh;-606;6526;0;0;7132;5920
17/11/2024 03:45;17/11/2024 04:00;16;kWh;-4062;7998;0;0;12060;3936
17/11/2024 04:00;17/11/2024 04:15;17;kWh;-2668;10535;0;0;13203;7867
17/11/2024 04:15;17/11/2024 04:30;18;kWh;-6184;8829;0;0;15013;2645
17/11/2024 04:30;17/11/2024 04:45;19;kWh;-23548;0;0;0;23548;-23548
17/11/2024 04:45;17/11/2024 05:00;20;kWh;-1019;0;0;0;1019;-1019
17/11/2024 05:00;17/11/2024 05:15;21;kWh;-868;0;0;0;868;-868
17/11/2024 05:15;17/11/2024 05:30;22;kWh;-3714;0;0;0;3714;-3714
17/11/2024 05:30;17/11/2024 05:45;23;kWh;-381;2261;0;0;2642;1880
17/11/2024 05:45;17/11/2024 06:00;24;kWh;-15844;3;0;0;15847;-15841
17/11/2024 06:00;17/11/2024 06:15;25;kWh;-5202;0;0;0;5202;-5202
17/11/2024 06:15;17/11/2024 06:30;26;kWh;-249;2455;0;0;2704;2206
17/11/2024 06:30;17/11/2024 06:45;27;kWh;-7360;190;0;0;7550;-7170
17/11/2024 06:45;17/11/2024 07:00;28;kWh;-274;5790;0;0;6064;5516
17/11/2024 07:00;17/11/2024 07:15;29;kWh;-5316;15455;0;0;20771;10139
17/11/2024 07:15;17/11/2024 07:30;30;kWh;-7458;22913;0;0;30371;15455
17/11/2024 07:30;17/11/2024 07:45;31;kWh;-7436;1580;0;0;9016;-5856
17/11/2024 07:45;17/11/2024 08:00;32;kWh;-1835;16013;0;0;17848;14178
17/11/2024 08:00;17/11/2024 08:15;33;kWh;-249;69940;0;0;70189;69691
17/11/2024 08:15;17/11/2024 08:30;34;kWh;-249;56214;0;0;56463;55965
17/11/2024 08:30;17/11/2024 08:45;35;kWh;-249;31788;0;0;32037;31539
17/11/2024 08:45;17/11/2024 09:00;36;kWh;-6057;926;0;0;6983;-5131
17/11/2024 09:00;17/11/2024 09:15;37;kWh;-4328;10708;0;0;15036;6380
17/11/2024 09:15;17/11/2024 09:30;38;kWh;-6159;8514;0;0;14673;2355
17/11/2024 09:30;17/11/2024 09:45;39;kWh;-16061;5066;0;0;21127;-10995
17/11/2024 09:45;17/11/2024 10:00;40;kWh;-7464;22833;0;0;30297;15369
17/11/2024 10:00;17/11/2024 10:15;41;kWh;-249;25882;0;0;26131;25633
17/11/2024 10:15;17/11/2024 10:30;42;kWh;-30647;1341;0;0;31988;-29306
17/11/2024 10:30;17/11/2024 10:45;43;kWh;-38489;0;0;0;38489;-38489
17/11/2024 10:45;17/11/2024 11:00;44;kWh;-11798;401;0;0;12199;-11397
17/11/2024 11:00;17/11/2024 11:15;45;kWh;-28253;0;0;0;28253;-28253
17/11/2024 11:15;17/11/2024 11:30;46;kWh;-37820;0;0;0;37820;-37820
17/11/2024 11:30;17/11/2024 11:45;47;kWh;-45570;1642;0;0;47212;-43928
17/11/2024 11:45;17/11/2024 12:00;48;kWh;-74606;9622;0;0;84228;-64984
17/11/2024 12:00;17/11/2024 12:15;49;kWh;-57787;8910;0;0;66697;-48877
17/11/2024 12:15;17/11/2024 12:30;50;kWh;-44798;0;0;0;44798;-44798
17/11/2024 12:30;17/11/2024 12:45;51;kWh;-33072;0;0;0;33072;-33072
17/11/2024 12:45;17/11/2024 13:00;52;kWh;-33774;22;0;0;33796;-33752
17/11/2024 13:00;17/11/2024 13:15;53;kWh;-30435;8318;0;0;38753;-22117
17/11/2024 13:15;17/11/2024 13:30;54;kWh;-3587;22288;0;0;25875;18701
17/11/2024 13:30;17/11/2024 13:45;55;kWh;-20729;4673;0;0;25402;-16056
17/11/2024 13:45;17/11/2024 14:00;56;kWh;-1756;6929;0;0;8685;5173
17/11/2024 14:00;17/11/2024 14:15;57;kWh;-14790;6806;0;0;21596;-7984
17/11/2024 14:15;17/11/2024 14:30;58;kWh;-4043;7107;0;0;11150;3064
17/11/2024 14:30;17/11/2024 14:45;59;kWh;-275;7716;0;0;7991;7441
17/11/2024 14:45;17/11/2024 15:00;60;kWh;-4896;54489;0;0;59385;49593
17/11/2024 15:00;17/11/2024 15:15;61;kWh;-53056;603;0;0;53659;-52453
17/11/2024 15:15;17/11/2024 15:30;62;kWh;-47988;15976;0;0;63964;-32012
17/11/2024 15:30;17/11/2024 15:45;63;kWh;-249;46367;0;0;46616;46118
17/11/2024 15:45;17/11/2024 16:00;64;kWh;-249;67258;0;0;67507;67009
17/11/2024 16:00;17/11/2024 16:15;65;kWh;-24084;16074;0;0;40158;-8010
17/11/2024 16:15;17/11/2024 16:30;66;kWh;-22866;0;0;0;22866;-22866
17/11/2024 16:30;17/11/2024 16:45;67;kWh;-28660;2497;0;0;31157;-26163
17/11/2024 16:45;17/11/2024 17:00;68;kWh;-26024;1834;0;0;27858;-24190
17/11/2024 17:00;17/11/2024 17:15;69;kWh;-47149;0;0;0;47149;-47149
17/11/2024 17:15;17/11/2024 17:30;70;kWh;-2089;403;0;0;2492;-1686
17/11/2024 17:30;17/11/2024 17:45;71;kWh;-249;27373;0;0;27622;27124
17/11/2024 17:45;17/11/2024 18:00;72;kWh;-252;14305;0;0;14557;14053
17/11/2024 18:00;17/11/2024 18:15;73;kWh;-1096;0;0;0;1096;-1096
17/11/2024 18:15;17/11/2024 18:30;74;kWh;-249;19152;0;0;19401;18903
17/11/2024 18:30;17/11/2024 18:45;75;kWh;-3234;33785;0;0;37019;30551
17/11/2024 18:45;17/11/2024 19:00;76;kWh;-12884;17393;0;0;30277;4509
17/11/2024 19:00;17/11/2024 19:15;77;kWh;-249;43914;0;0;44163;43665
17/11/2024 19:15;17/11/2024 19:30;78;kWh;-249;81710;0;0;81959;81461
17/11/2024 19:30;17/11/2024 19:45;79;kWh;-249;30061;0;0;30310;29812
17/11/2024 19:45;17/11/2024 20:00;80;kWh;-249;15811;0;0;16060;15562
17/11/2024 20:00;17/11/2024 20:15;81;kWh;-249;12225;0;0;12474;11976
17/11/2024 20:15;17/11/2024 20:30;82;kWh;-249;40149;0;0;40398;39900
17/11/2024 20:30;17/11/2024 20:45;83;kWh;-249;48349;0;0;48598;48100
17/11/2024 20:45;17/11/2024 21:00;84;kWh;-902;1289;0;0;2191;387
17/11/2024 21:00;17/11/2024 21:15;85;kWh;-13741;27146;0;0;40887;13405
17/11/2024 21:15;17/11/2024 21:30;86;kWh;-249;63387;0;0;63636;63138
17/11/2024 21:30;17/11/2024 21:45;87;kWh;-4637;46153;0;0;50790;41516
17/11/2024 21:45;17/11/2024 22:00;88;kWh;-2358;52289;0;0;54647;49931
17/11/2024 22:00;17/11/2024 22:15;89;kWh;-249;93778;0;0;94027;93529
17/11/2024 22:15;17/11/2024 22:30;90;kWh;-249;93747;0;10961;104957;104459
17/11/2024 22:30;17/11/2024 22:45;91;kWh;-249;93744;0;32902;126895;126397
17/11/2024 22:45;17/11/2024 23:00;92;kWh;-249;96101;0;32940;129290;128792
17/11/2024 23:00;17/11/2024 23:15;93;kWh;-249;94724;0;38786;133759;133261
17/11/2024 23:15;17/11/2024 23:30;94;kWh;-482;59856;0;78186;138524;137560
17/11/2024 23:30;17/11/2024 23:45;95;kWh;-2251;971;0;78219;81441;76939
17/11/2024 23:45;18/11/2024 00:00;96;kWh;-11151;0;0;52146;63297;40995
18/11/2024 00:00;18/11/2024 00:15;1;kWh;-49963;7950;0;0;57913;-42013
18/11/2024 00:15;18/11/2024 00:30;2;kWh;-21556;6692;0;0;28248;-14864
18/11/2024 00:30;18/11/2024 00:45;3;kWh;-38874;0;0;0;38874;-38874
18/11/2024 00:45;18/11/2024 01:00;4;kWh;-40371;0;0;0;40371;-40371
18/11/2024 01:00;18/11/2024 01:15;5;kWh;-12014;1598;0;0;13612;-10416
18/11/2024 01:15;18/11/2024 01:30;6;kWh;-9941;630;0;0;10571;-9311
18/11/2024 01:30;18/11/2024 01:45;7;kWh;-42211;0;0;0;42211;-42211
18/11/2024 01:45;18/11/2024 02:00;8;kWh;-54134;0;0;0;54134;-54134
18/11/2024 02:00;18/11/2024 02:15;9;kWh;-25057;0;0;0;25057;-25057
18/11/2024 02:15;18/11/2024 02:30;10;kWh;-42456;0;0;0;42456;-42456
18/11/2024 02:30;18/11/2024 02:45;11;kWh;-31776;0;0;0;31776;-31776
18/11/2024 02:45;18/11/2024 03:00;12;kWh;-26985;0;0;0;26985;-26985
18/11/2024 03:00;18/11/2024 03:15;13;kWh;-18254;3076;0;0;21330;-15178
18/11/2024 03:15;18/11/2024 03:30;14;kWh;-4090;2188;0;0;6278;-1902
18/11/2024 03:30;18/11/2024 03:45;15;kWh;-23760;0;0;0;23760;-23760
18/11/2024 03:45;18/11/2024 04:00;16;kWh;-43998;0;0;0;43998;-43998
18/11/2024 04:00;18/11/2024 04:15;17;kWh;-10534;0;0;0;10534;-10534
18/11/2024 04:15;18/11/2024 04:30;18;kWh;-3132;0;0;0;3132;-3132
18/11/2024 04:30;18/11/2024 04:45;19;kWh;-308;11314;0;0;11622;11006
18/11/2024 04:45;18/11/2024 05:00;20;kWh;0;50021;0;0;50021;50021
18/11/2024 05:00;18/11/2024 05:15;21;kWh;0;39948;0;0;39948;39948
18/11/2024 05:15;18/11/2024 05:30;22;kWh;-76;12088;0;0;12164;12012
18/11/2024 05:30;18/11/2024 05:45;23;kWh;0;0;0;0;0;0
18/11/2024 05:45;18/11/2024 06:00;24;kWh;-18833;0;0;0;18833;-18833
18/11/2024 06:00;18/11/2024 06:15;25;kWh;-55565;222;0;0;55787;-55343
18/11/2024 06:15;18/11/2024 06:30;26;kWh;-626;402;0;0;1028;-224
18/11/2024 06:30;18/11/2024 06:45;27;kWh;-3405;0;0;0;3405;-3405
18/11/2024 06:45;18/11/2024 07:00;28;kWh;-53;166;0;0;219;113
18/11/2024 07:00;18/11/2024 07:15;29;kWh;-34440;336;0;0;34776;-34104
18/11/2024 07:15;18/11/2024 07:30;30;kWh;-6718;42;0;0;6760;-6676
18/11/2024 07:30;18/11/2024 07:45;31;kWh;0;8067;0;0;8067;8067
18/11/2024 07:45;18/11/2024 08:00;32;kWh;0;32126;0;0;32126;32126
18/11/2024 08:00;18/11/2024 08:15;33;kWh;0;42302;0;0;42302;42302
18/11/2024 08:15;18/11/2024 08:30;34;kWh;0;33221;0;0;33221;33221
18/11/2024 08:30;18/11/2024 08:45;35;kWh;0;47855;0;0;47855;47855
18/11/2024 08:45;18/11/2024 09:00;36;kWh;0;62625;0;0;62625;62625
18/11/2024 09:00;18/11/2024 09:15;37;kWh;-2292;51928;0;0;54220;49636
18/11/2024 09:15;18/11/2024 09:30;38;kWh;-7298;15640;0;0;22938;8342
18/11/2024 09:30;18/11/2024 09:45;39;kWh;-30975;842;0;0;31817;-30133
18/11/2024 09:45;18/11/2024 10:00;40;kWh;-94673;0;0;0;94673;-94673
18/11/2024 10:00;18/11/2024 10:15;41;kWh;-43827;2707;0;0;46534;-41120
18/11/2024 10:15;18/11/2024 10:30;42;kWh;-94021;0;0;0;94021;-94021
18/11/2024 10:30;18/11/2024 10:45;43;kWh;-108797;0;0;0;108797;-108797
18/11/2024 10:45;18/11/2024 11:00;44;kWh;-61938;49;0;0;61987;-61889
18/11/2024 11:00;18/11/2024 11:15;45;kWh;-50150;0;0;0;50150;-50150
18/11/2024 11:15;18/11/2024 11:30;46;kWh;-74956;0;0;0;74956;-74956
18/11/2024 11:30;18/11/2024 11:45;47;kWh;-85667;0;0;0;85667;-85667
18/11/2024 11:45;18/11/2024 12:00;48;kWh;-47869;0;0;0;47869;-47869
18/11/2024 12:00;18/11/2024 12:15;49;kWh;-31549;0;0;0;31549;-31549
18/11/2024 12:15;18/11/2024 12:30;50;kWh;-3443;2988;0;0;6431;-455
18/11/2024 12:30;18/11/2024 12:45;51;kWh;-3079;34636;0;0;37715;31557
18/11/2024 12:45;18/11/2024 13:00;52;kWh;-1442;32063;0;0;33505;30621
18/11/2024 13:00;18/11/2024 13:15;53;kWh;-50210;7587;0;0;57797;-42623
18/11/2024 13:15;18/11/2024 13:30;54;kWh;-236;5430;0;0;5666;5194
18/11/2024 13:30;18/11/2024 13:45;55;kWh;0;50298;0;0;50298;50298
18/11/2024 13:45;18/11/2024 14:00;56;kWh;0;71443;0;0;71443;71443
18/11/2024 14:00;18/11/2024 14:15;57;kWh;-43097;13235;0;0;56332;-29862
18/11/2024 14:15;18/11/2024 14:30;58;kWh;-37098;7319;0;0;44417;-29779
18/11/2024 14:30;18/11/2024 14:45;59;kWh;-34430;24663;0;0;59093;-9767
18/11/2024 14:45;18/11/2024 15:00;60;kWh;-17808;12873;0;0;30681;-4935
18/11/2024 15:00;18/11/2024 15:15;61;kWh;-36738;874;0;0;37612;-35864
18/11/2024 15:15;18/11/2024 15:30;62;kWh;-43491;0;0;0;43491;-43491
18/11/2024 15:30;18/11/2024 15:45;63;kWh;-27498;0;0;0;27498;-27498
18/11/2024 15:45;18/11/2024 16:00;64;kWh;-43737;0;0;0;43737;-43737
18/11/2024 16:00;18/11/2024 16:15;65;kWh;-83243;0;0;0;83243;-83243
18/11/2024 16:15;18/11/2024 16:30;66;kWh;-59428;0;0;0;59428;-59428
18/11/2024 16:30;18/11/2024 16:45;67;kWh;-55170;0;0;0;55170;-55170
18/11/2024 16:45;18/11/2024 17:00;68;kWh;-4674;18635;0;0;23309;13961
18/11/2024 17:00;18/11/2024 17:15;69;kWh;-10537;5381;0;0;15918;-5156
18/11/2024 17:15;18/11/2024 17:30;70;kWh;-1028;10373;0;0;11401;9345
18/11/2024 17:30;18/11/2024 17:45;71;kWh;-16405;0;0;0;16405;-16405
18/11/2024 17:45;18/11/2024 18:00;72;kWh;-38047;0;0;0;38047;-38047
18/11/2024 18:00;18/11/2024 18:15;73;kWh;-51888;0;0;0;51888;-51888
18/11/2024 18:15;18/11/2024 18:30;74;kWh;-17136;1362;0;0;18498;-15774
18/11/2024 18:30;18/11/2024 18:45;75;kWh;-17654;0;0;0;17654;-17654
18/11/2024 18:45;18/11/2024 19:00;76;kWh;-13938;0;0;0;13938;-13938
18/11/2024 19:00;18/11/2024 19:15;77;kWh;-5139;2334;0;0;7473;-2805
18/11/2024 19:15;18/11/2024 19:30;78;kWh;-56;22069;0;0;22125;22013
18/11/2024 19:30;18/11/2024 19:45;79;kWh;-6808;2026;0;0;8834;-4782
18/11/2024 19:45;18/11/2024 20:00;80;kWh;-44100;0;0;0;44100;-44100
18/11/2024 20:00;18/11/2024 20:15;81;kWh;-21397;505;0;0;21902;-20892
18/11/2024 20:15;18/11/2024 20:30;82;kWh;-1261;18521;0;0;19782;17260
18/11/2024 20:30;18/11/2024 20:45;83;kWh;-2613;0;0;0;2613;-2613
18/11/2024 20:45;18/11/2024 21:00;84;kWh;-3266;0;0;0;3266;-3266
18/11/2024 21:00;18/11/2024 21:15;85;kWh;-2908;15723;0;0;18631;12815
18/11/2024 21:15;18/11/2024 21:30;86;kWh;-1220;24146;0;0;25366;22926
18/11/2024 21:30;18/11/2024 21:45;87;kWh;-10332;0;0;0;10332;-10332
18/11/2024 21:45;18/11/2024 22:00;88;kWh;-1798;8037;0;0;9835;6239
18/11/2024 22:00;18/11/2024 22:15;89;kWh;-13226;0;0;0;13226;-13226
18/11/2024 22:15;18/11/2024 22:30;90;kWh;-30273;0;0;0;30273;-30273
18/11/2024 22:30;18/11/2024 22:45;91;kWh;-49403;0;0;0;49403;-49403
18/11/2024 22:45;18/11/2024 23:00;92;kWh;-31746;0;0;0;31746;-31746
18/11/2024 23:00;18/11/2024 23:15;93;kWh;-22617;15568;0;0;38185;-7049
18/11/2024 23:15;18/11/2024 23:30;94;kWh;0;28791;0;0;28791;28791
18/11/2024 23:30;18/11/2024 23:45;95;kWh;0;15467;0;0;15467;15467
18/11/2024 23:45;19/11/2024 00:00;96;kWh;-2056;1024;0;0;3080;-1032
19/11/2024 00:00;19/11/2024 00:15;1;kWh;-5179;5473;0;0;10652;294
19/11/2024 00:15;19/11/2024 00:30;2;kWh;0;7232;0;0;7232;7232
19/11/2024 00:30;19/11/2024 00:45;3;kWh;-11043;59;0;0;11102;-10984
19/11/2024 00:45;19/11/2024 01:00;4;kWh;-44736;0;0;0;44736;-44736
19/11/2024 01:00;19/11/2024 01:15;5;kWh;-19646;236;0;0;19882;-19410
19/11/2024 01:15;19/11/2024 01:30;6;kWh;-37750;0;0;0;37750;-37750
19/11/2024 01:30;19/11/2024 01:45;7;kWh;-46708;0;0;0;46708;-46708
19/11/2024 01:45;19/11/2024 02:00;8;kWh;-58597;0;0;0;58597;-58597
19/11/2024 02:00;19/11/2024 02:15;9;kWh;-10412;16292;0;0;26704;5880
19/11/2024 02:15;19/11/2024 02:30;10;kWh;0;24320;0;0;24320;24320
19/11/2024 02:30;19/11/2024 02:45;11;kWh;0;10229;0;0;10229;10229
19/11/2024 02:45;19/11/2024 03:00;12;kWh;0;5521;0;0;5521;5521
19/11/2024 03:00;19/11/2024 03:15;13;kWh;0;13583;0;0;13583;13583
19/11/2024 03:15;19/11/2024 03:30;14;kWh;0;1766;0;0;1766;1766
19/11/2024 03:30;19/11/2024 03:45;15;kWh;-16329;0;0;0;16329;-16329
19/11/2024 03:45;19/11/2024 04:00;16;kWh;-43597;0;0;0;43597;-43597
19/11/2024 04:00;19/11/2024 04:15;17;kWh;-3236;2876;0;0;6112;-360
19/11/2024 04:15;19/11/2024 04:30;18;kWh;-243;2631;0;0;2874;2388
19/11/2024 04:30;19/11/2024 04:45;19;kWh;-6127;0;0;0;6127;-6127
19/11/2024 04:45;19/11/2024 05:00;20;kWh;-29003;0;0;0;29003;-29003
19/11/2024 05:00;19/11/2024 05:15;21;kWh;-33741;0;0;0;33741;-33741
19/11/2024 05:15;19/11/2024 05:30;22;kWh;-38501;0;0;0;38501;-38501
19/11/2024 05:30;19/11/2024 05:45;23;kWh;-45118;0;0;0;45118;-45118
19/11/2024 05:45;19/11/2024 06:00;24;kWh;-46656;0;0;0;46656;-46656
19/11/2024 06:00;19/11/2024 06:15;25;kWh;-25900;35;0;0;25935;-25865
19/11/2024 06:15;19/11/2024 06:30;26;kWh;-40329;71;0;0;40400;-40258
19/11/2024 06:30;19/11/2024 06:45;27;kWh;-26439;0;0;0;26439;-26439
19/11/2024 06:45;19/11/2024 07:00;28;kWh;-18798;0;0;0;18798;-18798
19/11/2024 07:00;19/11/2024 07:15;29;kWh;-65934;2777;0;0;68711;-63157
19/11/2024 07:15;19/11/2024 07:30;30;kWh;-23804;3997;0;0;27801;-19807
19/11/2024 07:30;19/11/2024 07:45;31;kWh;-4094;0;0;0;4094;-4094
19/11/2024 07:45;19/11/2024 08:00;32;kWh;-53;1262;0;0;1315;1209
19/11/2024 08:00;19/11/2024 08:15;33;kWh;-52262;0;0;0;52262;-52262
19/11/2024 08:15;19/11/2024 08:30;34;kWh;-72369;0;0;0;72369;-72369
19/11/2024 08:30;19/11/2024 08:45;35;kWh;-65863;0;0;0;65863;-65863
19/11/2024 08:45;19/11/2024 09:00;36;kWh;-21440;0;0;0;21440;-21440
19/11/2024 09:00;19/11/2024 09:15;37;kWh;-7179;0;0;0;7179;-7179
19/11/2024 09:15;19/11/2024 09:30;38;kWh;0;1292;0;0;1292;1292
19/11/2024 09:30;19/11/2024 09:45;39;kWh;-11;3487;0;0;3498;3476
19/11/2024 09:45;19/11/2024 10:00;40;kWh;-93;18698;0;0;18791;18605
19/11/2024 10:00;19/11/2024 10:15;41;kWh;-8141;29062;0;0;37203;20921
19/11/2024 10:15;19/11/2024 10:30;42;kWh;-13129;1860;0;0;14989;-11269
19/11/2024 10:30;19/11/2024 10:45;43;kWh;0;17489;0;0;17489;17489
19/11/2024 10:45;19/11/2024 11:00;44;kWh;-194;1677;0;0;1871;1483
19/11/2024 11:00;19/11/2024 11:15;45;kWh;-9223;0;0;0;9223;-9223
19/11/2024 11:15;19/11/2024 11:30;46;kWh;-14116;0;0;0;14116;-14116
19/11/2024 11:30;19/11/2024 11:45;47;kWh;-2235;0;0;0;2235;-2235
19/11/2024 11:45;19/11/2024 12:00;48;kWh;-17186;0;0;0;17186;-17186
19/11/2024 12:00;19/11/2024 12:15;49;kWh;-9335;0;0;0;9335;-9335
19/11/2024 12:15;19/11/2024 12:30;50;kWh;0;2113;0;0;2113;2113
19/11/2024 12:30;19/11/2024 12:45;51;kWh;0;20617;0;0;20617;20617
19/11/2024 12:45;19/11/2024 13:00;52;kWh;0;7847;0;0;7847;7847
19/11/2024 13:00;19/11/2024 13:15;53;kWh;0;32771;0;0;32771;32771
19/11/2024 13:15;19/11/2024 13:30;54;kWh;0;10650;0;0;10650;10650
19/11/2024 13:30;19/11/2024 13:45;55;kWh;0;3123;0;0;3123;3123
19/11/2024 13:45;19/11/2024 14:00;56;kWh;-12512;0;0;0;12512;-12512
19/11/2024 14:00;19/11/2024 14:15;57;kWh;-7178;6339;0;0;13517;-839
19/11/2024 14:15;19/11/2024 14:30;58;kWh;0;956;0;0;956;956
19/11/2024 14:30;19/11/2024 14:45;59;kWh;-4641;0;0;0;4641;-4641
19/11/2024 14:45;19/11/2024 15:00;60;kWh;-57861;0;0;0;57861;-57861
19/11/2024 15:00;19/11/2024 15:15;61;kWh;-78068;43;0;0;78111;-78025
19/11/2024 15:15;19/11/2024 15:30;62;kWh;-25069;0;0;0;25069;-25069
19/11/2024 15:30;19/11/2024 15:45;63;kWh;-58567;7;0;0;58574;-58560
19/11/2024 15:45;19/11/2024 16:00;64;kWh;-25630;623;0;0;26253;-25007
19/11/2024 16:00;19/11/2024 16:15;65;kWh;-51256;0;0;0;51256;-51256
19/11/2024 16:15;19/11/2024 16:30;66;kWh;-18331;0;0;0;18331;-18331
19/11/2024 16:30;19/11/2024 16:45;67;kWh;-30;0;0;0;30;-30
19/11/2024 16:45;19/11/2024 17:00;68;kWh;-13633;0;0;0;13633;-13633
19/11/2024 17:00;19/11/2024 17:15;69;kWh;-53405;1299;0;0;54704;-52106
19/11/2024 17:15;19/11/2024 17:30;70;kWh;-10019;7282;0;0;17301;-2737
19/11/2024 17:30;19/11/2024 17:45;71;kWh;-4905;0;0;0;4905;-4905
19/11/2024 17:45;19/11/2024 18:00;72;kWh;-2340;0;0;0;2340;-2340
19/11/2024 18:00;19/11/2024 18:15;73;kWh;-24;17449;0;0;17473;17425
19/11/2024 18:15;19/11/2024 18:30;74;kWh;0;17052;0;0;17052;17052
19/11/2024 18:30;19/11/2024 18:45;75;kWh;0;30421;0;0;30421;30421
19/11/2024 18:45;19/11/2024 19:00;76;kWh;0;25984;0;0;25984;25984
19/11/2024 19:00;19/11/2024 19:15;77;kWh;0;36719;0;0;36719;36719
19/11/2024 19:15;19/11/2024 19:30;78;kWh;0;44774;0;0;44774;44774
19/11/2024 19:30;19/11/2024 19:45;79;kWh;-11;24648;0;0;24659;24637
19/11/2024 19:45;19/11/2024 20:00;80;kWh;-3147;292;0;0;3439;-2855
19/11/2024 20:00;19/11/2024 20:15;81;kWh;-30894;0;0;0;30894;-30894
19/11/2024 20:15;19/11/2024 20:30;82;kWh;-27687;0;0;0;27687;-27687
19/11/2024 20:30;19/11/2024 20:45;83;kWh;-217;559;0;0;776;342
19/11/2024 20:45;19/11/2024 21:00;84;kWh;-255;13307;0;0;13562;13052
19/11/2024 21:00;19/11/2024 21:15;85;kWh;-4557;0;0;0;4557;-4557
19/11/2024 21:15;19/11/2024 21:30;86;kWh;0;12406;0;0;12406;12406
19/11/2024 21:30;19/11/2024 21:45;87;kWh;0;15955;0;0;15955;15955
19/11/2024 21:45;19/11/2024 22:00;88;kWh;-22709;0;0;0;22709;-22709
19/11/2024 22:00;19/11/2024 22:15;89;kWh;-18954;5247;0;0;24201;-13707
19/11/2024 22:15;19/11/2024 22:30;90;kWh;0;1506;0;0;1506;1506
19/11/2024 22:30;19/11/2024 22:45;91;kWh;-10928;0;0;0;10928;-10928
19/11/2024 22:45;19/11/2024 23:00;92;kWh;-4020;0;0;0;4020;-4020
19/11/2024 23:00;19/11/2024 23:15;93;kWh;-1401;1965;0;0;3366;564
19/11/2024 23:15;19/11/2024 23:30;94;kWh;-6951;3632;0;0;10583;-3319
19/11/2024 23:30;19/11/2024 23:45;95;kWh;-30283;0;0;0;30283;-30283
19/11/2024 23:45;20/11/2024 00:00;96;kWh;-3418;0;0;0;3418;-3418
20/11/2024 00:00;20/11/2024 00:15;1;kWh;-2732;0;0;0;2732;-2732
20/11/2024 00:15;20/11/2024 00:30;2;kWh;-4154;0;0;0;4154;-4154
20/11/2024 00:30;20/11/2024 00:45;3;kWh;-19942;0;0;0;19942;-19942
20/11/2024 00:45;20/11/2024 01:00;4;kWh;-11014;0;0;0;11014;-11014
20/11/2024 01:00;20/11/2024 01:15;5;kWh;-270;23748;0;0;24018;23478
20/11/2024 01:15;20/11/2024 01:30;6;kWh;0;30952;0;0;30952;30952
20/11/2024 01:30;20/11/2024 01:45;7;kWh;0;43023;0;0;43023;43023
20/11/2024 01:45;20/11/2024 02:00;8;kWh;0;6742;0;0;6742;6742
20/11/2024 02:00;20/11/2024 02:15;9;kWh;0;16487;0;0;16487;16487
20/11/2024 02:15;20/11/2024 02:30;10;kWh;-4078;53;0;0;4131;-4025
20/11/2024 02:30;20/11/2024 02:45;11;kWh;-22676;0;0;0;22676;-22676
20/11/2024 02:45;20/11/2024 03:00;12;kWh;-25787;0;0;0;25787;-25787
20/11/2024 03:00;20/11/2024 03:15;13;kWh;-6643;11687;0;0;18330;5044
20/11/2024 03:15;20/11/2024 03:30;14;kWh;0;28519;0;0;28519;28519
20/11/2024 03:30;20/11/2024 03:45;15;kWh;0;41184;0;0;41184;41184
20/11/2024 03:45;20/11/2024 04:00;16;kWh;-11085;1681;0;0;12766;-9404
20/11/2024 04:00;20/11/2024 04:15;17;kWh;-536;2771;0;0;3307;2235
20/11/2024 04:15;20/11/2024 04:30;18;kWh;0;3211;0;0;3211;3211
20/11/2024 04:30;20/11/2024 04:45;19;kWh;-338;1058;0;0;1396;720
20/11/2024 04:45;20/11/2024 05:00;20;kWh;0;32645;0;0;32645;32645
20/11/2024 05:00;20/11/2024 05:15;21;kWh;-4415;36159;0;0;40574;31744
20/11/2024 05:15;20/11/2024 05:30;22;kWh;-20307;40249;0;0;60556;19942
20/11/2024 05:30;20/11/2024 05:45;23;kWh;0;59237;0;0;59237;59237
20/11/2024 05:45;20/11/2024 06:00;24;kWh;0;61568;0;0;61568;61568
20/11/2024 06:00;20/11/2024 06:15;25;kWh;0;75084;0;0;75084;75084
20/11/2024 06:15;20/11/2024 06:30;26;kWh;0;46397;0;0;46397;46397
20/11/2024 06:30;20/11/2024 06:45;27;kWh;0;73355;0;0;73355;73355
20/11/2024 06:45;20/11/2024 07:00;28;kWh;-10254;15074;0;0;25328;4820
20/11/2024 07:00;20/11/2024 07:15;29;kWh;-991;30747;0;0;31738;29756
20/11/2024 07:15;20/11/2024 07:30;30;kWh;0;80921;0;0;80921;80921
20/11/2024 07:30;20/11/2024 07:45;31;kWh;0;51752;0;0;51752;51752
20/11/2024 07:45;20/11/2024 08:00;32;kWh;0;65916;0;0;65916;65916
20/11/2024 08:00;20/11/2024 08:15;33;kWh;-64734;4337;0;0;69071;-60397
20/11/2024 08:15;20/11/2024 08:30;34;kWh;-33977;0;0;0;33977;-33977
20/11/2024 08:30;20/11/2024 08:45;35;kWh;-24251;0;0;0;24251;-24251
20/11/2024 08:45;20/11/2024 09:00;36;kWh;-247;8374;0;0;8621;8127
20/11/2024 09:00;20/11/2024 09:15;37;kWh;-14061;137;0;0;14198;-13924
20/11/2024 09:15;20/11/2024 09:30;38;kWh;-5906;7207;0;0;13113;1301
20/11/2024 09:30;20/11/2024 09:45;39;kWh;-3150;38133;0;0;41283;34983
20/11/2024 09:45;20/11/2024 10:00;40;kWh;-18849;0;0;0;18849;-18849
20/11/2024 10:00;20/11/2024 10:15;41;kWh;-6842;73566;0;0;80408;66724
20/11/2024 10:15;20/11/2024 10:30;42;kWh;0;99997;0;0;99997;99997
20/11/2024 10:30;20/11/2024 10:45;43;kWh;0;81193;0;0;81193;81193
20/11/2024 10:45;20/11/2024 11:00;44;kWh;0;81589;0;0;81589;81589
20/11/2024 11:00;20/11/2024 11:15;45;kWh;0;46488;0;0;46488;46488
20/11/2024 11:15;20/11/2024 11:30;46;kWh;0;77859;0;0;77859;77859
20/11/2024 11:30;20/11/2024 11:45;47;kWh;0;65524;0;0;65524;65524
20/11/2024 11:45;20/11/2024 12:00;48;kWh;-1200;32079;0;0;33279;30879
20/11/2024 12:00;20/11/2024 12:15;49;kWh;-68;18372;0;0;18440;18304
20/11/2024 12:15;20/11/2024 12:30;50;kWh;0;37790;0;0;37790;37790
20/11/2024 12:30;20/11/2024 12:45;51;kWh;-814;162;0;0;976;-652
20/11/2024 12:45;20/11/2024 13:00;52;kWh;-1708;0;0;0;1708;-1708
20/11/2024 13:00;20/11/2024 13:15;53;kWh;-416;17128;0;0;17544;16712
20/11/2024 13:15;20/11/2024 13:30;54;kWh;-994;13716;0;0;14710;12722
20/11/2024 13:30;20/11/2024 13:45;55;kWh;-2182;0;0;0;2182;-2182
20/11/2024 13:45;20/11/2024 14:00;56;kWh;-24896;0;0;0;24896;-24896
20/11/2024 14:00;20/11/2024 14:15;57;kWh;-56902;0;0;0;56902;-56902
20/11/2024 14:15;20/11/2024 14:30;58;kWh;-25561;0;0;0;25561;-25561
20/11/2024 14:30;20/11/2024 14:45;59;kWh;-41788;0;0;0;41788;-41788
20/11/2024 14:45;20/11/2024 15:00;60;kWh;-35479;34;0;0;35513;-35445
20/11/2024 15:00;20/11/2024 15:15;61;kWh;-62521;111;0;0;62632;-62410
20/11/2024 15:15;20/11/2024 15:30;62;kWh;-70536;207;0;0;70743;-70329
20/11/2024 15:30;20/11/2024 15:45;63;kWh;-254;3292;0;0;3546;3038
20/11/2024 15:45;20/11/2024 16:00;64;kWh;-29596;328;0;0;29924;-29268
20/11/2024 16:00;20/11/2024 16:15;65;kWh;-95582;573;0;0;96155;-95009
20/11/2024 16:15;20/11/2024 16:30;66;kWh;-61638;170;0;0;61808;-61468
20/11/2024 16:30;20/11/2024 16:45;67;kWh;-80232;951;0;0;81183;-79281
20/11/2024 16:45;20/11/2024 17:00;68;kWh;-16203;323;0;0;16526;-15880
20/11/2024 17:00;20/11/2024 17:15;69;kWh;-54743;0;0;0;54743;-54743
20/11/2024 17:15;20/11/2024 17:30;70;kWh;-83100;6780;0;0;89880;-76320
20/11/2024 17:30;20/11/2024 17:45;71;kWh;-94260;7376;0;0;101636;-86884
20/11/2024 17:45;20/11/2024 18:00;72;kWh;-67634;0;0;0;67634;-67634
20/11/2024 18:00;20/11/2024 18:15;73;kWh;-20286;812;0;0;21098;-19474
20/11/2024 18:15;20/11/2024 18:30;74;kWh;-18722;1363;0;0;20085;-17359
20/11/2024 18:30;20/11/2024 18:45;75;kWh;-19735;4379;0;0;24114;-15356
20/11/2024 18:45;20/11/2024 19:00;76;kWh;-9810;0;0;0;9810;-9810
20/11/2024 19:00;20/11/2024 19:15;77;kWh;0;16198;0;0;16198;16198
20/11/2024 19:15;20/11/2024 19:30;78;kWh;0;6293;0;0;6293;6293
20/11/2024 19:30;20/11/2024 19:45;79;kWh;0;17979;0;0;17979;17979
20/11/2024 19:45;20/11/2024 20:00;80;kWh;0;33679;0;0;33679;33679
20/11/2024 20:00;20/11/2024 20:15;81;kWh;0;41593;0;0;41593;41593
20/11/2024 20:15;20/11/2024 20:30;82;kWh;0;42879;0;0;42879;42879
20/11/2024 20:30;20/11/2024 20:45;83;kWh;0;79309;0;0;79309;79309
20/11/2024 20:45;20/11/2024 21:00;84;kWh;0;16563;0;0;16563;16563
20/11/2024 21:00;20/11/2024 21:15;85;kWh;0;9060;0;0;9060;9060
20/11/2024 21:15;20/11/2024 21:30;86;kWh;0;13549;0;0;13549;13549
20/11/2024 21:30;20/11/2024 21:45;87;kWh;-50;5256;0;0;5306;5206
20/11/2024 21:45;20/11/2024 22:00;88;kWh;0;425;0;0;425;425
20/11/2024 22:00;20/11/2024 22:15;89;kWh;0;2984;0;0;2984;2984
20/11/2024 22:15;20/11/2024 22:30;90;kWh;0;17578;0;0;17578;17578
20/11/2024 22:30;20/11/2024 22:45;91;kWh;0;53551;0;0;53551;53551
20/11/2024 22:45;20/11/2024 23:00;92;kWh;0;32345;0;0;32345;32345
20/11/2024 23:00;20/11/2024 23:15;93;kWh;-8;7771;0;0;7779;7763
20/11/2024 23:15;20/11/2024 23:30;94;kWh;-11969;41;0;0;12010;-11928
20/11/2024 23:30;20/11/2024 23:45;95;kWh;-25198;596;0;0;25794;-24602
20/11/2024 23:45;21/11/2024 00:00;96;kWh;-42182;0;0;0;42182;-42182
21/11/2024 00:00;21/11/2024 00:15;1;kWh;-6178;995;0;0;7173;-5183
21/11/2024 00:15;21/11/2024 00:30;2;kWh;0;12161;0;0;12161;12161
21/11/2024 00:30;21/11/2024 00:45;3;kWh;0;4731;0;0;4731;4731
21/11/2024 00:45;21/11/2024 01:00;4;kWh;0;27590;0;0;27590;27590
21/11/2024 01:00;21/11/2024 01:15;5;kWh;0;28138;0;0;28138;28138
21/11/2024 01:15;21/11/2024 01:30;6;kWh;-11624;6870;0;0;18494;-4754
21/11/2024 01:30;21/11/2024 01:45;7;kWh;-11826;157;0;0;11983;-11669
21/11/2024 01:45;21/11/2024 02:00;8;kWh;-219;9463;0;0;9682;9244
21/11/2024 02:00;21/11/2024 02:15;9;kWh;0;6124;0;0;6124;6124
21/11/2024 02:15;21/11/2024 02:30;10;kWh;0;39886;0;0;39886;39886
21/11/2024 02:30;21/11/2024 02:45;11;kWh;-581;24002;0;0;24583;23421
21/11/2024 02:45;21/11/2024 03:00;12;kWh;-30766;0;0;0;30766;-30766
21/11/2024 03:00;21/11/2024 03:15;13;kWh;-26277;442;0;0;26719;-25835
21/11/2024 03:15;21/11/2024 03:30;14;kWh;-1004;0;0;0;1004;-1004
21/11/2024 03:30;21/11/2024 03:45;15;kWh;-11518;0;0;0;11518;-11518
21/11/2024 03:45;21/11/2024 04:00;16;kWh;0;9749;0;0;9749;9749
21/11/2024 04:00;21/11/2024 04:15;17;kWh;-30082;447;0;0;30529;-29635
21/11/2024 04:15;21/11/2024 04:30;18;kWh;-33137;406;0;0;33543;-32731
21/11/2024 04:30;21/11/2024 04:45;19;kWh;0;52047;0;0;52047;52047
21/11/2024 04:45;21/11/2024 05:00;20;kWh;0;61126;0;0;61126;61126
21/11/2024 05:00;21/11/2024 05:15;21;kWh;-9759;9896;0;0;19655;137
21/11/2024 05:15;21/11/2024 05:30;22;kWh;-17865;0;0;0;17865;-17865
21/11/2024 05:30;21/11/2024 05:45;23;kWh;-19446;0;0;0;19446;-19446
21/11/2024 05:45;21/11/2024 06:00;24;kWh;-40988;0;0;0;40988;-40988
21/11/2024 06:00;21/11/2024 06:15;25;kWh;-61433;0;0;0;61433;-61433
21/11/2024 06:15;21/11/2024 06:30;26;kWh;-31047;34;0;0;31081;-31013
21/11/2024 06:30;21/11/2024 06:45;27;kWh;-56601;399;0;0;57000;-56202
21/11/2024 06:45;21/11/2024 07:00;28;kWh;-60703;0;0;0;60703;-60703
21/11/2024 07:00;21/11/2024 07:15;29;kWh;-12343;7003;0;0;19346;-5340
21/11/2024 07:15;21/11/2024 07:30;30;kWh;-11282;7036;0;0;18318;-4246
21/11/2024 07:30;21/11/2024 07:45;31;kWh;-6583;9223;0;0;15806;2640
21/11/2024 07:45;21/11/2024 08:00;32;kWh;0;33218;0;0;33218;33218
21/11/2024 08:00;21/11/2024 08:15;33;kWh;-24793;2736;0;0;27529;-22057
21/11/2024 08:15;21/11/2024 08:30;34;kWh;-42135;0;0;0;42135;-42135
21/11/2024 08:30;21/11/2024 08:45;35;kWh;-42391;0;0;0;42391;-42391
21/11/2024 08:45;21/11/2024 09:00;36;kWh;-15611;0;0;0;15611;-15611
21/11/2024 09:00;21/11/2024 09:15;37;kWh;-5847;4322;0;0;10169;-1525
21/11/2024 09:15;21/11/2024 09:30;38;kWh;0;45764;0;0;45764;45764
21/11/2024 09:30;21/11/2024 09:45;39;kWh;-12587;39081;0;0;51668;26494
21/11/2024 09:45;21/11/2024 10:00;40;kWh;-4659;27533;0;0;32192;22874
21/11/2024 10:00;21/11/2024 10:15;41;kWh;-3809;57348;0;0;61157;53539
21/11/2024 10:15;21/11/2024 10:30;42;kWh;-21997;46735;0;0;68732;24738
21/11/2024 10:30;21/11/2024 10:45;43;kWh;-4243;73725;0;0;77968;69482
21/11/2024 10:45;21/11/2024 11:00;44;kWh;-5568;37036;0;0;42604;31468
21/11/2024 11:00;21/11/2024 11:15;45;kWh;-6;34551;0;0;34557;34545
21/11/2024 11:15;21/11/2024 11:30;46;kWh;-4615;6882;0;0;11497;2267
21/11/2024 11:30;21/11/2024 11:45;47;kWh;0;61299;0;0;61299;61299
21/11/2024 11:45;21/11/2024 12:00;48;kWh;0;74901;0;0;74901;74901
21/11/2024 12:00;21/11/2024 12:15;49;kWh;0;44811;0;0;44811;44811
21/11/2024 12:15;21/11/2024 12:30;50;kWh;0;77661;0;0;77661;77661
21/11/2024 12:30;21/11/2024 12:45;51;kWh;0;76689;0;0;76689;76689
21/11/2024 12:45;21/11/2024 13:00;52;kWh;0;75183;0;0;75183;75183
21/11/2024 13:00;21/11/2024 13:15;53;kWh;-9151;20038;0;0;29189;10887
21/11/2024 13:15;21/11/2024 13:30;54;kWh;0;39897;0;0;39897;39897
21/11/2024 13:30;21/11/2024 13:45;55;kWh;0;19296;0;0;19296;19296
21/11/2024 13:45;21/11/2024 14:00;56;kWh;0;53960;0;0;53960;53960
21/11/2024 14:00;21/11/2024 14:15;57;kWh;0;14551;0;0;14551;14551
21/11/2024 14:15;21/11/2024 14:30;58;kWh;0;28123;0;0;28123;28123
21/11/2024 14:30;21/11/2024 14:45;59;kWh;0;37807;0;0;37807;37807
21/11/2024 14:45;21/11/2024 15:00;60;kWh;0;44668;0;0;44668;44668
21/11/2024 15:00;21/11/2024 15:15;61;kWh;-19317;4978;0;0;24295;-14339
21/11/2024 15:15;21/11/2024 15:30;62;kWh;-1114;4030;0;0;5144;2916
21/11/2024 15:30;21/11/2024 15:45;63;kWh;0;27868;0;0;27868;27868
21/11/2024 15:45;21/11/2024 16:00;64;kWh;0;18969;0;0;18969;18969
21/11/2024 16:00;21/11/2024 16:15;65;kWh;-6189;6061;0;0;12250;-128
21/11/2024 16:15;21/11/2024 16:30;66;kWh;-10;6352;0;0;6362;6342
21/11/2024 16:30;21/11/2024 16:45;67;kWh;-482;5501;0;0;5983;5019
21/11/2024 16:45;21/11/2024 17:00;68;kWh;-21351;0;0;0;21351;-21351
21/11/2024 17:00;21/11/2024 17:15;69;kWh;-84070;0;0;0;84070;-84070
21/11/2024 17:15;21/11/2024 17:30;70;kWh;-8909;166;0;0;9075;-8743
21/11/2024 17:30;21/11/2024 17:45;71;kWh;-12116;118;0;0;12234;-11998
21/11/2024 17:45;21/11/2024 18:00;72;kWh;-27771;0;0;0;27771;-27771
21/11/2024 18:00;21/11/2024 18:15;73;kWh;-14083;664;0;0;14747;-13419
21/11/2024 18:15;21/11/2024 18:30;74;kWh;0;28711;0;0;28711;28711
21/11/2024 18:30;21/11/2024 18:45;75;kWh;0;7455;0;0;7455;7455
21/11/2024 18:45;21/11/2024 19:00;76;kWh;0;2785;0;0;2785;2785
21/11/2024 19:00;21/11/2024 19:15;77;kWh;-14;97;0;0;111;83
21/11/2024 19:15;21/11/2024 19:30;78;kWh;-295;4359;0;0;4654;4064
21/11/2024 19:30;21/11/2024 19:45;79;kWh;-13;12630;0;0;12643;12617
21/11/2024 19:45;21/11/2024 20:00;80;kWh;-135;926;0;0;1061;791
21/11/2024 20:00;21/11/2024 20:15;81;kWh;0;43033;0;0;43033;43033
21/11/2024 20:15;21/11/2024 20:30;82;kWh;0;45113;0;0;45113;45113
21/11/2024 20:30;21/11/2024 20:45;83;kWh;0;26976;0;0;26976;26976
21/11/2024 20:45;21/11/2024 21:00;84;kWh;0;21070;0;0;21070;21070
21/11/2024 21:00;21/11/2024 21:15;85;kWh;0;25295;0;0;25295;25295
21/11/2024 21:15;21/11/2024 21:30;86;kWh;0;39636;0;0;39636;39636
21/11/2024 21:30;21/11/2024 21:45;87;kWh;0;27366;0;0;27366;27366
21/11/2024 21:45;21/11/2024 22:00;88;kWh;-65;12836;0;0;12901;12771
21/11/2024 22:00;21/11/2024 22:15;89;kWh;-281;20949;0;0;21230;20668
21/11/2024 22:15;21/11/2024 22:30;90;kWh;-1028;142;0;0;1170;-886
21/11/2024 22:30;21/11/2024 22:45;91;kWh;-2;19510;0;0;19512;19508
21/11/2024 22:45;21/11/2024 23:00;92;kWh;0;19449;0;0;19449;19449
21/11/2024 23:00;21/11/2024 23:15;93;kWh;-60;11915;0;0;11975;11855
21/11/2024 23:15;21/11/2024 23:30;94;kWh;-15414;0;0;0;15414;-15414
21/11/2024 23:30;21/11/2024 23:45;95;kWh;-24070;0;0;0;24070;-24070
21/11/2024 23:45;22/11/2024 00:00;96;kWh;-31556;0;0;0;31556;-31556
22/11/2024 00:00;22/11/2024 00:15;1;kWh;-16405;42;0;0;16447;-16363
22/11/2024 00:15;22/11/2024 00:30;2;kWh;-7731;0;0;0;7731;-7731
22/11/2024 00:30;22/11/2024 00:45;3;kWh;-19225;0;0;0;19225;-19225
22/11/2024 00:45;22/11/2024 01:00;4;kWh;-12898;8048;0;0;20946;-4850
22/11/2024 01:00;22/11/2024 01:15;5;kWh;-6;51617;0;0;51623;51611
22/11/2024 01:15;22/11/2024 01:30;6;kWh;0;64435;0;0;64435;64435
22/11/2024 01:30;22/11/2024 01:45;7;kWh;0;32576;0;0;32576;32576
22/11/2024 01:45;22/11/2024 02:00;8;kWh;-338;3840;0;0;4178;3502
22/11/2024 02:00;22/11/2024 02:15;9;kWh;-4637;0;0;0;4637;-4637
22/11/2024 02:15;22/11/2024 02:30;10;kWh;-8555;0;0;0;8555;-8555
22/11/2024 02:30;22/11/2024 02:45;11;kWh;-5860;0;0;0;5860;-5860
22/11/2024 02:45;22/11/2024 03:00;12;kWh;-5433;0;0;0;5433;-5433
22/11/2024 03:00;22/11/2024 03:15;13;kWh;-1089;42475;0;0;43564;41386
22/11/2024 03:15;22/11/2024 03:30;14;kWh;0;80964;0;0;80964;80964
22/11/2024 03:30;22/11/2024 03:45;15;kWh;0;68593;0;0;68593;68593
22/11/2024 03:45;22/11/2024 04:00;16;kWh;-357;40448;0;0;40805;40091
22/11/2024 04:00;22/11/2024 04:15;17;kWh;-11564;0;0;0;11564;-11564
22/11/2024 04:15;22/11/2024 04:30;18;kWh;-6616;0;0;0;6616;-6616
22/11/2024 04:30;22/11/2024 04:45;19;kWh;-3044;0;0;0;3044;-3044
22/11/2024 04:45;22/11/2024 05:00;20;kWh;-2768;736;0;0;3504;-2032
22/11/2024 05:00;22/11/2024 05:15;21;kWh;-25534;0;0;0;25534;-25534
22/11/2024 05:15;22/11/2024 05:30;22;kWh;-15713;0;0;0;15713;-15713
22/11/2024 05:30;22/11/2024 05:45;23;kWh;-3022;2801;0;0;5823;-221
22/11/2024 05:45;22/11/2024 06:00;24;kWh;0;47927;0;0;47927;47927
22/11/2024 06:00;22/11/2024 06:15;25;kWh;-3012;12114;0;0;15126;9102
22/11/2024 06:15;22/11/2024 06:30;26;kWh;-16293;5;0;0;16298;-16288
22/11/2024 06:30;22/11/2024 06:45;27;kWh;-25264;1046;0;0;26310;-24218
22/11/2024 06:45;22/11/2024 07:00;28;kWh;-18;3139;0;0;3157;3121
22/11/2024 07:00;22/11/2024 07:15;29;kWh;-35338;0;0;0;35338;-35338
22/11/2024 07:15;22/11/2024 07:30;30;kWh;-22552;0;0;0;22552;-22552
22/11/2024 07:30;22/11/2024 07:45;31;kWh;-37;0;0;0;37;-37
22/11/2024 07:45;22/11/2024 08:00;32;kWh;0;1189;0;0;1189;1189
22/11/2024 08:00;22/11/2024 08:15;33;kWh;-71621;0;0;0;71621;-71621
22/11/2024 08:15;22/11/2024 08:30;34;kWh;-103112;0;0;0;103112;-103112
22/11/2024 08:30;22/11/2024 08:45;35;kWh;-57106;82;0;0;57188;-57024
22/11/2024 08:45;22/11/2024 09:00;36;kWh;-23257;17700;0;0;40957;-5557
22/11/2024 09:00;22/11/2024 09:15;37;kWh;0;36462;0;0;36462;36462
22/11/2024 09:15;22/11/2024 09:30;38;kWh;-681;25318;0;0;25999;24637
22/11/2024 09:30;22/11/2024 09:45;39;kWh;-5917;80;0;0;5997;-5837
22/11/2024 09:45;22/11/2024 10:00;40;kWh;-13361;4;0;0;13365;-13357
22/11/2024 10:00;22/11/2024 10:15;41;kWh;-3923;0;0;0;3923;-3923
22/11/2024 10:15;22/11/2024 10:30;42;kWh;-47234;0;0;0;47234;-47234
22/11/2024 10:30;22/11/2024 10:45;43;kWh;-32569;474;0;0;33043;-32095
22/11/2024 10:45;22/11/2024 11:00;44;kWh;-74497;0;0;0;74497;-74497
22/11/2024 11:00;22/11/2024 11:15;45;kWh;-31737;60;0;0;31797;-31677
22/11/2024 11:15;22/11/2024 11:30;46;kWh;-16640;6;0;0;16646;-16634
22/11/2024 11:30;22/11/2024 11:45;47;kWh;-2975;10066;0;0;13041;7091
22/11/2024 11:45;22/11/2024 12:00;48;kWh;-27231;0;0;0;27231;-27231
22/11/2024 12:00;22/11/2024 12:15;49;kWh;-24595;0;0;0;24595;-24595
22/11/2024 12:15;22/11/2024 12:30;50;kWh;-17862;0;0;0;17862;-17862
22/11/2024 12:30;22/11/2024 12:45;51;kWh;-15041;0;0;0;15041;-15041
22/11/2024 12:45;22/11/2024 13:00;52;kWh;-2695;1028;0;0;3723;-1667
22/11/2024 13:00;22/11/2024 13:15;53;kWh;0;37791;0;0;37791;37791
22/11/2024 13:15;22/11/2024 13:30;54;kWh;0;69466;0;0;69466;69466
22/11/2024 13:30;22/11/2024 13:45;55;kWh;-9;51190;0;0;51199;51181
22/11/2024 13:45;22/11/2024 14:00;56;kWh;-1198;1764;0;0;2962;566
22/11/2024 14:00;22/11/2024 14:15;57;kWh;-40056;5;0;0;40061;-40051
22/11/2024 14:15;22/11/2024 14:30;58;kWh;-48270;0;0;0;48270;-48270
22/11/2024 14:30;22/11/2024 14:45;59;kWh;-1791;0;0;0;1791;-1791
22/11/2024 14:45;22/11/2024 15:00;60;kWh;-2547;0;0;0;2547;-2547
22/11/2024 15:00;22/11/2024 15:15;61;kWh;-13806;0;0;0;13806;-13806
22/11/2024 15:15;22/11/2024 15:30;62;kWh;-12454;0;0;0;12454;-12454
22/11/2024 15:30;22/11/2024 15:45;63;kWh;-50899;0;0;0;50899;-50899
22/11/2024 15:45;22/11/2024 16:00;64;kWh;-35098;0;0;0;35098;-35098
22/11/2024 16:00;22/11/2024 16:15;65;kWh;-24410;0;0;0;24410;-24410
22/11/2024 16:15;22/11/2024 16:30;66;kWh;-447;0;0;0;447;-447
22/11/2024 16:30;22/11/2024 16:45;67;kWh;-46331;0;0;0;46331;-46331
22/11/2024 16:45;22/11/2024 17:00;68;kWh;-26460;0;0;0;26460;-26460
22/11/2024 17:00;22/11/2024 17:15;69;kWh;-20226;0;0;0;20226;-20226
22/11/2024 17:15;22/11/2024 17:30;70;kWh;-7943;0;0;0;7943;-7943
22/11/2024 17:30;22/11/2024 17:45;71;kWh;-6664;0;0;0;6664;-6664
22/11/2024 17:45;22/11/2024 18:00;72;kWh;0;14027;0;0;14027;14027
22/11/2024 18:00;22/11/2024 18:15;73;kWh;-17723;7719;0;0;25442;-10004
22/11/2024 18:15;22/11/2024 18:30;74;kWh;-48614;0;0;0;48614;-48614
22/11/2024 18:30;22/11/2024 18:45;75;kWh;-19958;0;0;0;19958;-19958
22/11/2024 18:45;22/11/2024 19:00;76;kWh;-28236;0;0;0;28236;-28236
22/11/2024 19:00;22/11/2024 19:15;77;kWh;-60034;0;0;0;60034;-60034
22/11/2024 19:15;22/11/2024 19:30;78;kWh;-5933;16271;0;0;22204;10338
22/11/2024 19:30;22/11/2024 19:45;79;kWh;0;57440;0;0;57440;57440
22/11/2024 19:45;22/11/2024 20:00;80;kWh;0;59753;0;0;59753;59753
22/11/2024 20:00;22/11/2024 20:15;81;kWh;-1127;18032;0;0;19159;16905
22/11/2024 20:15;22/11/2024 20:30;82;kWh;-6819;4709;0;0;11528;-2110
22/11/2024 20:30;22/11/2024 20:45;83;kWh;-37585;0;0;0;37585;-37585
22/11/2024 20:45;22/11/2024 21:00;84;kWh;-45657;0;0;0;45657;-45657
22/11/2024 21:00;22/11/2024 21:15;85;kWh;-57676;0;0;0;57676;-57676
22/11/2024 21:15;22/11/2024 21:30;86;kWh;-51543;0;0;0;51543;-51543
22/11/2024 21:30;22/11/2024 21:45;87;kWh;-62137;0;0;0;62137;-62137
22/11/2024 21:45;22/11/2024 22:00;88;kWh;-68660;0;0;0;68660;-68660
22/11/2024 22:00;22/11/2024 22:15;89;kWh;-43070;3;0;0;43073;-43067
22/11/2024 22:15;22/11/2024 22:30;90;kWh;-63513;0;0;0;63513;-63513
22/11/2024 22:30;22/11/2024 22:45;91;kWh;-89466;0;0;0;89466;-89466
22/11/2024 22:45;22/11/2024 23:00;92;kWh;-85329;0;0;0;85329;-85329
22/11/2024 23:00;22/11/2024 23:15;93;kWh;-48413;19983;0;0;68396;-28430
22/11/2024 23:15;22/11/2024 23:30;94;kWh;-41789;0;0;0;41789;-41789
22/11/2024 23:30;22/11/2024 23:45;95;kWh;-60776;0;0;0;60776;-60776
22/11/2024 23:45;23/11/2024 00:00;96;kWh;-58651;711;0;0;59362;-57940
23/11/2024 00:00;23/11/2024 00:15;1;kWh;-51;91890;0;0;91941;91839
23/11/2024 00:15;23/11/2024 00:30;2;kWh;0;55848;0;0;55848;55848
23/11/2024 00:30;23/11/2024 00:45;3;kWh;0;52302;0;0;52302;52302
23/11/2024 00:45;23/11/2024 01:00;4;kWh;0;55529;0;0;55529;55529
23/11/2024 01:00;23/11/2024 01:15;5;kWh;0;65630;0;0;65630;65630
23/11/2024 01:15;23/11/2024 01:30;6;kWh;0;76008;0;0;76008;76008
23/11/2024 01:30;23/11/2024 01:45;7;kWh;0;28884;0;0;28884;28884
23/11/2024 01:45;23/11/2024 02:00;8;kWh;0;4355;0;0;4355;4355
23/11/2024 02:00;23/11/2024 02:15;9;kWh;-19462;5069;0;0;24531;-14393
23/11/2024 02:15;23/11/2024 02:30;10;kWh;-19561;11805;0;0;31366;-7756
23/11/2024 02:30;23/11/2024 02:45;11;kWh;-22058;0;0;0;22058;-22058
23/11/2024 02:45;23/11/2024 03:00;12;kWh;-1540;7820;0;0;9360;6280
23/11/2024 03:00;23/11/2024 03:15;13;kWh;0;22475;0;0;22475;22475
23/11/2024 03:15;23/11/2024 03:30;14;kWh;-3548;8589;0;0;12137;5041
23/11/2024 03:30;23/11/2024 03:45;15;kWh;-10920;168;0;0;11088;-10752
23/11/2024 03:45;23/11/2024 04:00;16;kWh;-19224;6553;0;0;25777;-12671
23/11/2024 04:00;23/11/2024 04:15;17;kWh;-23601;18567;0;0;42168;-5034
23/11/2024 04:15;23/11/2024 04:30;18;kWh;-31237;18518;0;0;49755;-12719
23/11/2024 04:30;23/11/2024 04:45;19;kWh;-1852;5350;0;0;7202;3498
23/11/2024 04:45;23/11/2024 05:00;20;kWh;-3184;2991;0;0;6175;-193
23/11/2024 05:00;23/11/2024 05:15;21;kWh;-10781;1507;0;0;12288;-9274
23/11/2024 05:15;23/11/2024 05:30;22;kWh;-6025;0;0;0;6025;-6025
23/11/2024 05:30;23/11/2024 05:45;23;kWh;-4594;0;0;0;4594;-4594
23/11/2024 05:45;23/11/2024 06:00;24;kWh;-869;18811;0;0;19680;17942
23/11/2024 06:00;23/11/2024 06:15;25;kWh;-18;10923;0;0;10941;10905
23/11/2024 06:15;23/11/2024 06:30;26;kWh;0;8460;0;0;8460;8460
23/11/2024 06:30;23/11/2024 06:45;27;kWh;-11593;2101;0;0;13694;-9492
23/11/2024 06:45;23/11/2024 07:00;28;kWh;-9692;848;0;0;10540;-8844
23/11/2024 07:00;23/11/2024 07:15;29;kWh;-9697;12987;0;0;22684;3290
23/11/2024 07:15;23/11/2024 07:30;30;kWh;0;5307;0;0;5307;5307
23/11/2024 07:30;23/11/2024 07:45;31;kWh;0;8077;0;0;8077;8077
23/11/2024 07:45;23/11/2024 08:00;32;kWh;0;3371;0;0;3371;3371
23/11/2024 08:00;23/11/2024 08:15;33;kWh;-29;2587;0;0;2616;2558
23/11/2024 08:15;23/11/2024 08:30;34;kWh;0;2772;0;0;2772;2772
23/11/2024 08:30;23/11/2024 08:45;35;kWh;0;10024;0;0;10024;10024
23/11/2024 08:45;23/11/2024 09:00;36;kWh;-3273;4855;0;0;8128;1582
23/11/2024 09:00;23/11/2024 09:15;37;kWh;-30203;0;0;0;30203;-30203
23/11/2024 09:15;23/11/2024 09:30;38;kWh;-20040;0;0;0;20040;-20040
23/11/2024 09:30;23/11/2024 09:45;39;kWh;-39165;0;0;0;39165;-39165
23/11/2024 09:45;23/11/2024 10:00;40;kWh;-37592;0;0;0;37592;-37592
23/11/2024 10:00;23/11/2024 10:15;41;kWh;-23078;497;0;0;23575;-22581
23/11/2024 10:15;23/11/2024 10:30;42;kWh;-11651;0;0;0;11651;-11651
23/11/2024 10:30;23/11/2024 10:45;43;kWh;-27438;0;0;0;27438;-27438
23/11/2024 10:45;23/11/2024 11:00;44;kWh;-16404;0;0;0;16404;-16404
23/11/2024 11:00;23/11/2024 11:15;45;kWh;0;25540;0;0;25540;25540
23/11/2024 11:15;23/11/2024 11:30;46;kWh;-4;2576;0;0;2580;2572
23/11/2024 11:30;23/11/2024 11:45;47;kWh;-3511;0;0;0;3511;-3511
23/11/2024 11:45;23/11/2024 12:00;48;kWh;-9790;0;0;0;9790;-9790
23/11/2024 12:00;23/11/2024 12:15;49;kWh;-1743;15660;0;0;17403;13917
23/11/2024 12:15;23/11/2024 12:30;50;kWh;-14656;187;0;0;14843;-14469
23/11/2024 12:30;23/11/2024 12:45;51;kWh;-16091;0;0;0;16091;-16091
23/11/2024 12:45;23/11/2024 13:00;52;kWh;-44336;0;0;0;44336;-44336
23/11/2024 13:00;23/11/2024 13:15;53;kWh;-9984;0;0;0;9984;-9984
23/11/2024 13:15;23/11/2024 13:30;54;kWh;-18579;0;0;0;18579;-18579
23/11/2024 13:30;23/11/2024 13:45;55;kWh;-3116;3127;0;0;6243;11
23/11/2024 13:45;23/11/2024 14:00;56;kWh;-346;4809;0;0;5155;4463
23/11/2024 14:00;23/11/2024 14:15;57;kWh;-460;26724;0;0;27184;26264
23/11/2024 14:15;23/11/2024 14:30;58;kWh;-2259;2067;0;0;4326;-192
23/11/2024 14:30;23/11/2024 14:45;59;kWh;0;20082;0;0;20082;20082
23/11/2024 14:45;23/11/2024 15:00;60;kWh;0;32807;0;0;32807;32807
23/11/2024 15:00;23/11/2024 15:15;61;kWh;-22827;3484;0;0;26311;-19343
23/11/2024 15:15;23/11/2024 15:30;62;kWh;-9802;1123;0;0;10925;-8679
23/11/2024 15:30;23/11/2024 15:45;63;kWh;0;1073;0;0;1073;1073
23/11/2024 15:45;23/11/2024 16:00;64;kWh;-857;1953;0;0;2810;1096
23/11/2024 16:00;23/11/2024 16:15;65;kWh;-13948;12;0;0;13960;-13936
23/11/2024 16:15;23/11/2024 16:30;66;kWh;0;1;0;0;1;1
23/11/2024 16:30;23/11/2024 16:45;67;kWh;0;134;0;0;134;134
23/11/2024 16:45;23/11/2024 17:00;68;kWh;0;9283;0;0;9283;9283
23/11/2024 17:00;23/11/2024 17:15;69;kWh;-12744;3574;0;0;16318;-9170
23/11/2024 17:15;23/11/2024 17:30;70;kWh;-3730;28;0;0;3758;-3702
23/11/2024 17:30;23/11/2024 17:45;71;kWh;-13505;0;0;0;13505;-13505
23/11/2024 17:45;23/11/2024 18:00;72;kWh;-14557;0;0;0;14557;-14557
23/11/2024 18:00;23/11/2024 18:15;73;kWh;-10216;307;0;0;10523;-9909
23/11/2024 18:15;23/11/2024 18:30;74;kWh;-9361;323;0;0;9684;-9038
23/11/2024 18:30;23/11/2024 18:45;75;kWh;-16933;59;0;0;16992;-16874
23/11/2024 18:45;23/11/2024 19:00;76;kWh;-23511;1799;0;0;25310;-21712
23/11/2024 19:00;23/11/2024 19:15;77;kWh;-17088;14132;0;0;31220;-2956
23/11/2024 19:15;23/11/2024 19:30;78;kWh;-8590;9686;0;0;18276;1096
23/11/2024 19:30;23/11/2024 19:45;79;kWh;-7122;6166;0;0;13288;-956
23/11/2024 19:45;23/11/2024 20:00;80;kWh;-2426;230;0;0;2656;-2196
23/11/2024 20:00;23/11/2024 20:15;81;kWh;-841;5039;0;0;5880;4198
23/11/2024 20:15;23/11/2024 20:30;82;kWh;-8566;0;0;0;8566;-8566
23/11/2024 20:30;23/11/2024 20:45;83;kWh;-16866;561;0;0;17427;-16305
23/11/2024 20:45;23/11/2024 21:00;84;kWh;-6576;915;0;0;7491;-5661
23/11/2024 21:00;23/11/2024 21:15;85;kWh;-1;29789;0;0;29790;29788
23/11/2024 21:15;23/11/2024 21:30;86;kWh;-1770;15308;0;0;17078;13538
23/11/2024 21:30;23/11/2024 21:45;87;kWh;-8746;5149;0;0;13895;-3597
23/11/2024 21:45;23/11/2024 22:00;88;kWh;-8036;8472;0;0;16508;436
23/11/2024 22:00;23/11/2024 22:15;89;kWh;-405;13027;0;0;13432;12622
23/11/2024 22:15;23/11/2024 22:30;90;kWh;0;15346;0;0;15346;15346
23/11/2024 22:30;23/11/2024 22:45;91;kWh;-4348;0;0;0;4348;-4348
23/11/2024 22:45;23/11/2024 23:00;92;kWh;-15733;0;0;0;15733;-15733
23/11/2024 23:00;23/11/2024 23:15;93;kWh;-10111;0;0;0;10111;-10111
23/11/2024 23:15;23/11/2024 23:30;94;kWh;-20265;1651;0;0;21916;-18614
23/11/2024 23:30;23/11/2024 23:45;95;kWh;-32897;537;0;0;33434;-32360
23/11/2024 23:45;24/11/2024 00:00;96;kWh;-34516;815;0;0;35331;-33701
24/11/2024 00:00;24/11/2024 00:15;1;kWh;-331;12516;0;0;12847;12185
24/11/2024 00:15;24/11/2024 00:30;2;kWh;-2721;12046;0;0;14767;9325
24/11/2024 00:30;24/11/2024 00:45;3;kWh;-6472;13286;0;0;19758;6814
24/11/2024 00:45;24/11/2024 01:00;4;kWh;0;794;0;0;794;794
24/11/2024 01:00;24/11/2024 01:15;5;kWh;0;13567;0;0;13567;13567
24/11/2024 01:15;24/11/2024 01:30;6;kWh;-2937;20056;0;0;22993;17119
24/11/2024 01:30;24/11/2024 01:45;7;kWh;-2570;2258;0;0;4828;-312
24/11/2024 01:45;24/11/2024 02:00;8;kWh;-6854;5538;0;0;12392;-1316
24/11/2024 02:00;24/11/2024 02:15;9;kWh;-9067;29560;0;0;38627;20493
24/11/2024 02:15;24/11/2024 02:30;10;kWh;-2880;484;0;0;3364;-2396
24/11/2024 02:30;24/11/2024 02:45;11;kWh;-5369;0;0;0;5369;-5369
24/11/2024 02:45;24/11/2024 03:00;12;kWh;-7428;0;0;0;7428;-7428
24/11/2024 03:00;24/11/2024 03:15;13;kWh;-1829;390;0;0;2219;-1439
24/11/2024 03:15;24/11/2024 03:30;14;kWh;-4583;0;0;0;4583;-4583
24/11/2024 03:30;24/11/2024 03:45;15;kWh;-1262;0;0;0;1262;-1262
24/11/2024 03:45;24/11/2024 04:00;16;kWh;-4543;0;0;0;4543;-4543
24/11/2024 04:00;24/11/2024 04:15;17;kWh;-1551;0;0;0;1551;-1551
24/11/2024 04:15;24/11/2024 04:30;18;kWh;-2264;0;0;0;2264;-2264
24/11/2024 04:30;24/11/2024 04:45;19;kWh;-3893;0;0;0;3893;-3893
24/11/2024 04:45;24/11/2024 05:00;20;kWh;-774;101;0;0;875;-673
24/11/2024 05:00;24/11/2024 05:15;21;kWh;0;1280;0;0;1280;1280
24/11/2024 05:15;24/11/2024 05:30;22;kWh;-2526;794;0;0;3320;-1732
24/11/2024 05:30;24/11/2024 05:45;23;kWh;0;322;0;0;322;322
24/11/2024 05:45;24/11/2024 06:00;24;kWh;-3366;0;0;0;3366;-3366
24/11/2024 06:00;24/11/2024 06:15;25;kWh;-1529;1019;0;0;2548;-510
24/11/2024 06:15;24/11/2024 06:30;26;kWh;-1694;1332;0;0;3026;-362
24/11/2024 06:30;24/11/2024 06:45;27;kWh;-2847;1;0;0;2848;-2846
24/11/2024 06:45;24/11/2024 07:00;28;kWh;-588;428;0;0;1016;-160
24/11/2024 07:00;24/11/2024 07:15;29;kWh;-12310;0;0;0;12310;-12310
24/11/2024 07:15;24/11/2024 07:30;30;kWh;-3494;0;0;0;3494;-3494
24/11/2024 07:30;24/11/2024 07:45;31;kWh;-2178;0;0;0;2178;-2178
24/11/2024 07:45;24/11/2024 08:00;32;kWh;-2326;0;0;0;2326;-2326
24/11/2024 08:00;24/11/2024 08:15;33;kWh;-5038;0;0;0;5038;-5038
24/11/2024 08:15;24/11/2024 08:30;34;kWh;-13955;0;0;0;13955;-13955
24/11/2024 08:30;24/11/2024 08:45;35;kWh;-4221;0;0;0;4221;-4221
24/11/2024 08:45;24/11/2024 09:00;36;kWh;-1836;25;0;0;1861;-1811
24/11/2024 09:00;24/11/2024 09:15;37;kWh;0;1832;0;0;1832;1832
24/11/2024 09:15;24/11/2024 09:30;38;kWh;0;2967;0;0;2967;2967
24/11/2024 09:30;24/11/2024 09:45;39;kWh;-4841;1874;0;0;6715;-2967
24/11/2024 09:45;24/11/2024 10:00;40;kWh;-3094;611;0;0;3705;-2483
24/11/2024 10:00;24/11/2024 10:15;41;kWh;0;12899;0;0;12899;12899
24/11/2024 10:15;24/11/2024 10:30;42;kWh;0;1992;0;0;1992;1992
24/11/2024 10:30;24/11/2024 10:45;43;kWh;-19151;1046;0;0;20197;-18105
24/11/2024 10:45;24/11/2024 11:00;44;kWh;-27056;0;0;0;27056;-27056
24/11/2024 11:00;24/11/2024 11:15;45;kWh;-23096;0;0;0;23096;-23096
24/11/2024 11:15;24/11/2024 11:30;46;kWh;-24764;0;0;0;24764;-24764
24/11/2024 11:30;24/11/2024 11:45;47;kWh;-17977;0;0;0;17977;-17977
24/11/2024 11:45;24/11/2024 12:00;48;kWh;-18103;0;0;0;18103;-18103
24/11/2024 12:00;24/11/2024 12:15;49;kWh;-7217;0;0;0;7217;-7217
24/11/2024 12:15;24/11/2024 12:30;50;kWh;-4606;0;0;0;4606;-4606
24/11/2024 12:30;24/11/2024 12:45;51;kWh;-23625;0;0;0;23625;-23625
24/11/2024 12:45;24/11/2024 13:00;52;kWh;-13985;0;0;0;13985;-13985
24/11/2024 13:00;24/11/2024 13:15;53;kWh;-21416;319;0;0;21735;-21097
24/11/2024 13:15;24/11/2024 13:30;54;kWh;-26068;155;0;0;26223;-25913
24/11/2024 13:30;24/11/2024 13:45;55;kWh;-1082;9082;0;0;10164;8000
24/11/2024 13:45;24/11/2024 14:00;56;kWh;0;10067;0;0;10067;10067
24/11/2024 14:00;24/11/2024 14:15;57;kWh;0;7057;0;0;7057;7057
24/11/2024 14:15;24/11/2024 14:30;58;kWh;0;29996;0;0;29996;29996
24/11/2024 14:30;24/11/2024 14:45;59;kWh;0;24229;0;0;24229;24229
24/11/2024 14:45;24/11/2024 15:00;60;kWh;0;19209;0;0;19209;19209
24/11/2024 15:00;24/11/2024 15:15;61;kWh;-15686;0;0;0;15686;-15686
24/11/2024 15:15;24/11/2024 15:30;62;kWh;-180;52;0;0;232;-128
24/11/2024 15:30;24/11/2024 15:45;63;kWh;0;0;0;0;0;0
24/11/2024 15:45;24/11/2024 16:00;64;kWh;-532;0;0;0;532;-532
24/11/2024 16:00;24/11/2024 16:15;65;kWh;-35512;1653;0;0;37165;-33859
24/11/2024 16:15;24/11/2024 16:30;66;kWh;-11792;9290;0;0;21082;-2502
24/11/2024 16:30;24/11/2024 16:45;67;kWh;-10883;180;0;0;11063;-10703
24/11/2024 16:45;24/11/2024 17:00;68;kWh;-2638;9;0;0;2647;-2629
24/11/2024 17:00;24/11/2024 17:15;69;kWh;-14857;17712;0;0;32569;2855
24/11/2024 17:15;24/11/2024 17:30;70;kWh;-11550;18966;0;0;30516;7416
24/11/2024 17:30;24/11/2024 17:45;71;kWh;-14729;11081;0;0;25810;-3648
24/11/2024 17:45;24/11/2024 18:00;72;kWh;-5313;1557;0;0;6870;-3756
24/11/2024 18:00;24/11/2024 18:15;73;kWh;-133;3547;0;0;3680;3414
24/11/2024 18:15;24/11/2024 18:30;74;kWh;-3181;0;0;0;3181;-3181
24/11/2024 18:30;24/11/2024 18:45;75;kWh;-10441;0;0;0;10441;-10441
24/11/2024 18:45;24/11/2024 19:00;76;kWh;-4030;0;0;0;4030;-4030
24/11/2024 19:00;24/11/2024 19:15;77;kWh;-14234;0;0;0;14234;-14234
24/11/2024 19:15;24/11/2024 19:30;78;kWh;-11675;6791;0;0;18466;-4884
24/11/2024 19:30;24/11/2024 19:45;79;kWh;-11211;3660;0;0;14871;-7551
24/11/2024 19:45;24/11/2024 20:00;80;kWh;-13700;0;0;0;13700;-13700
24/11/2024 20:00;24/11/2024 20:15;81;kWh;-8377;53;0;0;8430;-8324
24/11/2024 20:15;24/11/2024 20:30;82;kWh;-13930;232;0;0;14162;-13698
24/11/2024 20:30;24/11/2024 20:45;83;kWh;-16339;357;0;0;16696;-15982
24/11/2024 20:45;24/11/2024 21:00;84;kWh;-15528;14592;0;0;30120;-936
24/11/2024 21:00;24/11/2024 21:15;85;kWh;-13856;28789;0;0;42645;14933
24/11/2024 21:15;24/11/2024 21:30;86;kWh;-5701;1733;0;0;7434;-3968
24/11/2024 21:30;24/11/2024 21:45;87;kWh;-33315;0;0;0;33315;-33315
24/11/2024 21:45;24/11/2024 22:00;88;kWh;-40501;0;0;0;40501;-40501
24/11/2024 22:00;24/11/2024 22:15;89;kWh;-12795;0;0;0;12795;-12795
24/11/2024 22:15;24/11/2024 22:30;90;kWh;-9629;0;0;0;9629;-9629
24/11/2024 22:30;24/11/2024 22:45;91;kWh;-20834;123;0;0;20957;-20711
24/11/2024 22:45;24/11/2024 23:00;92;kWh;-34163;0;0;0;34163;-34163
24/11/2024 23:00;24/11/2024 23:15;93;kWh;-21983;0;0;0;21983;-21983
24/11/2024 23:15;24/11/2024 23:30;94;kWh;-20646;0;0;0;20646;-20646
24/11/2024 23:30;24/11/2024 23:45;95;kWh;-39209;0;0;0;39209;-39209
24/11/2024 23:45;25/11/2024 00:00;96;kWh;-33204;0;0;0;33204;-33204
25/11/2024 00:00;25/11/2024 00:15;1;kWh;-7288;8329;0;0;15617;1041
25/11/2024 00:15;25/11/2024 00:30;2;kWh;-2690;25;0;0;2715;-2665
25/11/2024 00:30;25/11/2024 00:45;3;kWh;-14128;0;0;0;14128;-14128
25/11/2024 00:45;25/11/2024 01:00;4;kWh;-25226;0;0;0;25226;-25226
25/11/2024 01:00;25/11/2024 01:15;5;kWh;-6892;6930;0;0;13822;38
25/11/2024 01:15;25/11/2024 01:30;6;kWh;-24087;0;0;0;24087;-24087
25/11/2024 01:30;25/11/2024 01:45;7;kWh;-32161;0;0;0;32161;-32161
25/11/2024 01:45;25/11/2024 02:00;8;kWh;-41778;0;0;0;41778;-41778
25/11/2024 02:00;25/11/2024 02:15;9;kWh;-24767;2530;0;0;27297;-22237
25/11/2024 02:15;25/11/2024 02:30;10;kWh;-14348;922;0;0;15270;-13426
25/11/2024 02:30;25/11/2024 02:45;11;kWh;-18070;0;0;0;18070;-18070
25/11/2024 02:45;25/11/2024 03:00;12;kWh;-28075;0;0;0;28075;-28075
25/11/2024 03:00;25/11/2024 03:15;13;kWh;-5528;0;0;0;5528;-5528
25/11/2024 03:15;25/11/2024 03:30;14;kWh;-22931;509;0;0;23440;-22422
25/11/2024 03:30;25/11/2024 03:45;15;kWh;-24223;0;0;0;24223;-24223
25/11/2024 03:45;25/11/2024 04:00;16;kWh;-1237;553;0;0;1790;-684
25/11/2024 04:00;25/11/2024 04:15;17;kWh;-34526;0;0;0;34526;-34526
25/11/2024 04:15;25/11/2024 04:30;18;kWh;-16223;0;0;0;16223;-16223
25/11/2024 04:30;25/11/2024 04:45;19;kWh;-3695;78;0;0;3773;-3617
25/11/2024 04:45;25/11/2024 05:00;20;kWh;-5889;369;0;0;6258;-5520
25/11/2024 05:00;25/11/2024 05:15;21;kWh;-16236;0;0;0;16236;-16236
25/11/2024 05:15;25/11/2024 05:30;22;kWh;-10037;0;0;0;10037;-10037
25/11/2024 05:30;25/11/2024 05:45;23;kWh;-383;0;0;0;383;-383
25/11/2024 05:45;25/11/2024 06:00;24;kWh;-82;6777;0;0;6859;6695
25/11/2024 06:00;25/11/2024 06:15;25;kWh;-20361;26;0;0;20387;-20335
25/11/2024 06:15;25/11/2024 06:30;26;kWh;-769;18093;0;0;18862;17324
25/11/2024 06:30;25/11/2024 06:45;27;kWh;0;38256;0;0;38256;38256
25/11/2024 06:45;25/11/2024 07:00;28;kWh;0;47494;0;0;47494;47494
25/11/2024 07:00;25/11/2024 07:15;29;kWh;-62887;2696;0;0;65583;-60191
25/11/2024 07:15;25/11/2024 07:30;30;kWh;-16170;975;0;0;17145;-15195
25/11/2024 07:30;25/11/2024 07:45;31;kWh;-388;16975;0;0;17363;16587
25/11/2024 07:45;25/11/2024 08:00;32;kWh;0;50937;0;0;50937;50937
25/11/2024 08:00;25/11/2024 08:15;33;kWh;-11796;11687;0;0;23483;-109
25/11/2024 08:15;25/11/2024 08:30;34;kWh;-8610;9413;0;0;18023;803
25/11/2024 08:30;25/11/2024 08:45;35;kWh;0;68699;0;0;68699;68699
25/11/2024 08:45;25/11/2024 09:00;36;kWh;0;40398;0;0;40398;40398
25/11/2024 09:00;25/11/2024 09:15;37;kWh;-5407;50633;0;0;56040;45226
25/11/2024 09:15;25/11/2024 09:30;38;kWh;-2049;66557;0;0;68606;64508
25/11/2024 09:30;25/11/2024 09:45;39;kWh;-10520;62007;0;0;72527;51487
25/11/2024 09:45;25/11/2024 10:00;40;kWh;-16385;43824;0;0;60209;27439
25/11/2024 10:00;25/11/2024 10:15;41;kWh;-67377;8441;0;0;75818;-58936
25/11/2024 10:15;25/11/2024 10:30;42;kWh;-75022;0;0;0;75022;-75022
25/11/2024 10:30;25/11/2024 10:45;43;kWh;-38605;0;0;0;38605;-38605
25/11/2024 10:45;25/11/2024 11:00;44;kWh;-69963;0;0;0;69963;-69963
25/11/2024 11:00;25/11/2024 11:15;45;kWh;-111284;0;0;0;111284;-111284
25/11/2024 11:15;25/11/2024 11:30;46;kWh;-63198;0;0;0;63198;-63198
25/11/2024 11:30;25/11/2024 11:45;47;kWh;-69586;0;0;0;69586;-69586
25/11/2024 11:45;25/11/2024 12:00;48;kWh;-112915;0;0;0;112915;-112915
25/11/2024 12:00;25/11/2024 12:15;49;kWh;-74116;0;0;0;74116;-74116
25/11/2024 12:15;25/11/2024 12:30;50;kWh;-48052;0;0;0;48052;-48052
25/11/2024 12:30;25/11/2024 12:45;51;kWh;-6694;302;0;0;6996;-6392
25/11/2024 12:45;25/11/2024 13:00;52;kWh;-37371;0;0;0;37371;-37371
25/11/2024 13:00;25/11/2024 13:15;53;kWh;-12842;6029;0;0;18871;-6813
25/11/2024 13:15;25/11/2024 13:30;54;kWh;-21611;82;0;0;21693;-21529
25/11/2024 13:30;25/11/2024 13:45;55;kWh;-61631;0;0;0;61631;-61631
25/11/2024 13:45;25/11/2024 14:00;56;kWh;-81266;0;0;0;81266;-81266
25/11/2024 14:00;25/11/2024 14:15;57;kWh;-15177;19214;0;0;34391;4037
25/11/2024 14:15;25/11/2024 14:30;58;kWh;-10556;3132;0;0;13688;-7424
25/11/2024 14:30;25/11/2024 14:45;59;kWh;-28256;0;0;0;28256;-28256
25/11/2024 14:45;25/11/2024 15:00;60;kWh;-21245;0;0;0;21245;-21245
25/11/2024 15:00;25/11/2024 15:15;61;kWh;-18030;0;0;0;18030;-18030
25/11/2024 15:15;25/11/2024 15:30;62;kWh;-20383;0;0;0;20383;-20383
25/11/2024 15:30;25/11/2024 15:45;63;kWh;-28898;0;0;0;28898;-28898
25/11/2024 15:45;25/11/2024 16:00;64;kWh;-44592;0;0;0;44592;-44592
25/11/2024 16:00;25/11/2024 16:15;65;kWh;-84235;0;0;0;84235;-84235
25/11/2024 16:15;25/11/2024 16:30;66;kWh;-84843;0;0;0;84843;-84843
25/11/2024 16:30;25/11/2024 16:45;67;kWh;-88150;0;0;0;88150;-88150
25/11/2024 16:45;25/11/2024 17:00;68;kWh;-40620;0;0;0;40620;-40620
25/11/2024 17:00;25/11/2024 17:15;69;kWh;-15684;32;0;0;15716;-15652
25/11/2024 17:15;25/11/2024 17:30;70;kWh;-29609;0;0;0;29609;-29609
25/11/2024 17:30;25/11/2024 17:45;71;kWh;-27733;0;0;0;27733;-27733
25/11/2024 17:45;25/11/2024 18:00;72;kWh;-33040;0;0;0;33040;-33040
25/11/2024 18:00;25/11/2024 18:15;73;kWh;-16252;1328;0;0;17580;-14924
25/11/2024 18:15;25/11/2024 18:30;74;kWh;-940;2023;0;0;2963;1083
25/11/2024 18:30;25/11/2024 18:45;75;kWh;-4868;0;0;0;4868;-4868
25/11/2024 18:45;25/11/2024 19:00;76;kWh;-4302;0;0;0;4302;-4302
25/11/2024 19:00;25/11/2024 19:15;77;kWh;-860;9619;0;0;10479;8759
25/11/2024 19:15;25/11/2024 19:30;78;kWh;0;3556;0;0;3556;3556
25/11/2024 19:30;25/11/2024 19:45;79;kWh;-2049;1180;0;0;3229;-869
25/11/2024 19:45;25/11/2024 20:00;80;kWh;-2672;156;0;0;2828;-2516
25/11/2024 20:00;25/11/2024 20:15;81;kWh;0;13514;0;0;13514;13514
25/11/2024 20:15;25/11/2024 20:30;82;kWh;0;38732;0;0;38732;38732
25/11/2024 20:30;25/11/2024 20:45;83;kWh;0;35144;0;0;35144;35144
25/11/2024 20:45;25/11/2024 21:00;84;kWh;0;49651;0;0;49651;49651
25/11/2024 21:00;25/11/2024 21:15;85;kWh;-888;7793;0;0;8681;6905
25/11/2024 21:15;25/11/2024 21:30;86;kWh;-45;37036;0;0;37081;36991
25/11/2024 21:30;25/11/2024 21:45;87;kWh;0;26632;0;0;26632;26632
25/11/2024 21:45;25/11/2024 22:00;88;kWh;-393;3489;0;0;3882;3096
25/11/2024 22:00;25/11/2024 22:15;89;kWh;0;27703;0;0;27703;27703
25/11/2024 22:15;25/11/2024 22:30;90;kWh;0;42798;0;0;42798;42798
25/11/2024 22:30;25/11/2024 22:45;91;kWh;0;39535;0;0;39535;39535
25/11/2024 22:45;25/11/2024 23:00;92;kWh;-4298;6230;0;0;10528;1932
25/11/2024 23:00;25/11/2024 23:15;93;kWh;-7661;14392;0;0;22053;6731
25/11/2024 23:15;25/11/2024 23:30;94;kWh;-778;9579;0;0;10357;8801
25/11/2024 23:30;25/11/2024 23:45;95;kWh;-1185;5419;0;0;6604;4234
25/11/2024 23:45;26/11/2024 00:00;96;kWh;-7355;3823;0;0;11178;-3532
26/11/2024 00:00;26/11/2024 00:15;1;kWh;-6717;16131;0;0;22848;9414
26/11/2024 00:15;26/11/2024 00:30;2;kWh;0;15145;0;0;15145;15145
26/11/2024 00:30;26/11/2024 00:45;3;kWh;0;815;0;0;815;815
26/11/2024 00:45;26/11/2024 01:00;4;kWh;0;5436;0;0;5436;5436
26/11/2024 01:00;26/11/2024 01:15;5;kWh;-257;668;0;0;925;411
26/11/2024 01:15;26/11/2024 01:30;6;kWh;-4662;0;0;0;4662;-4662
26/11/2024 01:30;26/11/2024 01:45;7;kWh;-1823;0;0;0;1823;-1823
26/11/2024 01:45;26/11/2024 02:00;8;kWh;-1574;4;0;0;1578;-1570
26/11/2024 02:00;26/11/2024 02:15;9;kWh;0;34082;0;0;34082;34082
26/11/2024 02:15;26/11/2024 02:30;10;kWh;0;23223;0;0;23223;23223
26/11/2024 02:30;26/11/2024 02:45;11;kWh;-2595;2490;0;0;5085;-105
26/11/2024 02:45;26/11/2024 03:00;12;kWh;-619;14956;0;0;15575;14337
26/11/2024 03:00;26/11/2024 03:15;13;kWh;0;52422;0;0;52422;52422
26/11/2024 03:15;26/11/2024 03:30;14;kWh;0;73304;0;0;73304;73304
26/11/2024 03:30;26/11/2024 03:45;15;kWh;0;76368;0;0;76368;76368
26/11/2024 03:45;26/11/2024 04:00;16;kWh;0;76294;0;0;76294;76294
26/11/2024 04:00;26/11/2024 04:15;17;kWh;0;76627;0;0;76627;76627
26/11/2024 04:15;26/11/2024 04:30;18;kWh;0;57367;0;0;57367;57367
26/11/2024 04:30;26/11/2024 04:45;19;kWh;0;22575;0;0;22575;22575
26/11/2024 04:45;26/11/2024 05:00;20;kWh;0;60692;0;0;60692;60692
26/11/2024 05:00;26/11/2024 05:15;21;kWh;0;10380;0;0;10380;10380
26/11/2024 05:15;26/11/2024 05:30;22;kWh;0;46013;0;0;46013;46013
26/11/2024 05:30;26/11/2024 05:45;23;kWh;0;73032;0;0;73032;73032
26/11/2024 05:45;26/11/2024 06:00;24;kWh;0;63959;0;0;63959;63959
26/11/2024 06:00;26/11/2024 06:15;25;kWh;-377;10896;0;0;11273;10519
26/11/2024 06:15;26/11/2024 06:30;26;kWh;0;40470;0;0;40470;40470
26/11/2024 06:30;26/11/2024 06:45;27;kWh;0;62819;0;0;62819;62819
26/11/2024 06:45;26/11/2024 07:00;28;kWh;0;54025;0;0;54025;54025
26/11/2024 07:00;26/11/2024 07:15;29;kWh;-19351;4211;0;0;23562;-15140
26/11/2024 07:15;26/11/2024 07:30;30;kWh;-14638;397;0;0;15035;-14241
26/11/2024 07:30;26/11/2024 07:45;31;kWh;-582;5579;0;0;6161;4997
26/11/2024 07:45;26/11/2024 08:00;32;kWh;-6447;4785;0;0;11232;-1662
26/11/2024 08:00;26/11/2024 08:15;33;kWh;-56918;2715;0;0;59633;-54203
26/11/2024 08:15;26/11/2024 08:30;34;kWh;-61044;42;0;0;61086;-61002
26/11/2024 08:30;26/11/2024 08:45;35;kWh;-70433;0;0;0;70433;-70433
26/11/2024 08:45;26/11/2024 09:00;36;kWh;-63455;0;0;0;63455;-63455
26/11/2024 09:00;26/11/2024 09:15;37;kWh;-57793;2647;0;0;60440;-55146
26/11/2024 09:15;26/11/2024 09:30;38;kWh;-72711;0;0;0;72711;-72711
26/11/2024 09:30;26/11/2024 09:45;39;kWh;-114418;0;0;0;114418;-114418
26/11/2024 09:45;26/11/2024 10:00;40;kWh;-96060;0;0;0;96060;-96060
26/11/2024 10:00;26/11/2024 10:15;41;kWh;-88084;0;0;0;88084;-88084
26/11/2024 10:15;26/11/2024 10:30;42;kWh;-74692;0;0;0;74692;-74692
26/11/2024 10:30;26/11/2024 10:45;43;kWh;-92545;269;0;0;92814;-92276
26/11/2024 10:45;26/11/2024 11:00;44;kWh;-66218;0;0;0;66218;-66218
26/11/2024 11:00;26/11/2024 11:15;45;kWh;-46968;0;0;0;46968;-46968
26/11/2024 11:15;26/11/2024 11:30;46;kWh;-36394;0;0;0;36394;-36394
26/11/2024 11:30;26/11/2024 11:45;47;kWh;-70699;808;0;0;71507;-69891
26/11/2024 11:45;26/11/2024 12:00;48;kWh;-97903;4031;0;0;101934;-93872
26/11/2024 12:00;26/11/2024 12:15;49;kWh;-65137;4153;0;0;69290;-60984
26/11/2024 12:15;26/11/2024 12:30;50;kWh;-24556;174;0;0;24730;-24382
26/11/2024 12:30;26/11/2024 12:45;51;kWh;-39538;0;0;0;39538;-39538
26/11/2024 12:45;26/11/2024 13:00;52;kWh;-31446;631;0;0;32077;-30815
26/11/2024 13:00;26/11/2024 13:15;53;kWh;-3011;44187;0;0;47198;41176
26/11/2024 13:15;26/11/2024 13:30;54;kWh;-38147;456;0;0;38603;-37691
26/11/2024 13:30;26/11/2024 13:45;55;kWh;-3005;3081;0;0;6086;76
26/11/2024 13:45;26/11/2024 14:00;56;kWh;-135;21535;0;0;21670;21400
26/11/2024 14:00;26/11/2024 14:15;57;kWh;0;30212;0;0;30212;30212
26/11/2024 14:15;26/11/2024 14:30;58;kWh;0;33088;0;0;33088;33088
26/11/2024 14:30;26/11/2024 14:45;59;kWh;0;42445;0;0;42445;42445
26/11/2024 14:45;26/11/2024 15:00;60;kWh;0;32957;0;0;32957;32957
26/11/2024 15:00;26/11/2024 15:15;61;kWh;-33764;131;0;0;33895;-33633
26/11/2024 15:15;26/11/2024 15:30;62;kWh;-52925;0;0;0;52925;-52925
26/11/2024 15:30;26/11/2024 15:45;63;kWh;-24443;0;0;0;24443;-24443
26/11/2024 15:45;26/11/2024 16:00;64;kWh;-55499;0;0;0;55499;-55499
26/11/2024 16:00;26/11/2024 16:15;65;kWh;-103747;250;0;0;103997;-103497
26/11/2024 16:15;26/11/2024 16:30;66;kWh;-21341;16747;0;0;38088;-4594
26/11/2024 16:30;26/11/2024 16:45;67;kWh;-52428;690;0;0;53118;-51738
26/11/2024 16:45;26/11/2024 17:00;68;kWh;-894;5353;0;0;6247;4459
26/11/2024 17:00;26/11/2024 17:15;69;kWh;-1350;1180;0;0;2530;-170
26/11/2024 17:15;26/11/2024 17:30;70;kWh;-70;3738;0;0;3808;3668
26/11/2024 17:30;26/11/2024 17:45;71;kWh;0;3626;0;0;3626;3626
26/11/2024 17:45;26/11/2024 18:00;72;kWh;0;16984;0;0;16984;16984
26/11/2024 18:00;26/11/2024 18:15;73;kWh;0;44916;0;0;44916;44916
26/11/2024 18:15;26/11/2024 18:30;74;kWh;0;49570;0;0;49570;49570
26/11/2024 18:30;26/11/2024 18:45;75;kWh;0;10030;0;0;10030;10030
26/11/2024 18:45;26/11/2024 19:00;76;kWh;0;6431;0;0;6431;6431
26/11/2024 19:00;26/11/2024 19:15;77;kWh;0;57492;0;0;57492;57492
26/11/2024 19:15;26/11/2024 19:30;78;kWh;0;37726;0;0;37726;37726
26/11/2024 19:30;26/11/2024 19:45;79;kWh;-106;1553;0;0;1659;1447
26/11/2024 19:45;26/11/2024 20:00;80;kWh;0;9739;0;0;9739;9739
26/11/2024 20:00;26/11/2024 20:15;81;kWh;0;13439;0;0;13439;13439
26/11/2024 20:15;26/11/2024 20:30;82;kWh;0;31497;0;0;31497;31497
26/11/2024 20:30;26/11/2024 20:45;83;kWh;-3717;2667;0;0;6384;-1050
26/11/2024 20:45;26/11/2024 21:00;84;kWh;-2786;21828;0;0;24614;19042
26/11/2024 21:00;26/11/2024 21:15;85;kWh;-4;41765;0;0;41769;41761
26/11/2024 21:15;26/11/2024 21:30;86;kWh;0;39289;0;0;39289;39289
26/11/2024 21:30;26/11/2024 21:45;87;kWh;0;40989;0;0;40989;40989
26/11/2024 21:45;26/11/2024 22:00;88;kWh;0;26566;0;0;26566;26566
26/11/2024 22:00;26/11/2024 22:15;89;kWh;-722;12707;0;0;13429;11985
26/11/2024 22:15;26/11/2024 22:30;90;kWh;-1855;16031;0;0;17886;14176
26/11/2024 22:30;26/11/2024 22:45;91;kWh;-9591;0;0;0;9591;-9591
26/11/2024 22:45;26/11/2024 23:00;92;kWh;-414;19;0;0;433;-395
26/11/2024 23:00;26/11/2024 23:15;93;kWh;0;50875;0;0;50875;50875
26/11/2024 23:15;26/11/2024 23:30;94;kWh;0;63819;0;0;63819;63819
26/11/2024 23:30;26/11/2024 23:45;95;kWh;-351;17750;0;0;18101;17399
26/11/2024 23:45;27/11/2024 00:00;96;kWh;-1198;1336;0;0;2534;138
27/11/2024 00:00;27/11/2024 00:15;1;kWh;0;2416;0;0;2416;2416
27/11/2024 00:15;27/11/2024 00:30;2;kWh;0;7468;0;0;7468;7468
27/11/2024 00:30;27/11/2024 00:45;3;kWh;-2493;13;0;0;2506;-2480
27/11/2024 00:45;27/11/2024 01:00;4;kWh;-42519;0;0;0;42519;-42519
27/11/2024 01:00;27/11/2024 01:15;5;kWh;-15896;616;0;0;16512;-15280
27/11/2024 01:15;27/11/2024 01:30;6;kWh;0;565;0;0;565;565
27/11/2024 01:30;27/11/2024 01:45;7;kWh;0;26100;0;0;26100;26100
27/11/2024 01:45;27/11/2024 02:00;8;kWh;0;33595;0;0;33595;33595
27/11/2024 02:00;27/11/2024 02:15;9;kWh;0;50640;0;0;50640;50640
27/11/2024 02:15;27/11/2024 02:30;10;kWh;0;55083;0;0;55083;55083
27/11/2024 02:30;27/11/2024 02:45;11;kWh;0;68356;0;0;68356;68356
27/11/2024 02:45;27/11/2024 03:00;12;kWh;0;61905;0;0;61905;61905
27/11/2024 03:00;27/11/2024 03:15;13;kWh;-8037;12235;0;0;20272;4198
27/11/2024 03:15;27/11/2024 03:30;14;kWh;-926;8959;0;0;9885;8033
27/11/2024 03:30;27/11/2024 03:45;15;kWh;0;30909;0;0;30909;30909
27/11/2024 03:45;27/11/2024 04:00;16;kWh;0;10881;0;0;10881;10881
27/11/2024 04:00;27/11/2024 04:15;17;kWh;-12104;5727;0;0;17831;-6377
27/11/2024 04:15;27/11/2024 04:30;18;kWh;-15323;0;0;0;15323;-15323
27/11/2024 04:30;27/11/2024 04:45;19;kWh;-39081;0;0;0;39081;-39081
27/11/2024 04:45;27/11/2024 05:00;20;kWh;-32821;0;0;0;32821;-32821
27/11/2024 05:00;27/11/2024 05:15;21;kWh;-9587;12572;0;0;22159;2985
27/11/2024 05:15;27/11/2024 05:30;22;kWh;0;10016;0;0;10016;10016
27/11/2024 05:30;27/11/2024 05:45;23;kWh;-2046;3230;0;0;5276;1184
27/11/2024 05:45;27/11/2024 06:00;24;kWh;-29376;0;0;0;29376;-29376
27/11/2024 06:00;27/11/2024 06:15;25;kWh;-13076;2032;0;0;15108;-11044
27/11/2024 06:15;27/11/2024 06:30;26;kWh;-314;9328;0;0;9642;9014
27/11/2024 06:30;27/11/2024 06:45;27;kWh;-465;16417;0;0;16882;15952
27/11/2024 06:45;27/11/2024 07:00;28;kWh;0;23635;0;0;23635;23635
27/11/2024 07:00;27/11/2024 07:15;29;kWh;-18282;3035;0;0;21317;-15247
27/11/2024 07:15;27/11/2024 07:30;30;kWh;-36258;0;0;0;36258;-36258
27/11/2024 07:30;27/11/2024 07:45;31;kWh;-8751;348;0;0;9099;-8403
27/11/2024 07:45;27/11/2024 08:00;32;kWh;0;3071;0;0;3071;3071
27/11/2024 08:00;27/11/2024 08:15;33;kWh;-22560;0;0;0;22560;-22560
27/11/2024 08:15;27/11/2024 08:30;34;kWh;-49094;0;0;0;49094;-49094
27/11/2024 08:30;27/11/2024 08:45;35;kWh;-61849;0;0;0;61849;-61849
27/11/2024 08:45;27/11/2024 09:00;36;kWh;-49497;0;0;0;49497;-49497
27/11/2024 09:00;27/11/2024 09:15;37;kWh;-7973;156;0;0;8129;-7817
27/11/2024 09:15;27/11/2024 09:30;38;kWh;-48640;0;0;0;48640;-48640
27/11/2024 09:30;27/11/2024 09:45;39;kWh;-41597;0;0;0;41597;-41597
27/11/2024 09:45;27/11/2024 10:00;40;kWh;-45284;0;0;0;45284;-45284
27/11/2024 10:00;27/11/2024 10:15;41;kWh;-23740;373;0;0;24113;-23367
27/11/2024 10:15;27/11/2024 10:30;42;kWh;-67;1626;0;0;1693;1559
27/11/2024 10:30;27/11/2024 10:45;43;kWh;-7157;561;0;0;7718;-6596
27/11/2024 10:45;27/11/2024 11:00;44;kWh;-50345;0;0;0;50345;-50345
27/11/2024 11:00;27/11/2024 11:15;45;kWh;-72113;0;0;0;72113;-72113
27/11/2024 11:15;27/11/2024 11:30;46;kWh;-76248;0;0;0;76248;-76248
27/11/2024 11:30;27/11/2024 11:45;47;kWh;-99656;0;0;0;99656;-99656
27/11/2024 11:45;27/11/2024 12:00;48;kWh;-86042;0;0;0;86042;-86042
27/11/2024 12:00;27/11/2024 12:15;49;kWh;-37534;147;0;0;37681;-37387
27/11/2024 12:15;27/11/2024 12:30;50;kWh;-13516;0;0;0;13516;-13516
27/11/2024 12:30;27/11/2024 12:45;51;kWh;-49073;0;0;0;49073;-49073
27/11/2024 12:45;27/11/2024 13:00;52;kWh;-70063;0;0;0;70063;-70063
27/11/2024 13:00;27/11/2024 13:15;53;kWh;-65005;0;0;0;65005;-65005
27/11/2024 13:15;27/11/2024 13:30;54;kWh;-4160;8380;0;0;12540;4220
27/11/2024 13:30;27/11/2024 13:45;55;kWh;-2381;392;0;0;2773;-1989
27/11/2024 13:45;27/11/2024 14:00;56;kWh;-1766;2257;0;0;4023;491
27/11/2024 14:00;27/11/2024 14:15;57;kWh;-24773;0;0;0;24773;-24773
27/11/2024 14:15;27/11/2024 14:30;58;kWh;-13860;0;0;0;13860;-13860
27/11/2024 14:30;27/11/2024 14:45;59;kWh;-6759;5179;0;0;11938;-1580
27/11/2024 14:45;27/11/2024 15:00;60;kWh;0;43753;0;0;43753;43753
27/11/2024 15:00;27/11/2024 15:15;61;kWh;-26353;17082;0;0;43435;-9271
27/11/2024 15:15;27/11/2024 15:30;62;kWh;-31550;0;0;0;31550;-31550
27/11/2024 15:30;27/11/2024 15:45;63;kWh;-16814;0;0;0;16814;-16814
27/11/2024 15:45;27/11/2024 16:00;64;kWh;-5486;734;0;0;6220;-4752
27/11/2024 16:00;27/11/2024 16:15;65;kWh;-61052;0;0;0;61052;-61052
27/11/2024 16:15;27/11/2024 16:30;66;kWh;-48781;0;0;0;48781;-48781
27/11/2024 16:30;27/11/2024 16:45;67;kWh;-42179;849;0;0;43028;-41330
27/11/2024 16:45;27/11/2024 17:00;68;kWh;-24228;7484;0;0;31712;-16744
27/11/2024 17:00;27/11/2024 17:15;69;kWh;-33863;712;0;0;34575;-33151
27/11/2024 17:15;27/11/2024 17:30;70;kWh;-106;40385;0;0;40491;40279
27/11/2024 17:30;27/11/2024 17:45;71;kWh;0;17036;0;0;17036;17036
27/11/2024 17:45;27/11/2024 18:00;72;kWh;0;13639;0;0;13639;13639
27/11/2024 18:00;27/11/2024 18:15;73;kWh;0;23117;0;0;23117;23117
27/11/2024 18:15;27/11/2024 18:30;74;kWh;-13823;9;0;0;13832;-13814
27/11/2024 18:30;27/11/2024 18:45;75;kWh;-6152;371;0;0;6523;-5781
27/11/2024 18:45;27/11/2024 19:00;76;kWh;0;13313;0;0;13313;13313
27/11/2024 19:00;27/11/2024 19:15;77;kWh;0;29369;0;0;29369;29369
27/11/2024 19:15;27/11/2024 19:30;78;kWh;0;70671;0;0;70671;70671
27/11/2024 19:30;27/11/2024 19:45;79;kWh;0;94920;0;0;94920;94920
27/11/2024 19:45;27/11/2024 20:00;80;kWh;0;72073;0;0;72073;72073
27/11/2024 20:00;27/11/2024 20:15;81;kWh;-9622;7984;0;0;17606;-1638
27/11/2024 20:15;27/11/2024 20:30;82;kWh;-204;50708;0;0;50912;50504
27/11/2024 20:30;27/11/2024 20:45;83;kWh;0;27317;0;0;27317;27317
27/11/2024 20:45;27/11/2024 21:00;84;kWh;-263;4251;0;0;4514;3988
27/11/2024 21:00;27/11/2024 21:15;85;kWh;-15375;5870;0;0;21245;-9505
27/11/2024 21:15;27/11/2024 21:30;86;kWh;-17692;1562;0;0;19254;-16130
27/11/2024 21:30;27/11/2024 21:45;87;kWh;-35345;0;0;0;35345;-35345
27/11/2024 21:45;27/11/2024 22:00;88;kWh;-31025;1626;0;0;32651;-29399
27/11/2024 22:00;27/11/2024 22:15;89;kWh;-33681;18093;0;0;51774;-15588
27/11/2024 22:15;27/11/2024 22:30;90;kWh;-42588;1256;0;0;43844;-41332
27/11/2024 22:30;27/11/2024 22:45;91;kWh;-41152;1993;0;0;43145;-39159
27/11/2024 22:45;27/11/2024 23:00;92;kWh;-14572;0;0;0;14572;-14572
27/11/2024 23:00;27/11/2024 23:15;93;kWh;-6191;3695;0;0;9886;-2496
27/11/2024 23:15;27/11/2024 23:30;94;kWh;-9208;121;0;0;9329;-9087
27/11/2024 23:30;27/11/2024 23:45;95;kWh;-29917;0;0;0;29917;-29917
27/11/2024 23:45;28/11/2024 00:00;96;kWh;-30679;337;0;0;31016;-30342
28/11/2024 00:00;28/11/2024 00:15;1;kWh;-1743;663;0;0;2406;-1080
28/11/2024 00:15;28/11/2024 00:30;2;kWh;-172;6873;0;0;7045;6701
28/11/2024 00:30;28/11/2024 00:45;3;kWh;-155;14766;0;0;14921;14611
28/11/2024 00:45;28/11/2024 01:00;4;kWh;-1342;2299;0;0;3641;957
28/11/2024 01:00;28/11/2024 01:15;5;kWh;-2541;13189;0;0;15730;10648
28/11/2024 01:15;28/11/2024 01:30;6;kWh;0;15829;0;0;15829;15829
28/11/2024 01:30;28/11/2024 01:45;7;kWh;0;463;0;0;463;463
28/11/2024 01:45;28/11/2024 02:00;8;kWh;-1145;0;0;0;1145;-1145
28/11/2024 02:00;28/11/2024 02:15;9;kWh;-616;37;0;0;653;-579
28/11/2024 02:15;28/11/2024 02:30;10;kWh;-6657;1;0;0;6658;-6656
28/11/2024 02:30;28/11/2024 02:45;11;kWh;-1845;1408;0;0;3253;-437
28/11/2024 02:45;28/11/2024 03:00;12;kWh;-7044;291;0;0;7335;-6753
28/11/2024 03:00;28/11/2024 03:15;13;kWh;-7016;1050;0;0;8066;-5966
28/11/2024 03:15;28/11/2024 03:30;14;kWh;-12439;100;0;0;12539;-12339
28/11/2024 03:30;28/11/2024 03:45;15;kWh;-16678;0;0;0;16678;-16678
28/11/2024 03:45;28/11/2024 04:00;16;kWh;-20189;0;0;0;20189;-20189
28/11/2024 04:00;28/11/2024 04:15;17;kWh;-24300;0;0;0;24300;-24300
28/11/2024 04:15;28/11/2024 04:30;18;kWh;-13559;0;0;0;13559;-13559
28/11/2024 04:30;28/11/2024 04:45;19;kWh;-16777;0;0;0;16777;-16777
28/11/2024 04:45;28/11/2024 05:00;20;kWh;-23720;432;0;0;24152;-23288
28/11/2024 05:00;28/11/2024 05:15;21;kWh;-1;20275;0;0;20276;20274
28/11/2024 05:15;28/11/2024 05:30;22;kWh;0;22543;0;0;22543;22543
28/11/2024 05:30;28/11/2024 05:45;23;kWh;0;24963;0;0;24963;24963
28/11/2024 05:45;28/11/2024 06:00;24;kWh;-166;21116;0;0;21282;20950
28/11/2024 06:00;28/11/2024 06:15;25;kWh;-29084;8144;0;0;37228;-20940
28/11/2024 06:15;28/11/2024 06:30;26;kWh;-39127;5974;0;0;45101;-33153
28/11/2024 06:30;28/11/2024 06:45;27;kWh;-9857;2224;0;0;12081;-7633
28/11/2024 06:45;28/11/2024 07:00;28;kWh;-530;7308;0;0;7838;6778
28/11/2024 07:00;28/11/2024 07:15;29;kWh;-10711;6609;0;0;17320;-4102
28/11/2024 07:15;28/11/2024 07:30;30;kWh;-60259;1486;0;0;61745;-58773
28/11/2024 07:30;28/11/2024 07:45;31;kWh;-54547;26080;0;0;80627;-28467
28/11/2024 07:45;28/11/2024 08:00;32;kWh;-18518;14157;0;0;32675;-4361
28/11/2024 08:00;28/11/2024 08:15;33;kWh;-16494;5870;0;0;22364;-10624
28/11/2024 08:15;28/11/2024 08:30;34;kWh;-6453;0;0;0;6453;-6453
28/11/2024 08:30;28/11/2024 08:45;35;kWh;-207;3348;0;0;3555;3141
28/11/2024 08:45;28/11/2024 09:00;36;kWh;-646;7430;0;0;8076;6784
28/11/2024 09:00;28/11/2024 09:15;37;kWh;-8595;296;0;0;8891;-8299
28/11/2024 09:15;28/11/2024 09:30;38;kWh;-27880;753;0;0;28633;-27127
28/11/2024 09:30;28/11/2024 09:45;39;kWh;-48908;0;0;0;48908;-48908
28/11/2024 09:45;28/11/2024 10:00;40;kWh;-104157;0;0;0;104157;-104157
28/11/2024 10:00;28/11/2024 10:15;41;kWh;-24589;45881;0;0;70470;21292
28/11/2024 10:15;28/11/2024 10:30;42;kWh;-50491;2966;0;0;53457;-47525
28/11/2024 10:30;28/11/2024 10:45;43;kWh;-92651;0;0;0;92651;-92651
28/11/2024 10:45;28/11/2024 11:00;44;kWh;-72300;0;0;0;72300;-72300
28/11/2024 11:00;28/11/2024 11:15;45;kWh;-47052;397;0;0;47449;-46655
28/11/2024 11:15;28/11/2024 11:30;46;kWh;-39123;315;0;0;39438;-38808
28/11/2024 11:30;28/11/2024 11:45;47;kWh;-46190;0;0;0;46190;-46190
28/11/2024 11:45;28/11/2024 12:00;48;kWh;-41025;0;0;0;41025;-41025
28/11/2024 12:00;28/11/2024 12:15;49;kWh;-24702;3145;0;0;27847;-21557
28/11/2024 12:15;28/11/2024 12:30;50;kWh;-27256;9603;0;0;36859;-17653
28/11/2024 12:30;28/11/2024 12:45;51;kWh;-26260;4719;0;0;30979;-21541
28/11/2024 12:45;28/11/2024 13:00;52;kWh;0;23801;0;0;23801;23801
28/11/2024 13:00;28/11/2024 13:15;53;kWh;-2318;8647;0;0;10965;6329
28/11/2024 13:15;28/11/2024 13:30;54;kWh;-14783;0;0;0;14783;-14783
28/11/2024 13:30;28/11/2024 13:45;55;kWh;0;68;0;0;68;68
28/11/2024 13:45;28/11/2024 14:00;56;kWh;0;5731;0;0;5731;5731
28/11/2024 14:00;28/11/2024 14:15;57;kWh;-3270;1143;0;0;4413;-2127
28/11/2024 14:15;28/11/2024 14:30;58;kWh;-41706;0;0;0;41706;-41706
28/11/2024 14:30;28/11/2024 14:45;59;kWh;-35562;0;0;0;35562;-35562
28/11/2024 14:45;28/11/2024 15:00;60;kWh;-883;12755;0;0;13638;11872
28/11/2024 15:00;28/11/2024 15:15;61;kWh;-60750;203;0;0;60953;-60547
28/11/2024 15:15;28/11/2024 15:30;62;kWh;-43830;0;0;0;43830;-43830
28/11/2024 15:30;28/11/2024 15:45;63;kWh;-45026;0;0;0;45026;-45026
28/11/2024 15:45;28/11/2024 16:00;64;kWh;-25777;17;0;0;25794;-25760
28/11/2024 16:00;28/11/2024 16:15;65;kWh;-487;14072;0;0;14559;13585
28/11/2024 16:15;28/11/2024 16:30;66;kWh;0;42531;0;0;42531;42531
28/11/2024 16:30;28/11/2024 16:45;67;kWh;0;33173;0;0;33173;33173
28/11/2024 16:45;28/11/2024 17:00;68;kWh;0;61074;0;0;61074;61074
28/11/2024 17:00;28/11/2024 17:15;69;kWh;0;39579;0;0;39579;39579
28/11/2024 17:15;28/11/2024 17:30;70;kWh;0;57348;0;0;57348;57348
28/11/2024 17:30;28/11/2024 17:45;71;kWh;0;36994;0;0;36994;36994
28/11/2024 17:45;28/11/2024 18:00;72;kWh;0;31507;0;0;31507;31507
28/11/2024 18:00;28/11/2024 18:15;73;kWh;-4874;2779;0;0;7653;-2095
28/11/2024 18:15;28/11/2024 18:30;74;kWh;-17954;0;0;0;17954;-17954
28/11/2024 18:30;28/11/2024 18:45;75;kWh;0;9080;0;0;9080;9080
28/11/2024 18:45;28/11/2024 19:00;76;kWh;0;27855;0;0;27855;27855
28/11/2024 19:00;28/11/2024 19:15;77;kWh;-35;21065;0;0;21100;21030
28/11/2024 19:15;28/11/2024 19:30;78;kWh;-196;7364;0;0;7560;7168
28/11/2024 19:30;28/11/2024 19:45;79;kWh;0;1920;0;0;1920;1920
28/11/2024 19:45;28/11/2024 20:00;80;kWh;-51;14455;0;0;14506;14404
28/11/2024 20:00;28/11/2024 20:15;81;kWh;-196;19881;0;0;20077;19685
28/11/2024 20:15;28/11/2024 20:30;82;kWh;0;5467;0;0;5467;5467
28/11/2024 20:30;28/11/2024 20:45;83;kWh;0;10919;0;0;10919;10919
28/11/2024 20:45;28/11/2024 21:00;84;kWh;0;11604;0;0;11604;11604
28/11/2024 21:00;28/11/2024 21:15;85;kWh;0;30400;0;0;30400;30400
28/11/2024 21:15;28/11/2024 21:30;86;kWh;0;29203;0;0;29203;29203
28/11/2024 21:30;28/11/2024 21:45;87;kWh;0;17987;0;0;17987;17987
28/11/2024 21:45;28/11/2024 22:00;88;kWh;0;219;0;0;219;219
28/11/2024 22:00;28/11/2024 22:15;89;kWh;0;6504;0;0;6504;6504
28/11/2024 22:15;28/11/2024 22:30;90;kWh;0;36438;0;0;36438;36438
28/11/2024 22:30;28/11/2024 22:45;91;kWh;0;30581;0;0;30581;30581
28/11/2024 22:45;28/11/2024 23:00;92;kWh;-102;13162;0;0;13264;13060
28/11/2024 23:00;28/11/2024 23:15;93;kWh;-285;40478;0;0;40763;40193
28/11/2024 23:15;28/11/2024 23:30;94;kWh;0;35299;0;0;35299;35299
28/11/2024 23:30;28/11/2024 23:45;95;kWh;0;21865;0;0;21865;21865
28/11/2024 23:45;29/11/2024 00:00;96;kWh;0;11031;0;0;11031;11031
29/11/2024 00:00;29/11/2024 00:15;1;kWh;0;28802;0;0;28802;28802
29/11/2024 00:15;29/11/2024 00:30;2;kWh;0;40586;0;0;40586;40586
29/11/2024 00:30;29/11/2024 00:45;3;kWh;0;3463;0;0;3463;3463
29/11/2024 00:45;29/11/2024 01:00;4;kWh;0;1525;0;0;1525;1525
29/11/2024 01:00;29/11/2024 01:15;5;kWh;0;32354;0;0;32354;32354
29/11/2024 01:15;29/11/2024 01:30;6;kWh;0;50687;0;0;50687;50687
29/11/2024 01:30;29/11/2024 01:45;7;kWh;0;15917;0;0;15917;15917
29/11/2024 01:45;29/11/2024 02:00;8;kWh;0;2336;0;0;2336;2336
29/11/2024 02:00;29/11/2024 02:15;9;kWh;-596;9496;0;0;10092;8900
29/11/2024 02:15;29/11/2024 02:30;10;kWh;0;20637;0;0;20637;20637
29/11/2024 02:30;29/11/2024 02:45;11;kWh;0;37377;0;0;37377;37377
29/11/2024 02:45;29/11/2024 03:00;12;kWh;-12;10248;0;0;10260;10236
29/11/2024 03:00;29/11/2024 03:15;13;kWh;-8351;0;0;0;8351;-8351
29/11/2024 03:15;29/11/2024 03:30;14;kWh;-461;0;0;0;461;-461
29/11/2024 03:30;29/11/2024 03:45;15;kWh;-2291;0;0;0;2291;-2291
29/11/2024 03:45;29/11/2024 04:00;16;kWh;-12566;0;0;0;12566;-12566
29/11/2024 04:00;29/11/2024 04:15;17;kWh;-12522;0;0;0;12522;-12522
29/11/2024 04:15;29/11/2024 04:30;18;kWh;-2566;0;0;0;2566;-2566
29/11/2024 04:30;29/11/2024 04:45;19;kWh;-1170;0;0;0;1170;-1170
29/11/2024 04:45;29/11/2024 05:00;20;kWh;-6777;0;0;0;6777;-6777
29/11/2024 05:00;29/11/2024 05:15;21;kWh;-23759;0;0;0;23759;-23759
29/11/2024 05:15;29/11/2024 05:30;22;kWh;-13227;0;0;0;13227;-13227
29/11/2024 05:30;29/11/2024 05:45;23;kWh;-18361;129;0;0;18490;-18232
29/11/2024 05:45;29/11/2024 06:00;24;kWh;-9530;532;0;0;10062;-8998
29/11/2024 06:00;29/11/2024 06:15;25;kWh;-44964;857;0;0;45821;-44107
29/11/2024 06:15;29/11/2024 06:30;26;kWh;-3;2173;0;0;2176;2170
29/11/2024 06:30;29/11/2024 06:45;27;kWh;0;690;0;0;690;690
29/11/2024 06:45;29/11/2024 07:00;28;kWh;0;3763;0;0;3763;3763
29/11/2024 07:00;29/11/2024 07:15;29;kWh;-19210;179;0;0;19389;-19031
29/11/2024 07:15;29/11/2024 07:30;30;kWh;-1148;7239;0;0;8387;6091
29/11/2024 07:30;29/11/2024 07:45;31;kWh;0;27254;0;0;27254;27254
29/11/2024 07:45;29/11/2024 08:00;32;kWh;0;44505;0;0;44505;44505
29/11/2024 08:00;29/11/2024 08:15;33;kWh;-134;9061;0;0;9195;8927
29/11/2024 08:15;29/11/2024 08:30;34;kWh;0;10022;0;0;10022;10022
29/11/2024 08:30;29/11/2024 08:45;35;kWh;0;14937;0;0;14937;14937
29/11/2024 08:45;29/11/2024 09:00;36;kWh;-2993;40;0;0;3033;-2953
29/11/2024 09:00;29/11/2024 09:15;37;kWh;-4295;17557;0;0;21852;13262
29/11/2024 09:15;29/11/2024 09:30;38;kWh;-23569;1418;0;0;24987;-22151
29/11/2024 09:30;29/11/2024 09:45;39;kWh;-57179;0;0;0;57179;-57179
29/11/2024 09:45;29/11/2024 10:00;40;kWh;-99611;0;0;0;99611;-99611
29/11/2024 10:00;29/11/2024 10:15;41;kWh;-50291;0;0;0;50291;-50291
29/11/2024 10:15;29/11/2024 10:30;42;kWh;-64097;0;0;0;64097;-64097
29/11/2024 10:30;29/11/2024 10:45;43;kWh;-99566;0;0;0;99566;-99566
29/11/2024 10:45;29/11/2024 11:00;44;kWh;-97137;0;0;0;97137;-97137
29/11/2024 11:00;29/11/2024 11:15;45;kWh;-38001;0;0;0;38001;-38001
29/11/2024 11:15;29/11/2024 11:30;46;kWh;-6025;0;0;0;6025;-6025
29/11/2024 11:30;29/11/2024 11:45;47;kWh;-2144;0;0;0;2144;-2144
29/11/2024 11:45;29/11/2024 12:00;48;kWh;-33116;0;0;0;33116;-33116
29/11/2024 12:00;29/11/2024 12:15;49;kWh;-16870;11434;0;0;28304;-5436
29/11/2024 12:15;29/11/2024 12:30;50;kWh;-4221;953;0;0;5174;-3268
29/11/2024 12:30;29/11/2024 12:45;51;kWh;-32257;0;0;0;32257;-32257
29/11/2024 12:45;29/11/2024 13:00;52;kWh;-41657;0;0;0;41657;-41657
29/11/2024 13:00;29/11/2024 13:15;53;kWh;-66957;0;0;0;66957;-66957
29/11/2024 13:15;29/11/2024 13:30;54;kWh;-50219;0;0;0;50219;-50219
29/11/2024 13:30;29/11/2024 13:45;55;kWh;-50138;0;0;0;50138;-50138
29/11/2024 13:45;29/11/2024 14:00;56;kWh;-38759;0;0;0;38759;-38759
29/11/2024 14:00;29/11/2024 14:15;57;kWh;-96083;0;0;0;96083;-96083
29/11/2024 14:15;29/11/2024 14:30;58;kWh;-49749;28;0;0;49777;-49721
29/11/2024 14:30;29/11/2024 14:45;59;kWh;-40015;0;0;0;40015;-40015
29/11/2024 14:45;29/11/2024 15:00;60;kWh;-837;0;0;0;837;-837
29/11/2024 15:00;29/11/2024 15:15;61;kWh;-54492;0;0;0;54492;-54492
29/11/2024 15:15;29/11/2024 15:30;62;kWh;-3317;8725;0;0;12042;5408
29/11/2024 15:30;29/11/2024 15:45;63;kWh;0;26877;0;0;26877;26877
29/11/2024 15:45;29/11/2024 16:00;64;kWh;0;44357;0;0;44357;44357
29/11/2024 16:00;29/11/2024 16:15;65;kWh;-9121;17926;0;0;27047;8805
29/11/2024 16:15;29/11/2024 16:30;66;kWh;-16489;0;0;0;16489;-16489
29/11/2024 16:30;29/11/2024 16:45;67;kWh;-30681;0;0;0;30681;-30681
29/11/2024 16:45;29/11/2024 17:00;68;kWh;-62456;0;0;0;62456;-62456
29/11/2024 17:00;29/11/2024 17:15;69;kWh;-81296;0;0;0;81296;-81296
29/11/2024 17:15;29/11/2024 17:30;70;kWh;-120600;0;0;0;120600;-120600
29/11/2024 17:30;29/11/2024 17:45;71;kWh;-112301;0;0;0;112301;-112301
29/11/2024 17:45;29/11/2024 18:00;72;kWh;-114607;0;0;0;114607;-114607
29/11/2024 18:00;29/11/2024 18:15;73;kWh;-63052;0;0;0;63052;-63052
29/11/2024 18:15;29/11/2024 18:30;74;kWh;-79517;0;0;0;79517;-79517
29/11/2024 18:30;29/11/2024 18:45;75;kWh;-93070;0;0;0;93070;-93070
29/11/2024 18:45;29/11/2024 19:00;76;kWh;-111526;0;0;0;111526;-111526
29/11/2024 19:00;29/11/2024 19:15;77;kWh;-69075;0;0;0;69075;-69075
29/11/2024 19:15;29/11/2024 19:30;78;kWh;-47245;0;0;0;47245;-47245
29/11/2024 19:30;29/11/2024 19:45;79;kWh;-65648;0;0;0;65648;-65648
29/11/2024 19:45;29/11/2024 20:00;80;kWh;-67905;0;0;0;67905;-67905
29/11/2024 20:00;29/11/2024 20:15;81;kWh;-35837;0;0;0;35837;-35837
29/11/2024 20:15;29/11/2024 20:30;82;kWh;-5177;685;0;0;5862;-4492
29/11/2024 20:30;29/11/2024 20:45;83;kWh;-5883;0;0;0;5883;-5883
29/11/2024 20:45;29/11/2024 21:00;84;kWh;-15386;654;0;0;16040;-14732
29/11/2024 21:00;29/11/2024 21:15;85;kWh;-13136;1716;0;0;14852;-11420
29/11/2024 21:15;29/11/2024 21:30;86;kWh;-11554;0;0;0;11554;-11554
29/11/2024 21:30;29/11/2024 21:45;87;kWh;-59820;0;0;0;59820;-59820
29/11/2024 21:45;29/11/2024 22:00;88;kWh;-47594;0;0;0;47594;-47594
29/11/2024 22:00;29/11/2024 22:15;89;kWh;-61235;0;0;0;61235;-61235
29/11/2024 22:15;29/11/2024 22:30;90;kWh;-26167;195;0;0;26362;-25972
29/11/2024 22:30;29/11/2024 22:45;91;kWh;-52;1558;0;0;1610;1506
29/11/2024 22:45;29/11/2024 23:00;92;kWh;-31954;0;0;0;31954;-31954
29/11/2024 23:00;29/11/2024 23:15;93;kWh;-30522;79;0;0;30601;-30443
29/11/2024 23:15;29/11/2024 23:30;94;kWh;-12493;53;0;0;12546;-12440
29/11/2024 23:30;29/11/2024 23:45;95;kWh;-26602;0;0;0;26602;-26602
29/11/2024 23:45;30/11/2024 00:00;96;kWh;-40126;0;0;0;40126;-40126
30/11/2024 00:00;30/11/2024 00:15;1;kWh;-30769;15796;0;0;46565;-14973
30/11/2024 00:15;30/11/2024 00:30;2;kWh;-3190;26123;0;0;29313;22933
30/11/2024 00:30;30/11/2024 00:45;3;kWh;-29118;0;0;0;29118;-29118
30/11/2024 00:45;30/11/2024 01:00;4;kWh;-39813;0;0;0;39813;-39813
30/11/2024 01:00;30/11/2024 01:15;5;kWh;-2317;16543;0;0;18860;14226
30/11/2024 01:15;30/11/2024 01:30;6;kWh;0;11251;0;0;11251;11251
30/11/2024 01:30;30/11/2024 01:45;7;kWh;0;3472;0;0;3472;3472
30/11/2024 01:45;30/11/2024 02:00;8;kWh;0;392;0;0;392;392
30/11/2024 02:00;30/11/2024 02:15;9;kWh;-658;898;0;0;1556;240
30/11/2024 02:15;30/11/2024 02:30;10;kWh;-3805;289;0;0;4094;-3516
30/11/2024 02:30;30/11/2024 02:45;11;kWh;-14863;0;0;0;14863;-14863
30/11/2024 02:45;30/11/2024 03:00;12;kWh;-20723;0;0;0;20723;-20723
30/11/2024 03:00;30/11/2024 03:15;13;kWh;-10395;0;0;0;10395;-10395
30/11/2024 03:15;30/11/2024 03:30;14;kWh;-3784;0;0;0;3784;-3784
30/11/2024 03:30;30/11/2024 03:45;15;kWh;-4169;0;0;0;4169;-4169
30/11/2024 03:45;30/11/2024 04:00;16;kWh;-17147;106;0;0;17253;-17041
30/11/2024 04:00;30/11/2024 04:15;17;kWh;0;24101;0;0;24101;24101
30/11/2024 04:15;30/11/2024 04:30;18;kWh;-734;11192;0;0;11926;10458
30/11/2024 04:30;30/11/2024 04:45;19;kWh;-6363;0;0;0;6363;-6363
30/11/2024 04:45;30/11/2024 05:00;20;kWh;-23335;0;0;0;23335;-23335
30/11/2024 05:00;30/11/2024 05:15;21;kWh;-45420;0;0;0;45420;-45420
30/11/2024 05:15;30/11/2024 05:30;22;kWh;-54009;0;0;0;54009;-54009
30/11/2024 05:30;30/11/2024 05:45;23;kWh;-9943;617;0;0;10560;-9326
30/11/2024 05:45;30/11/2024 06:00;24;kWh;-126;2425;0;0;2551;2299
30/11/2024 06:00;30/11/2024 06:15;25;kWh;-22043;513;0;0;22556;-21530
30/11/2024 06:15;30/11/2024 06:30;26;kWh;-31502;0;0;0;31502;-31502
30/11/2024 06:30;30/11/2024 06:45;27;kWh;-7286;0;0;0;7286;-7286
30/11/2024 06:45;30/11/2024 07:00;28;kWh;-809;4907;0;0;5716;4098
30/11/2024 07:00;30/11/2024 07:15;29;kWh;-22072;640;0;0;22712;-21432
30/11/2024 07:15;30/11/2024 07:30;30;kWh;-7252;1996;0;0;9248;-5256
30/11/2024 07:30;30/11/2024 07:45;31;kWh;0;28805;0;0;28805;28805
30/11/2024 07:45;30/11/2024 08:00;32;kWh;0;27263;0;0;27263;27263
30/11/2024 08:00;30/11/2024 08:15;33;kWh;-43043;2420;0;0;45463;-40623
30/11/2024 08:15;30/11/2024 08:30;34;kWh;-28002;0;0;0;28002;-28002
30/11/2024 08:30;30/11/2024 08:45;35;kWh;-9758;2230;0;0;11988;-7528
30/11/2024 08:45;30/11/2024 09:00;36;kWh;-43;11702;0;0;11745;11659
30/11/2024 09:00;30/11/2024 09:15;37;kWh;-1;10547;0;0;10548;10546
30/11/2024 09:15;30/11/2024 09:30;38;kWh;-22043;119;0;0;22162;-21924
30/11/2024 09:30;30/11/2024 09:45;39;kWh;-50728;0;0;0;50728;-50728
30/11/2024 09:45;30/11/2024 10:00;40;kWh;-63474;0;0;0;63474;-63474
30/11/2024 10:00;30/11/2024 10:15;41;kWh;-14173;56079;0;0;70252;41906
30/11/2024 10:15;30/11/2024 10:30;42;kWh;-28709;3933;0;0;32642;-24776
30/11/2024 10:30;30/11/2024 10:45;43;kWh;-66367;0;0;0;66367;-66367
30/11/2024 10:45;30/11/2024 11:00;44;kWh;-82552;0;0;0;82552;-82552
30/11/2024 11:00;30/11/2024 11:15;45;kWh;-29139;0;0;0;29139;-29139
30/11/2024 11:15;30/11/2024 11:30;46;kWh;-9860;0;0;0;9860;-9860
30/11/2024 11:30;30/11/2024 11:45;47;kWh;-53575;0;0;0;53575;-53575
30/11/2024 11:45;30/11/2024 12:00;48;kWh;-71970;0;0;0;71970;-71970
30/11/2024 12:00;30/11/2024 12:15;49;kWh;-80224;0;0;0;80224;-80224
30/11/2024 12:15;30/11/2024 12:30;50;kWh;-50388;0;0;0;50388;-50388
30/11/2024 12:30;30/11/2024 12:45;51;kWh;-28464;0;0;0;28464;-28464
30/11/2024 12:45;30/11/2024 13:00;52;kWh;-12897;0;0;0;12897;-12897
30/11/2024 13:00;30/11/2024 13:15;53;kWh;-39562;12;0;0;39574;-39550
30/11/2024 13:15;30/11/2024 13:30;54;kWh;-1633;276;0;0;1909;-1357
30/11/2024 13:30;30/11/2024 13:45;55;kWh;0;21761;0;0;21761;21761
30/11/2024 13:45;30/11/2024 14:00;56;kWh;0;20164;0;0;20164;20164
30/11/2024 14:00;30/11/2024 14:15;57;kWh;-2221;12868;0;0;15089;10647
30/11/2024 14:15;30/11/2024 14:30;58;kWh;-240;18225;0;0;18465;17985
30/11/2024 14:30;30/11/2024 14:45;59;kWh;0;49567;0;0;49567;49567
30/11/2024 14:45;30/11/2024 15:00;60;kWh;-27;41520;0;0;41547;41493
30/11/2024 15:00;30/11/2024 15:15;61;kWh;-4490;1101;0;0;5591;-3389
30/11/2024 15:15;30/11/2024 15:30;62;kWh;0;26649;0;0;26649;26649
30/11/2024 15:30;30/11/2024 15:45;63;kWh;0;18180;0;0;18180;18180
30/11/2024 15:45;30/11/2024 16:00;64;kWh;0;43210;0;0;43210;43210
30/11/2024 16:00;30/11/2024 16:15;65;kWh;-15100;20099;0;0;35199;4999
30/11/2024 16:15;30/11/2024 16:30;66;kWh;-19415;249;0;0;19664;-19166
30/11/2024 16:30;30/11/2024 16:45;67;kWh;-30274;249;0;0;30523;-30025
30/11/2024 16:45;30/11/2024 17:00;68;kWh;-1056;3548;0;0;4604;2492
30/11/2024 17:00;30/11/2024 17:15;69;kWh;-30817;5311;0;0;36128;-25506
30/11/2024 17:15;30/11/2024 17:30;70;kWh;-59177;249;0;0;59426;-58928
30/11/2024 17:30;30/11/2024 17:45;71;kWh;-48415;249;0;0;48664;-48166
30/11/2024 17:45;30/11/2024 18:00;72;kWh;-42792;249;0;0;43041;-42543
30/11/2024 18:00;30/11/2024 18:15;73;kWh;-4837;283;0;0;5120;-4554
30/11/2024 18:15;30/11/2024 18:30;74;kWh;-28967;249;0;0;29216;-28718
30/11/2024 18:30;30/11/2024 18:45;75;kWh;-61775;249;0;0;62024;-61526
30/11/2024 18:45;30/11/2024 19:00;76;kWh;-45293;249;0;0;45542;-45044
30/11/2024 19:00;30/11/2024 19:15;77;kWh;-18158;22667;0;0;40825;4509
30/11/2024 19:15;30/11/2024 19:30;78;kWh;-974;9099;0;0;10073;8125
30/11/2024 19:30;30/11/2024 19:45;79;kWh;-3667;930;0;0;4597;-2737
30/11/2024 19:45;30/11/2024 20:00;80;kWh;-5205;649;0;0;5854;-4556
30/11/2024 20:00;30/11/2024 20:15;81;kWh;-1027;32678;0;0;33705;31651
30/11/2024 20:15;30/11/2024 20:30;82;kWh;0;25653;0;0;25653;25653
30/11/2024 20:30;30/11/2024 20:45;83;kWh;-512;8925;0;0;9437;8413
30/11/2024 20:45;30/11/2024 21:00;84;kWh;-1588;17034;0;0;18622;15446
30/11/2024 21:00;30/11/2024 21:15;85;kWh;-657;26977;0;0;27634;26320
30/11/2024 21:15;30/11/2024 21:30;86;kWh;-354;3470;0;0;3824;3116
30/11/2024 21:30;30/11/2024 21:45;87;kWh;0;1558;0;0;1558;1558
30/11/2024 21:45;30/11/2024 22:00;88;kWh;0;1309;0;0;1309;1309
30/11/2024 22:00;30/11/2024 22:15;89;kWh;0;6177;0;0;6177;6177
30/11/2024 22:15;30/11/2024 22:30;90;kWh;0;5868;0;0;5868;5868
30/11/2024 22:30;30/11/2024 22:45;91;kWh;0;57755;0;0;57755;57755
30/11/2024 22:45;30/11/2024 23:00;92;kWh;0;83702;0;0;83702;83702
30/11/2024 23:00;30/11/2024 23:15;93;kWh;0;58681;0;0;58681;58681
30/11/2024 23:15;30/11/2024 23:30;94;kWh;-392;5089;0;0;5481;4697
30/11/2024 23:30;30/11/2024 23:45;95;kWh;-225;618;0;0;843;393
30/11/2024 23:45;01/12/2024 00:00;96;kWh;-2846;249;0;0;3095;-2597
01/12/2024 00:00;01/12/2024 00:15;1;kWh;-31723;0;0;0;31723;-31723
01/12/2024 00:15;01/12/2024 00:30;2;kWh;-188;194;0;0;382;6
01/12/2024 00:30;01/12/2024 00:45;3;kWh;-102;0;0;0;102;-102
01/12/2024 00:45;01/12/2024 01:00;4;kWh;-1291;0;0;0;1291;-1291
01/12/2024 01:00;01/12/2024 01:15;5;kWh;-880;10204;0;0;11084;9324
01/12/2024 01:15;01/12/2024 01:30;6;kWh;-3878;558;0;0;4436;-3320
01/12/2024 01:30;01/12/2024 01:45;7;kWh;-3231;0;0;0;3231;-3231
01/12/2024 01:45;01/12/2024 02:00;8;kWh;-6657;0;0;0;6657;-6657
01/12/2024 02:00;01/12/2024 02:15;9;kWh;-2335;11776;0;0;14111;9441
01/12/2024 02:15;01/12/2024 02:30;10;kWh;-640;16335;0;0;16975;15695
01/12/2024 02:30;01/12/2024 02:45;11;kWh;-3223;0;0;0;3223;-3223
01/12/2024 02:45;01/12/2024 03:00;12;kWh;-2100;0;0;0;2100;-2100
01/12/2024 03:00;01/12/2024 03:15;13;kWh;-440;10580;0;0;11020;10140
01/12/2024 03:15;01/12/2024 03:30;14;kWh;0;2193;0;0;2193;2193
01/12/2024 03:30;01/12/2024 03:45;15;kWh;-2385;0;0;0;2385;-2385
01/12/2024 03:45;01/12/2024 04:00;16;kWh;-18719;0;0;0;18719;-18719
01/12/2024 04:00;01/12/2024 04:15;17;kWh;-6442;3739;0;0;10181;-2703
01/12/2024 04:15;01/12/2024 04:30;18;kWh;-2586;1983;0;0;4569;-603
01/12/2024 04:30;01/12/2024 04:45;19;kWh;-2071;3164;0;0;5235;1093
01/12/2024 04:45;01/12/2024 05:00;20;kWh;0;2827;0;0;2827;2827
01/12/2024 05:00;01/12/2024 05:15;21;kWh;0;35186;0;0;35186;35186
01/12/2024 05:15;01/12/2024 05:30;22;kWh;0;49753;0;0;49753;49753
01/12/2024 05:30;01/12/2024 05:45;23;kWh;0;54534;0;0;54534;54534
01/12/2024 05:45;01/12/2024 06:00;24;kWh;0;64798;0;0;64798;64798
01/12/2024 06:00;01/12/2024 06:15;25;kWh;0;50122;0;0;50122;50122
01/12/2024 06:15;01/12/2024 06:30;26;kWh;0;36613;0;0;36613;36613
01/12/2024 06:30;01/12/2024 06:45;27;kWh;0;23606;0;0;23606;23606
01/12/2024 06:45;01/12/2024 07:00;28;kWh;0;18333;0;0;18333;18333
01/12/2024 07:00;01/12/2024 07:15;29;kWh;-13615;2017;0;0;15632;-11598
01/12/2024 07:15;01/12/2024 07:30;30;kWh;-629;10926;0;0;11555;10297
01/12/2024 07:30;01/12/2024 07:45;31;kWh;0;14440;0;0;14440;14440
01/12/2024 07:45;01/12/2024 08:00;32;kWh;0;25693;0;0;25693;25693
01/12/2024 08:00;01/12/2024 08:15;33;kWh;0;18872;0;0;18872;18872
01/12/2024 08:15;01/12/2024 08:30;34;kWh;0;22384;0;0;22384;22384
01/12/2024 08:30;01/12/2024 08:45;35;kWh;0;19168;0;0;19168;19168
01/12/2024 08:45;01/12/2024 09:00;36;kWh;0;1036;0;0;1036;1036
01/12/2024 09:00;01/12/2024 09:15;37;kWh;0;65160;0;0;65160;65160
01/12/2024 09:15;01/12/2024 09:30;38;kWh;0;57511;0;0;57511;57511
01/12/2024 09:30;01/12/2024 09:45;39;kWh;-397;12761;0;0;13158;12364
01/12/2024 09:45;01/12/2024 10:00;40;kWh;-16054;129;0;0;16183;-15925
01/12/2024 10:00;01/12/2024 10:15;41;kWh;-686;63030;0;0;63716;62344
01/12/2024 10:15;01/12/2024 10:30;42;kWh;0;39183;0;0;39183;39183
01/12/2024 10:30;01/12/2024 10:45;43;kWh;0;32295;0;0;32295;32295
01/12/2024 10:45;01/12/2024 11:00;44;kWh;-9605;9473;0;0;19078;-132
01/12/2024 11:00;01/12/2024 11:15;45;kWh;-5744;39790;0;0;45534;34046
01/12/2024 11:15;01/12/2024 11:30;46;kWh;0;47654;0;0;47654;47654
01/12/2024 11:30;01/12/2024 11:45;47;kWh;-337;2599;0;0;2936;2262
01/12/2024 11:45;01/12/2024 12:00;48;kWh;-4935;0;0;0;4935;-4935
01/12/2024 12:00;01/12/2024 12:15;49;kWh;-34233;0;0;0;34233;-34233
01/12/2024 12:15;01/12/2024 12:30;50;kWh;-15104;0;0;0;15104;-15104
01/12/2024 12:30;01/12/2024 12:45;51;kWh;-4346;0;0;0;4346;-4346
01/12/2024 12:45;01/12/2024 13:00;52;kWh;-11063;0;0;0;11063;-11063
01/12/2024 13:00;01/12/2024 13:15;53;kWh;-69604;0;0;0;69604;-69604
01/12/2024 13:15;01/12/2024 13:30;54;kWh;-40783;0;0;0;40783;-40783
01/12/2024 13:30;01/12/2024 13:45;55;kWh;-38930;0;0;0;38930;-38930
01/12/2024 13:45;01/12/2024 14:00;56;kWh;-28839;0;0;0;28839;-28839
01/12/2024 14:00;01/12/2024 14:15;57;kWh;-23398;0;0;0;23398;-23398
01/12/2024 14:15;01/12/2024 14:30;58;kWh;-305;25003;0;0;25308;24698
01/12/2024 14:30;01/12/2024 14:45;59;kWh;0;81102;0;0;81102;81102
01/12/2024 14:45;01/12/2024 15:00;60;kWh;0;79786;0;0;79786;79786
01/12/2024 15:00;01/12/2024 15:15;61;kWh;0;49917;0;0;49917;49917
01/12/2024 15:15;01/12/2024 15:30;62;kWh;0;82412;0;0;82412;82412
01/12/2024 15:30;01/12/2024 15:45;63;kWh;0;47502;0;0;47502;47502
01/12/2024 15:45;01/12/2024 16:00;64;kWh;-13406;1693;0;0;15099;-11713
01/12/2024 16:00;01/12/2024 16:15;65;kWh;-48164;0;0;0;48164;-48164
01/12/2024 16:15;01/12/2024 16:30;66;kWh;-51459;0;0;0;51459;-51459
01/12/2024 16:30;01/12/2024 16:45;67;kWh;-50717;0;0;0;50717;-50717
01/12/2024 16:45;01/12/2024 17:00;68;kWh;-40832;0;0;0;40832;-40832
01/12/2024 17:00;01/12/2024 17:15;69;kWh;-76133;0;0;0;76133;-76133
01/12/2024 17:15;01/12/2024 17:30;70;kWh;-65942;59;0;0;66001;-65883
01/12/2024 17:30;01/12/2024 17:45;71;kWh;-87562;0;0;0;87562;-87562
01/12/2024 17:45;01/12/2024 18:00;72;kWh;-79201;0;0;0;79201;-79201
01/12/2024 18:00;01/12/2024 18:15;73;kWh;-52307;0;0;0;52307;-52307
01/12/2024 18:15;01/12/2024 18:30;74;kWh;-86441;0;0;0;86441;-86441
01/12/2024 18:30;01/12/2024 18:45;75;kWh;-94785;0;0;0;94785;-94785
01/12/2024 18:45;01/12/2024 19:00;76;kWh;-93526;0;0;0;93526;-93526
01/12/2024 19:00;01/12/2024 19:15;77;kWh;-72536;0;0;0;72536;-72536
01/12/2024 19:15;01/12/2024 19:30;78;kWh;-27526;0;0;0;27526;-27526
01/12/2024 19:30;01/12/2024 19:45;79;kWh;-15255;0;0;0;15255;-15255
01/12/2024 19:45;01/12/2024 20:00;80;kWh;-34991;0;0;0;34991;-34991
01/12/2024 20:00;01/12/2024 20:15;81;kWh;-30829;0;0;0;30829;-30829
01/12/2024 20:15;01/12/2024 20:30;82;kWh;-10166;0;0;0;10166;-10166
01/12/2024 20:30;01/12/2024 20:45;83;kWh;-3553;0;0;0;3553;-3553
01/12/2024 20:45;01/12/2024 21:00;84;kWh;-22477;0;0;0;22477;-22477
01/12/2024 21:00;01/12/2024 21:15;85;kWh;-20184;0;0;0;20184;-20184
01/12/2024 21:15;01/12/2024 21:30;86;kWh;-9188;0;0;0;9188;-9188
01/12/2024 21:30;01/12/2024 21:45;87;kWh;-22421;0;0;0;22421;-22421
01/12/2024 21:45;01/12/2024 22:00;88;kWh;-33283;0;0;0;33283;-33283
01/12/2024 22:00;01/12/2024 22:15;89;kWh;-14580;1675;0;0;16255;-12905
01/12/2024 22:15;01/12/2024 22:30;90;kWh;0;2881;0;0;2881;2881
01/12/2024 22:30;01/12/2024 22:45;91;kWh;-2604;1351;0;0;3955;-1253
01/12/2024 22:45;01/12/2024 23:00;92;kWh;-16372;0;0;0;16372;-16372
01/12/2024 23:00;01/12/2024 23:15;93;kWh;-17530;0;0;0;17530;-17530
01/12/2024 23:15;01/12/2024 23:30;94;kWh;-903;633;0;0;1536;-270
01/12/2024 23:30;01/12/2024 23:45;95;kWh;-37849;0;0;0;37849;-37849
01/12/2024 23:45;02/12/2024 00:00;96;kWh;-54059;0;0;0;54059;-54059
02/12/2024 00:00;02/12/2024 00:15;1;kWh;-63202;0;0;0;63202;-63202
02/12/2024 00:15;02/12/2024 00:30;2;kWh;-38880;0;0;0;38880;-38880
02/12/2024 00:30;02/12/2024 00:45;3;kWh;-42282;0;0;0;42282;-42282
02/12/2024 00:45;02/12/2024 01:00;4;kWh;-45664;0;0;0;45664;-45664
02/12/2024 01:00;02/12/2024 01:15;5;kWh;-27929;0;0;0;27929;-27929
02/12/2024 01:15;02/12/2024 01:30;6;kWh;-9420;0;0;0;9420;-9420
02/12/2024 01:30;02/12/2024 01:45;7;kWh;-24185;0;0;0;24185;-24185
02/12/2024 01:45;02/12/2024 02:00;8;kWh;-21944;0;0;0;21944;-21944
02/12/2024 02:00;02/12/2024 02:15;9;kWh;-21424;0;0;0;21424;-21424
02/12/2024 02:15;02/12/2024 02:30;10;kWh;-26066;0;0;0;26066;-26066
02/12/2024 02:30;02/12/2024 02:45;11;kWh;-43797;0;0;0;43797;-43797
02/12/2024 02:45;02/12/2024 03:00;12;kWh;-54622;0;0;0;54622;-54622
02/12/2024 03:00;02/12/2024 03:15;13;kWh;-42632;0;0;0;42632;-42632
02/12/2024 03:15;02/12/2024 03:30;14;kWh;-30973;0;0;0;30973;-30973
02/12/2024 03:30;02/12/2024 03:45;15;kWh;-29515;0;0;0;29515;-29515
02/12/2024 03:45;02/12/2024 04:00;16;kWh;-45694;0;0;0;45694;-45694
02/12/2024 04:00;02/12/2024 04:15;17;kWh;-63488;0;0;0;63488;-63488
02/12/2024 04:15;02/12/2024 04:30;18;kWh;-38741;0;0;0;38741;-38741
02/12/2024 04:30;02/12/2024 04:45;19;kWh;-41947;0;0;0;41947;-41947
02/12/2024 04:45;02/12/2024 05:00;20;kWh;-49380;0;0;0;49380;-49380
02/12/2024 05:00;02/12/2024 05:15;21;kWh;-21823;512;0;0;22335;-21311
02/12/2024 05:15;02/12/2024 05:30;22;kWh;-306;393;0;0;699;87
02/12/2024 05:30;02/12/2024 05:45;23;kWh;-249;5550;0;0;5799;5301
02/12/2024 05:45;02/12/2024 06:00;24;kWh;-249;10473;0;0;10722;10224
02/12/2024 06:00;02/12/2024 06:15;25;kWh;-1048;6849;0;0;7897;5801
02/12/2024 06:15;02/12/2024 06:30;26;kWh;-249;27284;0;0;27533;27035
02/12/2024 06:30;02/12/2024 06:45;27;kWh;-249;27851;0;0;28100;27602
02/12/2024 06:45;02/12/2024 07:00;28;kWh;-249;39141;0;0;39390;38892
02/12/2024 07:00;02/12/2024 07:15;29;kWh;-109061;8952;0;0;118013;-100109
02/12/2024 07:15;02/12/2024 07:30;30;kWh;-61085;10195;0;0;71280;-50890
02/12/2024 07:30;02/12/2024 07:45;31;kWh;-41446;2042;0;0;43488;-39404
02/12/2024 07:45;02/12/2024 08:00;32;kWh;-13250;467;0;0;13717;-12783
02/12/2024 08:00;02/12/2024 08:15;33;kWh;-89102;0;0;0;89102;-89102
02/12/2024 08:15;02/12/2024 08:30;34;kWh;-63142;0;0;0;63142;-63142
02/12/2024 08:30;02/12/2024 08:45;35;kWh;-74875;9;0;0;74884;-74866
02/12/2024 08:45;02/12/2024 09:00;36;kWh;-31540;306;0;0;31846;-31234
02/12/2024 09:00;02/12/2024 09:15;37;kWh;-49848;0;0;0;49848;-49848
02/12/2024 09:15;02/12/2024 09:30;38;kWh;-50479;0;0;0;50479;-50479
02/12/2024 09:30;02/12/2024 09:45;39;kWh;-15632;0;0;0;15632;-15632
02/12/2024 09:45;02/12/2024 10:00;40;kWh;-692;8748;0;0;9440;8056
02/12/2024 10:00;02/12/2024 10:15;41;kWh;-267;4678;0;0;4945;4411
02/12/2024 10:15;02/12/2024 10:30;42;kWh;-388;23139;0;0;23527;22751
02/12/2024 10:30;02/12/2024 10:45;43;kWh;-3323;270;0;0;3593;-3053
02/12/2024 10:45;02/12/2024 11:00;44;kWh;-11595;154;0;0;11749;-11441
02/12/2024 11:00;02/12/2024 11:15;45;kWh;-19653;399;0;0;20052;-19254
02/12/2024 11:15;02/12/2024 11:30;46;kWh;-3665;36;0;0;3701;-3629
02/12/2024 11:30;02/12/2024 11:45;47;kWh;-2380;112;0;0;2492;-2268
02/12/2024 11:45;02/12/2024 12:00;48;kWh;-11225;0;0;0;11225;-11225
02/12/2024 12:00;02/12/2024 12:15;49;kWh;-4942;29031;0;0;33973;24089
02/12/2024 12:15;02/12/2024 12:30;50;kWh;-8043;867;0;0;8910;-7176
02/12/2024 12:30;02/12/2024 12:45;51;kWh;-473;30734;0;0;31207;30261
02/12/2024 12:45;02/12/2024 13:00;52;kWh;-360;12111;0;0;12471;11751
02/12/2024 13:00;02/12/2024 13:15;53;kWh;-346;5826;0;0;6172;5480
02/12/2024 13:15;02/12/2024 13:30;54;kWh;-249;29227;0;0;29476;28978
02/12/2024 13:30;02/12/2024 13:45;55;kWh;-249;22047;0;0;22296;21798
02/12/2024 13:45;02/12/2024 14:00;56;kWh;-976;4404;0;0;5380;3428
02/12/2024 14:00;02/12/2024 14:15;57;kWh;-50386;0;0;0;50386;-50386
02/12/2024 14:15;02/12/2024 14:30;58;kWh;-40254;0;0;0;40254;-40254
02/12/2024 14:30;02/12/2024 14:45;59;kWh;-70458;38;0;0;70496;-70420
02/12/2024 14:45;02/12/2024 15:00;60;kWh;-51682;0;0;0;51682;-51682
02/12/2024 15:00;02/12/2024 15:15;61;kWh;-48054;0;0;0;48054;-48054
02/12/2024 15:15;02/12/2024 15:30;62;kWh;-122008;0;0;0;122008;-122008
02/12/2024 15:30;02/12/2024 15:45;63;kWh;-112675;0;0;0;112675;-112675
02/12/2024 15:45;02/12/2024 16:00;64;kWh;-8601;25560;0;0;34161;16959
02/12/2024 16:00;02/12/2024 16:15;65;kWh;-44682;3508;0;0;48190;-41174
02/12/2024 16:15;02/12/2024 16:30;66;kWh;-33715;0;0;0;33715;-33715
02/12/2024 16:30;02/12/2024 16:45;67;kWh;-56184;0;0;0;56184;-56184
02/12/2024 16:45;02/12/2024 17:00;68;kWh;-62210;0;0;0;62210;-62210
02/12/2024 17:00;02/12/2024 17:15;69;kWh;-79471;60;0;0;79531;-79411
02/12/2024 17:15;02/12/2024 17:30;70;kWh;-857;17916;0;0;18773;17059
02/12/2024 17:30;02/12/2024 17:45;71;kWh;-52821;0;0;0;52821;-52821
02/12/2024 17:45;02/12/2024 18:00;72;kWh;-45382;0;0;0;45382;-45382
02/12/2024 18:00;02/12/2024 18:15;73;kWh;-26830;0;0;0;26830;-26830
02/12/2024 18:15;02/12/2024 18:30;74;kWh;-61100;0;0;0;61100;-61100
02/12/2024 18:30;02/12/2024 18:45;75;kWh;-71873;0;0;0;71873;-71873
02/12/2024 18:45;02/12/2024 19:00;76;kWh;-79715;0;0;0;79715;-79715
02/12/2024 19:00;02/12/2024 19:15;77;kWh;-14433;28025;0;0;42458;13592
02/12/2024 19:15;02/12/2024 19:30;78;kWh;-965;10906;0;0;11871;9941
02/12/2024 19:30;02/12/2024 19:45;79;kWh;-9682;158;0;0;9840;-9524
02/12/2024 19:45;02/12/2024 20:00;80;kWh;-33730;0;0;0;33730;-33730
02/12/2024 20:00;02/12/2024 20:15;81;kWh;-9899;27514;0;0;37413;17615
02/12/2024 20:15;02/12/2024 20:30;82;kWh;-249;63339;0;0;63588;63090
02/12/2024 20:30;02/12/2024 20:45;83;kWh;-249;45845;0;0;46094;45596
02/12/2024 20:45;02/12/2024 21:00;84;kWh;-249;2372;0;0;2621;2123
02/12/2024 21:00;02/12/2024 21:15;85;kWh;-249;10956;0;0;11205;10707
02/12/2024 21:15;02/12/2024 21:30;86;kWh;-668;792;0;0;1460;124
02/12/2024 21:30;02/12/2024 21:45;87;kWh;-249;3369;0;0;3618;3120
02/12/2024 21:45;02/12/2024 22:00;88;kWh;-6604;1692;0;0;8296;-4912
02/12/2024 22:00;02/12/2024 22:15;89;kWh;-12168;1426;0;0;13594;-10742
02/12/2024 22:15;02/12/2024 22:30;90;kWh;-3540;1389;0;0;4929;-2151
02/12/2024 22:30;02/12/2024 22:45;91;kWh;-29604;0;0;0;29604;-29604
02/12/2024 22:45;02/12/2024 23:00;92;kWh;-41582;0;0;0;41582;-41582
02/12/2024 23:00;02/12/2024 23:15;93;kWh;-41743;0;0;0;41743;-41743
02/12/2024 23:15;02/12/2024 23:30;94;kWh;-9004;0;0;0;9004;-9004
02/12/2024 23:30;02/12/2024 23:45;95;kWh;-46909;0;0;0;46909;-46909
02/12/2024 23:45;03/12/2024 00:00;96;kWh;-89042;0;0;0;89042;-89042
03/12/2024 00:00;03/12/2024 00:15;1;kWh;-37227;0;0;0;37227;-37227
03/12/2024 00:15;03/12/2024 00:30;2;kWh;-4313;0;0;0;4313;-4313
03/12/2024 00:30;03/12/2024 00:45;3;kWh;-47348;0;0;0;47348;-47348
03/12/2024 00:45;03/12/2024 01:00;4;kWh;-95503;0;0;0;95503;-95503
03/12/2024 01:00;03/12/2024 01:15;5;kWh;-93890;0;0;0;93890;-93890
03/12/2024 01:15;03/12/2024 01:30;6;kWh;-118352;0;0;0;118352;-118352
03/12/2024 01:30;03/12/2024 01:45;7;kWh;-110209;0;0;0;110209;-110209
03/12/2024 01:45;03/12/2024 02:00;8;kWh;-78831;0;0;0;78831;-78831
03/12/2024 02:00;03/12/2024 02:15;9;kWh;-27371;0;0;0;27371;-27371
03/12/2024 02:15;03/12/2024 02:30;10;kWh;-36431;0;0;0;36431;-36431
03/12/2024 02:30;03/12/2024 02:45;11;kWh;-39374;0;0;0;39374;-39374
03/12/2024 02:45;03/12/2024 03:00;12;kWh;-42100;0;0;0;42100;-42100
03/12/2024 03:00;03/12/2024 03:15;13;kWh;-6038;2434;0;0;8472;-3604
03/12/2024 03:15;03/12/2024 03:30;14;kWh;-6540;0;0;0;6540;-6540
03/12/2024 03:30;03/12/2024 03:45;15;kWh;-9728;0;0;0;9728;-9728
03/12/2024 03:45;03/12/2024 04:00;16;kWh;-2069;0;0;0;2069;-2069
03/12/2024 04:00;03/12/2024 04:15;17;kWh;-4;0;0;0;4;-4
03/12/2024 04:15;03/12/2024 04:30;18;kWh;-38893;0;0;0;38893;-38893
03/12/2024 04:30;03/12/2024 04:45;19;kWh;-6898;4304;0;0;11202;-2594
03/12/2024 04:45;03/12/2024 05:00;20;kWh;0;16723;0;0;16723;16723
03/12/2024 05:00;03/12/2024 05:15;21;kWh;-42625;1303;0;0;43928;-41322
03/12/2024 05:15;03/12/2024 05:30;22;kWh;-43657;0;0;0;43657;-43657
03/12/2024 05:30;03/12/2024 05:45;23;kWh;-35220;27;0;0;35247;-35193
03/12/2024 05:45;03/12/2024 06:00;24;kWh;-605;7754;0;0;8359;7149
03/12/2024 06:00;03/12/2024 06:15;25;kWh;-64882;129;0;0;65011;-64753
03/12/2024 06:15;03/12/2024 06:30;26;kWh;-71526;0;0;0;71526;-71526
03/12/2024 06:30;03/12/2024 06:45;27;kWh;-6781;24555;0;0;31336;17774
03/12/2024 06:45;03/12/2024 07:00;28;kWh;0;50177;0;0;50177;50177
03/12/2024 07:00;03/12/2024 07:15;29;kWh;-2941;12606;0;0;15547;9665
03/12/2024 07:15;03/12/2024 07:30;30;kWh;0;16466;0;0;16466;16466
03/12/2024 07:30;03/12/2024 07:45;31;kWh;0;23304;0;0;23304;23304
03/12/2024 07:45;03/12/2024 08:00;32;kWh;0;11883;0;0;11883;11883
03/12/2024 08:00;03/12/2024 08:15;33;kWh;-9461;3283;0;0;12744;-6178
03/12/2024 08:15;03/12/2024 08:30;34;kWh;-9490;5948;0;0;15438;-3542
03/12/2024 08:30;03/12/2024 08:45;35;kWh;0;26121;0;0;26121;26121
03/12/2024 08:45;03/12/2024 09:00;36;kWh;-31482;2599;0;0;34081;-28883
03/12/2024 09:00;03/12/2024 09:15;37;kWh;-85525;0;0;0;85525;-85525
03/12/2024 09:15;03/12/2024 09:30;38;kWh;-68977;0;0;0;68977;-68977
03/12/2024 09:30;03/12/2024 09:45;39;kWh;-90971;0;0;0;90971;-90971
03/12/2024 09:45;03/12/2024 10:00;40;kWh;-90269;0;0;0;90269;-90269
03/12/2024 10:00;03/12/2024 10:15;41;kWh;-28560;9824;0;0;38384;-18736
03/12/2024 10:15;03/12/2024 10:30;42;kWh;-598;656;0;0;1254;58
03/12/2024 10:30;03/12/2024 10:45;43;kWh;-2031;1795;0;0;3826;-236
03/12/2024 10:45;03/12/2024 11:00;44;kWh;-17147;0;0;0;17147;-17147
03/12/2024 11:00;03/12/2024 11:15;45;kWh;0;15558;0;0;15558;15558
03/12/2024 11:15;03/12/2024 11:30;46;kWh;0;13989;0;0;13989;13989
03/12/2024 11:30;03/12/2024 11:45;47;kWh;0;290;0;0;290;290
03/12/2024 11:45;03/12/2024 12:00;48;kWh;0;14823;0;0;14823;14823
03/12/2024 12:00;03/12/2024 12:15;49;kWh;0;19123;0;0;19123;19123
03/12/2024 12:15;03/12/2024 12:30;50;kWh;-1869;18076;0;0;19945;16207
03/12/2024 12:30;03/12/2024 12:45;51;kWh;-2989;4369;0;0;7358;1380
03/12/2024 12:45;03/12/2024 13:00;52;kWh;0;45225;0;0;45225;45225
03/12/2024 13:00;03/12/2024 13:15;53;kWh;-9496;2065;0;0;11561;-7431
03/12/2024 13:15;03/12/2024 13:30;54;kWh;-7989;0;0;0;7989;-7989
03/12/2024 13:30;03/12/2024 13:45;55;kWh;-472;10229;0;0;10701;9757
03/12/2024 13:45;03/12/2024 14:00;56;kWh;-102;11739;0;0;11841;11637
03/12/2024 14:00;03/12/2024 14:15;57;kWh;-13031;80;0;0;13111;-12951
03/12/2024 14:15;03/12/2024 14:30;58;kWh;-850;293;0;0;1143;-557
03/12/2024 14:30;03/12/2024 14:45;59;kWh;0;31483;0;0;31483;31483
03/12/2024 14:45;03/12/2024 15:00;60;kWh;-760;16772;0;0;17532;16012
03/12/2024 15:00;03/12/2024 15:15;61;kWh;-12611;0;0;0;12611;-12611
03/12/2024 15:15;03/12/2024 15:30;62;kWh;-36101;0;0;0;36101;-36101
03/12/2024 15:30;03/12/2024 15:45;63;kWh;-39191;0;0;0;39191;-39191
03/12/2024 15:45;03/12/2024 16:00;64;kWh;-10364;9264;0;0;19628;-1100
03/12/2024 16:00;03/12/2024 16:15;65;kWh;-1969;1351;0;0;3320;-618
03/12/2024 16:15;03/12/2024 16:30;66;kWh;-27;7087;0;0;7114;7060
03/12/2024 16:30;03/12/2024 16:45;67;kWh;0;30923;0;0;30923;30923
03/12/2024 16:45;03/12/2024 17:00;68;kWh;0;65385;0;0;65385;65385
03/12/2024 17:00;03/12/2024 17:15;69;kWh;-835;23057;0;0;23892;22222
03/12/2024 17:15;03/12/2024 17:30;70;kWh;-18222;0;0;0;18222;-18222
03/12/2024 17:30;03/12/2024 17:45;71;kWh;-24532;0;0;0;24532;-24532
03/12/2024 17:45;03/12/2024 18:00;72;kWh;-37263;0;0;0;37263;-37263
03/12/2024 18:00;03/12/2024 18:15;73;kWh;-100193;0;0;0;100193;-100193
03/12/2024 18:15;03/12/2024 18:30;74;kWh;-90394;0;0;0;90394;-90394
03/12/2024 18:30;03/12/2024 18:45;75;kWh;-117196;0;0;0;117196;-117196
03/12/2024 18:45;03/12/2024 19:00;76;kWh;-158272;0;0;0;158272;-158272
03/12/2024 19:00;03/12/2024 19:15;77;kWh;-41282;9827;0;0;51109;-31455
03/12/2024 19:15;03/12/2024 19:30;78;kWh;-3299;1694;0;0;4993;-1605
03/12/2024 19:30;03/12/2024 19:45;79;kWh;-7569;694;0;0;8263;-6875
03/12/2024 19:45;03/12/2024 20:00;80;kWh;-37804;0;0;0;37804;-37804
03/12/2024 20:00;03/12/2024 20:15;81;kWh;-14327;18913;0;0;33240;4586
03/12/2024 20:15;03/12/2024 20:30;82;kWh;-918;32462;0;0;33380;31544
03/12/2024 20:30;03/12/2024 20:45;83;kWh;-66194;58;0;0;66252;-66136
03/12/2024 20:45;03/12/2024 21:00;84;kWh;-118005;0;0;0;118005;-118005
03/12/2024 21:00;03/12/2024 21:15;85;kWh;-41848;23170;0;0;65018;-18678
03/12/2024 21:15;03/12/2024 21:30;86;kWh;-38769;14636;0;0;53405;-24133
03/12/2024 21:30;03/12/2024 21:45;87;kWh;-92175;0;0;0;92175;-92175
03/12/2024 21:45;03/12/2024 22:00;88;kWh;-116457;0;0;0;116457;-116457
03/12/2024 22:00;03/12/2024 22:15;89;kWh;-115874;0;0;0;115874;-115874
03/12/2024 22:15;03/12/2024 22:30;90;kWh;-61327;0;0;0;61327;-61327
03/12/2024 22:30;03/12/2024 22:45;91;kWh;-33449;72;0;0;33521;-33377
03/12/2024 22:45;03/12/2024 23:00;92;kWh;-67122;0;0;0;67122;-67122
03/12/2024 23:00;03/12/2024 23:15;93;kWh;-80729;0;0;0;80729;-80729
03/12/2024 23:15;03/12/2024 23:30;94;kWh;-48934;0;0;0;48934;-48934
03/12/2024 23:30;03/12/2024 23:45;95;kWh;-39642;0;0;0;39642;-39642
03/12/2024 23:45;04/12/2024 00:00;96;kWh;-8609;0;0;0;8609;-8609
04/12/2024 00:00;04/12/2024 00:15;1;kWh;-164;504;0;0;668;340
04/12/2024 00:15;04/12/2024 00:30;2;kWh;-42;1928;0;0;1970;1886
04/12/2024 00:30;04/12/2024 00:45;3;kWh;0;3203;0;0;3203;3203
04/12/2024 00:45;04/12/2024 01:00;4;kWh;-307;7250;0;0;7557;6943
04/12/2024 01:00;04/12/2024 01:15;5;kWh;-934;12143;0;0;13077;11209
04/12/2024 01:15;04/12/2024 01:30;6;kWh;-3537;1863;0;0;5400;-1674
04/12/2024 01:30;04/12/2024 01:45;7;kWh;-4810;0;0;0;4810;-4810
04/12/2024 01:45;04/12/2024 02:00;8;kWh;-15303;0;0;0;15303;-15303
04/12/2024 02:00;04/12/2024 02:15;9;kWh;-24500;0;0;0;24500;-24500
04/12/2024 02:15;04/12/2024 02:30;10;kWh;-32941;0;0;0;32941;-32941
04/12/2024 02:30;04/12/2024 02:45;11;kWh;-76562;0;0;0;76562;-76562
04/12/2024 02:45;04/12/2024 03:00;12;kWh;-136328;0;0;0;136328;-136328
04/12/2024 03:00;04/12/2024 03:15;13;kWh;-120227;0;0;0;120227;-120227
04/12/2024 03:15;04/12/2024 03:30;14;kWh;-78087;0;0;0;78087;-78087
04/12/2024 03:30;04/12/2024 03:45;15;kWh;-50435;0;0;0;50435;-50435
04/12/2024 03:45;04/12/2024 04:00;16;kWh;-86189;0;0;0;86189;-86189
04/12/2024 04:00;04/12/2024 04:15;17;kWh;-87017;0;0;0;87017;-87017
04/12/2024 04:15;04/12/2024 04:30;18;kWh;-87271;0;0;0;87271;-87271
04/12/2024 04:30;04/12/2024 04:45;19;kWh;-104152;0;0;0;104152;-104152
04/12/2024 04:45;04/12/2024 05:00;20;kWh;-91224;0;0;0;91224;-91224
04/12/2024 05:00;04/12/2024 05:15;21;kWh;-120526;0;0;0;120526;-120526
04/12/2024 05:15;04/12/2024 05:30;22;kWh;-75015;0;0;0;75015;-75015
04/12/2024 05:30;04/12/2024 05:45;23;kWh;-14920;2797;0;0;17717;-12123
04/12/2024 05:45;04/12/2024 06:00;24;kWh;-245;4054;0;0;4299;3809
04/12/2024 06:00;04/12/2024 06:15;25;kWh;-70977;22;0;0;70999;-70955
04/12/2024 06:15;04/12/2024 06:30;26;kWh;-2113;359;0;0;2472;-1754
04/12/2024 06:30;04/12/2024 06:45;27;kWh;-62536;0;0;0;62536;-62536
04/12/2024 06:45;04/12/2024 07:00;28;kWh;-65341;0;0;0;65341;-65341
04/12/2024 07:00;04/12/2024 07:15;29;kWh;-144566;0;0;0;144566;-144566
04/12/2024 07:15;04/12/2024 07:30;30;kWh;-24795;331;0;0;25126;-24464
04/12/2024 07:30;04/12/2024 07:45;31;kWh;-8690;17532;0;0;26222;8842
04/12/2024 07:45;04/12/2024 08:00;32;kWh;-4860;18125;0;0;22985;13265
04/12/2024 08:00;04/12/2024 08:15;33;kWh;-86754;0;0;0;86754;-86754
04/12/2024 08:15;04/12/2024 08:30;34;kWh;-56538;0;0;0;56538;-56538
04/12/2024 08:30;04/12/2024 08:45;35;kWh;-16683;6033;0;0;22716;-10650
04/12/2024 08:45;04/12/2024 09:00;36;kWh;0;22056;0;0;22056;22056
04/12/2024 09:00;04/12/2024 09:15;37;kWh;-9104;1321;0;0;10425;-7783
04/12/2024 09:15;04/12/2024 09:30;38;kWh;-21751;37;0;0;21788;-21714
04/12/2024 09:30;04/12/2024 09:45;39;kWh;-1141;4888;0;0;6029;3747
04/12/2024 09:45;04/12/2024 10:00;40;kWh;-10103;57;0;0;10160;-10046
04/12/2024 10:00;04/12/2024 10:15;41;kWh;-3904;25617;0;0;29521;21713
04/12/2024 10:15;04/12/2024 10:30;42;kWh;-6562;2930;0;0;9492;-3632
04/12/2024 10:30;04/12/2024 10:45;43;kWh;-19698;0;0;0;19698;-19698
04/12/2024 10:45;04/12/2024 11:00;44;kWh;-35053;0;0;0;35053;-35053
04/12/2024 11:00;04/12/2024 11:15;45;kWh;-2836;59210;0;0;62046;56374
04/12/2024 11:15;04/12/2024 11:30;46;kWh;0;48291;0;0;48291;48291
04/12/2024 11:30;04/12/2024 11:45;47;kWh;0;31291;0;0;31291;31291
04/12/2024 11:45;04/12/2024 12:00;48;kWh;0;52047;0;0;52047;52047
04/12/2024 12:00;04/12/2024 12:15;49;kWh;0;70553;0;0;70553;70553
04/12/2024 12:15;04/12/2024 12:30;50;kWh;-1290;8519;0;0;9809;7229
04/12/2024 12:30;04/12/2024 12:45;51;kWh;0;45222;0;0;45222;45222
04/12/2024 12:45;04/12/2024 13:00;52;kWh;0;23876;0;0;23876;23876
04/12/2024 13:00;04/12/2024 13:15;53;kWh;0;27563;0;0;27563;27563
04/12/2024 13:15;04/12/2024 13:30;54;kWh;0;43530;0;0;43530;43530
04/12/2024 13:30;04/12/2024 13:45;55;kWh;0;25708;0;0;25708;25708
04/12/2024 13:45;04/12/2024 14:00;56;kWh;-918;16285;0;0;17203;15367
04/12/2024 14:00;04/12/2024 14:15;57;kWh;-26562;9;0;0;26571;-26553
04/12/2024 14:15;04/12/2024 14:30;58;kWh;-10148;0;0;0;10148;-10148
04/12/2024 14:30;04/12/2024 14:45;59;kWh;-661;5518;0;0;6179;4857
04/12/2024 14:45;04/12/2024 15:00;60;kWh;0;29236;0;0;29236;29236
04/12/2024 15:00;04/12/2024 15:15;61;kWh;-97867;5286;0;0;103153;-92581
04/12/2024 15:15;04/12/2024 15:30;62;kWh;-25672;2320;0;0;27992;-23352
04/12/2024 15:30;04/12/2024 15:45;63;kWh;0;1068;0;0;1068;1068
04/12/2024 15:45;04/12/2024 16:00;64;kWh;0;13587;0;0;13587;13587
04/12/2024 16:00;04/12/2024 16:15;65;kWh;-121137;5083;0;0;126220;-116054
04/12/2024 16:15;04/12/2024 16:30;66;kWh;-75600;0;0;0;75600;-75600
04/12/2024 16:30;04/12/2024 16:45;67;kWh;-31872;0;0;0;31872;-31872
04/12/2024 16:45;04/12/2024 17:00;68;kWh;-2704;11775;0;0;14479;9071
04/12/2024 17:00;04/12/2024 17:15;69;kWh;-1052;6672;0;0;7724;5620
04/12/2024 17:15;04/12/2024 17:30;70;kWh;-3972;90;0;0;4062;-3882
04/12/2024 17:30;04/12/2024 17:45;71;kWh;-94;0;0;0;94;-94
04/12/2024 17:45;04/12/2024 18:00;72;kWh;-14695;0;0;0;14695;-14695
04/12/2024 18:00;04/12/2024 18:15;73;kWh;-17098;7464;0;0;24562;-9634
04/12/2024 18:15;04/12/2024 18:30;74;kWh;-43799;3123;0;0;46922;-40676
04/12/2024 18:30;04/12/2024 18:45;75;kWh;-80590;0;0;0;80590;-80590
04/12/2024 18:45;04/12/2024 19:00;76;kWh;-101704;0;0;0;101704;-101704
04/12/2024 19:00;04/12/2024 19:15;77;kWh;-37013;818;0;0;37831;-36195
04/12/2024 19:15;04/12/2024 19:30;78;kWh;-59381;0;0;0;59381;-59381
04/12/2024 19:30;04/12/2024 19:45;79;kWh;-94241;0;0;0;94241;-94241
04/12/2024 19:45;04/12/2024 20:00;80;kWh;-107871;0;0;0;107871;-107871
04/12/2024 20:00;04/12/2024 20:15;81;kWh;-38182;2858;0;0;41040;-35324
04/12/2024 20:15;04/12/2024 20:30;82;kWh;-50998;0;0;0;50998;-50998
04/12/2024 20:30;04/12/2024 20:45;83;kWh;-88078;0;0;0;88078;-88078
04/12/2024 20:45;04/12/2024 21:00;84;kWh;-91948;0;0;0;91948;-91948
04/12/2024 21:00;04/12/2024 21:15;85;kWh;-16087;1221;0;0;17308;-14866
04/12/2024 21:15;04/12/2024 21:30;86;kWh;-2115;5376;0;0;7491;3261
04/12/2024 21:30;04/12/2024 21:45;87;kWh;-22333;0;0;0;22333;-22333
04/12/2024 21:45;04/12/2024 22:00;88;kWh;-42148;0;0;0;42148;-42148
04/12/2024 22:00;04/12/2024 22:15;89;kWh;-57184;0;0;0;57184;-57184
04/12/2024 22:15;04/12/2024 22:30;90;kWh;-9587;718;0;0;10305;-8869
04/12/2024 22:30;04/12/2024 22:45;91;kWh;-6657;0;0;0;6657;-6657
04/12/2024 22:45;04/12/2024 23:00;92;kWh;-6078;0;0;0;6078;-6078
04/12/2024 23:00;04/12/2024 23:15;93;kWh;-8781;0;0;0;8781;-8781
04/12/2024 23:15;04/12/2024 23:30;94;kWh;-2980;0;0;0;2980;-2980
04/12/2024 23:30;04/12/2024 23:45;95;kWh;-3028;3257;0;0;6285;229
04/12/2024 23:45;05/12/2024 00:00;96;kWh;-47701;0;0;0;47701;-47701
05/12/2024 00:00;05/12/2024 00:15;1;kWh;-34509;33796;0;0;68305;-713
05/12/2024 00:15;05/12/2024 00:30;2;kWh;-492;100612;0;0;101104;100120
05/12/2024 00:30;05/12/2024 00:45;3;kWh;-5470;320;0;0;5790;-5150
05/12/2024 00:45;05/12/2024 01:00;4;kWh;0;21451;0;0;21451;21451
05/12/2024 01:00;05/12/2024 01:15;5;kWh;0;66308;0;0;66308;66308
05/12/2024 01:15;05/12/2024 01:30;6;kWh;-888;36915;0;0;37803;36027
05/12/2024 01:30;05/12/2024 01:45;7;kWh;-15672;0;0;0;15672;-15672
05/12/2024 01:45;05/12/2024 02:00;8;kWh;-37019;0;0;0;37019;-37019
05/12/2024 02:00;05/12/2024 02:15;9;kWh;-31207;0;0;0;31207;-31207
05/12/2024 02:15;05/12/2024 02:30;10;kWh;-39543;0;0;0;39543;-39543
05/12/2024 02:30;05/12/2024 02:45;11;kWh;-39986;0;0;0;39986;-39986
05/12/2024 02:45;05/12/2024 03:00;12;kWh;-55268;0;0;0;55268;-55268
05/12/2024 03:00;05/12/2024 03:15;13;kWh;-15333;28032;0;0;43365;12699
05/12/2024 03:15;05/12/2024 03:30;14;kWh;-1787;13207;0;0;14994;11420
05/12/2024 03:30;05/12/2024 03:45;15;kWh;-4579;192;0;0;4771;-4387
05/12/2024 03:45;05/12/2024 04:00;16;kWh;-21374;0;0;0;21374;-21374
05/12/2024 04:00;05/12/2024 04:15;17;kWh;-5065;28450;0;0;33515;23385
05/12/2024 04:15;05/12/2024 04:30;18;kWh;-415;25545;0;0;25960;25130
05/12/2024 04:30;05/12/2024 04:45;19;kWh;-3527;0;0;0;3527;-3527
05/12/2024 04:45;05/12/2024 05:00;20;kWh;-15279;0;0;0;15279;-15279
05/12/2024 05:00;05/12/2024 05:15;21;kWh;-3986;0;0;0;3986;-3986
05/12/2024 05:15;05/12/2024 05:30;22;kWh;0;6181;0;0;6181;6181
05/12/2024 05:30;05/12/2024 05:45;23;kWh;0;31015;0;0;31015;31015
05/12/2024 05:45;05/12/2024 06:00;24;kWh;0;48838;0;0;48838;48838
05/12/2024 06:00;05/12/2024 06:15;25;kWh;0;32063;0;0;32063;32063
05/12/2024 06:15;05/12/2024 06:30;26;kWh;0;46969;0;0;46969;46969
05/12/2024 06:30;05/12/2024 06:45;27;kWh;0;59486;0;0;59486;59486
05/12/2024 06:45;05/12/2024 07:00;28;kWh;0;57427;0;0;57427;57427
05/12/2024 07:00;05/12/2024 07:15;29;kWh;-4083;18963;0;0;23046;14880
05/12/2024 07:15;05/12/2024 07:30;30;kWh;0;69540;0;0;69540;69540
05/12/2024 07:30;05/12/2024 07:45;31;kWh;0;80066;0;0;80066;80066
05/12/2024 07:45;05/12/2024 08:00;32;kWh;0;74146;0;0;74146;74146
05/12/2024 08:00;05/12/2024 08:15;33;kWh;0;49299;0;0;49299;49299
05/12/2024 08:15;05/12/2024 08:30;34;kWh;0;75830;0;0;75830;75830
05/12/2024 08:30;05/12/2024 08:45;35;kWh;0;41131;0;0;41131;41131
05/12/2024 08:45;05/12/2024 09:00;36;kWh;-63;9316;0;0;9379;9253
05/12/2024 09:00;05/12/2024 09:15;37;kWh;-13784;0;0;0;13784;-13784
05/12/2024 09:15;05/12/2024 09:30;38;kWh;-31110;0;0;0;31110;-31110
05/12/2024 09:30;05/12/2024 09:45;39;kWh;-19040;0;0;0;19040;-19040
05/12/2024 09:45;05/12/2024 10:00;40;kWh;-11833;742;0;0;12575;-11091
05/12/2024 10:00;05/12/2024 10:15;41;kWh;-637;0;0;0;637;-637
05/12/2024 10:15;05/12/2024 10:30;42;kWh;-1400;0;0;0;1400;-1400
05/12/2024 10:30;05/12/2024 10:45;43;kWh;-374;0;0;0;374;-374
05/12/2024 10:45;05/12/2024 11:00;44;kWh;-131;2766;0;0;2897;2635
05/12/2024 11:00;05/12/2024 11:15;45;kWh;-1577;3886;0;0;5463;2309
05/12/2024 11:15;05/12/2024 11:30;46;kWh;0;20055;0;0;20055;20055
05/12/2024 11:30;05/12/2024 11:45;47;kWh;0;45660;0;0;45660;45660
05/12/2024 11:45;05/12/2024 12:00;48;kWh;0;46816;0;0;46816;46816
05/12/2024 12:00;05/12/2024 12:15;49;kWh;0;36730;0;0;36730;36730
05/12/2024 12:15;05/12/2024 12:30;50;kWh;0;13205;0;0;13205;13205
05/12/2024 12:30;05/12/2024 12:45;51;kWh;0;3672;0;0;3672;3672
05/12/2024 12:45;05/12/2024 13:00;52;kWh;0;3453;0;0;3453;3453
05/12/2024 13:00;05/12/2024 13:15;53;kWh;0;1793;0;0;1793;1793
05/12/2024 13:15;05/12/2024 13:30;54;kWh;0;6127;0;0;6127;6127
05/12/2024 13:30;05/12/2024 13:45;55;kWh;0;6235;0;0;6235;6235
05/12/2024 13:45;05/12/2024 14:00;56;kWh;-784;543;0;0;1327;-241
05/12/2024 14:00;05/12/2024 14:15;57;kWh;-1051;9040;0;0;10091;7989
05/12/2024 14:15;05/12/2024 14:30;58;kWh;0;4019;0;0;4019;4019
05/12/2024 14:30;05/12/2024 14:45;59;kWh;0;28093;0;0;28093;28093
05/12/2024 14:45;05/12/2024 15:00;60;kWh;-499;12337;0;0;12836;11838
05/12/2024 15:00;05/12/2024 15:15;61;kWh;-9973;0;0;0;9973;-9973
05/12/2024 15:15;05/12/2024 15:30;62;kWh;-17221;0;0;0;17221;-17221
05/12/2024 15:30;05/12/2024 15:45;63;kWh;-28126;0;0;0;28126;-28126
05/12/2024 15:45;05/12/2024 16:00;64;kWh;-31133;0;0;0;31133;-31133
05/12/2024 16:00;05/12/2024 16:15;65;kWh;-39693;0;0;0;39693;-39693
05/12/2024 16:15;05/12/2024 16:30;66;kWh;-22268;0;0;0;22268;-22268
05/12/2024 16:30;05/12/2024 16:45;67;kWh;-36065;330;0;0;36395;-35735
05/12/2024 16:45;05/12/2024 17:00;68;kWh;-5531;5918;0;0;11449;387
05/12/2024 17:00;05/12/2024 17:15;69;kWh;-61533;2;0;0;61535;-61531
05/12/2024 17:15;05/12/2024 17:30;70;kWh;-4227;45438;0;0;49665;41211
05/12/2024 17:30;05/12/2024 17:45;71;kWh;-54706;2855;0;0;57561;-51851
05/12/2024 17:45;05/12/2024 18:00;72;kWh;-21878;3276;0;0;25154;-18602
05/12/2024 18:00;05/12/2024 18:15;73;kWh;-9422;44919;0;0;54341;35497
05/12/2024 18:15;05/12/2024 18:30;74;kWh;-1453;7478;0;0;8931;6025
05/12/2024 18:30;05/12/2024 18:45;75;kWh;-4097;2932;0;0;7029;-1165
05/12/2024 18:45;05/12/2024 19:00;76;kWh;-61913;0;0;0;61913;-61913
05/12/2024 19:00;05/12/2024 19:15;77;kWh;-27974;0;0;0;27974;-27974
05/12/2024 19:15;05/12/2024 19:30;78;kWh;-26251;1744;0;0;27995;-24507
05/12/2024 19:30;05/12/2024 19:45;79;kWh;-8452;0;0;0;8452;-8452
05/12/2024 19:45;05/12/2024 20:00;80;kWh;-17843;0;0;0;17843;-17843
05/12/2024 20:00;05/12/2024 20:15;81;kWh;-77027;0;0;0;77027;-77027
05/12/2024 20:15;05/12/2024 20:30;82;kWh;-9551;3778;0;0;13329;-5773
05/12/2024 20:30;05/12/2024 20:45;83;kWh;-44883;0;0;0;44883;-44883
05/12/2024 20:45;05/12/2024 21:00;84;kWh;-28441;0;0;0;28441;-28441
05/12/2024 21:00;05/12/2024 21:15;85;kWh;-37989;10;0;0;37999;-37979
05/12/2024 21:15;05/12/2024 21:30;86;kWh;-952;13528;0;0;14480;12576
05/12/2024 21:30;05/12/2024 21:45;87;kWh;-5806;5715;0;0;11521;-91
05/12/2024 21:45;05/12/2024 22:00;88;kWh;0;6564;0;0;6564;6564
05/12/2024 22:00;05/12/2024 22:15;89;kWh;0;55239;0;0;55239;55239
05/12/2024 22:15;05/12/2024 22:30;90;kWh;0;48342;0;0;48342;48342
05/12/2024 22:30;05/12/2024 22:45;91;kWh;-1155;1659;0;0;2814;504
05/12/2024 22:45;05/12/2024 23:00;92;kWh;-20460;0;0;0;20460;-20460
05/12/2024 23:00;05/12/2024 23:15;93;kWh;-13987;27501;0;0;41488;13514
05/12/2024 23:15;05/12/2024 23:30;94;kWh;-15644;35713;0;0;51357;20069
05/12/2024 23:30;05/12/2024 23:45;95;kWh;-21741;8688;0;0;30429;-13053
05/12/2024 23:45;06/12/2024 00:00;96;kWh;-52520;3424;0;0;55944;-49096
06/12/2024 00:00;06/12/2024 00:15;1;kWh;-36091;30232;0;0;66323;-5859
06/12/2024 00:15;06/12/2024 00:30;2;kWh;-19361;20580;0;0;39941;1219
06/12/2024 00:30;06/12/2024 00:45;3;kWh;-50635;0;0;0;50635;-50635
06/12/2024 00:45;06/12/2024 01:00;4;kWh;-34181;322;0;0;34503;-33859
06/12/2024 01:00;06/12/2024 01:15;5;kWh;0;28167;0;0;28167;28167
06/12/2024 01:15;06/12/2024 01:30;6;kWh;-1302;5306;0;0;6608;4004
06/12/2024 01:30;06/12/2024 01:45;7;kWh;-2518;0;0;0;2518;-2518
06/12/2024 01:45;06/12/2024 02:00;8;kWh;-21855;0;0;0;21855;-21855
06/12/2024 02:00;06/12/2024 02:15;9;kWh;-7832;25952;0;0;33784;18120
06/12/2024 02:15;06/12/2024 02:30;10;kWh;-8990;1048;0;0;10038;-7942
06/12/2024 02:30;06/12/2024 02:45;11;kWh;-6383;0;0;0;6383;-6383
06/12/2024 02:45;06/12/2024 03:00;12;kWh;-5500;0;0;0;5500;-5500
06/12/2024 03:00;06/12/2024 03:15;13;kWh;-14809;0;0;0;14809;-14809
06/12/2024 03:15;06/12/2024 03:30;14;kWh;-1890;0;0;0;1890;-1890
06/12/2024 03:30;06/12/2024 03:45;15;kWh;-5466;0;0;0;5466;-5466
06/12/2024 03:45;06/12/2024 04:00;16;kWh;-11623;0;0;0;11623;-11623
06/12/2024 04:00;06/12/2024 04:15;17;kWh;-17144;3553;0;0;20697;-13591
06/12/2024 04:15;06/12/2024 04:30;18;kWh;-7649;3067;0;0;10716;-4582
06/12/2024 04:30;06/12/2024 04:45;19;kWh;-6581;0;0;0;6581;-6581
06/12/2024 04:45;06/12/2024 05:00;20;kWh;-20420;0;0;0;20420;-20420
06/12/2024 05:00;06/12/2024 05:15;21;kWh;-48282;0;0;0;48282;-48282
06/12/2024 05:15;06/12/2024 05:30;22;kWh;-26883;0;0;0;26883;-26883
06/12/2024 05:30;06/12/2024 05:45;23;kWh;-16046;0;0;0;16046;-16046
06/12/2024 05:45;06/12/2024 06:00;24;kWh;-6854;0;0;0;6854;-6854
06/12/2024 06:00;06/12/2024 06:15;25;kWh;-60821;0;0;0;60821;-60821
06/12/2024 06:15;06/12/2024 06:30;26;kWh;-4451;1421;0;0;5872;-3030
06/12/2024 06:30;06/12/2024 06:45;27;kWh;-8220;9892;0;0;18112;1672
06/12/2024 06:45;06/12/2024 07:00;28;kWh;0;54381;0;0;54381;54381
06/12/2024 07:00;06/12/2024 07:15;29;kWh;-30969;6078;0;0;37047;-24891
06/12/2024 07:15;06/12/2024 07:30;30;kWh;-1889;51785;0;0;53674;49896
06/12/2024 07:30;06/12/2024 07:45;31;kWh;0;71805;0;0;71805;71805
06/12/2024 07:45;06/12/2024 08:00;32;kWh;0;82223;0;0;82223;82223
06/12/2024 08:00;06/12/2024 08:15;33;kWh;0;67021;0;0;67021;67021
06/12/2024 08:15;06/12/2024 08:30;34;kWh;0;80108;0;0;80108;80108
06/12/2024 08:30;06/12/2024 08:45;35;kWh;0;19891;0;0;19891;19891
06/12/2024 08:45;06/12/2024 09:00;36;kWh;0;39237;0;0;39237;39237
06/12/2024 09:00;06/12/2024 09:15;37;kWh;0;73650;0;0;73650;73650
06/12/2024 09:15;06/12/2024 09:30;38;kWh;0;82070;0;0;82070;82070
06/12/2024 09:30;06/12/2024 09:45;39;kWh;0;74925;0;0;74925;74925
06/12/2024 09:45;06/12/2024 10:00;40;kWh;0;21743;0;0;21743;21743
06/12/2024 10:00;06/12/2024 10:15;41;kWh;0;46765;0;0;46765;46765
06/12/2024 10:15;06/12/2024 10:30;42;kWh;-3241;4139;0;0;7380;898
06/12/2024 10:30;06/12/2024 10:45;43;kWh;-963;39995;0;0;40958;39032
06/12/2024 10:45;06/12/2024 11:00;44;kWh;0;16276;0;0;16276;16276
06/12/2024 11:00;06/12/2024 11:15;45;kWh;-2697;60;0;0;2757;-2637
06/12/2024 11:15;06/12/2024 11:30;46;kWh;-558;1868;0;0;2426;1310
06/12/2024 11:30;06/12/2024 11:45;47;kWh;-7865;0;0;0;7865;-7865
06/12/2024 11:45;06/12/2024 12:00;48;kWh;-34854;0;0;0;34854;-34854
06/12/2024 12:00;06/12/2024 12:15;49;kWh;-9829;592;0;0;10421;-9237
06/12/2024 12:15;06/12/2024 12:30;50;kWh;-8492;28;0;0;8520;-8464
06/12/2024 12:30;06/12/2024 12:45;51;kWh;-15376;0;0;0;15376;-15376
06/12/2024 12:45;06/12/2024 13:00;52;kWh;-23958;0;0;0;23958;-23958
06/12/2024 13:00;06/12/2024 13:15;53;kWh;-7097;6887;0;0;13984;-210
06/12/2024 13:15;06/12/2024 13:30;54;kWh;-42;11115;0;0;11157;11073
06/12/2024 13:30;06/12/2024 13:45;55;kWh;-554;0;0;0;554;-554
06/12/2024 13:45;06/12/2024 14:00;56;kWh;-5525;0;0;0;5525;-5525
06/12/2024 14:00;06/12/2024 14:15;57;kWh;-8317;9455;0;0;17772;1138
06/12/2024 14:15;06/12/2024 14:30;58;kWh;0;69094;0;0;69094;69094
06/12/2024 14:30;06/12/2024 14:45;59;kWh;0;54333;0;0;54333;54333
06/12/2024 14:45;06/12/2024 15:00;60;kWh;0;56415;0;0;56415;56415
06/12/2024 15:00;06/12/2024 15:15;61;kWh;0;61089;0;0;61089;61089
06/12/2024 15:15;06/12/2024 15:30;62;kWh;0;62897;0;0;62897;62897
06/12/2024 15:30;06/12/2024 15:45;63;kWh;0;63327;0;0;63327;63327
06/12/2024 15:45;06/12/2024 16:00;64;kWh;0;79778;0;0;79778;79778
06/12/2024 16:00;06/12/2024 16:15;65;kWh;0;48981;0;0;48981;48981
06/12/2024 16:15;06/12/2024 16:30;66;kWh;0;37474;0;0;37474;37474
06/12/2024 16:30;06/12/2024 16:45;67;kWh;0;45985;0;0;45985;45985
06/12/2024 16:45;06/12/2024 17:00;68;kWh;0;55489;0;0;55489;55489
06/12/2024 17:00;06/12/2024 17:15;69;kWh;-22;16042;0;0;16064;16020
06/12/2024 17:15;06/12/2024 17:30;70;kWh;0;27885;0;0;27885;27885
06/12/2024 17:30;06/12/2024 17:45;71;kWh;0;20948;0;0;20948;20948
06/12/2024 17:45;06/12/2024 18:00;72;kWh;0;14013;0;0;14013;14013
06/12/2024 18:00;06/12/2024 18:15;73;kWh;-86;188;0;0;274;102
06/12/2024 18:15;06/12/2024 18:30;74;kWh;0;8104;0;0;8104;8104
06/12/2024 18:30;06/12/2024 18:45;75;kWh;-4035;564;0;0;4599;-3471
06/12/2024 18:45;06/12/2024 19:00;76;kWh;-35336;0;0;0;35336;-35336
06/12/2024 19:00;06/12/2024 19:15;77;kWh;-41324;0;0;0;41324;-41324
06/12/2024 19:15;06/12/2024 19:30;78;kWh;-22825;0;0;0;22825;-22825
06/12/2024 19:30;06/12/2024 19:45;79;kWh;-12429;0;0;0;12429;-12429
06/12/2024 19:45;06/12/2024 20:00;80;kWh;-20255;0;0;0;20255;-20255
06/12/2024 20:00;06/12/2024 20:15;81;kWh;-33548;0;0;0;33548;-33548
06/12/2024 20:15;06/12/2024 20:30;82;kWh;-35950;0;0;0;35950;-35950
06/12/2024 20:30;06/12/2024 20:45;83;kWh;-69144;0;0;0;69144;-69144
06/12/2024 20:45;06/12/2024 21:00;84;kWh;-51183;0;0;0;51183;-51183
06/12/2024 21:00;06/12/2024 21:15;85;kWh;-13735;484;0;0;14219;-13251
06/12/2024 21:15;06/12/2024 21:30;86;kWh;-870;1448;0;0;2318;578
06/12/2024 21:30;06/12/2024 21:45;87;kWh;-2503;1016;0;0;3519;-1487
06/12/2024 21:45;06/12/2024 22:00;88;kWh;-2618;2525;0;0;5143;-93
06/12/2024 22:00;06/12/2024 22:15;89;kWh;-42;51998;0;0;52040;51956
06/12/2024 22:15;06/12/2024 22:30;90;kWh;-14;12720;0;0;12734;12706
06/12/2024 22:30;06/12/2024 22:45;91;kWh;0;7486;0;0;7486;7486
06/12/2024 22:45;06/12/2024 23:00;92;kWh;0;46305;0;0;46305;46305
06/12/2024 23:00;06/12/2024 23:15;93;kWh;-2635;12358;0;0;14993;9723
06/12/2024 23:15;06/12/2024 23:30;94;kWh;-9389;2454;0;0;11843;-6935
06/12/2024 23:30;06/12/2024 23:45;95;kWh;-8919;922;0;0;9841;-7997
06/12/2024 23:45;07/12/2024 00:00;96;kWh;-13623;0;0;0;13623;-13623
07/12/2024 00:00;07/12/2024 00:15;1;kWh;-23745;259;0;0;24004;-23486
07/12/2024 00:15;07/12/2024 00:30;2;kWh;-3244;27729;0;0;30973;24485
07/12/2024 00:30;07/12/2024 00:45;3;kWh;-17900;0;0;0;17900;-17900
07/12/2024 00:45;07/12/2024 01:00;4;kWh;-47533;0;0;0;47533;-47533
07/12/2024 01:00;07/12/2024 01:15;5;kWh;-6607;17616;0;0;24223;11009
07/12/2024 01:15;07/12/2024 01:30;6;kWh;-7117;245;0;0;7362;-6872
07/12/2024 01:30;07/12/2024 01:45;7;kWh;-6306;9173;0;0;15479;2867
07/12/2024 01:45;07/12/2024 02:00;8;kWh;-14966;0;0;0;14966;-14966
07/12/2024 02:00;07/12/2024 02:15;9;kWh;-11583;0;0;0;11583;-11583
07/12/2024 02:15;07/12/2024 02:30;10;kWh;-2017;49;0;0;2066;-1968
07/12/2024 02:30;07/12/2024 02:45;11;kWh;-2653;0;0;0;2653;-2653
07/12/2024 02:45;07/12/2024 03:00;12;kWh;-1533;0;0;0;1533;-1533
07/12/2024 03:00;07/12/2024 03:15;13;kWh;-2548;2357;0;0;4905;-191
07/12/2024 03:15;07/12/2024 03:30;14;kWh;-2278;7563;0;0;9841;5285
07/12/2024 03:30;07/12/2024 03:45;15;kWh;-19930;0;0;0;19930;-19930
07/12/2024 03:45;07/12/2024 04:00;16;kWh;-30707;0;0;0;30707;-30707
07/12/2024 04:00;07/12/2024 04:15;17;kWh;-6155;12872;0;0;19027;6717
07/12/2024 04:15;07/12/2024 04:30;18;kWh;0;10529;0;0;10529;10529
07/12/2024 04:30;07/12/2024 04:45;19;kWh;0;1311;0;0;1311;1311
07/12/2024 04:45;07/12/2024 05:00;20;kWh;0;4973;0;0;4973;4973
07/12/2024 05:00;07/12/2024 05:15;21;kWh;0;13786;0;0;13786;13786
07/12/2024 05:15;07/12/2024 05:30;22;kWh;0;13302;0;0;13302;13302
07/12/2024 05:30;07/12/2024 05:45;23;kWh;0;1417;0;0;1417;1417
07/12/2024 05:45;07/12/2024 06:00;24;kWh;-96;30;0;0;126;-66
07/12/2024 06:00;07/12/2024 06:15;25;kWh;-9865;0;0;0;9865;-9865
07/12/2024 06:15;07/12/2024 06:30;26;kWh;-6847;0;0;0;6847;-6847
07/12/2024 06:30;07/12/2024 06:45;27;kWh;-543;13899;0;0;14442;13356
07/12/2024 06:45;07/12/2024 07:00;28;kWh;0;2289;0;0;2289;2289
07/12/2024 07:00;07/12/2024 07:15;29;kWh;-34452;0;0;0;34452;-34452
07/12/2024 07:15;07/12/2024 07:30;30;kWh;-2628;438;0;0;3066;-2190
07/12/2024 07:30;07/12/2024 07:45;31;kWh;-401;68;0;0;469;-333
07/12/2024 07:45;07/12/2024 08:00;32;kWh;0;4624;0;0;4624;4624
07/12/2024 08:00;07/12/2024 08:15;33;kWh;-33320;1628;0;0;34948;-31692
07/12/2024 08:15;07/12/2024 08:30;34;kWh;-7632;0;0;0;7632;-7632
07/12/2024 08:30;07/12/2024 08:45;35;kWh;-6194;1311;0;0;7505;-4883
07/12/2024 08:45;07/12/2024 09:00;36;kWh;0;9915;0;0;9915;9915
07/12/2024 09:00;07/12/2024 09:15;37;kWh;-20388;3350;0;0;23738;-17038
07/12/2024 09:15;07/12/2024 09:30;38;kWh;-6898;3;0;0;6901;-6895
07/12/2024 09:30;07/12/2024 09:45;39;kWh;-20610;0;0;0;20610;-20610
07/12/2024 09:45;07/12/2024 10:00;40;kWh;-34674;0;0;0;34674;-34674
07/12/2024 10:00;07/12/2024 10:15;41;kWh;-24186;427;0;0;24613;-23759
07/12/2024 10:15;07/12/2024 10:30;42;kWh;-88985;0;0;0;88985;-88985
07/12/2024 10:30;07/12/2024 10:45;43;kWh;-9753;82;0;0;9835;-9671
07/12/2024 10:45;07/12/2024 11:00;44;kWh;-42665;0;0;0;42665;-42665
07/12/2024 11:00;07/12/2024 11:15;45;kWh;-56306;65;0;0;56371;-56241
07/12/2024 11:15;07/12/2024 11:30;46;kWh;-47328;0;0;0;47328;-47328
07/12/2024 11:30;07/12/2024 11:45;47;kWh;-14513;0;0;0;14513;-14513
07/12/2024 11:45;07/12/2024 12:00;48;kWh;-3902;27840;0;0;31742;23938
07/12/2024 12:00;07/12/2024 12:15;49;kWh;-6459;16913;0;0;23372;10454
07/12/2024 12:15;07/12/2024 12:30;50;kWh;-23805;1985;0;0;25790;-21820
07/12/2024 12:30;07/12/2024 12:45;51;kWh;-24358;3216;0;0;27574;-21142
07/12/2024 12:45;07/12/2024 13:00;52;kWh;-49537;986;0;0;50523;-48551
07/12/2024 13:00;07/12/2024 13:15;53;kWh;-62660;3997;0;0;66657;-58663
07/12/2024 13:15;07/12/2024 13:30;54;kWh;-121616;0;0;0;121616;-121616
07/12/2024 13:30;07/12/2024 13:45;55;kWh;-42582;9351;0;0;51933;-33231
07/12/2024 13:45;07/12/2024 14:00;56;kWh;-27267;29767;0;0;57034;2500
07/12/2024 14:00;07/12/2024 14:15;57;kWh;-62061;189;0;0;62250;-61872
07/12/2024 14:15;07/12/2024 14:30;58;kWh;-6272;638;0;0;6910;-5634
07/12/2024 14:30;07/12/2024 14:45;59;kWh;-9631;0;0;0;9631;-9631
07/12/2024 14:45;07/12/2024 15:00;60;kWh;-4286;703;0;0;4989;-3583
07/12/2024 15:00;07/12/2024 15:15;61;kWh;-12889;1609;0;0;14498;-11280
07/12/2024 15:15;07/12/2024 15:30;62;kWh;-10759;161;0;0;10920;-10598
07/12/2024 15:30;07/12/2024 15:45;63;kWh;-9759;0;0;0;9759;-9759
07/12/2024 15:45;07/12/2024 16:00;64;kWh;-1568;0;0;0;1568;-1568
07/12/2024 16:00;07/12/2024 16:15;65;kWh;-10951;0;0;0;10951;-10951
07/12/2024 16:15;07/12/2024 16:30;66;kWh;-27252;0;0;0;27252;-27252
07/12/2024 16:30;07/12/2024 16:45;67;kWh;-19053;0;0;0;19053;-19053
07/12/2024 16:45;07/12/2024 17:00;68;kWh;-978;4213;0;0;5191;3235
07/12/2024 17:00;07/12/2024 17:15;69;kWh;-33118;0;0;0;33118;-33118
07/12/2024 17:15;07/12/2024 17:30;70;kWh;-12684;1850;0;0;14534;-10834
07/12/2024 17:30;07/12/2024 17:45;71;kWh;0;3333;0;0;3333;3333
07/12/2024 17:45;07/12/2024 18:00;72;kWh;-6929;127;0;0;7056;-6802
07/12/2024 18:00;07/12/2024 18:15;73;kWh;-7332;0;0;0;7332;-7332
07/12/2024 18:15;07/12/2024 18:30;74;kWh;-12262;2960;0;0;15222;-9302
07/12/2024 18:30;07/12/2024 18:45;75;kWh;0;9029;0;0;9029;9029
07/12/2024 18:45;07/12/2024 19:00;76;kWh;-611;4027;0;0;4638;3416
07/12/2024 19:00;07/12/2024 19:15;77;kWh;-9;46319;0;0;46328;46310
07/12/2024 19:15;07/12/2024 19:30;78;kWh;-1651;2633;0;0;4284;982
07/12/2024 19:30;07/12/2024 19:45;79;kWh;-436;9094;0;0;9530;8658
07/12/2024 19:45;07/12/2024 20:00;80;kWh;-808;385;0;0;1193;-423
07/12/2024 20:00;07/12/2024 20:15;81;kWh;-667;0;0;0;667;-667
07/12/2024 20:15;07/12/2024 20:30;82;kWh;-2442;0;0;0;2442;-2442
07/12/2024 20:30;07/12/2024 20:45;83;kWh;-2494;0;0;0;2494;-2494
07/12/2024 20:45;07/12/2024 21:00;84;kWh;-616;1948;0;0;2564;1332
07/12/2024 21:00;07/12/2024 21:15;85;kWh;0;2890;0;0;2890;2890
07/12/2024 21:15;07/12/2024 21:30;86;kWh;0;26187;0;0;26187;26187
07/12/2024 21:30;07/12/2024 21:45;87;kWh;-404;2406;0;0;2810;2002
07/12/2024 21:45;07/12/2024 22:00;88;kWh;-22729;0;0;0;22729;-22729
07/12/2024 22:00;07/12/2024 22:15;89;kWh;-4;15793;0;0;15797;15789
07/12/2024 22:15;07/12/2024 22:30;90;kWh;0;9976;0;0;9976;9976
07/12/2024 22:30;07/12/2024 22:45;91;kWh;0;1926;0;0;1926;1926
07/12/2024 22:45;07/12/2024 23:00;92;kWh;0;2280;0;0;2280;2280
07/12/2024 23:00;07/12/2024 23:15;93;kWh;0;44335;0;0;44335;44335
07/12/2024 23:15;07/12/2024 23:30;94;kWh;0;31779;0;0;31779;31779
07/12/2024 23:30;07/12/2024 23:45;95;kWh;-528;3841;0;0;4369;3313
07/12/2024 23:45;08/12/2024 00:00;96;kWh;-30652;7;0;0;30659;-30645
08/12/2024 00:00;08/12/2024 00:15;1;kWh;-16954;21702;0;0;38656;4748
08/12/2024 00:15;08/12/2024 00:30;2;kWh;-272;28257;0;0;28529;27985
08/12/2024 00:30;08/12/2024 00:45;3;kWh;-13548;8;0;0;13556;-13540
08/12/2024 00:45;08/12/2024 01:00;4;kWh;-25891;0;0;0;25891;-25891
08/12/2024 01:00;08/12/2024 01:15;5;kWh;-23793;0;0;0;23793;-23793
08/12/2024 01:15;08/12/2024 01:30;6;kWh;-25157;0;0;0;25157;-25157
08/12/2024 01:30;08/12/2024 01:45;7;kWh;-27466;0;0;0;27466;-27466
08/12/2024 01:45;08/12/2024 02:00;8;kWh;-28022;0;0;0;28022;-28022
08/12/2024 02:00;08/12/2024 02:15;9;kWh;-8674;358;0;0;9032;-8316
08/12/2024 02:15;08/12/2024 02:30;10;kWh;-5245;0;0;0;5245;-5245
08/12/2024 02:30;08/12/2024 02:45;11;kWh;-12082;0;0;0;12082;-12082
08/12/2024 02:45;08/12/2024 03:00;12;kWh;-23018;0;0;0;23018;-23018
08/12/2024 03:00;08/12/2024 03:15;13;kWh;-27713;0;0;0;27713;-27713
08/12/2024 03:15;08/12/2024 03:30;14;kWh;-30269;0;0;0;30269;-30269
08/12/2024 03:30;08/12/2024 03:45;15;kWh;-34010;0;0;0;34010;-34010
08/12/2024 03:45;08/12/2024 04:00;16;kWh;-46584;0;0;0;46584;-46584
08/12/2024 04:00;08/12/2024 04:15;17;kWh;-15976;0;0;0;15976;-15976
08/12/2024 04:15;08/12/2024 04:30;18;kWh;-18644;0;0;0;18644;-18644
08/12/2024 04:30;08/12/2024 04:45;19;kWh;-59460;0;0;0;59460;-59460
08/12/2024 04:45;08/12/2024 05:00;20;kWh;-26888;0;0;0;26888;-26888
08/12/2024 05:00;08/12/2024 05:15;21;kWh;-24532;0;0;0;24532;-24532
08/12/2024 05:15;08/12/2024 05:30;22;kWh;-22906;0;0;0;22906;-22906
08/12/2024 05:30;08/12/2024 05:45;23;kWh;-33113;0;0;0;33113;-33113
08/12/2024 05:45;08/12/2024 06:00;24;kWh;-15656;0;0;0;15656;-15656
08/12/2024 06:00;08/12/2024 06:15;25;kWh;-7542;2745;0;0;10287;-4797
08/12/2024 06:15;08/12/2024 06:30;26;kWh;0;2785;0;0;2785;2785
08/12/2024 06:30;08/12/2024 06:45;27;kWh;-1858;52;0;0;1910;-1806
08/12/2024 06:45;08/12/2024 07:00;28;kWh;-6379;38;0;0;6417;-6341
08/12/2024 07:00;08/12/2024 07:15;29;kWh;0;15185;0;0;15185;15185
08/12/2024 07:15;08/12/2024 07:30;30;kWh;0;11895;0;0;11895;11895
08/12/2024 07:30;08/12/2024 07:45;31;kWh;0;39183;0;0;39183;39183
08/12/2024 07:45;08/12/2024 08:00;32;kWh;0;53737;0;0;53737;53737
08/12/2024 08:00;08/12/2024 08:15;33;kWh;-15;5729;0;0;5744;5714
08/12/2024 08:15;08/12/2024 08:30;34;kWh;0;11235;0;0;11235;11235
08/12/2024 08:30;08/12/2024 08:45;35;kWh;0;35341;0;0;35341;35341
08/12/2024 08:45;08/12/2024 09:00;36;kWh;0;17703;0;0;17703;17703
08/12/2024 09:00;08/12/2024 09:15;37;kWh;-752;8292;0;0;9044;7540
08/12/2024 09:15;08/12/2024 09:30;38;kWh;0;9008;0;0;9008;9008
08/12/2024 09:30;08/12/2024 09:45;39;kWh;-257;851;0;0;1108;594
08/12/2024 09:45;08/12/2024 10:00;40;kWh;-3370;0;0;0;3370;-3370
08/12/2024 10:00;08/12/2024 10:15;41;kWh;-1921;0;0;0;1921;-1921
08/12/2024 10:15;08/12/2024 10:30;42;kWh;-2518;0;0;0;2518;-2518
08/12/2024 10:30;08/12/2024 10:45;43;kWh;-3570;0;0;0;3570;-3570
08/12/2024 10:45;08/12/2024 11:00;44;kWh;-4783;0;0;0;4783;-4783
08/12/2024 11:00;08/12/2024 11:15;45;kWh;-33;0;0;0;33;-33
08/12/2024 11:15;08/12/2024 11:30;46;kWh;-5370;0;0;0;5370;-5370
08/12/2024 11:30;08/12/2024 11:45;47;kWh;-55;0;0;0;55;-55
08/12/2024 11:45;08/12/2024 12:00;48;kWh;0;661;0;0;661;661
08/12/2024 12:00;08/12/2024 12:15;49;kWh;0;56482;0;0;56482;56482
08/12/2024 12:15;08/12/2024 12:30;50;kWh;0;72716;0;0;72716;72716
08/12/2024 12:30;08/12/2024 12:45;51;kWh;0;84172;0;0;84172;84172
08/12/2024 12:45;08/12/2024 13:00;52;kWh;0;49284;0;0;49284;49284
08/12/2024 13:00;08/12/2024 13:15;53;kWh;0;33395;0;0;33395;33395
08/12/2024 13:15;08/12/2024 13:30;54;kWh;-167;11069;0;0;11236;10902
08/12/2024 13:30;08/12/2024 13:45;55;kWh;0;13603;0;0;13603;13603
08/12/2024 13:45;08/12/2024 14:00;56;kWh;0;8867;0;0;8867;8867
08/12/2024 14:00;08/12/2024 14:15;57;kWh;-3741;2850;0;0;6591;-891
08/12/2024 14:15;08/12/2024 14:30;58;kWh;-7281;0;0;0;7281;-7281
08/12/2024 14:30;08/12/2024 14:45;59;kWh;-7005;0;0;0;7005;-7005
08/12/2024 14:45;08/12/2024 15:00;60;kWh;0;228;0;0;228;228
08/12/2024 15:00;08/12/2024 15:15;61;kWh;0;193;0;0;193;193
08/12/2024 15:15;08/12/2024 15:30;62;kWh;0;1881;0;0;1881;1881
08/12/2024 15:30;08/12/2024 15:45;63;kWh;-162;360;0;0;522;198
08/12/2024 15:45;08/12/2024 16:00;64;kWh;-5341;0;0;0;5341;-5341
08/12/2024 16:00;08/12/2024 16:15;65;kWh;-21020;0;0;0;21020;-21020
08/12/2024 16:15;08/12/2024 16:30;66;kWh;-7931;0;0;0;7931;-7931
08/12/2024 16:30;08/12/2024 16:45;67;kWh;-19452;1;0;0;19453;-19451
08/12/2024 16:45;08/12/2024 17:00;68;kWh;-2083;5775;0;0;7858;3692
08/12/2024 17:00;08/12/2024 17:15;69;kWh;-271;1753;0;0;2024;1482
08/12/2024 17:15;08/12/2024 17:30;70;kWh;0;11711;0;0;11711;11711
08/12/2024 17:30;08/12/2024 17:45;71;kWh;0;5524;0;0;5524;5524
08/12/2024 17:45;08/12/2024 18:00;72;kWh;0;8430;0;0;8430;8430
08/12/2024 18:00;08/12/2024 18:15;73;kWh;0;34411;0;0;34411;34411
08/12/2024 18:15;08/12/2024 18:30;74;kWh;0;31521;0;0;31521;31521
08/12/2024 18:30;08/12/2024 18:45;75;kWh;0;2926;0;0;2926;2926
08/12/2024 18:45;08/12/2024 19:00;76;kWh;-10128;923;0;0;11051;-9205
08/12/2024 19:00;08/12/2024 19:15;77;kWh;-11586;4172;0;0;15758;-7414
08/12/2024 19:15;08/12/2024 19:30;78;kWh;-218;12681;0;0;12899;12463
08/12/2024 19:30;08/12/2024 19:45;79;kWh;-1753;11965;0;0;13718;10212
08/12/2024 19:45;08/12/2024 20:00;80;kWh;-5593;12129;0;0;17722;6536
08/12/2024 20:00;08/12/2024 20:15;81;kWh;0;33801;0;0;33801;33801
08/12/2024 20:15;08/12/2024 20:30;82;kWh;-557;14947;0;0;15504;14390
08/12/2024 20:30;08/12/2024 20:45;83;kWh;0;4861;0;0;4861;4861
08/12/2024 20:45;08/12/2024 21:00;84;kWh;-20612;0;0;0;20612;-20612
08/12/2024 21:00;08/12/2024 21:15;85;kWh;-13860;173;0;0;14033;-13687
08/12/2024 21:15;08/12/2024 21:30;86;kWh;-25578;0;0;0;25578;-25578
08/12/2024 21:30;08/12/2024 21:45;87;kWh;-14696;0;0;0;14696;-14696
08/12/2024 21:45;08/12/2024 22:00;88;kWh;-10386;0;0;0;10386;-10386
08/12/2024 22:00;08/12/2024 22:15;89;kWh;-929;23280;0;0;24209;22351
08/12/2024 22:15;08/12/2024 22:30;90;kWh;0;6475;0;0;6475;6475
08/12/2024 22:30;08/12/2024 22:45;91;kWh;-6470;57;0;0;6527;-6413
08/12/2024 22:45;08/12/2024 23:00;92;kWh;-19716;0;0;0;19716;-19716
08/12/2024 23:00;08/12/2024 23:15;93;kWh;-9905;0;0;0;9905;-9905
08/12/2024 23:15;08/12/2024 23:30;94;kWh;-20376;0;0;0;20376;-20376
08/12/2024 23:30;08/12/2024 23:45;95;kWh;-36664;0;0;0;36664;-36664
08/12/2024 23:45;09/12/2024 00:00;96;kWh;-22542;0;0;0;22542;-22542
09/12/2024 00:00;09/12/2024 00:15;1;kWh;-32931;951;0;0;33882;-31980
09/12/2024 00:15;09/12/2024 00:30;2;kWh;-468;22354;0;0;22822;21886
09/12/2024 00:30;09/12/2024 00:45;3;kWh;-36734;8;0;0;36742;-36726
09/12/2024 00:45;09/12/2024 01:00;4;kWh;-27224;0;0;0;27224;-27224
09/12/2024 01:00;09/12/2024 01:15;5;kWh;-8337;26290;0;0;34627;17953
09/12/2024 01:15;09/12/2024 01:30;6;kWh;-13315;1293;0;0;14608;-12022
09/12/2024 01:30;09/12/2024 01:45;7;kWh;-3929;10526;0;0;14455;6597
09/12/2024 01:45;09/12/2024 02:00;8;kWh;-21341;0;0;0;21341;-21341
09/12/2024 02:00;09/12/2024 02:15;9;kWh;-5875;230;0;0;6105;-5645
09/12/2024 02:15;09/12/2024 02:30;10;kWh;-39025;0;0;0;39025;-39025
09/12/2024 02:30;09/12/2024 02:45;11;kWh;-8239;0;0;0;8239;-8239
09/12/2024 02:45;09/12/2024 03:00;12;kWh;-8410;0;0;0;8410;-8410
09/12/2024 03:00;09/12/2024 03:15;13;kWh;-3577;18030;0;0;21607;14453
09/12/2024 03:15;09/12/2024 03:30;14;kWh;0;4655;0;0;4655;4655
09/12/2024 03:30;09/12/2024 03:45;15;kWh;-5156;70;0;0;5226;-5086
09/12/2024 03:45;09/12/2024 04:00;16;kWh;-4411;0;0;0;4411;-4411
09/12/2024 04:00;09/12/2024 04:15;17;kWh;-8248;294;0;0;8542;-7954
09/12/2024 04:15;09/12/2024 04:30;18;kWh;-4619;1;0;0;4620;-4618
09/12/2024 04:30;09/12/2024 04:45;19;kWh;-1497;1626;0;0;3123;129
09/12/2024 04:45;09/12/2024 05:00;20;kWh;-6518;89;0;0;6607;-6429
09/12/2024 05:00;09/12/2024 05:15;21;kWh;-20684;0;0;0;20684;-20684
09/12/2024 05:15;09/12/2024 05:30;22;kWh;-3529;6543;0;0;10072;3014
09/12/2024 05:30;09/12/2024 05:45;23;kWh;0;10366;0;0;10366;10366
09/12/2024 05:45;09/12/2024 06:00;24;kWh;0;5872;0;0;5872;5872
09/12/2024 06:00;09/12/2024 06:15;25;kWh;-27370;4576;0;0;31946;-22794
09/12/2024 06:15;09/12/2024 06:30;26;kWh;-33064;0;0;0;33064;-33064
09/12/2024 06:30;09/12/2024 06:45;27;kWh;-376;1443;0;0;1819;1067
09/12/2024 06:45;09/12/2024 07:00;28;kWh;-1560;8030;0;0;9590;6470
09/12/2024 07:00;09/12/2024 07:15;29;kWh;-56872;0;0;0;56872;-56872
09/12/2024 07:15;09/12/2024 07:30;30;kWh;-10095;13667;0;0;23762;3572
09/12/2024 07:30;09/12/2024 07:45;31;kWh;-54385;13188;0;0;67573;-41197
09/12/2024 07:45;09/12/2024 08:00;32;kWh;-6506;51621;0;0;58127;45115
09/12/2024 08:00;09/12/2024 08:15;33;kWh;-12811;16166;0;0;28977;3355
09/12/2024 08:15;09/12/2024 08:30;34;kWh;0;50713;0;0;50713;50713
09/12/2024 08:30;09/12/2024 08:45;35;kWh;0;48170;0;0;48170;48170
09/12/2024 08:45;09/12/2024 09:00;36;kWh;-8144;7599;0;0;15743;-545
09/12/2024 09:00;09/12/2024 09:15;37;kWh;-2242;21096;0;0;23338;18854
09/12/2024 09:15;09/12/2024 09:30;38;kWh;0;41927;0;0;41927;41927
09/12/2024 09:30;09/12/2024 09:45;39;kWh;0;37789;0;0;37789;37789
09/12/2024 09:45;09/12/2024 10:00;40;kWh;0;20132;0;0;20132;20132
09/12/2024 10:00;09/12/2024 10:15;41;kWh;0;31153;0;0;31153;31153
09/12/2024 10:15;09/12/2024 10:30;42;kWh;0;8208;0;0;8208;8208
09/12/2024 10:30;09/12/2024 10:45;43;kWh;-1877;12231;0;0;14108;10354
09/12/2024 10:45;09/12/2024 11:00;44;kWh;-52787;0;0;0;52787;-52787
09/12/2024 11:00;09/12/2024 11:15;45;kWh;-25649;0;0;0;25649;-25649
09/12/2024 11:15;09/12/2024 11:30;46;kWh;-29055;0;0;0;29055;-29055
09/12/2024 11:30;09/12/2024 11:45;47;kWh;-10745;4051;0;0;14796;-6694
09/12/2024 11:45;09/12/2024 12:00;48;kWh;-3133;8649;0;0;11782;5516
09/12/2024 12:00;09/12/2024 12:15;49;kWh;-12880;741;0;0;13621;-12139
09/12/2024 12:15;09/12/2024 12:30;50;kWh;0;12596;0;0;12596;12596
09/12/2024 12:30;09/12/2024 12:45;51;kWh;-9752;209;0;0;9961;-9543
09/12/2024 12:45;09/12/2024 13:00;52;kWh;-26869;0;0;0;26869;-26869
09/12/2024 13:00;09/12/2024 13:15;53;kWh;-29704;659;0;0;30363;-29045
09/12/2024 13:15;09/12/2024 13:30;54;kWh;0;7125;0;0;7125;7125
09/12/2024 13:30;09/12/2024 13:45;55;kWh;0;123;0;0;123;123
09/12/2024 13:45;09/12/2024 14:00;56;kWh;-94;217;0;0;311;123
09/12/2024 14:00;09/12/2024 14:15;57;kWh;-539;3237;0;0;3776;2698
09/12/2024 14:15;09/12/2024 14:30;58;kWh;0;15444;0;0;15444;15444
09/12/2024 14:30;09/12/2024 14:45;59;kWh;-3874;3101;0;0;6975;-773
09/12/2024 14:45;09/12/2024 15:00;60;kWh;-4662;0;0;0;4662;-4662
09/12/2024 15:00;09/12/2024 15:15;61;kWh;-30987;0;0;0;30987;-30987
09/12/2024 15:15;09/12/2024 15:30;62;kWh;-2932;13219;0;0;16151;10287
09/12/2024 15:30;09/12/2024 15:45;63;kWh;0;25408;0;0;25408;25408
09/12/2024 15:45;09/12/2024 16:00;64;kWh;0;28215;0;0;28215;28215
09/12/2024 16:00;09/12/2024 16:15;65;kWh;-655;9432;0;0;10087;8777
09/12/2024 16:15;09/12/2024 16:30;66;kWh;0;16010;0;0;16010;16010
09/12/2024 16:30;09/12/2024 16:45;67;kWh;0;33479;0;0;33479;33479
09/12/2024 16:45;09/12/2024 17:00;68;kWh;0;67200;0;0;67200;67200
09/12/2024 17:00;09/12/2024 17:15;69;kWh;-8120;16130;0;0;24250;8010
09/12/2024 17:15;09/12/2024 17:30;70;kWh;-1071;6098;0;0;7169;5027
09/12/2024 17:30;09/12/2024 17:45;71;kWh;0;8129;0;0;8129;8129
09/12/2024 17:45;09/12/2024 18:00;72;kWh;0;13809;0;0;13809;13809
09/12/2024 18:00;09/12/2024 18:15;73;kWh;0;5400;0;0;5400;5400
09/12/2024 18:15;09/12/2024 18:30;74;kWh;0;6551;0;0;6551;6551
09/12/2024 18:30;09/12/2024 18:45;75;kWh;0;26503;0;0;26503;26503
09/12/2024 18:45;09/12/2024 19:00;76;kWh;0;6696;0;0;6696;6696
09/12/2024 19:00;09/12/2024 19:15;77;kWh;0;56959;0;0;56959;56959
09/12/2024 19:15;09/12/2024 19:30;78;kWh;0;28066;0;0;28066;28066
09/12/2024 19:30;09/12/2024 19:45;79;kWh;0;16124;0;0;16124;16124
09/12/2024 19:45;09/12/2024 20:00;80;kWh;0;2690;0;0;2690;2690
09/12/2024 20:00;09/12/2024 20:15;81;kWh;-13936;0;0;0;13936;-13936
09/12/2024 20:15;09/12/2024 20:30;82;kWh;-33641;0;0;0;33641;-33641
09/12/2024 20:30;09/12/2024 20:45;83;kWh;-26757;0;0;0;26757;-26757
09/12/2024 20:45;09/12/2024 21:00;84;kWh;-9093;0;0;0;9093;-9093
09/12/2024 21:00;09/12/2024 21:15;85;kWh;-13168;8377;0;0;21545;-4791
09/12/2024 21:15;09/12/2024 21:30;86;kWh;-113;22650;0;0;22763;22537
09/12/2024 21:30;09/12/2024 21:45;87;kWh;-293;2595;0;0;2888;2302
09/12/2024 21:45;09/12/2024 22:00;88;kWh;-8216;0;0;0;8216;-8216
09/12/2024 22:00;09/12/2024 22:15;89;kWh;-6037;0;0;0;6037;-6037
09/12/2024 22:15;09/12/2024 22:30;90;kWh;-3933;1791;0;0;5724;-2142
09/12/2024 22:30;09/12/2024 22:45;91;kWh;-3967;0;0;0;3967;-3967
09/12/2024 22:45;09/12/2024 23:00;92;kWh;-11624;0;0;0;11624;-11624
09/12/2024 23:00;09/12/2024 23:15;93;kWh;-2584;2510;0;0;5094;-74
09/12/2024 23:15;09/12/2024 23:30;94;kWh;-46;869;0;0;915;823
09/12/2024 23:30;09/12/2024 23:45;95;kWh;-3649;0;0;0;3649;-3649
09/12/2024 23:45;10/12/2024 00:00;96;kWh;-14264;0;0;0;14264;-14264
10/12/2024 00:00;10/12/2024 00:15;1;kWh;-6765;13639;0;0;20404;6874
10/12/2024 00:15;10/12/2024 00:30;2;kWh;-7409;9229;0;0;16638;1820
10/12/2024 00:30;10/12/2024 00:45;3;kWh;-28493;0;0;0;28493;-28493
10/12/2024 00:45;10/12/2024 01:00;4;kWh;-6722;0;0;0;6722;-6722
10/12/2024 01:00;10/12/2024 01:15;5;kWh;-5392;0;0;0;5392;-5392
10/12/2024 01:15;10/12/2024 01:30;6;kWh;-2918;0;0;0;2918;-2918
10/12/2024 01:30;10/12/2024 01:45;7;kWh;-841;1945;0;0;2786;1104
10/12/2024 01:45;10/12/2024 02:00;8;kWh;-7441;855;0;0;8296;-6586
10/12/2024 02:00;10/12/2024 02:15;9;kWh;-4308;514;0;0;4822;-3794
10/12/2024 02:15;10/12/2024 02:30;10;kWh;0;82;0;0;82;82
10/12/2024 02:30;10/12/2024 02:45;11;kWh;-1467;5;0;0;1472;-1462
10/12/2024 02:45;10/12/2024 03:00;12;kWh;-7769;0;0;0;7769;-7769
10/12/2024 03:00;10/12/2024 03:15;13;kWh;-2717;0;0;0;2717;-2717
10/12/2024 03:15;10/12/2024 03:30;14;kWh;-7252;0;0;0;7252;-7252
10/12/2024 03:30;10/12/2024 03:45;15;kWh;-10004;0;0;0;10004;-10004
10/12/2024 03:45;10/12/2024 04:00;16;kWh;-15551;0;0;0;15551;-15551
10/12/2024 04:00;10/12/2024 04:15;17;kWh;-37836;0;0;0;37836;-37836
10/12/2024 04:15;10/12/2024 04:30;18;kWh;-47207;0;0;0;47207;-47207
10/12/2024 04:30;10/12/2024 04:45;19;kWh;-30884;0;0;0;30884;-30884
10/12/2024 04:45;10/12/2024 05:00;20;kWh;-15923;0;0;0;15923;-15923
10/12/2024 05:00;10/12/2024 05:15;21;kWh;-16479;0;0;0;16479;-16479
10/12/2024 05:15;10/12/2024 05:30;22;kWh;-10689;0;0;0;10689;-10689
10/12/2024 05:30;10/12/2024 05:45;23;kWh;-1278;12947;0;0;14225;11669
10/12/2024 05:45;10/12/2024 06:00;24;kWh;-18;14066;0;0;14084;14048
10/12/2024 06:00;10/12/2024 06:15;25;kWh;-30356;1504;0;0;31860;-28852
10/12/2024 06:15;10/12/2024 06:30;26;kWh;-346;11758;0;0;12104;11412
10/12/2024 06:30;10/12/2024 06:45;27;kWh;-728;11220;0;0;11948;10492
10/12/2024 06:45;10/12/2024 07:00;28;kWh;0;67355;0;0;67355;67355
10/12/2024 07:00;10/12/2024 07:15;29;kWh;-59436;8614;0;0;68050;-50822
10/12/2024 07:15;10/12/2024 07:30;30;kWh;-18130;886;0;0;19016;-17244
10/12/2024 07:30;10/12/2024 07:45;31;kWh;-4971;324;0;0;5295;-4647
10/12/2024 07:45;10/12/2024 08:00;32;kWh;-3710;40;0;0;3750;-3670
10/12/2024 08:00;10/12/2024 08:15;33;kWh;-45407;0;0;0;45407;-45407
10/12/2024 08:15;10/12/2024 08:30;34;kWh;-51082;0;0;0;51082;-51082
10/12/2024 08:30;10/12/2024 08:45;35;kWh;-33432;0;0;0;33432;-33432
10/12/2024 08:45;10/12/2024 09:00;36;kWh;-3231;14447;0;0;17678;11216
10/12/2024 09:00;10/12/2024 09:15;37;kWh;0;31484;0;0;31484;31484
10/12/2024 09:15;10/12/2024 09:30;38;kWh;0;16589;0;0;16589;16589
10/12/2024 09:30;10/12/2024 09:45;39;kWh;0;27010;0;0;27010;27010
10/12/2024 09:45;10/12/2024 10:00;40;kWh;-12;5532;0;0;5544;5520
10/12/2024 10:00;10/12/2024 10:15;41;kWh;-150;36960;0;0;37110;36810
10/12/2024 10:15;10/12/2024 10:30;42;kWh;0;76105;0;0;76105;76105
10/12/2024 10:30;10/12/2024 10:45;43;kWh;0;49420;0;0;49420;49420
10/12/2024 10:45;10/12/2024 11:00;44;kWh;0;42143;0;0;42143;42143
10/12/2024 11:00;10/12/2024 11:15;45;kWh;0;71306;0;0;71306;71306
10/12/2024 11:15;10/12/2024 11:30;46;kWh;0;50263;0;0;50263;50263
10/12/2024 11:30;10/12/2024 11:45;47;kWh;0;40654;0;0;40654;40654
10/12/2024 11:45;10/12/2024 12:00;48;kWh;0;88572;0;0;88572;88572
10/12/2024 12:00;10/12/2024 12:15;49;kWh;0;79920;0;0;79920;79920
10/12/2024 12:15;10/12/2024 12:30;50;kWh;0;86018;0;0;86018;86018
10/12/2024 12:30;10/12/2024 12:45;51;kWh;0;73663;0;0;73663;73663
10/12/2024 12:45;10/12/2024 13:00;52;kWh;0;37403;0;0;37403;37403
10/12/2024 13:00;10/12/2024 13:15;53;kWh;0;72528;0;0;72528;72528
10/12/2024 13:15;10/12/2024 13:30;54;kWh;0;71400;0;0;71400;71400
10/12/2024 13:30;10/12/2024 13:45;55;kWh;0;40417;0;0;40417;40417
10/12/2024 13:45;10/12/2024 14:00;56;kWh;0;22381;0;0;22381;22381
10/12/2024 14:00;10/12/2024 14:15;57;kWh;0;2184;0;0;2184;2184
10/12/2024 14:15;10/12/2024 14:30;58;kWh;-26975;1724;0;0;28699;-25251
10/12/2024 14:30;10/12/2024 14:45;59;kWh;-14232;7480;0;0;21712;-6752
10/12/2024 14:45;10/12/2024 15:00;60;kWh;0;21465;0;0;21465;21465
10/12/2024 15:00;10/12/2024 15:15;61;kWh;-38822;2599;0;0;41421;-36223
10/12/2024 15:15;10/12/2024 15:30;62;kWh;-56354;0;0;0;56354;-56354
10/12/2024 15:30;10/12/2024 15:45;63;kWh;-16255;0;0;0;16255;-16255
10/12/2024 15:45;10/12/2024 16:00;64;kWh;-16834;0;0;0;16834;-16834
10/12/2024 16:00;10/12/2024 16:15;65;kWh;-29696;0;0;0;29696;-29696
10/12/2024 16:15;10/12/2024 16:30;66;kWh;-18243;8;0;0;18251;-18235
10/12/2024 16:30;10/12/2024 16:45;67;kWh;0;15836;0;0;15836;15836
10/12/2024 16:45;10/12/2024 17:00;68;kWh;0;60512;0;0;60512;60512
10/12/2024 17:00;10/12/2024 17:15;69;kWh;0;75894;0;0;75894;75894
10/12/2024 17:15;10/12/2024 17:30;70;kWh;0;41418;0;0;41418;41418
10/12/2024 17:30;10/12/2024 17:45;71;kWh;0;78977;0;0;78977;78977
10/12/2024 17:45;10/12/2024 18:00;72;kWh;0;80028;0;0;80028;80028
10/12/2024 18:00;10/12/2024 18:15;73;kWh;0;71169;0;0;71169;71169
10/12/2024 18:15;10/12/2024 18:30;74;kWh;0;37123;0;0;37123;37123
10/12/2024 18:30;10/12/2024 18:45;75;kWh;-6361;4880;0;0;11241;-1481
10/12/2024 18:45;10/12/2024 19:00;76;kWh;-463;18240;0;0;18703;17777
10/12/2024 19:00;10/12/2024 19:15;77;kWh;-867;26303;0;0;27170;25436
10/12/2024 19:15;10/12/2024 19:30;78;kWh;0;40692;0;0;40692;40692
10/12/2024 19:30;10/12/2024 19:45;79;kWh;0;21023;0;0;21023;21023
10/12/2024 19:45;10/12/2024 20:00;80;kWh;0;5563;0;0;5563;5563
10/12/2024 20:00;10/12/2024 20:15;81;kWh;0;49611;0;0;49611;49611
10/12/2024 20:15;10/12/2024 20:30;82;kWh;0;41455;0;0;41455;41455
10/12/2024 20:30;10/12/2024 20:45;83;kWh;0;38372;0;0;38372;38372
10/12/2024 20:45;10/12/2024 21:00;84;kWh;0;26008;0;0;26008;26008
10/12/2024 21:00;10/12/2024 21:15;85;kWh;-1632;10966;0;0;12598;9334
10/12/2024 21:15;10/12/2024 21:30;86;kWh;-239;9182;0;0;9421;8943
10/12/2024 21:30;10/12/2024 21:45;87;kWh;0;509;0;0;509;509
10/12/2024 21:45;10/12/2024 22:00;88;kWh;0;140;0;0;140;140
10/12/2024 22:00;10/12/2024 22:15;89;kWh;0;11025;0;0;11025;11025
10/12/2024 22:15;10/12/2024 22:30;90;kWh;0;24675;0;0;24675;24675
10/12/2024 22:30;10/12/2024 22:45;91;kWh;-4409;4321;0;0;8730;-88
10/12/2024 22:45;10/12/2024 23:00;92;kWh;-31968;0;0;0;31968;-31968
10/12/2024 23:00;10/12/2024 23:15;93;kWh;-21347;20946;0;0;42293;-401
10/12/2024 23:15;10/12/2024 23:30;94;kWh;-454;27730;0;0;28184;27276
10/12/2024 23:30;10/12/2024 23:45;95;kWh;-7672;3;0;0;7675;-7669
10/12/2024 23:45;11/12/2024 00:00;96;kWh;-26805;0;0;0;26805;-26805
11/12/2024 00:00;11/12/2024 00:15;1;kWh;-26928;8663;0;0;35591;-18265
11/12/2024 00:15;11/12/2024 00:30;2;kWh;0;32070;0;0;32070;32070
11/12/2024 00:30;11/12/2024 00:45;3;kWh;-616;16471;0;0;17087;15855
11/12/2024 00:45;11/12/2024 01:00;4;kWh;-28644;0;0;0;28644;-28644
11/12/2024 01:00;11/12/2024 01:15;5;kWh;-6827;11265;0;0;18092;4438
11/12/2024 01:15;11/12/2024 01:30;6;kWh;0;1631;0;0;1631;1631
11/12/2024 01:30;11/12/2024 01:45;7;kWh;-1421;0;0;0;1421;-1421
11/12/2024 01:45;11/12/2024 02:00;8;kWh;-13128;0;0;0;13128;-13128
11/12/2024 02:00;11/12/2024 02:15;9;kWh;-4873;0;0;0;4873;-4873
11/12/2024 02:15;11/12/2024 02:30;10;kWh;-9408;0;0;0;9408;-9408
11/12/2024 02:30;11/12/2024 02:45;11;kWh;-5617;0;0;0;5617;-5617
11/12/2024 02:45;11/12/2024 03:00;12;kWh;-10262;0;0;0;10262;-10262
11/12/2024 03:00;11/12/2024 03:15;13;kWh;-6265;0;0;0;6265;-6265
11/12/2024 03:15;11/12/2024 03:30;14;kWh;-12586;0;0;0;12586;-12586
11/12/2024 03:30;11/12/2024 03:45;15;kWh;-10215;0;0;0;10215;-10215
11/12/2024 03:45;11/12/2024 04:00;16;kWh;-32155;0;0;0;32155;-32155
11/12/2024 04:00;11/12/2024 04:15;17;kWh;-48744;0;0;0;48744;-48744
11/12/2024 04:15;11/12/2024 04:30;18;kWh;-38648;0;0;0;38648;-38648
11/12/2024 04:30;11/12/2024 04:45;19;kWh;-1456;2752;0;0;4208;1296
11/12/2024 04:45;11/12/2024 05:00;20;kWh;-21139;130;0;0;21269;-21009
11/12/2024 05:00;11/12/2024 05:15;21;kWh;-84789;0;0;0;84789;-84789
11/12/2024 05:15;11/12/2024 05:30;22;kWh;-16824;0;0;0;16824;-16824
11/12/2024 05:30;11/12/2024 05:45;23;kWh;-17646;0;0;0;17646;-17646
11/12/2024 05:45;11/12/2024 06:00;24;kWh;-6214;0;0;0;6214;-6214
11/12/2024 06:00;11/12/2024 06:15;25;kWh;-78506;0;0;0;78506;-78506
11/12/2024 06:15;11/12/2024 06:30;26;kWh;-63092;0;0;0;63092;-63092
11/12/2024 06:30;11/12/2024 06:45;27;kWh;-48314;0;0;0;48314;-48314
11/12/2024 06:45;11/12/2024 07:00;28;kWh;-830;5708;0;0;6538;4878
11/12/2024 07:00;11/12/2024 07:15;29;kWh;-95573;625;0;0;96198;-94948
11/12/2024 07:15;11/12/2024 07:30;30;kWh;-22090;278;0;0;22368;-21812
11/12/2024 07:30;11/12/2024 07:45;31;kWh;-2444;403;0;0;2847;-2041
11/12/2024 07:45;11/12/2024 08:00;32;kWh;-111;23471;0;0;23582;23360
11/12/2024 08:00;11/12/2024 08:15;33;kWh;-235;6870;0;0;7105;6635
11/12/2024 08:15;11/12/2024 08:30;34;kWh;0;54985;0;0;54985;54985
11/12/2024 08:30;11/12/2024 08:45;35;kWh;0;42013;0;0;42013;42013
11/12/2024 08:45;11/12/2024 09:00;36;kWh;0;95744;0;0;95744;95744
11/12/2024 09:00;11/12/2024 09:15;37;kWh;0;69723;0;0;69723;69723
11/12/2024 09:15;11/12/2024 09:30;38;kWh;0;66901;0;0;66901;66901
11/12/2024 09:30;11/12/2024 09:45;39;kWh;0;76137;0;0;76137;76137
11/12/2024 09:45;11/12/2024 10:00;40;kWh;0;77562;0;0;77562;77562
11/12/2024 10:00;11/12/2024 10:15;41;kWh;0;68944;0;0;68944;68944
11/12/2024 10:15;11/12/2024 10:30;42;kWh;0;69417;0;0;69417;69417
11/12/2024 10:30;11/12/2024 10:45;43;kWh;0;64288;0;0;64288;64288
11/12/2024 10:45;11/12/2024 11:00;44;kWh;0;60732;0;0;60732;60732
11/12/2024 11:00;11/12/2024 11:15;45;kWh;0;89706;0;0;89706;89706
11/12/2024 11:15;11/12/2024 11:30;46;kWh;0;92060;0;0;92060;92060
11/12/2024 11:30;11/12/2024 11:45;47;kWh;0;94847;0;0;94847;94847
11/12/2024 11:45;11/12/2024 12:00;48;kWh;0;93725;0;0;93725;93725
11/12/2024 12:00;11/12/2024 12:15;49;kWh;0;96239;0;0;96239;96239
11/12/2024 12:15;11/12/2024 12:30;50;kWh;0;96257;0;12096;108353;108353
11/12/2024 12:30;11/12/2024 12:45;51;kWh;0;95613;0;40644;136257;136257
11/12/2024 12:45;11/12/2024 13:00;52;kWh;0;93357;0;43182;136539;136539
11/12/2024 13:00;11/12/2024 13:15;53;kWh;0;92814;0;43182;135996;135996
11/12/2024 13:15;11/12/2024 13:30;54;kWh;0;92939;0;43182;136121;136121
11/12/2024 13:30;11/12/2024 13:45;55;kWh;0;77212;0;32646;109858;109858
11/12/2024 13:45;11/12/2024 14:00;56;kWh;0;84079;0;0;84079;84079
11/12/2024 14:00;11/12/2024 14:15;57;kWh;0;55184;0;0;55184;55184
11/12/2024 14:15;11/12/2024 14:30;58;kWh;0;49310;0;0;49310;49310
11/12/2024 14:30;11/12/2024 14:45;59;kWh;0;82373;0;0;82373;82373
11/12/2024 14:45;11/12/2024 15:00;60;kWh;0;81407;0;0;81407;81407
11/12/2024 15:00;11/12/2024 15:15;61;kWh;0;77324;0;0;77324;77324
11/12/2024 15:15;11/12/2024 15:30;62;kWh;0;74667;0;0;74667;74667
11/12/2024 15:30;11/12/2024 15:45;63;kWh;0;81306;0;0;81306;81306
11/12/2024 15:45;11/12/2024 16:00;64;kWh;0;94332;0;0;94332;94332
11/12/2024 16:00;11/12/2024 16:15;65;kWh;-4296;40505;0;0;44801;36209
11/12/2024 16:15;11/12/2024 16:30;66;kWh;-3055;24637;0;0;27692;21582
11/12/2024 16:30;11/12/2024 16:45;67;kWh;0;84239;0;0;84239;84239
11/12/2024 16:45;11/12/2024 17:00;68;kWh;0;89619;0;0;89619;89619
11/12/2024 17:00;11/12/2024 17:15;69;kWh;0;93772;0;0;93772;93772
11/12/2024 17:15;11/12/2024 17:30;70;kWh;0;92374;0;0;92374;92374
11/12/2024 17:30;11/12/2024 17:45;71;kWh;0;89355;0;0;89355;89355
11/12/2024 17:45;11/12/2024 18:00;72;kWh;0;29217;0;0;29217;29217
11/12/2024 18:00;11/12/2024 18:15;73;kWh;0;81217;0;0;81217;81217
11/12/2024 18:15;11/12/2024 18:30;74;kWh;0;91503;0;75476;166979;166979
11/12/2024 18:30;11/12/2024 18:45;75;kWh;0;88409;0;77055;165464;165464
11/12/2024 18:45;11/12/2024 19:00;76;kWh;0;80752;0;77055;157807;157807
11/12/2024 19:00;11/12/2024 19:15;77;kWh;0;71057;0;77055;148112;148112
11/12/2024 19:15;11/12/2024 19:30;78;kWh;0;54088;0;72389;126477;126477
11/12/2024 19:30;11/12/2024 19:45;79;kWh;0;35919;0;42038;77957;77957
11/12/2024 19:45;11/12/2024 20:00;80;kWh;0;30153;0;0;30153;30153
11/12/2024 20:00;11/12/2024 20:15;81;kWh;0;46255;0;0;46255;46255
11/12/2024 20:15;11/12/2024 20:30;82;kWh;-706;27521;0;0;28227;26815
11/12/2024 20:30;11/12/2024 20:45;83;kWh;-3908;1699;0;0;5607;-2209
11/12/2024 20:45;11/12/2024 21:00;84;kWh;-7761;10261;0;0;18022;2500
11/12/2024 21:00;11/12/2024 21:15;85;kWh;-5704;28416;0;0;34120;22712
11/12/2024 21:15;11/12/2024 21:30;86;kWh;-5972;9240;0;0;15212;3268
11/12/2024 21:30;11/12/2024 21:45;87;kWh;-24783;0;0;0;24783;-24783
11/12/2024 21:45;11/12/2024 22:00;88;kWh;-21220;1227;0;0;22447;-19993
11/12/2024 22:00;11/12/2024 22:15;89;kWh;0;53319;0;0;53319;53319
11/12/2024 22:15;11/12/2024 22:30;90;kWh;0;33236;0;0;33236;33236
11/12/2024 22:30;11/12/2024 22:45;91;kWh;0;39976;0;0;39976;39976
11/12/2024 22:45;11/12/2024 23:00;92;kWh;-274;4601;0;0;4875;4327
11/12/2024 23:00;11/12/2024 23:15;93;kWh;-9832;0;0;0;9832;-9832
11/12/2024 23:15;11/12/2024 23:30;94;kWh;-4417;7237;0;0;11654;2820
11/12/2024 23:30;11/12/2024 23:45;95;kWh;-6401;9360;0;0;15761;2959
11/12/2024 23:45;12/12/2024 00:00;96;kWh;-26439;0;0;0;26439;-26439
12/12/2024 00:00;12/12/2024 00:15;1;kWh;-12061;12878;0;0;24939;817
12/12/2024 00:15;12/12/2024 00:30;2;kWh;0;23356;0;0;23356;23356
12/12/2024 00:30;12/12/2024 00:45;3;kWh;0;29754;0;0;29754;29754
12/12/2024 00:45;12/12/2024 01:00;4;kWh;-19134;1195;0;0;20329;-17939
12/12/2024 01:00;12/12/2024 01:15;5;kWh;-13636;2570;0;0;16206;-11066
12/12/2024 01:15;12/12/2024 01:30;6;kWh;0;3355;0;0;3355;3355
12/12/2024 01:30;12/12/2024 01:45;7;kWh;0;11300;0;0;11300;11300
12/12/2024 01:45;12/12/2024 02:00;8;kWh;-4071;2406;0;0;6477;-1665
12/12/2024 02:00;12/12/2024 02:15;9;kWh;-1252;14132;0;0;15384;12880
12/12/2024 02:15;12/12/2024 02:30;10;kWh;0;32307;0;0;32307;32307
12/12/2024 02:30;12/12/2024 02:45;11;kWh;0;26493;0;0;26493;26493
12/12/2024 02:45;12/12/2024 03:00;12;kWh;-106;4421;0;0;4527;4315
12/12/2024 03:00;12/12/2024 03:15;13;kWh;0;10594;0;0;10594;10594
12/12/2024 03:15;12/12/2024 03:30;14;kWh;0;8736;0;0;8736;8736
12/12/2024 03:30;12/12/2024 03:45;15;kWh;-379;4761;0;0;5140;4382
12/12/2024 03:45;12/12/2024 04:00;16;kWh;-5041;0;0;0;5041;-5041
12/12/2024 04:00;12/12/2024 04:15;17;kWh;-24676;0;0;0;24676;-24676
12/12/2024 04:15;12/12/2024 04:30;18;kWh;-10997;0;0;0;10997;-10997
12/12/2024 04:30;12/12/2024 04:45;19;kWh;-9520;0;0;0;9520;-9520
12/12/2024 04:45;12/12/2024 05:00;20;kWh;-24705;0;0;0;24705;-24705
12/12/2024 05:00;12/12/2024 05:15;21;kWh;-62335;0;0;0;62335;-62335
12/12/2024 05:15;12/12/2024 05:30;22;kWh;-22559;1;0;0;22560;-22558
12/12/2024 05:30;12/12/2024 05:45;23;kWh;-6968;656;0;0;7624;-6312
12/12/2024 05:45;12/12/2024 06:00;24;kWh;-1000;1693;0;0;2693;693
12/12/2024 06:00;12/12/2024 06:15;25;kWh;-61266;239;0;0;61505;-61027
12/12/2024 06:15;12/12/2024 06:30;26;kWh;-22272;605;0;0;22877;-21667
12/12/2024 06:30;12/12/2024 06:45;27;kWh;-229;7900;0;0;8129;7671
12/12/2024 06:45;12/12/2024 07:00;28;kWh;0;33506;0;0;33506;33506
12/12/2024 07:00;12/12/2024 07:15;29;kWh;-16767;4268;0;0;21035;-12499
12/12/2024 07:15;12/12/2024 07:30;30;kWh;-251;12888;0;0;13139;12637
12/12/2024 07:30;12/12/2024 07:45;31;kWh;0;45796;0;0;45796;45796
12/12/2024 07:45;12/12/2024 08:00;32;kWh;0;98428;0;0;98428;98428
12/12/2024 08:00;12/12/2024 08:15;33;kWh;-688;17833;0;0;18521;17145
12/12/2024 08:15;12/12/2024 08:30;34;kWh;0;34376;0;0;34376;34376
12/12/2024 08:30;12/12/2024 08:45;35;kWh;0;54599;0;0;54599;54599
12/12/2024 08:45;12/12/2024 09:00;36;kWh;0;88967;0;0;88967;88967
12/12/2024 09:00;12/12/2024 09:15;37;kWh;0;58535;0;0;58535;58535
12/12/2024 09:15;12/12/2024 09:30;38;kWh;0;15137;0;0;15137;15137
12/12/2024 09:30;12/12/2024 09:45;39;kWh;0;48662;0;0;48662;48662
12/12/2024 09:45;12/12/2024 10:00;40;kWh;0;8869;0;0;8869;8869
12/12/2024 10:00;12/12/2024 10:15;41;kWh;0;48073;0;0;48073;48073
12/12/2024 10:15;12/12/2024 10:30;42;kWh;-1284;10542;0;0;11826;9258
12/12/2024 10:30;12/12/2024 10:45;43;kWh;-10782;0;0;0;10782;-10782
12/12/2024 10:45;12/12/2024 11:00;44;kWh;-5873;180;0;0;6053;-5693
12/12/2024 11:00;12/12/2024 11:15;45;kWh;-4308;7383;0;0;11691;3075
12/12/2024 11:15;12/12/2024 11:30;46;kWh;-3989;1895;0;0;5884;-2094
12/12/2024 11:30;12/12/2024 11:45;47;kWh;-828;25976;0;0;26804;25148
12/12/2024 11:45;12/12/2024 12:00;48;kWh;-1013;52349;0;0;53362;51336
12/12/2024 12:00;12/12/2024 12:15;49;kWh;-3297;31401;0;0;34698;28104
12/12/2024 12:15;12/12/2024 12:30;50;kWh;-136;22217;0;0;22353;22081
12/12/2024 12:30;12/12/2024 12:45;51;kWh;-585;23968;0;0;24553;23383
12/12/2024 12:45;12/12/2024 13:00;52;kWh;0;33151;0;0;33151;33151
12/12/2024 13:00;12/12/2024 13:15;53;kWh;-1285;8662;0;0;9947;7377
12/12/2024 13:15;12/12/2024 13:30;54;kWh;-712;394;0;0;1106;-318
12/12/2024 13:30;12/12/2024 13:45;55;kWh;0;22559;0;0;22559;22559
12/12/2024 13:45;12/12/2024 14:00;56;kWh;0;7523;0;0;7523;7523
12/12/2024 14:00;12/12/2024 14:15;57;kWh;0;7874;0;0;7874;7874
12/12/2024 14:15;12/12/2024 14:30;58;kWh;0;42875;0;0;42875;42875
12/12/2024 14:30;12/12/2024 14:45;59;kWh;0;39105;0;0;39105;39105
12/12/2024 14:45;12/12/2024 15:00;60;kWh;0;44378;0;0;44378;44378
12/12/2024 15:00;12/12/2024 15:15;61;kWh;0;19131;0;0;19131;19131
12/12/2024 15:15;12/12/2024 15:30;62;kWh;0;58870;0;0;58870;58870
12/12/2024 15:30;12/12/2024 15:45;63;kWh;0;22189;0;0;22189;22189
12/12/2024 15:45;12/12/2024 16:00;64;kWh;0;16109;0;0;16109;16109
12/12/2024 16:00;12/12/2024 16:15;65;kWh;-3677;92;0;0;3769;-3585
12/12/2024 16:15;12/12/2024 16:30;66;kWh;-3;7410;0;0;7413;7407
12/12/2024 16:30;12/12/2024 16:45;67;kWh;0;35964;0;0;35964;35964
12/12/2024 16:45;12/12/2024 17:00;68;kWh;0;36145;0;0;36145;36145
12/12/2024 17:00;12/12/2024 17:15;69;kWh;-3862;15841;0;0;19703;11979
12/12/2024 17:15;12/12/2024 17:30;70;kWh;-12249;251;0;0;12500;-11998
12/12/2024 17:30;12/12/2024 17:45;71;kWh;0;3458;0;0;3458;3458
12/12/2024 17:45;12/12/2024 18:00;72;kWh;0;9020;0;0;9020;9020
12/12/2024 18:00;12/12/2024 18:15;73;kWh;0;16450;0;0;16450;16450
12/12/2024 18:15;12/12/2024 18:30;74;kWh;-908;5481;0;0;6389;4573
12/12/2024 18:30;12/12/2024 18:45;75;kWh;-860;207;0;0;1067;-653
12/12/2024 18:45;12/12/2024 19:00;76;kWh;0;1753;0;0;1753;1753
12/12/2024 19:00;12/12/2024 19:15;77;kWh;0;33636;0;0;33636;33636
12/12/2024 19:15;12/12/2024 19:30;78;kWh;0;35893;0;0;35893;35893
12/12/2024 19:30;12/12/2024 19:45;79;kWh;0;40463;0;0;40463;40463
12/12/2024 19:45;12/12/2024 20:00;80;kWh;0;55335;0;0;55335;55335
12/12/2024 20:00;12/12/2024 20:15;81;kWh;0;52725;0;0;52725;52725
12/12/2024 20:15;12/12/2024 20:30;82;kWh;0;59132;0;0;59132;59132
12/12/2024 20:30;12/12/2024 20:45;83;kWh;-23;37208;0;0;37231;37185
12/12/2024 20:45;12/12/2024 21:00;84;kWh;-332;12611;0;0;12943;12279
12/12/2024 21:00;12/12/2024 21:15;85;kWh;-801;20516;0;0;21317;19715
12/12/2024 21:15;12/12/2024 21:30;86;kWh;-840;13594;0;0;14434;12754
12/12/2024 21:30;12/12/2024 21:45;87;kWh;-11567;1;0;0;11568;-11566
12/12/2024 21:45;12/12/2024 22:00;88;kWh;-44772;0;0;0;44772;-44772
12/12/2024 22:00;12/12/2024 22:15;89;kWh;-27072;8077;0;0;35149;-18995
12/12/2024 22:15;12/12/2024 22:30;90;kWh;-403;2774;0;0;3177;2371
12/12/2024 22:30;12/12/2024 22:45;91;kWh;-1482;3119;0;0;4601;1637
12/12/2024 22:45;12/12/2024 23:00;92;kWh;-30762;0;0;0;30762;-30762
12/12/2024 23:00;12/12/2024 23:15;93;kWh;-16487;7037;0;0;23524;-9450
12/12/2024 23:15;12/12/2024 23:30;94;kWh;-392;2614;0;0;3006;2222
12/12/2024 23:30;12/12/2024 23:45;95;kWh;-18086;0;0;0;18086;-18086
12/12/2024 23:45;13/12/2024 00:00;96;kWh;-43338;0;0;0;43338;-43338
13/12/2024 00:00;13/12/2024 00:15;1;kWh;-75506;0;0;0;75506;-75506
13/12/2024 00:15;13/12/2024 00:30;2;kWh;-80950;0;0;0;80950;-80950
13/12/2024 00:30;13/12/2024 00:45;3;kWh;-68799;0;0;0;68799;-68799
13/12/2024 00:45;13/12/2024 01:00;4;kWh;-61070;0;0;0;61070;-61070
13/12/2024 01:00;13/12/2024 01:15;5;kWh;-30696;0;0;0;30696;-30696
13/12/2024 01:15;13/12/2024 01:30;6;kWh;-26305;0;0;0;26305;-26305
13/12/2024 01:30;13/12/2024 01:45;7;kWh;-30276;0;0;0;30276;-30276
13/12/2024 01:45;13/12/2024 02:00;8;kWh;-40600;0;0;0;40600;-40600
13/12/2024 02:00;13/12/2024 02:15;9;kWh;-22325;695;0;0;23020;-21630
13/12/2024 02:15;13/12/2024 02:30;10;kWh;-23;1151;0;0;1174;1128
13/12/2024 02:30;13/12/2024 02:45;11;kWh;-446;0;0;0;446;-446
13/12/2024 02:45;13/12/2024 03:00;12;kWh;-26784;0;0;0;26784;-26784
13/12/2024 03:00;13/12/2024 03:15;13;kWh;-23802;16;0;0;23818;-23786
13/12/2024 03:15;13/12/2024 03:30;14;kWh;-10321;0;0;0;10321;-10321
13/12/2024 03:30;13/12/2024 03:45;15;kWh;-53255;0;0;0;53255;-53255
13/12/2024 03:45;13/12/2024 04:00;16;kWh;-67850;0;0;0;67850;-67850
13/12/2024 04:00;13/12/2024 04:15;17;kWh;-51513;0;0;0;51513;-51513
13/12/2024 04:15;13/12/2024 04:30;18;kWh;-34899;0;0;0;34899;-34899
13/12/2024 04:30;13/12/2024 04:45;19;kWh;-24474;0;0;0;24474;-24474
13/12/2024 04:45;13/12/2024 05:00;20;kWh;-16588;0;0;0;16588;-16588
13/12/2024 05:00;13/12/2024 05:15;21;kWh;-29763;0;0;0;29763;-29763
13/12/2024 05:15;13/12/2024 05:30;22;kWh;-25821;0;0;0;25821;-25821
13/12/2024 05:30;13/12/2024 05:45;23;kWh;-46553;0;0;0;46553;-46553
13/12/2024 05:45;13/12/2024 06:00;24;kWh;-25505;0;0;0;25505;-25505
13/12/2024 06:00;13/12/2024 06:15;25;kWh;-54503;0;0;0;54503;-54503
13/12/2024 06:15;13/12/2024 06:30;26;kWh;-1570;115;0;0;1685;-1455
13/12/2024 06:30;13/12/2024 06:45;27;kWh;0;18470;0;0;18470;18470
13/12/2024 06:45;13/12/2024 07:00;28;kWh;0;46477;0;0;46477;46477
13/12/2024 07:00;13/12/2024 07:15;29;kWh;-48652;6837;0;0;55489;-41815
13/12/2024 07:15;13/12/2024 07:30;30;kWh;-45665;0;0;0;45665;-45665
13/12/2024 07:30;13/12/2024 07:45;31;kWh;-5299;6838;0;0;12137;1539
13/12/2024 07:45;13/12/2024 08:00;32;kWh;0;38393;0;0;38393;38393
13/12/2024 08:00;13/12/2024 08:15;33;kWh;-29516;6454;0;0;35970;-23062
13/12/2024 08:15;13/12/2024 08:30;34;kWh;-12270;786;0;0;13056;-11484
13/12/2024 08:30;13/12/2024 08:45;35;kWh;0;18196;0;0;18196;18196
13/12/2024 08:45;13/12/2024 09:00;36;kWh;0;51360;0;0;51360;51360
13/12/2024 09:00;13/12/2024 09:15;37;kWh;0;59096;0;0;59096;59096
13/12/2024 09:15;13/12/2024 09:30;38;kWh;0;24906;0;0;24906;24906
13/12/2024 09:30;13/12/2024 09:45;39;kWh;0;76747;0;0;76747;76747
13/12/2024 09:45;13/12/2024 10:00;40;kWh;0;76576;0;0;76576;76576
13/12/2024 10:00;13/12/2024 10:15;41;kWh;0;105488;0;0;105488;105488
13/12/2024 10:15;13/12/2024 10:30;42;kWh;0;96489;0;0;96489;96489
13/12/2024 10:30;13/12/2024 10:45;43;kWh;0;100062;0;0;100062;100062
13/12/2024 10:45;13/12/2024 11:00;44;kWh;0;94352;0;0;94352;94352
13/12/2024 11:00;13/12/2024 11:15;45;kWh;0;102333;0;0;102333;102333
13/12/2024 11:15;13/12/2024 11:30;46;kWh;0;103137;0;0;103137;103137
13/12/2024 11:30;13/12/2024 11:45;47;kWh;0;64343;0;0;64343;64343
13/12/2024 11:45;13/12/2024 12:00;48;kWh;0;55425;0;0;55425;55425
13/12/2024 12:00;13/12/2024 12:15;49;kWh;0;81992;0;0;81992;81992
13/12/2024 12:15;13/12/2024 12:30;50;kWh;0;104215;0;0;104215;104215
13/12/2024 12:30;13/12/2024 12:45;51;kWh;0;104002;0;0;104002;104002
13/12/2024 12:45;13/12/2024 13:00;52;kWh;0;101931;0;0;101931;101931
13/12/2024 13:00;13/12/2024 13:15;53;kWh;0;85755;0;0;85755;85755
13/12/2024 13:15;13/12/2024 13:30;54;kWh;0;29177;0;0;29177;29177
13/12/2024 13:30;13/12/2024 13:45;55;kWh;0;81794;0;0;81794;81794
13/12/2024 13:45;13/12/2024 14:00;56;kWh;0;86688;0;0;86688;86688
13/12/2024 14:00;13/12/2024 14:15;57;kWh;0;38666;0;0;38666;38666
13/12/2024 14:15;13/12/2024 14:30;58;kWh;0;65271;0;0;65271;65271
13/12/2024 14:30;13/12/2024 14:45;59;kWh;0;73673;0;0;73673;73673
13/12/2024 14:45;13/12/2024 15:00;60;kWh;0;27516;0;0;27516;27516
13/12/2024 15:00;13/12/2024 15:15;61;kWh;-316;8926;0;0;9242;8610
13/12/2024 15:15;13/12/2024 15:30;62;kWh;0;20903;0;0;20903;20903
13/12/2024 15:30;13/12/2024 15:45;63;kWh;0;49334;0;0;49334;49334
13/12/2024 15:45;13/12/2024 16:00;64;kWh;-293;3663;0;0;3956;3370
13/12/2024 16:00;13/12/2024 16:15;65;kWh;-775;49313;0;0;50088;48538
13/12/2024 16:15;13/12/2024 16:30;66;kWh;0;28519;0;0;28519;28519
13/12/2024 16:30;13/12/2024 16:45;67;kWh;0;12344;0;0;12344;12344
13/12/2024 16:45;13/12/2024 17:00;68;kWh;0;34765;0;0;34765;34765
13/12/2024 17:00;13/12/2024 17:15;69;kWh;-1845;63;0;0;1908;-1782
13/12/2024 17:15;13/12/2024 17:30;70;kWh;0;1899;0;0;1899;1899
13/12/2024 17:30;13/12/2024 17:45;71;kWh;-21805;1;0;0;21806;-21804
13/12/2024 17:45;13/12/2024 18:00;72;kWh;-22902;0;0;0;22902;-22902
13/12/2024 18:00;13/12/2024 18:15;73;kWh;-25100;0;0;0;25100;-25100
13/12/2024 18:15;13/12/2024 18:30;74;kWh;-14137;0;0;0;14137;-14137
13/12/2024 18:30;13/12/2024 18:45;75;kWh;-14073;0;0;0;14073;-14073
13/12/2024 18:45;13/12/2024 19:00;76;kWh;-13121;0;0;0;13121;-13121
13/12/2024 19:00;13/12/2024 19:15;77;kWh;-746;22351;0;0;23097;21605
13/12/2024 19:15;13/12/2024 19:30;78;kWh;0;2404;0;0;2404;2404
13/12/2024 19:30;13/12/2024 19:45;79;kWh;0;26986;0;0;26986;26986
13/12/2024 19:45;13/12/2024 20:00;80;kWh;-12442;806;0;0;13248;-11636
13/12/2024 20:00;13/12/2024 20:15;81;kWh;-6434;32014;0;0;38448;25580
13/12/2024 20:15;13/12/2024 20:30;82;kWh;0;19893;0;0;19893;19893
13/12/2024 20:30;13/12/2024 20:45;83;kWh;0;28771;0;0;28771;28771
13/12/2024 20:45;13/12/2024 21:00;84;kWh;-11083;1827;0;0;12910;-9256
13/12/2024 21:00;13/12/2024 21:15;85;kWh;-4989;15373;0;0;20362;10384
13/12/2024 21:15;13/12/2024 21:30;86;kWh;0;18914;0;0;18914;18914
13/12/2024 21:30;13/12/2024 21:45;87;kWh;-5127;1323;0;0;6450;-3804
13/12/2024 21:45;13/12/2024 22:00;88;kWh;-26558;0;0;0;26558;-26558
13/12/2024 22:00;13/12/2024 22:15;89;kWh;-10763;3248;0;0;14011;-7515
13/12/2024 22:15;13/12/2024 22:30;90;kWh;-362;1543;0;0;1905;1181
13/12/2024 22:30;13/12/2024 22:45;91;kWh;-12356;0;0;0;12356;-12356
13/12/2024 22:45;13/12/2024 23:00;92;kWh;-12808;0;0;0;12808;-12808
13/12/2024 23:00;13/12/2024 23:15;93;kWh;-4870;24774;0;0;29644;19904
13/12/2024 23:15;13/12/2024 23:30;94;kWh;0;40918;0;0;40918;40918
13/12/2024 23:30;13/12/2024 23:45;95;kWh;-12131;232;0;0;12363;-11899
13/12/2024 23:45;14/12/2024 00:00;96;kWh;-15825;0;0;0;15825;-15825
14/12/2024 00:00;14/12/2024 00:15;1;kWh;-811;21210;0;0;22021;20399
14/12/2024 00:15;14/12/2024 00:30;2;kWh;0;66410;0;0;66410;66410
14/12/2024 00:30;14/12/2024 00:45;3;kWh;-12798;3704;0;0;16502;-9094
14/12/2024 00:45;14/12/2024 01:00;4;kWh;-50450;0;0;0;50450;-50450
14/12/2024 01:00;14/12/2024 01:15;5;kWh;-9620;0;0;0;9620;-9620
14/12/2024 01:15;14/12/2024 01:30;6;kWh;-58713;0;0;0;58713;-58713
14/12/2024 01:30;14/12/2024 01:45;7;kWh;-59628;0;0;0;59628;-59628
14/12/2024 01:45;14/12/2024 02:00;8;kWh;-58985;0;0;0;58985;-58985
14/12/2024 02:00;14/12/2024 02:15;9;kWh;-17885;0;0;0;17885;-17885
14/12/2024 02:15;14/12/2024 02:30;10;kWh;-19189;0;0;0;19189;-19189
14/12/2024 02:30;14/12/2024 02:45;11;kWh;-34605;0;0;0;34605;-34605
14/12/2024 02:45;14/12/2024 03:00;12;kWh;-30684;0;0;0;30684;-30684
14/12/2024 03:00;14/12/2024 03:15;13;kWh;-38474;0;0;0;38474;-38474
14/12/2024 03:15;14/12/2024 03:30;14;kWh;-39600;0;0;0;39600;-39600
14/12/2024 03:30;14/12/2024 03:45;15;kWh;-42024;0;0;0;42024;-42024
14/12/2024 03:45;14/12/2024 04:00;16;kWh;-25167;0;0;0;25167;-25167
14/12/2024 04:00;14/12/2024 04:15;17;kWh;-25140;1684;0;0;26824;-23456
14/12/2024 04:15;14/12/2024 04:30;18;kWh;-516;3078;0;0;3594;2562
14/12/2024 04:30;14/12/2024 04:45;19;kWh;-12532;42;0;0;12574;-12490
14/12/2024 04:45;14/12/2024 05:00;20;kWh;-34505;0;0;0;34505;-34505
14/12/2024 05:00;14/12/2024 05:15;21;kWh;-47932;0;0;0;47932;-47932
14/12/2024 05:15;14/12/2024 05:30;22;kWh;-23168;0;0;0;23168;-23168
14/12/2024 05:30;14/12/2024 05:45;23;kWh;-14040;0;0;0;14040;-14040
14/12/2024 05:45;14/12/2024 06:00;24;kWh;0;2620;0;0;2620;2620
14/12/2024 06:00;14/12/2024 06:15;25;kWh;0;19659;0;0;19659;19659
14/12/2024 06:15;14/12/2024 06:30;26;kWh;0;62880;0;0;62880;62880
14/12/2024 06:30;14/12/2024 06:45;27;kWh;0;65529;0;0;65529;65529
14/12/2024 06:45;14/12/2024 07:00;28;kWh;-1988;18799;0;0;20787;16811
14/12/2024 07:00;14/12/2024 07:15;29;kWh;-7592;0;0;0;7592;-7592
14/12/2024 07:15;14/12/2024 07:30;30;kWh;-531;0;0;0;531;-531
14/12/2024 07:30;14/12/2024 07:45;31;kWh;-1965;0;0;0;1965;-1965
14/12/2024 07:45;14/12/2024 08:00;32;kWh;-9647;0;0;0;9647;-9647
14/12/2024 08:00;14/12/2024 08:15;33;kWh;-38248;0;0;0;38248;-38248
14/12/2024 08:15;14/12/2024 08:30;34;kWh;-15944;0;0;0;15944;-15944
14/12/2024 08:30;14/12/2024 08:45;35;kWh;-7;10824;0;0;10831;10817
14/12/2024 08:45;14/12/2024 09:00;36;kWh;0;58975;0;0;58975;58975
14/12/2024 09:00;14/12/2024 09:15;37;kWh;-9526;28046;0;0;37572;18520
14/12/2024 09:15;14/12/2024 09:30;38;kWh;-26485;0;0;0;26485;-26485
14/12/2024 09:30;14/12/2024 09:45;39;kWh;-527;14280;0;0;14807;13753
14/12/2024 09:45;14/12/2024 10:00;40;kWh;-6916;5457;0;0;12373;-1459
14/12/2024 10:00;14/12/2024 10:15;41;kWh;-55506;0;0;0;55506;-55506
14/12/2024 10:15;14/12/2024 10:30;42;kWh;-69626;0;0;0;69626;-69626
14/12/2024 10:30;14/12/2024 10:45;43;kWh;-105936;0;0;0;105936;-105936
14/12/2024 10:45;14/12/2024 11:00;44;kWh;-107754;0;0;0;107754;-107754
14/12/2024 11:00;14/12/2024 11:15;45;kWh;-56432;15053;0;0;71485;-41379
14/12/2024 11:15;14/12/2024 11:30;46;kWh;0;34166;0;0;34166;34166
14/12/2024 11:30;14/12/2024 11:45;47;kWh;-630;1039;0;0;1669;409
14/12/2024 11:45;14/12/2024 12:00;48;kWh;-1199;12450;0;0;13649;11251
14/12/2024 12:00;14/12/2024 12:15;49;kWh;0;16608;0;0;16608;16608
14/12/2024 12:15;14/12/2024 12:30;50;kWh;-498;360;0;0;858;-138
14/12/2024 12:30;14/12/2024 12:45;51;kWh;-719;0;0;0;719;-719
14/12/2024 12:45;14/12/2024 13:00;52;kWh;-18;837;0;0;855;819
14/12/2024 13:00;14/12/2024 13:15;53;kWh;-45612;38;0;0;45650;-45574
14/12/2024 13:15;14/12/2024 13:30;54;kWh;-18638;0;0;0;18638;-18638
14/12/2024 13:30;14/12/2024 13:45;55;kWh;-13969;5119;0;0;19088;-8850
14/12/2024 13:45;14/12/2024 14:00;56;kWh;-4380;1740;0;0;6120;-2640
14/12/2024 14:00;14/12/2024 14:15;57;kWh;-33116;0;0;0;33116;-33116
14/12/2024 14:15;14/12/2024 14:30;58;kWh;-18871;133;0;0;19004;-18738
14/12/2024 14:30;14/12/2024 14:45;59;kWh;-5666;6497;0;0;12163;831
14/12/2024 14:45;14/12/2024 15:00;60;kWh;-30196;697;0;0;30893;-29499
14/12/2024 15:00;14/12/2024 15:15;61;kWh;0;39366;0;0;39366;39366
14/12/2024 15:15;14/12/2024 15:30;62;kWh;0;67151;0;0;67151;67151
14/12/2024 15:30;14/12/2024 15:45;63;kWh;0;77123;0;0;77123;77123
14/12/2024 15:45;14/12/2024 16:00;64;kWh;-8464;9076;0;0;17540;612
14/12/2024 16:00;14/12/2024 16:15;65;kWh;-14817;0;0;0;14817;-14817
14/12/2024 16:15;14/12/2024 16:30;66;kWh;-41914;0;0;0;41914;-41914
14/12/2024 16:30;14/12/2024 16:45;67;kWh;-2268;0;0;0;2268;-2268
14/12/2024 16:45;14/12/2024 17:00;68;kWh;-9612;0;0;0;9612;-9612
14/12/2024 17:00;14/12/2024 17:15;69;kWh;-19780;7548;0;0;27328;-12232
14/12/2024 17:15;14/12/2024 17:30;70;kWh;0;103354;0;0;103354;103354
14/12/2024 17:30;14/12/2024 17:45;71;kWh;0;143353;0;0;143353;143353
14/12/2024 17:45;14/12/2024 18:00;72;kWh;0;71524;0;0;71524;71524
14/12/2024 18:00;14/12/2024 18:15;73;kWh;0;16044;0;0;16044;16044
14/12/2024 18:15;14/12/2024 18:30;74;kWh;-10301;594;0;0;10895;-9707
14/12/2024 18:30;14/12/2024 18:45;75;kWh;-56488;0;0;0;56488;-56488
14/12/2024 18:45;14/12/2024 19:00;76;kWh;-46257;0;0;0;46257;-46257
14/12/2024 19:00;14/12/2024 19:15;77;kWh;-53405;5478;0;0;58883;-47927
14/12/2024 19:15;14/12/2024 19:30;78;kWh;0;61420;0;0;61420;61420
14/12/2024 19:30;14/12/2024 19:45;79;kWh;-80;671;0;0;751;591
14/12/2024 19:45;14/12/2024 20:00;80;kWh;-17069;0;0;0;17069;-17069
14/12/2024 20:00;14/12/2024 20:15;81;kWh;-12862;0;0;0;12862;-12862
14/12/2024 20:15;14/12/2024 20:30;82;kWh;-22679;0;0;0;22679;-22679
14/12/2024 20:30;14/12/2024 20:45;83;kWh;-31990;0;0;0;31990;-31990
14/12/2024 20:45;14/12/2024 21:00;84;kWh;-62166;0;0;0;62166;-62166
14/12/2024 21:00;14/12/2024 21:15;85;kWh;-3531;25697;0;0;29228;22166
14/12/2024 21:15;14/12/2024 21:30;86;kWh;-15268;216;0;0;15484;-15052
14/12/2024 21:30;14/12/2024 21:45;87;kWh;-21851;0;0;0;21851;-21851
14/12/2024 21:45;14/12/2024 22:00;88;kWh;-6106;29814;0;0;35920;23708
14/12/2024 22:00;14/12/2024 22:15;89;kWh;0;33417;0;0;33417;33417
14/12/2024 22:15;14/12/2024 22:30;90;kWh;0;29456;0;0;29456;29456
14/12/2024 22:30;14/12/2024 22:45;91;kWh;-12513;6965;0;0;19478;-5548
14/12/2024 22:45;14/12/2024 23:00;92;kWh;-12299;5046;0;0;17345;-7253
14/12/2024 23:00;14/12/2024 23:15;93;kWh;0;39822;0;0;39822;39822
14/12/2024 23:15;14/12/2024 23:30;94;kWh;0;48057;0;0;48057;48057
14/12/2024 23:30;14/12/2024 23:45;95;kWh;-4381;20146;0;0;24527;15765
14/12/2024 23:45;15/12/2024 00:00;96;kWh;-15970;0;0;0;15970;-15970
15/12/2024 00:00;15/12/2024 00:15;1;kWh;-727;22445;0;0;23172;21718
15/12/2024 00:15;15/12/2024 00:30;2;kWh;0;28606;0;0;28606;28606
15/12/2024 00:30;15/12/2024 00:45;3;kWh;-160;15158;0;0;15318;14998
15/12/2024 00:45;15/12/2024 01:00;4;kWh;-3284;73;0;0;3357;-3211
15/12/2024 01:00;15/12/2024 01:15;5;kWh;-19133;0;0;0;19133;-19133
15/12/2024 01:15;15/12/2024 01:30;6;kWh;-37385;0;0;0;37385;-37385
15/12/2024 01:30;15/12/2024 01:45;7;kWh;-60034;0;0;0;60034;-60034
15/12/2024 01:45;15/12/2024 02:00;8;kWh;-36130;644;0;0;36774;-35486
15/12/2024 02:00;15/12/2024 02:15;9;kWh;-20229;0;0;0;20229;-20229
15/12/2024 02:15;15/12/2024 02:30;10;kWh;-11564;0;0;0;11564;-11564
15/12/2024 02:30;15/12/2024 02:45;11;kWh;-14222;0;0;0;14222;-14222
15/12/2024 02:45;15/12/2024 03:00;12;kWh;-52809;0;0;0;52809;-52809
15/12/2024 03:00;15/12/2024 03:15;13;kWh;-2813;18055;0;0;20868;15242
15/12/2024 03:15;15/12/2024 03:30;14;kWh;-4;6994;0;0;6998;6990
15/12/2024 03:30;15/12/2024 03:45;15;kWh;-1118;3137;0;0;4255;2019
15/12/2024 03:45;15/12/2024 04:00;16;kWh;-254;1993;0;0;2247;1739
15/12/2024 04:00;15/12/2024 04:15;17;kWh;-1121;25587;0;0;26708;24466
15/12/2024 04:15;15/12/2024 04:30;18;kWh;-2688;23314;0;0;26002;20626
15/12/2024 04:30;15/12/2024 04:45;19;kWh;-21958;0;0;0;21958;-21958
15/12/2024 04:45;15/12/2024 05:00;20;kWh;-43193;0;0;0;43193;-43193
15/12/2024 05:00;15/12/2024 05:15;21;kWh;-53671;2203;0;0;55874;-51468
15/12/2024 05:15;15/12/2024 05:30;22;kWh;-11954;16565;0;0;28519;4611
15/12/2024 05:30;15/12/2024 05:45;23;kWh;-26318;0;0;0;26318;-26318
15/12/2024 05:45;15/12/2024 06:00;24;kWh;-3224;2897;0;0;6121;-327
15/12/2024 06:00;15/12/2024 06:15;25;kWh;-5833;2947;0;0;8780;-2886
15/12/2024 06:15;15/12/2024 06:30;26;kWh;-7658;0;0;0;7658;-7658
15/12/2024 06:30;15/12/2024 06:45;27;kWh;-4631;0;0;0;4631;-4631
15/12/2024 06:45;15/12/2024 07:00;28;kWh;-14025;0;0;0;14025;-14025
15/12/2024 07:00;15/12/2024 07:15;29;kWh;-39848;0;0;0;39848;-39848
15/12/2024 07:15;15/12/2024 07:30;30;kWh;-3726;280;0;0;4006;-3446
15/12/2024 07:30;15/12/2024 07:45;31;kWh;-11944;1506;0;0;13450;-10438
15/12/2024 07:45;15/12/2024 08:00;32;kWh;0;12352;0;0;12352;12352
15/12/2024 08:00;15/12/2024 08:15;33;kWh;0;26343;0;0;26343;26343
15/12/2024 08:15;15/12/2024 08:30;34;kWh;0;20647;0;0;20647;20647
15/12/2024 08:30;15/12/2024 08:45;35;kWh;-8286;2352;0;0;10638;-5934
15/12/2024 08:45;15/12/2024 09:00;36;kWh;-9400;0;0;0;9400;-9400
15/12/2024 09:00;15/12/2024 09:15;37;kWh;-17812;0;0;0;17812;-17812
15/12/2024 09:15;15/12/2024 09:30;38;kWh;-14311;0;0;0;14311;-14311
15/12/2024 09:30;15/12/2024 09:45;39;kWh;-6356;0;0;0;6356;-6356
15/12/2024 09:45;15/12/2024 10:00;40;kWh;-6245;0;0;0;6245;-6245
15/12/2024 10:00;15/12/2024 10:15;41;kWh;-8489;7195;0;0;15684;-1294
15/12/2024 10:15;15/12/2024 10:30;42;kWh;-1608;14088;0;0;15696;12480
15/12/2024 10:30;15/12/2024 10:45;43;kWh;-8788;2533;0;0;11321;-6255
15/12/2024 10:45;15/12/2024 11:00;44;kWh;-3430;4986;0;0;8416;1556
15/12/2024 11:00;15/12/2024 11:15;45;kWh;-12310;2823;0;0;15133;-9487
15/12/2024 11:15;15/12/2024 11:30;46;kWh;-5882;25170;0;0;31052;19288
15/12/2024 11:30;15/12/2024 11:45;47;kWh;-51391;661;0;0;52052;-50730
15/12/2024 11:45;15/12/2024 12:00;48;kWh;-4645;20198;0;0;24843;15553
15/12/2024 12:00;15/12/2024 12:15;49;kWh;-30168;5760;0;0;35928;-24408
15/12/2024 12:15;15/12/2024 12:30;50;kWh;-5857;30639;0;0;36496;24782
15/12/2024 12:30;15/12/2024 12:45;51;kWh;-16868;15945;0;0;32813;-923
15/12/2024 12:45;15/12/2024 13:00;52;kWh;0;42491;0;0;42491;42491
15/12/2024 13:00;15/12/2024 13:15;53;kWh;0;23368;0;0;23368;23368
15/12/2024 13:15;15/12/2024 13:30;54;kWh;-2;19951;0;0;19953;19949
15/12/2024 13:30;15/12/2024 13:45;55;kWh;-14961;615;0;0;15576;-14346
15/12/2024 13:45;15/12/2024 14:00;56;kWh;-4684;376;0;0;5060;-4308
15/12/2024 14:00;15/12/2024 14:15;57;kWh;-15887;2862;0;0;18749;-13025
15/12/2024 14:15;15/12/2024 14:30;58;kWh;-5445;31402;0;0;36847;25957
15/12/2024 14:30;15/12/2024 14:45;59;kWh;-21136;12231;0;0;33367;-8905
15/12/2024 14:45;15/12/2024 15:00;60;kWh;-5684;15890;0;0;21574;10206
15/12/2024 15:00;15/12/2024 15:15;61;kWh;-9841;6578;0;0;16419;-3263
15/12/2024 15:15;15/12/2024 15:30;62;kWh;-11299;11435;0;0;22734;136
15/12/2024 15:30;15/12/2024 15:45;63;kWh;-11255;502;0;0;11757;-10753
15/12/2024 15:45;15/12/2024 16:00;64;kWh;-59;3063;0;0;3122;3004
15/12/2024 16:00;15/12/2024 16:15;65;kWh;-18557;0;0;0;18557;-18557
15/12/2024 16:15;15/12/2024 16:30;66;kWh;-2227;4275;0;0;6502;2048
15/12/2024 16:30;15/12/2024 16:45;67;kWh;-9157;7218;0;0;16375;-1939
15/12/2024 16:45;15/12/2024 17:00;68;kWh;0;35804;0;0;35804;35804
15/12/2024 17:00;15/12/2024 17:15;69;kWh;-44151;873;0;0;45024;-43278
15/12/2024 17:15;15/12/2024 17:30;70;kWh;-7223;90;0;0;7313;-7133
15/12/2024 17:30;15/12/2024 17:45;71;kWh;-6586;11885;0;0;18471;5299
15/12/2024 17:45;15/12/2024 18:00;72;kWh;-18526;5634;0;0;24160;-12892
15/12/2024 18:00;15/12/2024 18:15;73;kWh;-28284;0;0;0;28284;-28284
15/12/2024 18:15;15/12/2024 18:30;74;kWh;-13624;0;0;0;13624;-13624
15/12/2024 18:30;15/12/2024 18:45;75;kWh;-42871;0;0;0;42871;-42871
15/12/2024 18:45;15/12/2024 19:00;76;kWh;-46100;0;0;0;46100;-46100
15/12/2024 19:00;15/12/2024 19:15;77;kWh;-8747;2836;0;0;11583;-5911
15/12/2024 19:15;15/12/2024 19:30;78;kWh;-22655;212;0;0;22867;-22443
15/12/2024 19:30;15/12/2024 19:45;79;kWh;-34057;0;0;0;34057;-34057
15/12/2024 19:45;15/12/2024 20:00;80;kWh;-32580;0;0;0;32580;-32580
15/12/2024 20:00;15/12/2024 20:15;81;kWh;-6222;1512;0;0;7734;-4710
15/12/2024 20:15;15/12/2024 20:30;82;kWh;-8863;1198;0;0;10061;-7665
15/12/2024 20:30;15/12/2024 20:45;83;kWh;-21839;0;0;0;21839;-21839
15/12/2024 20:45;15/12/2024 21:00;84;kWh;-15430;0;0;0;15430;-15430
15/12/2024 21:00;15/12/2024 21:15;85;kWh;-12444;708;0;0;13152;-11736
15/12/2024 21:15;15/12/2024 21:30;86;kWh;-935;12192;0;0;13127;11257
15/12/2024 21:30;15/12/2024 21:45;87;kWh;-7047;0;0;0;7047;-7047
15/12/2024 21:45;15/12/2024 22:00;88;kWh;-6669;369;0;0;7038;-6300
15/12/2024 22:00;15/12/2024 22:15;89;kWh;-743;17080;0;0;17823;16337
15/12/2024 22:15;15/12/2024 22:30;90;kWh;-4286;3330;0;0;7616;-956
15/12/2024 22:30;15/12/2024 22:45;91;kWh;-995;11434;0;0;12429;10439
15/12/2024 22:45;15/12/2024 23:00;92;kWh;-19412;0;0;0;19412;-19412
15/12/2024 23:00;15/12/2024 23:15;93;kWh;-345;16201;0;0;16546;15856
15/12/2024 23:15;15/12/2024 23:30;94;kWh;-34808;252;0;0;35060;-34556
15/12/2024 23:30;15/12/2024 23:45;95;kWh;-29042;0;0;0;29042;-29042
15/12/2024 23:45;16/12/2024 00:00;96;kWh;-49692;0;0;0;49692;-49692
16/12/2024 00:00;16/12/2024 00:15;1;kWh;-18676;4785;0;0;23461;-13891
16/12/2024 00:15;16/12/2024 00:30;2;kWh;-19949;4439;0;0;24388;-15510
16/12/2024 00:30;16/12/2024 00:45;3;kWh;-10537;8564;0;0;19101;-1973
16/12/2024 00:45;16/12/2024 01:00;4;kWh;-31761;1896;0;0;33657;-29865
16/12/2024 01:00;16/12/2024 01:15;5;kWh;-17232;23212;0;0;40444;5980
16/12/2024 01:15;16/12/2024 01:30;6;kWh;-42;28430;0;0;28472;28388
16/12/2024 01:30;16/12/2024 01:45;7;kWh;-24617;243;0;0;24860;-24374
16/12/2024 01:45;16/12/2024 02:00;8;kWh;-18372;1465;0;0;19837;-16907
16/12/2024 02:00;16/12/2024 02:15;9;kWh;-28656;7069;0;0;35725;-21587
16/12/2024 02:15;16/12/2024 02:30;10;kWh;-20242;8198;0;0;28440;-12044
16/12/2024 02:30;16/12/2024 02:45;11;kWh;-20408;314;0;0;20722;-20094
16/12/2024 02:45;16/12/2024 03:00;12;kWh;-23899;381;0;0;24280;-23518
16/12/2024 03:00;16/12/2024 03:15;13;kWh;-32394;34;0;0;32428;-32360
16/12/2024 03:15;16/12/2024 03:30;14;kWh;-8560;3128;0;0;11688;-5432
16/12/2024 03:30;16/12/2024 03:45;15;kWh;-51081;0;0;0;51081;-51081
16/12/2024 03:45;16/12/2024 04:00;16;kWh;-32643;0;0;0;32643;-32643
16/12/2024 04:00;16/12/2024 04:15;17;kWh;-19784;0;0;0;19784;-19784
16/12/2024 04:15;16/12/2024 04:30;18;kWh;-14235;101;0;0;14336;-14134
16/12/2024 04:30;16/12/2024 04:45;19;kWh;-392;1297;0;0;1689;905
16/12/2024 04:45;16/12/2024 05:00;20;kWh;-6861;0;0;0;6861;-6861
16/12/2024 05:00;16/12/2024 05:15;21;kWh;-22319;0;0;0;22319;-22319
16/12/2024 05:15;16/12/2024 05:30;22;kWh;-6503;0;0;0;6503;-6503
16/12/2024 05:30;16/12/2024 05:45;23;kWh;-378;0;0;0;378;-378
16/12/2024 05:45;16/12/2024 06:00;24;kWh;-1087;18019;0;0;19106;16932
16/12/2024 06:00;16/12/2024 06:15;25;kWh;-38442;3652;0;0;42094;-34790
16/12/2024 06:15;16/12/2024 06:30;26;kWh;-2252;14090;0;0;16342;11838
16/12/2024 06:30;16/12/2024 06:45;27;kWh;-42;14691;0;0;14733;14649
16/12/2024 06:45;16/12/2024 07:00;28;kWh;-321;28105;0;0;28426;27784
16/12/2024 07:00;16/12/2024 07:15;29;kWh;-52918;112;0;0;53030;-52806
16/12/2024 07:15;16/12/2024 07:30;30;kWh;-10498;0;0;0;10498;-10498
16/12/2024 07:30;16/12/2024 07:45;31;kWh;-6695;10711;0;0;17406;4016
16/12/2024 07:45;16/12/2024 08:00;32;kWh;-91;47751;0;0;47842;47660
16/12/2024 08:00;16/12/2024 08:15;33;kWh;-197;8498;0;0;8695;8301
16/12/2024 08:15;16/12/2024 08:30;34;kWh;-640;5334;0;0;5974;4694
16/12/2024 08:30;16/12/2024 08:45;35;kWh;-602;7999;0;0;8601;7397
16/12/2024 08:45;16/12/2024 09:00;36;kWh;0;4741;0;0;4741;4741
16/12/2024 09:00;16/12/2024 09:15;37;kWh;-522;7286;0;0;7808;6764
16/12/2024 09:15;16/12/2024 09:30;38;kWh;-4829;5529;0;0;10358;700
16/12/2024 09:30;16/12/2024 09:45;39;kWh;0;7470;0;0;7470;7470
16/12/2024 09:45;16/12/2024 10:00;40;kWh;-232;0;0;0;232;-232
16/12/2024 10:00;16/12/2024 10:15;41;kWh;-59;32438;0;0;32497;32379
16/12/2024 10:15;16/12/2024 10:30;42;kWh;0;31431;0;0;31431;31431
16/12/2024 10:30;16/12/2024 10:45;43;kWh;0;13601;0;0;13601;13601
16/12/2024 10:45;16/12/2024 11:00;44;kWh;0;478;0;0;478;478
16/12/2024 11:00;16/12/2024 11:15;45;kWh;0;26677;0;0;26677;26677
16/12/2024 11:15;16/12/2024 11:30;46;kWh;0;15056;0;0;15056;15056
16/12/2024 11:30;16/12/2024 11:45;47;kWh;0;42670;0;0;42670;42670
16/12/2024 11:45;16/12/2024 12:00;48;kWh;0;35743;0;0;35743;35743
16/12/2024 12:00;16/12/2024 12:15;49;kWh;0;59874;0;0;59874;59874
16/12/2024 12:15;16/12/2024 12:30;50;kWh;0;8075;0;0;8075;8075
16/12/2024 12:30;16/12/2024 12:45;51;kWh;0;0;0;0;0;0
16/12/2024 12:45;16/12/2024 13:00;52;kWh;0;0;0;0;0;0
16/12/2024 13:00;16/12/2024 13:15;53;kWh;-535;0;0;0;535;-535
16/12/2024 13:15;16/12/2024 13:30;54;kWh;0;0;0;0;0;0
16/12/2024 13:30;16/12/2024 13:45;55;kWh;0;27163;0;0;27163;27163
16/12/2024 13:45;16/12/2024 14:00;56;kWh;0;24047;0;0;24047;24047
16/12/2024 14:00;16/12/2024 14:15;57;kWh;-6750;580;0;0;7330;-6170
16/12/2024 14:15;16/12/2024 14:30;58;kWh;-2551;0;0;0;2551;-2551
16/12/2024 14:30;16/12/2024 14:45;59;kWh;-6426;46;0;0;6472;-6380
16/12/2024 14:45;16/12/2024 15:00;60;kWh;-2213;4;0;0;2217;-2209
16/12/2024 15:00;16/12/2024 15:15;61;kWh;-39145;0;0;0;39145;-39145
16/12/2024 15:15;16/12/2024 15:30;62;kWh;-6061;392;0;0;6453;-5669
16/12/2024 15:30;16/12/2024 15:45;63;kWh;-22351;8073;0;0;30424;-14278
16/12/2024 15:45;16/12/2024 16:00;64;kWh;-10376;22764;0;0;33140;12388
16/12/2024 16:00;16/12/2024 16:15;65;kWh;-22776;1331;0;0;24107;-21445
16/12/2024 16:15;16/12/2024 16:30;66;kWh;0;18502;0;0;18502;18502
16/12/2024 16:30;16/12/2024 16:45;67;kWh;0;17442;0;0;17442;17442
16/12/2024 16:45;16/12/2024 17:00;68;kWh;0;51570;0;0;51570;51570
16/12/2024 17:00;16/12/2024 17:15;69;kWh;-10847;16020;0;0;26867;5173
16/12/2024 17:15;16/12/2024 17:30;70;kWh;-1371;17988;0;0;19359;16617
16/12/2024 17:30;16/12/2024 17:45;71;kWh;0;20156;0;0;20156;20156
16/12/2024 17:45;16/12/2024 18:00;72;kWh;0;8029;0;0;8029;8029
16/12/2024 18:00;16/12/2024 18:15;73;kWh;-516;8253;0;0;8769;7737
16/12/2024 18:15;16/12/2024 18:30;74;kWh;-20234;0;0;0;20234;-20234
16/12/2024 18:30;16/12/2024 18:45;75;kWh;-14828;0;0;0;14828;-14828
16/12/2024 18:45;16/12/2024 19:00;76;kWh;-21621;0;0;0;21621;-21621
16/12/2024 19:00;16/12/2024 19:15;77;kWh;-12467;142;0;0;12609;-12325
16/12/2024 19:15;16/12/2024 19:30;78;kWh;-9084;14;0;0;9098;-9070
16/12/2024 19:30;16/12/2024 19:45;79;kWh;-17537;0;0;0;17537;-17537
16/12/2024 19:45;16/12/2024 20:00;80;kWh;-6842;0;0;0;6842;-6842
16/12/2024 20:00;16/12/2024 20:15;81;kWh;-685;27100;0;0;27785;26415
16/12/2024 20:15;16/12/2024 20:30;82;kWh;0;22791;0;0;22791;22791
16/12/2024 20:30;16/12/2024 20:45;83;kWh;-4463;17;0;0;4480;-4446
16/12/2024 20:45;16/12/2024 21:00;84;kWh;-1367;3318;0;0;4685;1951
16/12/2024 21:00;16/12/2024 21:15;85;kWh;0;16509;0;0;16509;16509
16/12/2024 21:15;16/12/2024 21:30;86;kWh;0;4229;0;0;4229;4229
16/12/2024 21:30;16/12/2024 21:45;87;kWh;-2255;810;0;0;3065;-1445
16/12/2024 21:45;16/12/2024 22:00;88;kWh;-6955;0;0;0;6955;-6955
16/12/2024 22:00;16/12/2024 22:15;89;kWh;-4613;5492;0;0;10105;879
16/12/2024 22:15;16/12/2024 22:30;90;kWh;0;46770;0;0;46770;46770
16/12/2024 22:30;16/12/2024 22:45;91;kWh;0;5058;0;0;5058;5058
16/12/2024 22:45;16/12/2024 23:00;92;kWh;-8600;0;0;0;8600;-8600
16/12/2024 23:00;16/12/2024 23:15;93;kWh;-10997;40034;0;0;51031;29037
16/12/2024 23:15;16/12/2024 23:30;94;kWh;-4897;41720;0;0;46617;36823
16/12/2024 23:30;16/12/2024 23:45;95;kWh;-14507;0;0;0;14507;-14507
16/12/2024 23:45;17/12/2024 00:00;96;kWh;-45998;0;0;0;45998;-45998
17/12/2024 00:00;17/12/2024 00:15;1;kWh;-25874;15348;0;0;41222;-10526
17/12/2024 00:15;17/12/2024 00:30;2;kWh;-5721;22198;0;0;27919;16477
17/12/2024 00:30;17/12/2024 00:45;3;kWh;-5406;4295;0;0;9701;-1111
17/12/2024 00:45;17/12/2024 01:00;4;kWh;-62878;64;0;0;62942;-62814
17/12/2024 01:00;17/12/2024 01:15;5;kWh;-35238;0;0;0;35238;-35238
17/12/2024 01:15;17/12/2024 01:30;6;kWh;-3009;968;0;0;3977;-2041
17/12/2024 01:30;17/12/2024 01:45;7;kWh;-17913;357;0;0;18270;-17556
17/12/2024 01:45;17/12/2024 02:00;8;kWh;0;483;0;0;483;483
17/12/2024 02:00;17/12/2024 02:15;9;kWh;-66;9076;0;0;9142;9010
17/12/2024 02:15;17/12/2024 02:30;10;kWh;-14290;214;0;0;14504;-14076
17/12/2024 02:30;17/12/2024 02:45;11;kWh;-185;7008;0;0;7193;6823
17/12/2024 02:45;17/12/2024 03:00;12;kWh;-17141;29;0;0;17170;-17112
17/12/2024 03:00;17/12/2024 03:15;13;kWh;-4893;11893;0;0;16786;7000
17/12/2024 03:15;17/12/2024 03:30;14;kWh;-23375;11609;0;0;34984;-11766
17/12/2024 03:30;17/12/2024 03:45;15;kWh;0;36646;0;0;36646;36646
17/12/2024 03:45;17/12/2024 04:00;16;kWh;0;10526;0;0;10526;10526
17/12/2024 04:00;17/12/2024 04:15;17;kWh;-5150;2983;0;0;8133;-2167
17/12/2024 04:15;17/12/2024 04:30;18;kWh;-2540;11129;0;0;13669;8589
17/12/2024 04:30;17/12/2024 04:45;19;kWh;-2091;16539;0;0;18630;14448
17/12/2024 04:45;17/12/2024 05:00;20;kWh;-18371;0;0;0;18371;-18371
17/12/2024 05:00;17/12/2024 05:15;21;kWh;-42615;0;0;0;42615;-42615
17/12/2024 05:15;17/12/2024 05:30;22;kWh;-28369;0;0;0;28369;-28369
17/12/2024 05:30;17/12/2024 05:45;23;kWh;-22595;41;0;0;22636;-22554
17/12/2024 05:45;17/12/2024 06:00;24;kWh;-5402;228;0;0;5630;-5174
17/12/2024 06:00;17/12/2024 06:15;25;kWh;-12201;4758;0;0;16959;-7443
17/12/2024 06:15;17/12/2024 06:30;26;kWh;-37013;3357;0;0;40370;-33656
17/12/2024 06:30;17/12/2024 06:45;27;kWh;-25774;14893;0;0;40667;-10881
17/12/2024 06:45;17/12/2024 07:00;28;kWh;-3;59439;0;0;59442;59436
17/12/2024 07:00;17/12/2024 07:15;29;kWh;-18888;6674;0;0;25562;-12214
17/12/2024 07:15;17/12/2024 07:30;30;kWh;-2786;30134;0;0;32920;27348
17/12/2024 07:30;17/12/2024 07:45;31;kWh;-21342;0;0;0;21342;-21342
17/12/2024 07:45;17/12/2024 08:00;32;kWh;-41454;0;0;0;41454;-41454
17/12/2024 08:00;17/12/2024 08:15;33;kWh;-58307;0;0;0;58307;-58307
17/12/2024 08:15;17/12/2024 08:30;34;kWh;-80585;0;0;0;80585;-80585
17/12/2024 08:30;17/12/2024 08:45;35;kWh;-373;0;0;0;373;-373
17/12/2024 08:45;17/12/2024 09:00;36;kWh;-7981;0;0;0;7981;-7981
17/12/2024 09:00;17/12/2024 09:15;37;kWh;-696;8335;0;0;9031;7639
17/12/2024 09:15;17/12/2024 09:30;38;kWh;-880;600;0;0;1480;-280
17/12/2024 09:30;17/12/2024 09:45;39;kWh;-3942;1753;0;0;5695;-2189
17/12/2024 09:45;17/12/2024 10:00;40;kWh;0;10620;0;0;10620;10620
17/12/2024 10:00;17/12/2024 10:15;41;kWh;0;27212;0;0;27212;27212
17/12/2024 10:15;17/12/2024 10:30;42;kWh;0;17090;0;0;17090;17090
17/12/2024 10:30;17/12/2024 10:45;43;kWh;0;16312;0;0;16312;16312
17/12/2024 10:45;17/12/2024 11:00;44;kWh;0;20383;0;0;20383;20383
17/12/2024 11:00;17/12/2024 11:15;45;kWh;0;48599;0;0;48599;48599
17/12/2024 11:15;17/12/2024 11:30;46;kWh;0;35085;0;0;35085;35085
17/12/2024 11:30;17/12/2024 11:45;47;kWh;0;68476;0;0;68476;68476
17/12/2024 11:45;17/12/2024 12:00;48;kWh;0;31147;0;0;31147;31147
17/12/2024 12:00;17/12/2024 12:15;49;kWh;-25928;0;0;0;25928;-25928
17/12/2024 12:15;17/12/2024 12:30;50;kWh;-43087;0;0;0;43087;-43087
17/12/2024 12:30;17/12/2024 12:45;51;kWh;-11188;2093;0;0;13281;-9095
17/12/2024 12:45;17/12/2024 13:00;52;kWh;-14152;1422;0;0;15574;-12730
17/12/2024 13:00;17/12/2024 13:15;53;kWh;-29713;0;0;0;29713;-29713
17/12/2024 13:15;17/12/2024 13:30;54;kWh;-18268;0;0;0;18268;-18268
17/12/2024 13:30;17/12/2024 13:45;55;kWh;-17641;0;0;0;17641;-17641
17/12/2024 13:45;17/12/2024 14:00;56;kWh;-806;0;0;0;806;-806
17/12/2024 14:00;17/12/2024 14:15;57;kWh;-40195;0;0;0;40195;-40195
17/12/2024 14:15;17/12/2024 14:30;58;kWh;-29937;0;0;0;29937;-29937
17/12/2024 14:30;17/12/2024 14:45;59;kWh;-796;0;0;0;796;-796
17/12/2024 14:45;17/12/2024 15:00;60;kWh;-1143;0;0;0;1143;-1143
17/12/2024 15:00;17/12/2024 15:15;61;kWh;-50708;0;0;0;50708;-50708
17/12/2024 15:15;17/12/2024 15:30;62;kWh;-26212;0;0;0;26212;-26212
17/12/2024 15:30;17/12/2024 15:45;63;kWh;-2530;0;0;0;2530;-2530
17/12/2024 15:45;17/12/2024 16:00;64;kWh;-12684;0;0;0;12684;-12684
17/12/2024 16:00;17/12/2024 16:15;65;kWh;-44341;0;0;0;44341;-44341
17/12/2024 16:15;17/12/2024 16:30;66;kWh;-48826;0;0;0;48826;-48826
17/12/2024 16:30;17/12/2024 16:45;67;kWh;-48349;0;0;0;48349;-48349
17/12/2024 16:45;17/12/2024 17:00;68;kWh;-62910;0;0;0;62910;-62910
17/12/2024 17:00;17/12/2024 17:15;69;kWh;-6568;249;0;0;6817;-6319
17/12/2024 17:15;17/12/2024 17:30;70;kWh;-1303;820;0;0;2123;-483
17/12/2024 17:30;17/12/2024 17:45;71;kWh;-25275;0;0;0;25275;-25275
17/12/2024 17:45;17/12/2024 18:00;72;kWh;-47631;0;0;0;47631;-47631
17/12/2024 18:00;17/12/2024 18:15;73;kWh;-3762;57284;0;0;61046;53522
17/12/2024 18:15;17/12/2024 18:30;74;kWh;0;70947;0;0;70947;70947
17/12/2024 18:30;17/12/2024 18:45;75;kWh;-913;1674;0;0;2587;761
17/12/2024 18:45;17/12/2024 19:00;76;kWh;-11300;0;0;0;11300;-11300
17/12/2024 19:00;17/12/2024 19:15;77;kWh;-4383;7948;0;0;12331;3565
17/12/2024 19:15;17/12/2024 19:30;78;kWh;-883;8643;0;0;9526;7760
17/12/2024 19:30;17/12/2024 19:45;79;kWh;-12885;0;0;0;12885;-12885
17/12/2024 19:45;17/12/2024 20:00;80;kWh;-25847;0;0;0;25847;-25847
17/12/2024 20:00;17/12/2024 20:15;81;kWh;-31630;6833;0;0;38463;-24797
17/12/2024 20:15;17/12/2024 20:30;82;kWh;0;11487;0;0;11487;11487
17/12/2024 20:30;17/12/2024 20:45;83;kWh;-92;1866;0;0;1958;1774
17/12/2024 20:45;17/12/2024 21:00;84;kWh;-33592;0;0;0;33592;-33592
17/12/2024 21:00;17/12/2024 21:15;85;kWh;-41497;6691;0;0;48188;-34806
17/12/2024 21:15;17/12/2024 21:30;86;kWh;0;75260;0;0;75260;75260
17/12/2024 21:30;17/12/2024 21:45;87;kWh;-8018;719;0;0;8737;-7299
17/12/2024 21:45;17/12/2024 22:00;88;kWh;-43046;0;0;0;43046;-43046
17/12/2024 22:00;17/12/2024 22:15;89;kWh;-31108;7993;0;0;39101;-23115
17/12/2024 22:15;17/12/2024 22:30;90;kWh;-322;20598;0;0;20920;20276
17/12/2024 22:30;17/12/2024 22:45;91;kWh;-6092;2032;0;0;8124;-4060
17/12/2024 22:45;17/12/2024 23:00;92;kWh;-43131;0;0;0;43131;-43131
17/12/2024 23:00;17/12/2024 23:15;93;kWh;-9004;5584;0;0;14588;-3420
17/12/2024 23:15;17/12/2024 23:30;94;kWh;-12008;903;0;0;12911;-11105
17/12/2024 23:30;17/12/2024 23:45;95;kWh;-12444;116;0;0;12560;-12328
17/12/2024 23:45;18/12/2024 00:00;96;kWh;-48576;0;0;0;48576;-48576
18/12/2024 00:00;18/12/2024 00:15;1;kWh;-39056;0;0;0;39056;-39056
18/12/2024 00:15;18/12/2024 00:30;2;kWh;-747;13443;0;0;14190;12696
18/12/2024 00:30;18/12/2024 00:45;3;kWh;-23257;3;0;0;23260;-23254
18/12/2024 00:45;18/12/2024 01:00;4;kWh;-33003;0;0;0;33003;-33003
18/12/2024 01:00;18/12/2024 01:15;5;kWh;-2124;0;0;0;2124;-2124
18/12/2024 01:15;18/12/2024 01:30;6;kWh;-3275;0;0;0;3275;-3275
18/12/2024 01:30;18/12/2024 01:45;7;kWh;-13289;0;0;0;13289;-13289
18/12/2024 01:45;18/12/2024 02:00;8;kWh;-27255;0;0;0;27255;-27255
18/12/2024 02:00;18/12/2024 02:15;9;kWh;-2407;12843;0;0;15250;10436
18/12/2024 02:15;18/12/2024 02:30;10;kWh;-744;771;0;0;1515;27
18/12/2024 02:30;18/12/2024 02:45;11;kWh;-476;0;0;0;476;-476
18/12/2024 02:45;18/12/2024 03:00;12;kWh;-15997;0;0;0;15997;-15997
18/12/2024 03:00;18/12/2024 03:15;13;kWh;-25223;2950;0;0;28173;-22273
18/12/2024 03:15;18/12/2024 03:30;14;kWh;-5916;20498;0;0;26414;14582
18/12/2024 03:30;18/12/2024 03:45;15;kWh;-19170;0;0;0;19170;-19170
18/12/2024 03:45;18/12/2024 04:00;16;kWh;-28622;0;0;0;28622;-28622
18/12/2024 04:00;18/12/2024 04:15;17;kWh;-20776;0;0;0;20776;-20776
18/12/2024 04:15;18/12/2024 04:30;18;kWh;-10661;0;0;0;10661;-10661
18/12/2024 04:30;18/12/2024 04:45;19;kWh;-30984;0;0;0;30984;-30984
18/12/2024 04:45;18/12/2024 05:00;20;kWh;-3599;502;0;0;4101;-3097
18/12/2024 05:00;18/12/2024 05:15;21;kWh;-35442;0;0;0;35442;-35442
18/12/2024 05:15;18/12/2024 05:30;22;kWh;-20266;0;0;0;20266;-20266
18/12/2024 05:30;18/12/2024 05:45;23;kWh;-5861;5979;0;0;11840;118
18/12/2024 05:45;18/12/2024 06:00;24;kWh;-8330;3629;0;0;11959;-4701
18/12/2024 06:00;18/12/2024 06:15;25;kWh;-80580;460;0;0;81040;-80120
18/12/2024 06:15;18/12/2024 06:30;26;kWh;-29736;2574;0;0;32310;-27162
18/12/2024 06:30;18/12/2024 06:45;27;kWh;-43436;0;0;0;43436;-43436
18/12/2024 06:45;18/12/2024 07:00;28;kWh;-271;3846;0;0;4117;3575
18/12/2024 07:00;18/12/2024 07:15;29;kWh;-22511;545;0;0;23056;-21966
18/12/2024 07:15;18/12/2024 07:30;30;kWh;-981;9606;0;0;10587;8625
18/12/2024 07:30;18/12/2024 07:45;31;kWh;0;10579;0;0;10579;10579
18/12/2024 07:45;18/12/2024 08:00;32;kWh;0;25134;0;0;25134;25134
18/12/2024 08:00;18/12/2024 08:15;33;kWh;-9512;5901;0;0;15413;-3611
18/12/2024 08:15;18/12/2024 08:30;34;kWh;0;46132;0;0;46132;46132
18/12/2024 08:30;18/12/2024 08:45;35;kWh;0;34310;0;0;34310;34310
18/12/2024 08:45;18/12/2024 09:00;36;kWh;0;47338;0;0;47338;47338
18/12/2024 09:00;18/12/2024 09:15;37;kWh;0;51200;0;0;51200;51200
18/12/2024 09:15;18/12/2024 09:30;38;kWh;0;65470;0;0;65470;65470
18/12/2024 09:30;18/12/2024 09:45;39;kWh;0;53982;0;0;53982;53982
18/12/2024 09:45;18/12/2024 10:00;40;kWh;0;30251;0;0;30251;30251
18/12/2024 10:00;18/12/2024 10:15;41;kWh;-5646;1513;0;0;7159;-4133
18/12/2024 10:15;18/12/2024 10:30;42;kWh;-1687;17931;0;0;19618;16244
18/12/2024 10:30;18/12/2024 10:45;43;kWh;-7136;0;0;0;7136;-7136
18/12/2024 10:45;18/12/2024 11:00;44;kWh;-14371;0;0;0;14371;-14371
18/12/2024 11:00;18/12/2024 11:15;45;kWh;-16215;0;0;0;16215;-16215
18/12/2024 11:15;18/12/2024 11:30;46;kWh;-33681;0;0;0;33681;-33681
18/12/2024 11:30;18/12/2024 11:45;47;kWh;-30991;293;0;0;31284;-30698
18/12/2024 11:45;18/12/2024 12:00;48;kWh;-7299;11923;0;0;19222;4624
18/12/2024 12:00;18/12/2024 12:15;49;kWh;-40815;0;0;0;40815;-40815
18/12/2024 12:15;18/12/2024 12:30;50;kWh;-15499;0;0;0;15499;-15499
18/12/2024 12:30;18/12/2024 12:45;51;kWh;-3374;10613;0;0;13987;7239
18/12/2024 12:45;18/12/2024 13:00;52;kWh;-12794;3047;0;0;15841;-9747
18/12/2024 13:00;18/12/2024 13:15;53;kWh;-2262;7041;0;0;9303;4779
18/12/2024 13:15;18/12/2024 13:30;54;kWh;-6679;11313;0;0;17992;4634
18/12/2024 13:30;18/12/2024 13:45;55;kWh;-11647;22992;0;0;34639;11345
18/12/2024 13:45;18/12/2024 14:00;56;kWh;-2558;18905;0;0;21463;16347
18/12/2024 14:00;18/12/2024 14:15;57;kWh;-607;16358;0;0;16965;15751
18/12/2024 14:15;18/12/2024 14:30;58;kWh;0;20052;0;0;20052;20052
18/12/2024 14:30;18/12/2024 14:45;59;kWh;-5375;4408;0;0;9783;-967
18/12/2024 14:45;18/12/2024 15:00;60;kWh;-2596;14748;0;0;17344;12152
18/12/2024 15:00;18/12/2024 15:15;61;kWh;-16839;2243;0;0;19082;-14596
18/12/2024 15:15;18/12/2024 15:30;62;kWh;-24145;6444;0;0;30589;-17701
18/12/2024 15:30;18/12/2024 15:45;63;kWh;-43779;38;0;0;43817;-43741
18/12/2024 15:45;18/12/2024 16:00;64;kWh;-14633;204;0;0;14837;-14429
18/12/2024 16:00;18/12/2024 16:15;65;kWh;-9801;0;0;0;9801;-9801
18/12/2024 16:15;18/12/2024 16:30;66;kWh;-18802;0;0;0;18802;-18802
18/12/2024 16:30;18/12/2024 16:45;67;kWh;-2969;3176;0;0;6145;207
18/12/2024 16:45;18/12/2024 17:00;68;kWh;-3243;481;0;0;3724;-2762
18/12/2024 17:00;18/12/2024 17:15;69;kWh;-4519;1289;0;0;5808;-3230
18/12/2024 17:15;18/12/2024 17:30;70;kWh;-4882;13615;0;0;18497;8733
18/12/2024 17:30;18/12/2024 17:45;71;kWh;-3845;28042;0;0;31887;24197
18/12/2024 17:45;18/12/2024 18:00;72;kWh;-22052;0;0;0;22052;-22052
18/12/2024 18:00;18/12/2024 18:15;73;kWh;-142;15140;0;0;15282;14998
18/12/2024 18:15;18/12/2024 18:30;74;kWh;-26748;234;0;0;26982;-26514
18/12/2024 18:30;18/12/2024 18:45;75;kWh;-25225;0;0;0;25225;-25225
18/12/2024 18:45;18/12/2024 19:00;76;kWh;-9082;0;0;0;9082;-9082
18/12/2024 19:00;18/12/2024 19:15;77;kWh;-7292;4206;0;0;11498;-3086
18/12/2024 19:15;18/12/2024 19:30;78;kWh;0;54209;0;0;54209;54209
18/12/2024 19:30;18/12/2024 19:45;79;kWh;0;27348;0;0;27348;27348
18/12/2024 19:45;18/12/2024 20:00;80;kWh;-9311;5577;0;0;14888;-3734
18/12/2024 20:00;18/12/2024 20:15;81;kWh;-24808;0;0;0;24808;-24808
18/12/2024 20:15;18/12/2024 20:30;82;kWh;-10268;0;0;0;10268;-10268
18/12/2024 20:30;18/12/2024 20:45;83;kWh;-1022;6091;0;0;7113;5069
18/12/2024 20:45;18/12/2024 21:00;84;kWh;-5011;0;0;0;5011;-5011
18/12/2024 21:00;18/12/2024 21:15;85;kWh;-56990;0;0;0;56990;-56990
18/12/2024 21:15;18/12/2024 21:30;86;kWh;-28576;0;0;0;28576;-28576
18/12/2024 21:30;18/12/2024 21:45;87;kWh;-50868;0;0;0;50868;-50868
18/12/2024 21:45;18/12/2024 22:00;88;kWh;-58362;0;0;0;58362;-58362
18/12/2024 22:00;18/12/2024 22:15;89;kWh;-33452;0;0;0;33452;-33452
18/12/2024 22:15;18/12/2024 22:30;90;kWh;-40120;0;0;0;40120;-40120
18/12/2024 22:30;18/12/2024 22:45;91;kWh;-43879;0;0;0;43879;-43879
18/12/2024 22:45;18/12/2024 23:00;92;kWh;-49844;0;0;0;49844;-49844
18/12/2024 23:00;18/12/2024 23:15;93;kWh;-10275;2098;0;0;12373;-8177
18/12/2024 23:15;18/12/2024 23:30;94;kWh;-73531;0;0;0;73531;-73531
18/12/2024 23:30;18/12/2024 23:45;95;kWh;-55132;0;0;0;55132;-55132
18/12/2024 23:45;19/12/2024 00:00;96;kWh;-76124;0;0;0;76124;-76124
19/12/2024 00:00;19/12/2024 00:15;1;kWh;-23821;0;0;0;23821;-23821
19/12/2024 00:15;19/12/2024 00:30;2;kWh;-7537;0;0;0;7537;-7537
19/12/2024 00:30;19/12/2024 00:45;3;kWh;-28894;0;0;0;28894;-28894
19/12/2024 00:45;19/12/2024 01:00;4;kWh;-9924;0;0;0;9924;-9924
19/12/2024 01:00;19/12/2024 01:15;5;kWh;-8428;401;0;0;8829;-8027
19/12/2024 01:15;19/12/2024 01:30;6;kWh;-25050;0;0;0;25050;-25050
19/12/2024 01:30;19/12/2024 01:45;7;kWh;-21854;0;0;0;21854;-21854
19/12/2024 01:45;19/12/2024 02:00;8;kWh;-19863;0;0;0;19863;-19863
19/12/2024 02:00;19/12/2024 02:15;9;kWh;-13094;106;0;0;13200;-12988
19/12/2024 02:15;19/12/2024 02:30;10;kWh;-4347;168;0;0;4515;-4179
19/12/2024 02:30;19/12/2024 02:45;11;kWh;-18905;0;0;0;18905;-18905
19/12/2024 02:45;19/12/2024 03:00;12;kWh;-20102;0;0;0;20102;-20102
19/12/2024 03:00;19/12/2024 03:15;13;kWh;-1981;48956;0;0;50937;46975
19/12/2024 03:15;19/12/2024 03:30;14;kWh;-889;20695;0;0;21584;19806
19/12/2024 03:30;19/12/2024 03:45;15;kWh;-2189;22306;0;0;24495;20117
19/12/2024 03:45;19/12/2024 04:00;16;kWh;-6289;15430;0;0;21719;9141
19/12/2024 04:00;19/12/2024 04:15;17;kWh;-9110;23396;0;0;32506;14286
19/12/2024 04:15;19/12/2024 04:30;18;kWh;0;35553;0;0;35553;35553
19/12/2024 04:30;19/12/2024 04:45;19;kWh;-16;7833;0;0;7849;7817
19/12/2024 04:45;19/12/2024 05:00;20;kWh;-1253;19187;0;0;20440;17934
19/12/2024 05:00;19/12/2024 05:15;21;kWh;-37042;1747;0;0;38789;-35295
19/12/2024 05:15;19/12/2024 05:30;22;kWh;-5103;12696;0;0;17799;7593
19/12/2024 05:30;19/12/2024 05:45;23;kWh;-16720;8606;0;0;25326;-8114
19/12/2024 05:45;19/12/2024 06:00;24;kWh;-959;45403;0;0;46362;44444
19/12/2024 06:00;19/12/2024 06:15;25;kWh;-74938;244;0;0;75182;-74694
19/12/2024 06:15;19/12/2024 06:30;26;kWh;-24453;0;0;0;24453;-24453
19/12/2024 06:30;19/12/2024 06:45;27;kWh;-1006;39398;0;0;40404;38392
19/12/2024 06:45;19/12/2024 07:00;28;kWh;0;59851;0;0;59851;59851
19/12/2024 07:00;19/12/2024 07:15;29;kWh;-82574;1631;0;0;84205;-80943
19/12/2024 07:15;19/12/2024 07:30;30;kWh;-30850;0;0;0;30850;-30850
19/12/2024 07:30;19/12/2024 07:45;31;kWh;-22388;8347;0;0;30735;-14041
19/12/2024 07:45;19/12/2024 08:00;32;kWh;-343;51516;0;0;51859;51173
19/12/2024 08:00;19/12/2024 08:15;33;kWh;-89821;524;0;0;90345;-89297
19/12/2024 08:15;19/12/2024 08:30;34;kWh;-14913;571;0;0;15484;-14342
19/12/2024 08:30;19/12/2024 08:45;35;kWh;-48493;65;0;0;48558;-48428
19/12/2024 08:45;19/12/2024 09:00;36;kWh;-907;15207;0;0;16114;14300
19/12/2024 09:00;19/12/2024 09:15;37;kWh;-39677;0;0;0;39677;-39677
19/12/2024 09:15;19/12/2024 09:30;38;kWh;-12592;0;0;0;12592;-12592
19/12/2024 09:30;19/12/2024 09:45;39;kWh;-10922;0;0;0;10922;-10922
19/12/2024 09:45;19/12/2024 10:00;40;kWh;-12845;0;0;0;12845;-12845
19/12/2024 10:00;19/12/2024 10:15;41;kWh;-8827;1120;0;0;9947;-7707
19/12/2024 10:15;19/12/2024 10:30;42;kWh;0;9627;0;0;9627;9627
19/12/2024 10:30;19/12/2024 10:45;43;kWh;0;13241;0;0;13241;13241
19/12/2024 10:45;19/12/2024 11:00;44;kWh;0;34183;0;0;34183;34183
19/12/2024 11:00;19/12/2024 11:15;45;kWh;0;78213;0;0;78213;78213
19/12/2024 11:15;19/12/2024 11:30;46;kWh;0;46421;0;0;46421;46421
19/12/2024 11:30;19/12/2024 11:45;47;kWh;-5539;466;0;0;6005;-5073
19/12/2024 11:45;19/12/2024 12:00;48;kWh;-4629;7605;0;0;12234;2976
19/12/2024 12:00;19/12/2024 12:15;49;kWh;-66122;0;0;0;66122;-66122
19/12/2024 12:15;19/12/2024 12:30;50;kWh;-9558;7359;0;0;16917;-2199
19/12/2024 12:30;19/12/2024 12:45;51;kWh;-81564;0;0;0;81564;-81564
19/12/2024 12:45;19/12/2024 13:00;52;kWh;-22302;4022;0;0;26324;-18280
19/12/2024 13:00;19/12/2024 13:15;53;kWh;-49048;1356;0;0;50404;-47692
19/12/2024 13:15;19/12/2024 13:30;54;kWh;-22485;21796;0;0;44281;-689
19/12/2024 13:30;19/12/2024 13:45;55;kWh;-11734;13530;0;0;25264;1796
19/12/2024 13:45;19/12/2024 14:00;56;kWh;-28788;1610;0;0;30398;-27178
19/12/2024 14:00;19/12/2024 14:15;57;kWh;-12;97489;0;0;97501;97477
19/12/2024 14:15;19/12/2024 14:30;58;kWh;-27709;5535;0;0;33244;-22174
19/12/2024 14:30;19/12/2024 14:45;59;kWh;-590;42491;0;0;43081;41901
19/12/2024 14:45;19/12/2024 15:00;60;kWh;0;43475;0;0;43475;43475
19/12/2024 15:00;19/12/2024 15:15;61;kWh;0;6196;0;0;6196;6196
19/12/2024 15:15;19/12/2024 15:30;62;kWh;0;0;0;0;0;0
19/12/2024 15:30;19/12/2024 15:45;63;kWh;0;4153;0;0;4153;4153
19/12/2024 15:45;19/12/2024 16:00;64;kWh;0;24974;0;0;24974;24974
19/12/2024 16:00;19/12/2024 16:15;65;kWh;-39930;5224;0;0;45154;-34706
19/12/2024 16:15;19/12/2024 16:30;66;kWh;-32265;324;0;0;32589;-31941
19/12/2024 16:30;19/12/2024 16:45;67;kWh;-2;23871;0;0;23873;23869
19/12/2024 16:45;19/12/2024 17:00;68;kWh;0;32586;0;0;32586;32586
19/12/2024 17:00;19/12/2024 17:15;69;kWh;-57764;774;0;0;58538;-56990
19/12/2024 17:15;19/12/2024 17:30;70;kWh;-38389;0;0;0;38389;-38389
19/12/2024 17:30;19/12/2024 17:45;71;kWh;-29586;0;0;0;29586;-29586
19/12/2024 17:45;19/12/2024 18:00;72;kWh;-60105;0;0;0;60105;-60105
19/12/2024 18:00;19/12/2024 18:15;73;kWh;-13605;0;0;0;13605;-13605
19/12/2024 18:15;19/12/2024 18:30;74;kWh;-20419;0;0;0;20419;-20419
19/12/2024 18:30;19/12/2024 18:45;75;kWh;-13943;0;0;0;13943;-13943
19/12/2024 18:45;19/12/2024 19:00;76;kWh;-24386;0;0;0;24386;-24386
19/12/2024 19:00;19/12/2024 19:15;77;kWh;-1299;20245;0;0;21544;18946
19/12/2024 19:15;19/12/2024 19:30;78;kWh;-2224;6476;0;0;8700;4252
19/12/2024 19:30;19/12/2024 19:45;79;kWh;0;50618;0;0;50618;50618
19/12/2024 19:45;19/12/2024 20:00;80;kWh;0;25984;0;0;25984;25984
19/12/2024 20:00;19/12/2024 20:15;81;kWh;0;36787;0;0;36787;36787
19/12/2024 20:15;19/12/2024 20:30;82;kWh;0;65698;0;0;65698;65698
19/12/2024 20:30;19/12/2024 20:45;83;kWh;0;40611;0;0;40611;40611
19/12/2024 20:45;19/12/2024 21:00;84;kWh;0;45251;0;0;45251;45251
19/12/2024 21:00;19/12/2024 21:15;85;kWh;0;100808;0;0;100808;100808
19/12/2024 21:15;19/12/2024 21:30;86;kWh;-180;77850;0;0;78030;77670
19/12/2024 21:30;19/12/2024 21:45;87;kWh;-11868;3123;0;0;14991;-8745
19/12/2024 21:45;19/12/2024 22:00;88;kWh;-8185;16468;0;0;24653;8283
19/12/2024 22:00;19/12/2024 22:15;89;kWh;-9437;31114;0;0;40551;21677
19/12/2024 22:15;19/12/2024 22:30;90;kWh;-961;26695;0;0;27656;25734
19/12/2024 22:30;19/12/2024 22:45;91;kWh;-566;13983;0;0;14549;13417
19/12/2024 22:45;19/12/2024 23:00;92;kWh;0;16948;0;0;16948;16948
19/12/2024 23:00;19/12/2024 23:15;93;kWh;0;24984;0;0;24984;24984
19/12/2024 23:15;19/12/2024 23:30;94;kWh;0;25858;0;0;25858;25858
19/12/2024 23:30;19/12/2024 23:45;95;kWh;-6139;7413;0;0;13552;1274
19/12/2024 23:45;20/12/2024 00:00;96;kWh;-26763;0;0;0;26763;-26763
20/12/2024 00:00;20/12/2024 00:15;1;kWh;-9402;26884;0;0;36286;17482
20/12/2024 00:15;20/12/2024 00:30;2;kWh;-15;35630;0;0;35645;35615
20/12/2024 00:30;20/12/2024 00:45;3;kWh;-3415;10427;0;0;13842;7012
20/12/2024 00:45;20/12/2024 01:00;4;kWh;-6564;19607;0;0;26171;13043
20/12/2024 01:00;20/12/2024 01:15;5;kWh;-13061;20492;0;0;33553;7431
20/12/2024 01:15;20/12/2024 01:30;6;kWh;0;47528;0;0;47528;47528
20/12/2024 01:30;20/12/2024 01:45;7;kWh;-5587;2791;0;0;8378;-2796
20/12/2024 01:45;20/12/2024 02:00;8;kWh;-178;21121;0;0;21299;20943
20/12/2024 02:00;20/12/2024 02:15;9;kWh;-316;21286;0;0;21602;20970
20/12/2024 02:15;20/12/2024 02:30;10;kWh;0;38458;0;0;38458;38458
20/12/2024 02:30;20/12/2024 02:45;11;kWh;0;78020;0;0;78020;78020
20/12/2024 02:45;20/12/2024 03:00;12;kWh;0;56266;0;0;56266;56266
20/12/2024 03:00;20/12/2024 03:15;13;kWh;0;59077;0;0;59077;59077
20/12/2024 03:15;20/12/2024 03:30;14;kWh;0;65672;0;0;65672;65672
20/12/2024 03:30;20/12/2024 03:45;15;kWh;0;62690;0;0;62690;62690
20/12/2024 03:45;20/12/2024 04:00;16;kWh;0;49661;0;0;49661;49661
20/12/2024 04:00;20/12/2024 04:15;17;kWh;-3165;7902;0;0;11067;4737
20/12/2024 04:15;20/12/2024 04:30;18;kWh;-8804;1535;0;0;10339;-7269
20/12/2024 04:30;20/12/2024 04:45;19;kWh;0;47878;0;0;47878;47878
20/12/2024 04:45;20/12/2024 05:00;20;kWh;-8;53981;0;0;53989;53973
20/12/2024 05:00;20/12/2024 05:15;21;kWh;-27367;995;0;0;28362;-26372
20/12/2024 05:15;20/12/2024 05:30;22;kWh;-45;40044;0;0;40089;39999
20/12/2024 05:30;20/12/2024 05:45;23;kWh;0;90328;0;0;90328;90328
20/12/2024 05:45;20/12/2024 06:00;24;kWh;-15738;6063;0;0;21801;-9675
20/12/2024 06:00;20/12/2024 06:15;25;kWh;-65300;0;0;0;65300;-65300
20/12/2024 06:15;20/12/2024 06:30;26;kWh;-31322;0;0;0;31322;-31322
20/12/2024 06:30;20/12/2024 06:45;27;kWh;-28113;0;0;0;28113;-28113
20/12/2024 06:45;20/12/2024 07:00;28;kWh;-3142;21505;0;0;24647;18363
20/12/2024 07:00;20/12/2024 07:15;29;kWh;-14152;5719;0;0;19871;-8433
20/12/2024 07:15;20/12/2024 07:30;30;kWh;0;22113;0;0;22113;22113
20/12/2024 07:30;20/12/2024 07:45;31;kWh;-991;5480;0;0;6471;4489
20/12/2024 07:45;20/12/2024 08:00;32;kWh;0;55984;0;0;55984;55984
20/12/2024 08:00;20/12/2024 08:15;33;kWh;-15704;17651;0;0;33355;1947
20/12/2024 08:15;20/12/2024 08:30;34;kWh;-34531;0;0;0;34531;-34531
20/12/2024 08:30;20/12/2024 08:45;35;kWh;-24948;70;0;0;25018;-24878
20/12/2024 08:45;20/12/2024 09:00;36;kWh;-306;2618;0;0;2924;2312
20/12/2024 09:00;20/12/2024 09:15;37;kWh;-32372;0;0;0;32372;-32372
20/12/2024 09:15;20/12/2024 09:30;38;kWh;-29243;0;0;0;29243;-29243
20/12/2024 09:30;20/12/2024 09:45;39;kWh;-49238;0;0;0;49238;-49238
20/12/2024 09:45;20/12/2024 10:00;40;kWh;-76977;0;0;0;76977;-76977
20/12/2024 10:00;20/12/2024 10:15;41;kWh;-27497;0;0;0;27497;-27497
20/12/2024 10:15;20/12/2024 10:30;42;kWh;-103090;0;0;0;103090;-103090
20/12/2024 10:30;20/12/2024 10:45;43;kWh;-45762;0;0;0;45762;-45762
20/12/2024 10:45;20/12/2024 11:00;44;kWh;-107064;0;0;0;107064;-107064
20/12/2024 11:00;20/12/2024 11:15;45;kWh;-30024;61;0;0;30085;-29963
20/12/2024 11:15;20/12/2024 11:30;46;kWh;-66109;0;0;0;66109;-66109
20/12/2024 11:30;20/12/2024 11:45;47;kWh;-241;10337;0;0;10578;10096
20/12/2024 11:45;20/12/2024 12:00;48;kWh;-6951;112;0;0;7063;-6839
20/12/2024 12:00;20/12/2024 12:15;49;kWh;0;1182;0;0;1182;1182
20/12/2024 12:15;20/12/2024 12:30;50;kWh;0;7399;0;0;7399;7399
20/12/2024 12:30;20/12/2024 12:45;51;kWh;-4239;4350;0;0;8589;111
20/12/2024 12:45;20/12/2024 13:00;52;kWh;-37907;0;0;0;37907;-37907
20/12/2024 13:00;20/12/2024 13:15;53;kWh;-84604;0;0;0;84604;-84604
20/12/2024 13:15;20/12/2024 13:30;54;kWh;-67967;0;0;0;67967;-67967
20/12/2024 13:30;20/12/2024 13:45;55;kWh;-29854;0;0;0;29854;-29854
20/12/2024 13:45;20/12/2024 14:00;56;kWh;-40942;0;0;0;40942;-40942
20/12/2024 14:00;20/12/2024 14:15;57;kWh;-84735;0;0;0;84735;-84735
20/12/2024 14:15;20/12/2024 14:30;58;kWh;-44717;0;0;0;44717;-44717
20/12/2024 14:30;20/12/2024 14:45;59;kWh;-24942;35;0;0;24977;-24907
20/12/2024 14:45;20/12/2024 15:00;60;kWh;-263;7005;0;0;7268;6742
20/12/2024 15:00;20/12/2024 15:15;61;kWh;-63465;2064;0;0;65529;-61401
20/12/2024 15:15;20/12/2024 15:30;62;kWh;-49737;0;0;0;49737;-49737
20/12/2024 15:30;20/12/2024 15:45;63;kWh;-23381;0;0;0;23381;-23381
20/12/2024 15:45;20/12/2024 16:00;64;kWh;-12937;0;0;0;12937;-12937
20/12/2024 16:00;20/12/2024 16:15;65;kWh;-45123;0;0;0;45123;-45123
20/12/2024 16:15;20/12/2024 16:30;66;kWh;-44624;0;0;0;44624;-44624
20/12/2024 16:30;20/12/2024 16:45;67;kWh;-3401;0;0;0;3401;-3401
20/12/2024 16:45;20/12/2024 17:00;68;kWh;-10296;0;0;0;10296;-10296
20/12/2024 17:00;20/12/2024 17:15;69;kWh;-54916;0;0;0;54916;-54916
20/12/2024 17:15;20/12/2024 17:30;70;kWh;-27396;0;0;0;27396;-27396
20/12/2024 17:30;20/12/2024 17:45;71;kWh;-60145;0;0;0;60145;-60145
20/12/2024 17:45;20/12/2024 18:00;72;kWh;-54861;0;0;0;54861;-54861
20/12/2024 18:00;20/12/2024 18:15;73;kWh;-7496;27541;0;0;35037;20045
20/12/2024 18:15;20/12/2024 18:30;74;kWh;-12609;2103;0;0;14712;-10506
20/12/2024 18:30;20/12/2024 18:45;75;kWh;-43213;0;0;0;43213;-43213
20/12/2024 18:45;20/12/2024 19:00;76;kWh;-49509;0;0;0;49509;-49509
20/12/2024 19:00;20/12/2024 19:15;77;kWh;-17149;24931;0;0;42080;7782
20/12/2024 19:15;20/12/2024 19:30;78;kWh;-15016;16843;0;0;31859;1827
20/12/2024 19:30;20/12/2024 19:45;79;kWh;-28665;0;0;0;28665;-28665
20/12/2024 19:45;20/12/2024 20:00;80;kWh;-2568;177;0;0;2745;-2391
20/12/2024 20:00;20/12/2024 20:15;81;kWh;-16320;2862;0;0;19182;-13458
20/12/2024 20:15;20/12/2024 20:30;82;kWh;0;22146;0;0;22146;22146
20/12/2024 20:30;20/12/2024 20:45;83;kWh;-3312;134;0;0;3446;-3178
20/12/2024 20:45;20/12/2024 21:00;84;kWh;-9999;19891;0;0;29890;9892
20/12/2024 21:00;20/12/2024 21:15;85;kWh;-14140;20480;0;0;34620;6340
20/12/2024 21:15;20/12/2024 21:30;86;kWh;-7540;6068;0;0;13608;-1472
20/12/2024 21:30;20/12/2024 21:45;87;kWh;-6646;3425;0;0;10071;-3221
20/12/2024 21:45;20/12/2024 22:00;88;kWh;-22499;23;0;0;22522;-22476
20/12/2024 22:00;20/12/2024 22:15;89;kWh;-446;5185;0;0;5631;4739
20/12/2024 22:15;20/12/2024 22:30;90;kWh;-17676;1;0;0;17677;-17675
20/12/2024 22:30;20/12/2024 22:45;91;kWh;-14516;2002;0;0;16518;-12514
20/12/2024 22:45;20/12/2024 23:00;92;kWh;-1211;13760;0;0;14971;12549
20/12/2024 23:00;20/12/2024 23:15;93;kWh;-17789;7806;0;0;25595;-9983
20/12/2024 23:15;20/12/2024 23:30;94;kWh;-2612;22742;0;0;25354;20130
20/12/2024 23:30;20/12/2024 23:45;95;kWh;-15650;0;0;0;15650;-15650
20/12/2024 23:45;21/12/2024 00:00;96;kWh;-23998;0;0;0;23998;-23998
21/12/2024 00:00;21/12/2024 00:15;1;kWh;-57759;0;0;0;57759;-57759
21/12/2024 00:15;21/12/2024 00:30;2;kWh;-41005;0;0;0;41005;-41005
21/12/2024 00:30;21/12/2024 00:45;3;kWh;-26571;0;0;0;26571;-26571
21/12/2024 00:45;21/12/2024 01:00;4;kWh;-24912;0;0;0;24912;-24912
21/12/2024 01:00;21/12/2024 01:15;5;kWh;-9252;0;0;0;9252;-9252
21/12/2024 01:15;21/12/2024 01:30;6;kWh;0;1242;0;0;1242;1242
21/12/2024 01:30;21/12/2024 01:45;7;kWh;0;11490;0;0;11490;11490
21/12/2024 01:45;21/12/2024 02:00;8;kWh;0;7602;0;0;7602;7602
21/12/2024 02:00;21/12/2024 02:15;9;kWh;-4245;325;0;0;4570;-3920
21/12/2024 02:15;21/12/2024 02:30;10;kWh;-30131;0;0;0;30131;-30131
21/12/2024 02:30;21/12/2024 02:45;11;kWh;-10297;0;0;0;10297;-10297
21/12/2024 02:45;21/12/2024 03:00;12;kWh;-10738;0;0;0;10738;-10738
21/12/2024 03:00;21/12/2024 03:15;13;kWh;-45358;0;0;0;45358;-45358
21/12/2024 03:15;21/12/2024 03:30;14;kWh;-18745;0;0;0;18745;-18745
21/12/2024 03:30;21/12/2024 03:45;15;kWh;-26293;0;0;0;26293;-26293
21/12/2024 03:45;21/12/2024 04:00;16;kWh;-374;9064;0;0;9438;8690
21/12/2024 04:00;21/12/2024 04:15;17;kWh;-1943;1105;0;0;3048;-838
21/12/2024 04:15;21/12/2024 04:30;18;kWh;0;24747;0;0;24747;24747
21/12/2024 04:30;21/12/2024 04:45;19;kWh;0;23446;0;0;23446;23446
21/12/2024 04:45;21/12/2024 05:00;20;kWh;-120;13186;0;0;13306;13066
21/12/2024 05:00;21/12/2024 05:15;21;kWh;-2283;7;0;0;2290;-2276
21/12/2024 05:15;21/12/2024 05:30;22;kWh;0;5059;0;0;5059;5059
21/12/2024 05:30;21/12/2024 05:45;23;kWh;0;16112;0;0;16112;16112
21/12/2024 05:45;21/12/2024 06:00;24;kWh;0;1710;0;0;1710;1710
21/12/2024 06:00;21/12/2024 06:15;25;kWh;-12976;15;0;0;12991;-12961
21/12/2024 06:15;21/12/2024 06:30;26;kWh;-1245;15315;0;0;16560;14070
21/12/2024 06:30;21/12/2024 06:45;27;kWh;-14964;0;0;0;14964;-14964
21/12/2024 06:45;21/12/2024 07:00;28;kWh;-29930;0;0;0;29930;-29930
21/12/2024 07:00;21/12/2024 07:15;29;kWh;-45946;0;0;0;45946;-45946
21/12/2024 07:15;21/12/2024 07:30;30;kWh;-34986;0;0;0;34986;-34986
21/12/2024 07:30;21/12/2024 07:45;31;kWh;-35053;0;0;0;35053;-35053
21/12/2024 07:45;21/12/2024 08:00;32;kWh;-29995;0;0;0;29995;-29995
21/12/2024 08:00;21/12/2024 08:15;33;kWh;-32503;0;0;0;32503;-32503
21/12/2024 08:15;21/12/2024 08:30;34;kWh;-23616;0;0;0;23616;-23616
21/12/2024 08:30;21/12/2024 08:45;35;kWh;-17978;0;0;0;17978;-17978
21/12/2024 08:45;21/12/2024 09:00;36;kWh;-14589;24;0;0;14613;-14565
21/12/2024 09:00;21/12/2024 09:15;37;kWh;0;48992;0;0;48992;48992
21/12/2024 09:15;21/12/2024 09:30;38;kWh;-427;2658;0;0;3085;2231
21/12/2024 09:30;21/12/2024 09:45;39;kWh;-6858;0;0;0;6858;-6858
21/12/2024 09:45;21/12/2024 10:00;40;kWh;-19157;0;0;0;19157;-19157
21/12/2024 10:00;21/12/2024 10:15;41;kWh;-3163;0;0;0;3163;-3163
21/12/2024 10:15;21/12/2024 10:30;42;kWh;-22210;0;0;0;22210;-22210
21/12/2024 10:30;21/12/2024 10:45;43;kWh;-33446;0;0;0;33446;-33446
21/12/2024 10:45;21/12/2024 11:00;44;kWh;-35869;0;0;0;35869;-35869
21/12/2024 11:00;21/12/2024 11:15;45;kWh;-16028;0;0;0;16028;-16028
21/12/2024 11:15;21/12/2024 11:30;46;kWh;-7032;0;0;0;7032;-7032
21/12/2024 11:30;21/12/2024 11:45;47;kWh;-43339;0;0;0;43339;-43339
21/12/2024 11:45;21/12/2024 12:00;48;kWh;-29274;0;0;0;29274;-29274
21/12/2024 12:00;21/12/2024 12:15;49;kWh;-12745;1354;0;0;14099;-11391
21/12/2024 12:15;21/12/2024 12:30;50;kWh;0;4454;0;0;4454;4454
21/12/2024 12:30;21/12/2024 12:45;51;kWh;0;17026;0;0;17026;17026
21/12/2024 12:45;21/12/2024 13:00;52;kWh;0;16177;0;0;16177;16177
21/12/2024 13:00;21/12/2024 13:15;53;kWh;-8;148;0;0;156;140
21/12/2024 13:15;21/12/2024 13:30;54;kWh;-554;0;0;0;554;-554
21/12/2024 13:30;21/12/2024 13:45;55;kWh;0;2493;0;0;2493;2493
21/12/2024 13:45;21/12/2024 14:00;56;kWh;0;4043;0;0;4043;4043
21/12/2024 14:00;21/12/2024 14:15;57;kWh;0;868;0;0;868;868
21/12/2024 14:15;21/12/2024 14:30;58;kWh;-1327;0;0;0;1327;-1327
21/12/2024 14:30;21/12/2024 14:45;59;kWh;-1780;0;0;0;1780;-1780
21/12/2024 14:45;21/12/2024 15:00;60;kWh;-6877;175;0;0;7052;-6702
21/12/2024 15:00;21/12/2024 15:15;61;kWh;-2140;1207;0;0;3347;-933
21/12/2024 15:15;21/12/2024 15:30;62;kWh;0;1692;0;0;1692;1692
21/12/2024 15:30;21/12/2024 15:45;63;kWh;-806;1122;0;0;1928;316
21/12/2024 15:45;21/12/2024 16:00;64;kWh;0;7018;0;0;7018;7018
21/12/2024 16:00;21/12/2024 16:15;65;kWh;-45855;0;0;0;45855;-45855
21/12/2024 16:15;21/12/2024 16:30;66;kWh;-8428;2218;0;0;10646;-6210
21/12/2024 16:30;21/12/2024 16:45;67;kWh;-8297;2105;0;0;10402;-6192
21/12/2024 16:45;21/12/2024 17:00;68;kWh;0;39223;0;0;39223;39223
21/12/2024 17:00;21/12/2024 17:15;69;kWh;-59739;2599;0;0;62338;-57140
21/12/2024 17:15;21/12/2024 17:30;70;kWh;-8422;873;0;0;9295;-7549
21/12/2024 17:30;21/12/2024 17:45;71;kWh;-32034;0;0;0;32034;-32034
21/12/2024 17:45;21/12/2024 18:00;72;kWh;-7966;0;0;0;7966;-7966
21/12/2024 18:00;21/12/2024 18:15;73;kWh;-527;16166;0;0;16693;15639
21/12/2024 18:15;21/12/2024 18:30;74;kWh;-603;1883;0;0;2486;1280
21/12/2024 18:30;21/12/2024 18:45;75;kWh;-4389;321;0;0;4710;-4068
21/12/2024 18:45;21/12/2024 19:00;76;kWh;-475;8020;0;0;8495;7545
21/12/2024 19:00;21/12/2024 19:15;77;kWh;-1206;16298;0;0;17504;15092
21/12/2024 19:15;21/12/2024 19:30;78;kWh;0;18128;0;0;18128;18128
21/12/2024 19:30;21/12/2024 19:45;79;kWh;0;9593;0;0;9593;9593
21/12/2024 19:45;21/12/2024 20:00;80;kWh;-526;12680;0;0;13206;12154
21/12/2024 20:00;21/12/2024 20:15;81;kWh;-2354;32286;0;0;34640;29932
21/12/2024 20:15;21/12/2024 20:30;82;kWh;0;50190;0;0;50190;50190
21/12/2024 20:30;21/12/2024 20:45;83;kWh;-4;16379;0;0;16383;16375
21/12/2024 20:45;21/12/2024 21:00;84;kWh;-22812;8;0;0;22820;-22804
21/12/2024 21:00;21/12/2024 21:15;85;kWh;-2726;30200;0;0;32926;27474
21/12/2024 21:15;21/12/2024 21:30;86;kWh;-10378;1643;0;0;12021;-8735
21/12/2024 21:30;21/12/2024 21:45;87;kWh;-7447;0;0;0;7447;-7447
21/12/2024 21:45;21/12/2024 22:00;88;kWh;-710;1243;0;0;1953;533
21/12/2024 22:00;21/12/2024 22:15;89;kWh;-1339;26563;0;0;27902;25224
21/12/2024 22:15;21/12/2024 22:30;90;kWh;0;33402;0;0;33402;33402
21/12/2024 22:30;21/12/2024 22:45;91;kWh;-998;160;0;0;1158;-838
21/12/2024 22:45;21/12/2024 23:00;92;kWh;-6006;4;0;0;6010;-6002
21/12/2024 23:00;21/12/2024 23:15;93;kWh;-17;30431;0;0;30448;30414
21/12/2024 23:15;21/12/2024 23:30;94;kWh;0;10594;0;0;10594;10594
21/12/2024 23:30;21/12/2024 23:45;95;kWh;-19956;0;0;0;19956;-19956
21/12/2024 23:45;22/12/2024 00:00;96;kWh;-35664;0;0;0;35664;-35664
22/12/2024 00:00;22/12/2024 00:15;1;kWh;-2321;11527;0;0;13848;9206
22/12/2024 00:15;22/12/2024 00:30;2;kWh;-18968;7;0;0;18975;-18961
22/12/2024 00:30;22/12/2024 00:45;3;kWh;-14996;0;0;0;14996;-14996
22/12/2024 00:45;22/12/2024 01:00;4;kWh;-6317;0;0;0;6317;-6317
22/12/2024 01:00;22/12/2024 01:15;5;kWh;-940;14127;0;0;15067;13187
22/12/2024 01:15;22/12/2024 01:30;6;kWh;-9951;50;0;0;10001;-9901
22/12/2024 01:30;22/12/2024 01:45;7;kWh;-82;988;0;0;1070;906
22/12/2024 01:45;22/12/2024 02:00;8;kWh;-49;37;0;0;86;-12
22/12/2024 02:00;22/12/2024 02:15;9;kWh;-10;11434;0;0;11444;11424
22/12/2024 02:15;22/12/2024 02:30;10;kWh;0;7166;0;0;7166;7166
22/12/2024 02:30;22/12/2024 02:45;11;kWh;-7891;0;0;0;7891;-7891
22/12/2024 02:45;22/12/2024 03:00;12;kWh;-13965;0;0;0;13965;-13965
22/12/2024 03:00;22/12/2024 03:15;13;kWh;-900;36192;0;0;37092;35292
22/12/2024 03:15;22/12/2024 03:30;14;kWh;-1360;19075;0;0;20435;17715
22/12/2024 03:30;22/12/2024 03:45;15;kWh;-3001;56;0;0;3057;-2945
22/12/2024 03:45;22/12/2024 04:00;16;kWh;0;18596;0;0;18596;18596
22/12/2024 04:00;22/12/2024 04:15;17;kWh;0;7774;0;0;7774;7774
22/12/2024 04:15;22/12/2024 04:30;18;kWh;0;18092;0;0;18092;18092
22/12/2024 04:30;22/12/2024 04:45;19;kWh;-746;1354;0;0;2100;608
22/12/2024 04:45;22/12/2024 05:00;20;kWh;-6350;0;0;0;6350;-6350
22/12/2024 05:00;22/12/2024 05:15;21;kWh;-12663;0;0;0;12663;-12663
22/12/2024 05:15;22/12/2024 05:30;22;kWh;-35786;1447;0;0;37233;-34339
22/12/2024 05:30;22/12/2024 05:45;23;kWh;-11914;15745;0;0;27659;3831
22/12/2024 05:45;22/12/2024 06:00;24;kWh;-19464;1858;0;0;21322;-17606
22/12/2024 06:00;22/12/2024 06:15;25;kWh;-2979;3301;0;0;6280;322
22/12/2024 06:15;22/12/2024 06:30;26;kWh;-516;12865;0;0;13381;12349
22/12/2024 06:30;22/12/2024 06:45;27;kWh;-10586;0;0;0;10586;-10586
22/12/2024 06:45;22/12/2024 07:00;28;kWh;-1185;26024;0;0;27209;24839
22/12/2024 07:00;22/12/2024 07:15;29;kWh;0;24777;0;0;24777;24777
22/12/2024 07:15;22/12/2024 07:30;30;kWh;-109;10081;0;0;10190;9972
22/12/2024 07:30;22/12/2024 07:45;31;kWh;-17041;7024;0;0;24065;-10017
22/12/2024 07:45;22/12/2024 08:00;32;kWh;-76;10967;0;0;11043;10891
22/12/2024 08:00;22/12/2024 08:15;33;kWh;-1035;1843;0;0;2878;808
22/12/2024 08:15;22/12/2024 08:30;34;kWh;0;7091;0;0;7091;7091
22/12/2024 08:30;22/12/2024 08:45;35;kWh;0;8587;0;0;8587;8587
22/12/2024 08:45;22/12/2024 09:00;36;kWh;-29063;1383;0;0;30446;-27680
22/12/2024 09:00;22/12/2024 09:15;37;kWh;-26633;122;0;0;26755;-26511
22/12/2024 09:15;22/12/2024 09:30;38;kWh;-15;5807;0;0;5822;5792
22/12/2024 09:30;22/12/2024 09:45;39;kWh;0;1915;0;0;1915;1915
22/12/2024 09:45;22/12/2024 10:00;40;kWh;0;1801;0;0;1801;1801
22/12/2024 10:00;22/12/2024 10:15;41;kWh;-813;1482;0;0;2295;669
22/12/2024 10:15;22/12/2024 10:30;42;kWh;-3971;0;0;0;3971;-3971
22/12/2024 10:30;22/12/2024 10:45;43;kWh;0;14853;0;0;14853;14853
22/12/2024 10:45;22/12/2024 11:00;44;kWh;0;1164;0;0;1164;1164
22/12/2024 11:00;22/12/2024 11:15;45;kWh;0;0;0;0;0;0
22/12/2024 11:15;22/12/2024 11:30;46;kWh;0;0;0;0;0;0
22/12/2024 11:30;22/12/2024 11:45;47;kWh;0;23;0;0;23;23
22/12/2024 11:45;22/12/2024 12:00;48;kWh;0;0;0;0;0;0
22/12/2024 12:00;22/12/2024 12:15;49;kWh;-173;0;0;0;173;-173
22/12/2024 12:15;22/12/2024 12:30;50;kWh;-3646;0;0;0;3646;-3646
22/12/2024 12:30;22/12/2024 12:45;51;kWh;-710;3470;0;0;4180;2760
22/12/2024 12:45;22/12/2024 13:00;52;kWh;0;36775;0;0;36775;36775
22/12/2024 13:00;22/12/2024 13:15;53;kWh;0;33365;0;0;33365;33365
22/12/2024 13:15;22/12/2024 13:30;54;kWh;-4837;466;0;0;5303;-4371
22/12/2024 13:30;22/12/2024 13:45;55;kWh;-1905;0;0;0;1905;-1905
22/12/2024 13:45;22/12/2024 14:00;56;kWh;-9648;0;0;0;9648;-9648
22/12/2024 14:00;22/12/2024 14:15;57;kWh;-23009;0;0;0;23009;-23009
22/12/2024 14:15;22/12/2024 14:30;58;kWh;-11302;9;0;0;11311;-11293
22/12/2024 14:30;22/12/2024 14:45;59;kWh;-2;1932;0;0;1934;1930
22/12/2024 14:45;22/12/2024 15:00;60;kWh;0;6677;0;0;6677;6677
22/12/2024 15:00;22/12/2024 15:15;61;kWh;0;2529;0;0;2529;2529
22/12/2024 15:15;22/12/2024 15:30;62;kWh;0;3368;0;0;3368;3368
22/12/2024 15:30;22/12/2024 15:45;63;kWh;0;12004;0;0;12004;12004
22/12/2024 15:45;22/12/2024 16:00;64;kWh;0;1797;0;0;1797;1797
22/12/2024 16:00;22/12/2024 16:15;65;kWh;0;294;0;0;294;294
22/12/2024 16:15;22/12/2024 16:30;66;kWh;0;16203;0;0;16203;16203
22/12/2024 16:30;22/12/2024 16:45;67;kWh;0;49189;0;0;49189;49189
22/12/2024 16:45;22/12/2024 17:00;68;kWh;0;73696;0;0;73696;73696
22/12/2024 17:00;22/12/2024 17:15;69;kWh;0;43560;0;0;43560;43560
22/12/2024 17:15;22/12/2024 17:30;70;kWh;0;40107;0;0;40107;40107
22/12/2024 17:30;22/12/2024 17:45;71;kWh;0;34501;0;0;34501;34501
22/12/2024 17:45;22/12/2024 18:00;72;kWh;0;14488;0;0;14488;14488
22/12/2024 18:00;22/12/2024 18:15;73;kWh;-6576;533;0;0;7109;-6043
22/12/2024 18:15;22/12/2024 18:30;74;kWh;-9027;0;0;0;9027;-9027
22/12/2024 18:30;22/12/2024 18:45;75;kWh;-1745;0;0;0;1745;-1745
22/12/2024 18:45;22/12/2024 19:00;76;kWh;-26192;0;0;0;26192;-26192
22/12/2024 19:00;22/12/2024 19:15;77;kWh;-1378;22304;0;0;23682;20926
22/12/2024 19:15;22/12/2024 19:30;78;kWh;0;12356;0;0;12356;12356
22/12/2024 19:30;22/12/2024 19:45;79;kWh;0;43004;0;0;43004;43004
22/12/2024 19:45;22/12/2024 20:00;80;kWh;0;59404;0;0;59404;59404
22/12/2024 20:00;22/12/2024 20:15;81;kWh;0;66194;0;0;66194;66194
22/12/2024 20:15;22/12/2024 20:30;82;kWh;0;96606;0;0;96606;96606
22/12/2024 20:30;22/12/2024 20:45;83;kWh;0;48301;0;0;48301;48301
22/12/2024 20:45;22/12/2024 21:00;84;kWh;0;30514;0;0;30514;30514
22/12/2024 21:00;22/12/2024 21:15;85;kWh;0;97262;0;0;97262;97262
22/12/2024 21:15;22/12/2024 21:30;86;kWh;0;69683;0;0;69683;69683
22/12/2024 21:30;22/12/2024 21:45;87;kWh;0;26406;0;0;26406;26406
22/12/2024 21:45;22/12/2024 22:00;88;kWh;-1196;7870;0;0;9066;6674
22/12/2024 22:00;22/12/2024 22:15;89;kWh;-4485;10715;0;0;15200;6230
22/12/2024 22:15;22/12/2024 22:30;90;kWh;-5148;21529;0;0;26677;16381
22/12/2024 22:30;22/12/2024 22:45;91;kWh;-27433;6365;0;0;33798;-21068
22/12/2024 22:45;22/12/2024 23:00;92;kWh;0;68526;0;0;68526;68526
22/12/2024 23:00;22/12/2024 23:15;93;kWh;0;105793;0;0;105793;105793
22/12/2024 23:15;22/12/2024 23:30;94;kWh;0;88126;0;0;88126;88126
22/12/2024 23:30;22/12/2024 23:45;95;kWh;0;45869;0;0;45869;45869
22/12/2024 23:45;23/12/2024 00:00;96;kWh;0;95029;0;0;95029;95029
23/12/2024 00:00;23/12/2024 00:15;1;kWh;0;92191;0;0;92191;92191
23/12/2024 00:15;23/12/2024 00:30;2;kWh;0;108471;0;0;108471;108471
23/12/2024 00:30;23/12/2024 00:45;3;kWh;0;30990;0;0;30990;30990
23/12/2024 00:45;23/12/2024 01:00;4;kWh;0;43052;0;0;43052;43052
23/12/2024 01:00;23/12/2024 01:15;5;kWh;0;72822;0;0;72822;72822
23/12/2024 01:15;23/12/2024 01:30;6;kWh;0;59051;0;0;59051;59051
23/12/2024 01:30;23/12/2024 01:45;7;kWh;-9683;5359;0;0;15042;-4324
23/12/2024 01:45;23/12/2024 02:00;8;kWh;-25824;1;0;0;25825;-25823
23/12/2024 02:00;23/12/2024 02:15;9;kWh;-465;61366;0;0;61831;60901
23/12/2024 02:15;23/12/2024 02:30;10;kWh;-87543;3535;0;0;91078;-84008
23/12/2024 02:30;23/12/2024 02:45;11;kWh;-24972;10638;0;0;35610;-14334
23/12/2024 02:45;23/12/2024 03:00;12;kWh;-39558;1053;0;0;40611;-38505
23/12/2024 03:00;23/12/2024 03:15;13;kWh;-326;72413;0;0;72739;72087
23/12/2024 03:15;23/12/2024 03:30;14;kWh;0;42694;0;0;42694;42694
23/12/2024 03:30;23/12/2024 03:45;15;kWh;0;29213;0;0;29213;29213
23/12/2024 03:45;23/12/2024 04:00;16;kWh;-267;3851;0;0;4118;3584
23/12/2024 04:00;23/12/2024 04:15;17;kWh;-1116;0;0;0;1116;-1116
23/12/2024 04:15;23/12/2024 04:30;18;kWh;0;1813;0;0;1813;1813
23/12/2024 04:30;23/12/2024 04:45;19;kWh;-7;2566;0;0;2573;2559
23/12/2024 04:45;23/12/2024 05:00;20;kWh;0;13379;0;0;13379;13379
23/12/2024 05:00;23/12/2024 05:15;21;kWh;-35561;4234;0;0;39795;-31327
23/12/2024 05:15;23/12/2024 05:30;22;kWh;-14314;11216;0;0;25530;-3098
23/12/2024 05:30;23/12/2024 05:45;23;kWh;0;20689;0;0;20689;20689
23/12/2024 05:45;23/12/2024 06:00;24;kWh;0;8392;0;0;8392;8392
23/12/2024 06:00;23/12/2024 06:15;25;kWh;-57803;4288;0;0;62091;-53515
23/12/2024 06:15;23/12/2024 06:30;26;kWh;-12134;14596;0;0;26730;2462
23/12/2024 06:30;23/12/2024 06:45;27;kWh;0;9691;0;0;9691;9691
23/12/2024 06:45;23/12/2024 07:00;28;kWh;-1;5022;0;0;5023;5021
23/12/2024 07:00;23/12/2024 07:15;29;kWh;-11560;5478;0;0;17038;-6082
23/12/2024 07:15;23/12/2024 07:30;30;kWh;-17088;17218;0;0;34306;130
23/12/2024 07:30;23/12/2024 07:45;31;kWh;-10147;19058;0;0;29205;8911
23/12/2024 07:45;23/12/2024 08:00;32;kWh;0;66387;0;0;66387;66387
23/12/2024 08:00;23/12/2024 08:15;33;kWh;-37658;5749;0;0;43407;-31909
23/12/2024 08:15;23/12/2024 08:30;34;kWh;-2559;33576;0;0;36135;31017
23/12/2024 08:30;23/12/2024 08:45;35;kWh;0;47071;0;0;47071;47071
23/12/2024 08:45;23/12/2024 09:00;36;kWh;0;44590;0;0;44590;44590
23/12/2024 09:00;23/12/2024 09:15;37;kWh;0;52254;0;0;52254;52254
23/12/2024 09:15;23/12/2024 09:30;38;kWh;0;42012;0;0;42012;42012
23/12/2024 09:30;23/12/2024 09:45;39;kWh;-2212;10920;0;0;13132;8708
23/12/2024 09:45;23/12/2024 10:00;40;kWh;-21601;1188;0;0;22789;-20413
23/12/2024 10:00;23/12/2024 10:15;41;kWh;0;58730;0;0;58730;58730
23/12/2024 10:15;23/12/2024 10:30;42;kWh;-24803;6886;0;0;31689;-17917
23/12/2024 10:30;23/12/2024 10:45;43;kWh;-67234;0;0;0;67234;-67234
23/12/2024 10:45;23/12/2024 11:00;44;kWh;-54482;1;0;0;54483;-54481
23/12/2024 11:00;23/12/2024 11:15;45;kWh;-1711;70056;0;0;71767;68345
23/12/2024 11:15;23/12/2024 11:30;46;kWh;-132042;519;0;0;132561;-131523
23/12/2024 11:30;23/12/2024 11:45;47;kWh;-37998;0;0;0;37998;-37998
23/12/2024 11:45;23/12/2024 12:00;48;kWh;-86559;0;0;0;86559;-86559
23/12/2024 12:00;23/12/2024 12:15;49;kWh;-7079;47726;0;0;54805;40647
23/12/2024 12:15;23/12/2024 12:30;50;kWh;-20657;9164;0;0;29821;-11493
23/12/2024 12:30;23/12/2024 12:45;51;kWh;-9119;2725;0;0;11844;-6394
23/12/2024 12:45;23/12/2024 13:00;52;kWh;0;57139;0;0;57139;57139
23/12/2024 13:00;23/12/2024 13:15;53;kWh;0;64952;0;0;64952;64952
23/12/2024 13:15;23/12/2024 13:30;54;kWh;0;101796;0;0;101796;101796
23/12/2024 13:30;23/12/2024 13:45;55;kWh;0;79025;0;0;79025;79025
23/12/2024 13:45;23/12/2024 14:00;56;kWh;0;75684;0;0;75684;75684
23/12/2024 14:00;23/12/2024 14:15;57;kWh;-1101;19075;0;0;20176;17974
23/12/2024 14:15;23/12/2024 14:30;58;kWh;-6;31654;0;0;31660;31648
23/12/2024 14:30;23/12/2024 14:45;59;kWh;0;50471;0;0;50471;50471
23/12/2024 14:45;23/12/2024 15:00;60;kWh;0;57985;0;0;57985;57985
23/12/2024 15:00;23/12/2024 15:15;61;kWh;-46237;5616;0;0;51853;-40621
23/12/2024 15:15;23/12/2024 15:30;62;kWh;-6111;39952;0;0;46063;33841
23/12/2024 15:30;23/12/2024 15:45;63;kWh;0;69743;0;0;69743;69743
23/12/2024 15:45;23/12/2024 16:00;64;kWh;0;37702;0;0;37702;37702
23/12/2024 16:00;23/12/2024 16:15;65;kWh;-40956;1290;0;0;42246;-39666
23/12/2024 16:15;23/12/2024 16:30;66;kWh;-7384;35;0;0;7419;-7349
23/12/2024 16:30;23/12/2024 16:45;67;kWh;-15281;768;0;0;16049;-14513
23/12/2024 16:45;23/12/2024 17:00;68;kWh;-14;71968;0;0;71982;71954
23/12/2024 17:00;23/12/2024 17:15;69;kWh;-769;14980;0;0;15749;14211
23/12/2024 17:15;23/12/2024 17:30;70;kWh;0;47774;0;0;47774;47774
23/12/2024 17:30;23/12/2024 17:45;71;kWh;-12181;2470;0;0;14651;-9711
23/12/2024 17:45;23/12/2024 18:00;72;kWh;-1938;592;0;0;2530;-1346
23/12/2024 18:00;23/12/2024 18:15;73;kWh;-22194;0;0;0;22194;-22194
23/12/2024 18:15;23/12/2024 18:30;74;kWh;-44531;0;0;0;44531;-44531
23/12/2024 18:30;23/12/2024 18:45;75;kWh;-55792;0;0;0;55792;-55792
23/12/2024 18:45;23/12/2024 19:00;76;kWh;-73325;0;0;0;73325;-73325
23/12/2024 19:00;23/12/2024 19:15;77;kWh;-12859;0;0;0;12859;-12859
23/12/2024 19:15;23/12/2024 19:30;78;kWh;-63996;0;0;0;63996;-63996
23/12/2024 19:30;23/12/2024 19:45;79;kWh;-98043;0;0;0;98043;-98043
23/12/2024 19:45;23/12/2024 20:00;80;kWh;-30943;0;0;0;30943;-30943
23/12/2024 20:00;23/12/2024 20:15;81;kWh;-86529;292;0;0;86821;-86237
23/12/2024 20:15;23/12/2024 20:30;82;kWh;-9401;10331;0;0;19732;930
23/12/2024 20:30;23/12/2024 20:45;83;kWh;-42482;0;0;0;42482;-42482
23/12/2024 20:45;23/12/2024 21:00;84;kWh;-1032;1728;0;0;2760;696
23/12/2024 21:00;23/12/2024 21:15;85;kWh;-22048;0;0;0;22048;-22048
23/12/2024 21:15;23/12/2024 21:30;86;kWh;-33635;0;0;0;33635;-33635
23/12/2024 21:30;23/12/2024 21:45;87;kWh;-757;0;0;0;757;-757
23/12/2024 21:45;23/12/2024 22:00;88;kWh;0;8214;0;0;8214;8214
23/12/2024 22:00;23/12/2024 22:15;89;kWh;0;37191;0;0;37191;37191
23/12/2024 22:15;23/12/2024 22:30;90;kWh;0;42313;0;0;42313;42313
23/12/2024 22:30;23/12/2024 22:45;91;kWh;-3074;9548;0;0;12622;6474
23/12/2024 22:45;23/12/2024 23:00;92;kWh;-26964;0;0;0;26964;-26964
23/12/2024 23:00;23/12/2024 23:15;93;kWh;-12332;0;0;0;12332;-12332
23/12/2024 23:15;23/12/2024 23:30;94;kWh;-7486;0;0;0;7486;-7486
23/12/2024 23:30;23/12/2024 23:45;95;kWh;-22;9;0;0;31;-13
23/12/2024 23:45;24/12/2024 00:00;96;kWh;0;20738;0;0;20738;20738
24/12/2024 00:00;24/12/2024 00:15;1;kWh;0;29211;0;0;29211;29211
24/12/2024 00:15;24/12/2024 00:30;2;kWh;0;49538;0;0;49538;49538
24/12/2024 00:30;24/12/2024 00:45;3;kWh;0;23403;0;0;23403;23403
24/12/2024 00:45;24/12/2024 01:00;4;kWh;0;1046;0;0;1046;1046
24/12/2024 01:00;24/12/2024 01:15;5;kWh;-3465;0;0;0;3465;-3465
24/12/2024 01:15;24/12/2024 01:30;6;kWh;-6531;0;0;0;6531;-6531
24/12/2024 01:30;24/12/2024 01:45;7;kWh;-5127;0;0;0;5127;-5127
24/12/2024 01:45;24/12/2024 02:00;8;kWh;-1926;0;0;0;1926;-1926
24/12/2024 02:00;24/12/2024 02:15;9;kWh;-2629;723;0;0;3352;-1906
24/12/2024 02:15;24/12/2024 02:30;10;kWh;0;2547;0;0;2547;2547
24/12/2024 02:30;24/12/2024 02:45;11;kWh;-5697;194;0;0;5891;-5503
24/12/2024 02:45;24/12/2024 03:00;12;kWh;-11881;0;0;0;11881;-11881
24/12/2024 03:00;24/12/2024 03:15;13;kWh;-8069;0;0;0;8069;-8069
24/12/2024 03:15;24/12/2024 03:30;14;kWh;-13211;0;0;0;13211;-13211
24/12/2024 03:30;24/12/2024 03:45;15;kWh;-131;1890;0;0;2021;1759
24/12/2024 03:45;24/12/2024 04:00;16;kWh;0;920;0;0;920;920
24/12/2024 04:00;24/12/2024 04:15;17;kWh;0;36358;0;0;36358;36358
24/12/2024 04:15;24/12/2024 04:30;18;kWh;0;20406;0;0;20406;20406
24/12/2024 04:30;24/12/2024 04:45;19;kWh;0;2194;0;0;2194;2194
24/12/2024 04:45;24/12/2024 05:00;20;kWh;-211;3;0;0;214;-208
24/12/2024 05:00;24/12/2024 05:15;21;kWh;0;8290;0;0;8290;8290
24/12/2024 05:15;24/12/2024 05:30;22;kWh;0;9046;0;0;9046;9046
24/12/2024 05:30;24/12/2024 05:45;23;kWh;0;18249;0;0;18249;18249
24/12/2024 05:45;24/12/2024 06:00;24;kWh;-4145;0;0;0;4145;-4145
24/12/2024 06:00;24/12/2024 06:15;25;kWh;-722;21154;0;0;21876;20432
24/12/2024 06:15;24/12/2024 06:30;26;kWh;-1275;8729;0;0;10004;7454
24/12/2024 06:30;24/12/2024 06:45;27;kWh;-1337;3005;0;0;4342;1668
24/12/2024 06:45;24/12/2024 07:00;28;kWh;-1632;7068;0;0;8700;5436
24/12/2024 07:00;24/12/2024 07:15;29;kWh;-23834;0;0;0;23834;-23834
24/12/2024 07:15;24/12/2024 07:30;30;kWh;-22265;0;0;0;22265;-22265
24/12/2024 07:30;24/12/2024 07:45;31;kWh;-11470;0;0;0;11470;-11470
24/12/2024 07:45;24/12/2024 08:00;32;kWh;-138;3458;0;0;3596;3320
24/12/2024 08:00;24/12/2024 08:15;33;kWh;-9972;6611;0;0;16583;-3361
24/12/2024 08:15;24/12/2024 08:30;34;kWh;-149;18573;0;0;18722;18424
24/12/2024 08:30;24/12/2024 08:45;35;kWh;-106;15696;0;0;15802;15590
24/12/2024 08:45;24/12/2024 09:00;36;kWh;-1752;1442;0;0;3194;-310
24/12/2024 09:00;24/12/2024 09:15;37;kWh;0;14391;0;0;14391;14391
24/12/2024 09:15;24/12/2024 09:30;38;kWh;0;2413;0;0;2413;2413
24/12/2024 09:30;24/12/2024 09:45;39;kWh;0;6984;0;0;6984;6984
24/12/2024 09:45;24/12/2024 10:00;40;kWh;-5187;4831;0;0;10018;-356
24/12/2024 10:00;24/12/2024 10:15;41;kWh;-11603;2076;0;0;13679;-9527
24/12/2024 10:15;24/12/2024 10:30;42;kWh;-2506;583;0;0;3089;-1923
24/12/2024 10:30;24/12/2024 10:45;43;kWh;-7950;3655;0;0;11605;-4295
24/12/2024 10:45;24/12/2024 11:00;44;kWh;-9429;22;0;0;9451;-9407
24/12/2024 11:00;24/12/2024 11:15;45;kWh;-26906;0;0;0;26906;-26906
24/12/2024 11:15;24/12/2024 11:30;46;kWh;-25925;0;0;0;25925;-25925
24/12/2024 11:30;24/12/2024 11:45;47;kWh;-76701;0;0;0;76701;-76701
24/12/2024 11:45;24/12/2024 12:00;48;kWh;-73353;0;0;0;73353;-73353
24/12/2024 12:00;24/12/2024 12:15;49;kWh;-69652;0;0;0;69652;-69652
24/12/2024 12:15;24/12/2024 12:30;50;kWh;-66260;0;0;0;66260;-66260
24/12/2024 12:30;24/12/2024 12:45;51;kWh;-45389;0;0;0;45389;-45389
24/12/2024 12:45;24/12/2024 13:00;52;kWh;-60317;0;0;0;60317;-60317
24/12/2024 13:00;24/12/2024 13:15;53;kWh;-41631;0;0;0;41631;-41631
24/12/2024 13:15;24/12/2024 13:30;54;kWh;-40295;0;0;0;40295;-40295
24/12/2024 13:30;24/12/2024 13:45;55;kWh;-43146;0;0;0;43146;-43146
24/12/2024 13:45;24/12/2024 14:00;56;kWh;-8539;0;0;0;8539;-8539
24/12/2024 14:00;24/12/2024 14:15;57;kWh;0;8173;0;0;8173;8173
24/12/2024 14:15;24/12/2024 14:30;58;kWh;0;35337;0;0;35337;35337
24/12/2024 14:30;24/12/2024 14:45;59;kWh;0;53378;0;0;53378;53378
24/12/2024 14:45;24/12/2024 15:00;60;kWh;0;38406;0;0;38406;38406
24/12/2024 15:00;24/12/2024 15:15;61;kWh;-19594;1277;0;0;20871;-18317
24/12/2024 15:15;24/12/2024 15:30;62;kWh;-30824;0;0;0;30824;-30824
24/12/2024 15:30;24/12/2024 15:45;63;kWh;-58486;0;0;0;58486;-58486
24/12/2024 15:45;24/12/2024 16:00;64;kWh;-61825;0;0;0;61825;-61825
24/12/2024 16:00;24/12/2024 16:15;65;kWh;-83522;0;0;0;83522;-83522
24/12/2024 16:15;24/12/2024 16:30;66;kWh;-83990;0;0;0;83990;-83990
24/12/2024 16:30;24/12/2024 16:45;67;kWh;-65137;0;0;0;65137;-65137
24/12/2024 16:45;24/12/2024 17:00;68;kWh;-11647;0;0;0;11647;-11647
24/12/2024 17:00;24/12/2024 17:15;69;kWh;-12755;0;0;0;12755;-12755
24/12/2024 17:15;24/12/2024 17:30;70;kWh;-23928;0;0;0;23928;-23928
24/12/2024 17:30;24/12/2024 17:45;71;kWh;-13088;0;0;0;13088;-13088
24/12/2024 17:45;24/12/2024 18:00;72;kWh;-42575;0;0;0;42575;-42575
24/12/2024 18:00;24/12/2024 18:15;73;kWh;-12933;1866;0;0;14799;-11067
24/12/2024 18:15;24/12/2024 18:30;74;kWh;-5319;2265;0;0;7584;-3054
24/12/2024 18:30;24/12/2024 18:45;75;kWh;-27028;0;0;0;27028;-27028
24/12/2024 18:45;24/12/2024 19:00;76;kWh;-60834;0;0;0;60834;-60834
24/12/2024 19:00;24/12/2024 19:15;77;kWh;-39680;0;0;0;39680;-39680
24/12/2024 19:15;24/12/2024 19:30;78;kWh;-59353;0;0;0;59353;-59353
24/12/2024 19:30;24/12/2024 19:45;79;kWh;-99582;0;0;0;99582;-99582
24/12/2024 19:45;24/12/2024 20:00;80;kWh;-106654;0;0;0;106654;-106654
24/12/2024 20:00;24/12/2024 20:15;81;kWh;-55872;0;0;0;55872;-55872
24/12/2024 20:15;24/12/2024 20:30;82;kWh;-6428;0;0;0;6428;-6428
24/12/2024 20:30;24/12/2024 20:45;83;kWh;-27631;0;0;0;27631;-27631
24/12/2024 20:45;24/12/2024 21:00;84;kWh;-42545;0;0;0;42545;-42545
24/12/2024 21:00;24/12/2024 21:15;85;kWh;-33489;0;0;0;33489;-33489
24/12/2024 21:15;24/12/2024 21:30;86;kWh;-20;285;0;0;305;265
24/12/2024 21:30;24/12/2024 21:45;87;kWh;0;7411;0;0;7411;7411
24/12/2024 21:45;24/12/2024 22:00;88;kWh;-19;1074;0;0;1093;1055
24/12/2024 22:00;24/12/2024 22:15;89;kWh;-5323;21;0;0;5344;-5302
24/12/2024 22:15;24/12/2024 22:30;90;kWh;-23943;0;0;0;23943;-23943
24/12/2024 22:30;24/12/2024 22:45;91;kWh;-1884;5066;0;0;6950;3182
24/12/2024 22:45;24/12/2024 23:00;92;kWh;0;1985;0;0;1985;1985
24/12/2024 23:00;24/12/2024 23:15;93;kWh;-1279;86;0;0;1365;-1193
24/12/2024 23:15;24/12/2024 23:30;94;kWh;-13664;0;0;0;13664;-13664
24/12/2024 23:30;24/12/2024 23:45;95;kWh;-7383;0;0;0;7383;-7383
24/12/2024 23:45;25/12/2024 00:00;96;kWh;-11623;0;0;0;11623;-11623
25/12/2024 00:00;25/12/2024 00:15;1;kWh;-20622;0;0;0;20622;-20622
25/12/2024 00:15;25/12/2024 00:30;2;kWh;0;859;0;0;859;859
25/12/2024 00:30;25/12/2024 00:45;3;kWh;-61;4901;0;0;4962;4840
25/12/2024 00:45;25/12/2024 01:00;4;kWh;-1039;0;0;0;1039;-1039
25/12/2024 01:00;25/12/2024 01:15;5;kWh;-189;11131;0;0;11320;10942
25/12/2024 01:15;25/12/2024 01:30;6;kWh;0;2347;0;0;2347;2347
25/12/2024 01:30;25/12/2024 01:45;7;kWh;0;3534;0;0;3534;3534
25/12/2024 01:45;25/12/2024 02:00;8;kWh;-1164;1970;0;0;3134;806
25/12/2024 02:00;25/12/2024 02:15;9;kWh;-5107;0;0;0;5107;-5107
25/12/2024 02:15;25/12/2024 02:30;10;kWh;-7623;0;0;0;7623;-7623
25/12/2024 02:30;25/12/2024 02:45;11;kWh;-24328;0;0;0;24328;-24328
25/12/2024 02:45;25/12/2024 03:00;12;kWh;-2339;0;0;0;2339;-2339
25/12/2024 03:00;25/12/2024 03:15;13;kWh;-115;152;0;0;267;37
25/12/2024 03:15;25/12/2024 03:30;14;kWh;0;2667;0;0;2667;2667
25/12/2024 03:30;25/12/2024 03:45;15;kWh;-1639;0;0;0;1639;-1639
25/12/2024 03:45;25/12/2024 04:00;16;kWh;-21365;0;0;0;21365;-21365
25/12/2024 04:00;25/12/2024 04:15;17;kWh;-9279;0;0;0;9279;-9279
25/12/2024 04:15;25/12/2024 04:30;18;kWh;-3493;0;0;0;3493;-3493
25/12/2024 04:30;25/12/2024 04:45;19;kWh;-1148;0;0;0;1148;-1148
25/12/2024 04:45;25/12/2024 05:00;20;kWh;0;336;0;0;336;336
25/12/2024 05:00;25/12/2024 05:15;21;kWh;-17905;0;0;0;17905;-17905
25/12/2024 05:15;25/12/2024 05:30;22;kWh;-54523;0;0;0;54523;-54523
25/12/2024 05:30;25/12/2024 05:45;23;kWh;-72147;0;0;0;72147;-72147
25/12/2024 05:45;25/12/2024 06:00;24;kWh;-98781;0;0;0;98781;-98781
25/12/2024 06:00;25/12/2024 06:15;25;kWh;-43720;0;0;0;43720;-43720
25/12/2024 06:15;25/12/2024 06:30;26;kWh;-1002;0;0;0;1002;-1002
25/12/2024 06:30;25/12/2024 06:45;27;kWh;-1533;0;0;0;1533;-1533
25/12/2024 06:45;25/12/2024 07:00;28;kWh;-3095;0;0;0;3095;-3095
25/12/2024 07:00;25/12/2024 07:15;29;kWh;0;2157;0;0;2157;2157
25/12/2024 07:15;25/12/2024 07:30;30;kWh;0;2615;0;0;2615;2615
25/12/2024 07:30;25/12/2024 07:45;31;kWh;0;9325;0;0;9325;9325
25/12/2024 07:45;25/12/2024 08:00;32;kWh;0;27069;0;0;27069;27069
25/12/2024 08:00;25/12/2024 08:15;33;kWh;0;19610;0;0;19610;19610
25/12/2024 08:15;25/12/2024 08:30;34;kWh;0;5703;0;0;5703;5703
25/12/2024 08:30;25/12/2024 08:45;35;kWh;0;4005;0;0;4005;4005
25/12/2024 08:45;25/12/2024 09:00;36;kWh;0;7726;0;0;7726;7726
25/12/2024 09:00;25/12/2024 09:15;37;kWh;0;133;0;0;133;133
25/12/2024 09:15;25/12/2024 09:30;38;kWh;0;42;0;0;42;42
25/12/2024 09:30;25/12/2024 09:45;39;kWh;0;257;0;0;257;257
25/12/2024 09:45;25/12/2024 10:00;40;kWh;0;8168;0;0;8168;8168
25/12/2024 10:00;25/12/2024 10:15;41;kWh;0;32224;0;0;32224;32224
25/12/2024 10:15;25/12/2024 10:30;42;kWh;0;31332;0;0;31332;31332
25/12/2024 10:30;25/12/2024 10:45;43;kWh;-4;22496;0;0;22500;22492
25/12/2024 10:45;25/12/2024 11:00;44;kWh;-2489;88;0;0;2577;-2401
25/12/2024 11:00;25/12/2024 11:15;45;kWh;-18;6610;0;0;6628;6592
25/12/2024 11:15;25/12/2024 11:30;46;kWh;0;11329;0;0;11329;11329
25/12/2024 11:30;25/12/2024 11:45;47;kWh;0;4832;0;0;4832;4832
25/12/2024 11:45;25/12/2024 12:00;48;kWh;-4;1905;0;0;1909;1901
25/12/2024 12:00;25/12/2024 12:15;49;kWh;-15777;0;0;0;15777;-15777
25/12/2024 12:15;25/12/2024 12:30;50;kWh;-84903;0;0;0;84903;-84903
25/12/2024 12:30;25/12/2024 12:45;51;kWh;-66663;0;0;0;66663;-66663
25/12/2024 12:45;25/12/2024 13:00;52;kWh;-74260;0;0;0;74260;-74260
25/12/2024 13:00;25/12/2024 13:15;53;kWh;-51567;0;0;0;51567;-51567
25/12/2024 13:15;25/12/2024 13:30;54;kWh;-66359;0;0;0;66359;-66359
25/12/2024 13:30;25/12/2024 13:45;55;kWh;-88579;0;0;0;88579;-88579
25/12/2024 13:45;25/12/2024 14:00;56;kWh;-93211;0;0;0;93211;-93211
25/12/2024 14:00;25/12/2024 14:15;57;kWh;-43834;0;0;0;43834;-43834
25/12/2024 14:15;25/12/2024 14:30;58;kWh;-10;0;0;0;10;-10
25/12/2024 14:30;25/12/2024 14:45;59;kWh;-5753;0;0;0;5753;-5753
25/12/2024 14:45;25/12/2024 15:00;60;kWh;-18534;0;0;0;18534;-18534
25/12/2024 15:00;25/12/2024 15:15;61;kWh;-14071;0;0;0;14071;-14071
25/12/2024 15:15;25/12/2024 15:30;62;kWh;-4760;0;0;0;4760;-4760
25/12/2024 15:30;25/12/2024 15:45;63;kWh;-2076;0;0;0;2076;-2076
25/12/2024 15:45;25/12/2024 16:00;64;kWh;-1180;0;0;0;1180;-1180
25/12/2024 16:00;25/12/2024 16:15;65;kWh;-40071;0;0;0;40071;-40071
25/12/2024 16:15;25/12/2024 16:30;66;kWh;-60925;0;0;0;60925;-60925
25/12/2024 16:30;25/12/2024 16:45;67;kWh;-44624;0;0;0;44624;-44624
25/12/2024 16:45;25/12/2024 17:00;68;kWh;-5858;0;0;0;5858;-5858
25/12/2024 17:00;25/12/2024 17:15;69;kWh;-722;0;0;0;722;-722
25/12/2024 17:15;25/12/2024 17:30;70;kWh;-5972;0;0;0;5972;-5972
25/12/2024 17:30;25/12/2024 17:45;71;kWh;-36320;0;0;0;36320;-36320
25/12/2024 17:45;25/12/2024 18:00;72;kWh;-41233;0;0;0;41233;-41233
25/12/2024 18:00;25/12/2024 18:15;73;kWh;-9064;0;0;0;9064;-9064
25/12/2024 18:15;25/12/2024 18:30;74;kWh;-20470;0;0;0;20470;-20470
25/12/2024 18:30;25/12/2024 18:45;75;kWh;-75048;0;0;0;75048;-75048
25/12/2024 18:45;25/12/2024 19:00;76;kWh;-64648;0;0;0;64648;-64648
25/12/2024 19:00;25/12/2024 19:15;77;kWh;-77268;0;0;0;77268;-77268
25/12/2024 19:15;25/12/2024 19:30;78;kWh;-50644;0;0;0;50644;-50644
25/12/2024 19:30;25/12/2024 19:45;79;kWh;-45087;0;0;0;45087;-45087
25/12/2024 19:45;25/12/2024 20:00;80;kWh;-32575;0;0;0;32575;-32575
25/12/2024 20:00;25/12/2024 20:15;81;kWh;-25944;0;0;0;25944;-25944
25/12/2024 20:15;25/12/2024 20:30;82;kWh;-6543;0;0;0;6543;-6543
25/12/2024 20:30;25/12/2024 20:45;83;kWh;-4259;898;0;0;5157;-3361
25/12/2024 20:45;25/12/2024 21:00;84;kWh;-96;208;0;0;304;112
25/12/2024 21:00;25/12/2024 21:15;85;kWh;0;37615;0;0;37615;37615
25/12/2024 21:15;25/12/2024 21:30;86;kWh;0;14332;0;0;14332;14332
25/12/2024 21:30;25/12/2024 21:45;87;kWh;0;37957;0;0;37957;37957
25/12/2024 21:45;25/12/2024 22:00;88;kWh;0;25724;0;0;25724;25724
25/12/2024 22:00;25/12/2024 22:15;89;kWh;0;61009;0;0;61009;61009
25/12/2024 22:15;25/12/2024 22:30;90;kWh;0;77006;0;0;77006;77006
25/12/2024 22:30;25/12/2024 22:45;91;kWh;0;92527;0;0;92527;92527
25/12/2024 22:45;25/12/2024 23:00;92;kWh;0;59434;0;0;59434;59434
25/12/2024 23:00;25/12/2024 23:15;93;kWh;0;59281;0;0;59281;59281
25/12/2024 23:15;25/12/2024 23:30;94;kWh;0;34259;0;0;34259;34259
25/12/2024 23:30;25/12/2024 23:45;95;kWh;0;12485;0;0;12485;12485
25/12/2024 23:45;26/12/2024 00:00;96;kWh;0;344;0;0;344;344
26/12/2024 00:00;26/12/2024 00:15;1;kWh;0;0;0;0;0;0
26/12/2024 00:15;26/12/2024 00:30;2;kWh;-708;3305;0;0;4013;2597
26/12/2024 00:30;26/12/2024 00:45;3;kWh;-5010;1;0;0;5011;-5009
26/12/2024 00:45;26/12/2024 01:00;4;kWh;-10027;0;0;0;10027;-10027
26/12/2024 01:00;26/12/2024 01:15;5;kWh;-935;4358;0;0;5293;3423
26/12/2024 01:15;26/12/2024 01:30;6;kWh;-832;5143;0;0;5975;4311
26/12/2024 01:30;26/12/2024 01:45;7;kWh;-2124;4460;0;0;6584;2336
26/12/2024 01:45;26/12/2024 02:00;8;kWh;-6104;0;0;0;6104;-6104
26/12/2024 02:00;26/12/2024 02:15;9;kWh;-4507;8657;0;0;13164;4150
26/12/2024 02:15;26/12/2024 02:30;10;kWh;0;5772;0;0;5772;5772
26/12/2024 02:30;26/12/2024 02:45;11;kWh;-18;1571;0;0;1589;1553
26/12/2024 02:45;26/12/2024 03:00;12;kWh;0;29245;0;0;29245;29245
26/12/2024 03:00;26/12/2024 03:15;13;kWh;0;3359;0;0;3359;3359
26/12/2024 03:15;26/12/2024 03:30;14;kWh;-170;1149;0;0;1319;979
26/12/2024 03:30;26/12/2024 03:45;15;kWh;-18070;0;0;0;18070;-18070
26/12/2024 03:45;26/12/2024 04:00;16;kWh;-15590;0;0;0;15590;-15590
26/12/2024 04:00;26/12/2024 04:15;17;kWh;-32970;0;0;0;32970;-32970
26/12/2024 04:15;26/12/2024 04:30;18;kWh;-25412;0;0;0;25412;-25412
26/12/2024 04:30;26/12/2024 04:45;19;kWh;-32369;0;0;0;32369;-32369
26/12/2024 04:45;26/12/2024 05:00;20;kWh;-1051;0;0;0;1051;-1051
26/12/2024 05:00;26/12/2024 05:15;21;kWh;0;15515;0;0;15515;15515
26/12/2024 05:15;26/12/2024 05:30;22;kWh;0;43115;0;0;43115;43115
26/12/2024 05:30;26/12/2024 05:45;23;kWh;0;11813;0;0;11813;11813
26/12/2024 05:45;26/12/2024 06:00;24;kWh;0;18589;0;0;18589;18589
26/12/2024 06:00;26/12/2024 06:15;25;kWh;-203;7375;0;0;7578;7172
26/12/2024 06:15;26/12/2024 06:30;26;kWh;0;4593;0;0;4593;4593
26/12/2024 06:30;26/12/2024 06:45;27;kWh;0;8855;0;0;8855;8855
26/12/2024 06:45;26/12/2024 07:00;28;kWh;0;867;0;0;867;867
26/12/2024 07:00;26/12/2024 07:15;29;kWh;0;789;0;0;789;789
26/12/2024 07:15;26/12/2024 07:30;30;kWh;0;16619;0;0;16619;16619
26/12/2024 07:30;26/12/2024 07:45;31;kWh;0;26478;0;0;26478;26478
26/12/2024 07:45;26/12/2024 08:00;32;kWh;0;23522;0;0;23522;23522
26/12/2024 08:00;26/12/2024 08:15;33;kWh;-7787;1145;0;0;8932;-6642
26/12/2024 08:15;26/12/2024 08:30;34;kWh;-90;0;0;0;90;-90
26/12/2024 08:30;26/12/2024 08:45;35;kWh;0;3619;0;0;3619;3619
26/12/2024 08:45;26/12/2024 09:00;36;kWh;0;20863;0;0;20863;20863
26/12/2024 09:00;26/12/2024 09:15;37;kWh;0;56122;0;0;56122;56122
26/12/2024 09:15;26/12/2024 09:30;38;kWh;0;45592;0;0;45592;45592
26/12/2024 09:30;26/12/2024 09:45;39;kWh;0;34471;0;0;34471;34471
26/12/2024 09:45;26/12/2024 10:00;40;kWh;0;39082;0;0;39082;39082
26/12/2024 10:00;26/12/2024 10:15;41;kWh;0;13160;0;0;13160;13160
26/12/2024 10:15;26/12/2024 10:30;42;kWh;-14;15155;0;0;15169;15141
26/12/2024 10:30;26/12/2024 10:45;43;kWh;0;2818;0;0;2818;2818
26/12/2024 10:45;26/12/2024 11:00;44;kWh;0;878;0;0;878;878
26/12/2024 11:00;26/12/2024 11:15;45;kWh;0;41847;0;0;41847;41847
26/12/2024 11:15;26/12/2024 11:30;46;kWh;0;7335;0;0;7335;7335
26/12/2024 11:30;26/12/2024 11:45;47;kWh;0;13945;0;0;13945;13945
26/12/2024 11:45;26/12/2024 12:00;48;kWh;0;27875;0;0;27875;27875
26/12/2024 12:00;26/12/2024 12:15;49;kWh;0;63997;0;0;63997;63997
26/12/2024 12:15;26/12/2024 12:30;50;kWh;0;39100;0;0;39100;39100
26/12/2024 12:30;26/12/2024 12:45;51;kWh;0;2781;0;0;2781;2781
26/12/2024 12:45;26/12/2024 13:00;52;kWh;0;13246;0;0;13246;13246
26/12/2024 13:00;26/12/2024 13:15;53;kWh;0;21658;0;0;21658;21658
26/12/2024 13:15;26/12/2024 13:30;54;kWh;0;31157;0;0;31157;31157
26/12/2024 13:30;26/12/2024 13:45;55;kWh;0;3239;0;0;3239;3239
26/12/2024 13:45;26/12/2024 14:00;56;kWh;-716;752;0;0;1468;36
26/12/2024 14:00;26/12/2024 14:15;57;kWh;0;2983;0;0;2983;2983
26/12/2024 14:15;26/12/2024 14:30;58;kWh;0;36256;0;0;36256;36256
26/12/2024 14:30;26/12/2024 14:45;59;kWh;0;70741;0;0;70741;70741
26/12/2024 14:45;26/12/2024 15:00;60;kWh;0;90303;0;0;90303;90303
26/12/2024 15:00;26/12/2024 15:15;61;kWh;0;90857;0;0;90857;90857
26/12/2024 15:15;26/12/2024 15:30;62;kWh;0;62760;0;0;62760;62760
26/12/2024 15:30;26/12/2024 15:45;63;kWh;0;16721;0;0;16721;16721
26/12/2024 15:45;26/12/2024 16:00;64;kWh;0;11989;0;0;11989;11989
26/12/2024 16:00;26/12/2024 16:15;65;kWh;0;6276;0;0;6276;6276
26/12/2024 16:15;26/12/2024 16:30;66;kWh;-2366;1294;0;0;3660;-1072
26/12/2024 16:30;26/12/2024 16:45;67;kWh;-427;1926;0;0;2353;1499
26/12/2024 16:45;26/12/2024 17:00;68;kWh;0;6480;0;0;6480;6480
26/12/2024 17:00;26/12/2024 17:15;69;kWh;0;1570;0;0;1570;1570
26/12/2024 17:15;26/12/2024 17:30;70;kWh;0;15198;0;0;15198;15198
26/12/2024 17:30;26/12/2024 17:45;71;kWh;0;20278;0;0;20278;20278
26/12/2024 17:45;26/12/2024 18:00;72;kWh;0;12767;0;0;12767;12767
26/12/2024 18:00;26/12/2024 18:15;73;kWh;0;4615;0;0;4615;4615
26/12/2024 18:15;26/12/2024 18:30;74;kWh;0;16692;0;0;16692;16692
26/12/2024 18:30;26/12/2024 18:45;75;kWh;0;22385;0;0;22385;22385
26/12/2024 18:45;26/12/2024 19:00;76;kWh;0;49155;0;0;49155;49155
26/12/2024 19:00;26/12/2024 19:15;77;kWh;0;89332;0;0;89332;89332
26/12/2024 19:15;26/12/2024 19:30;78;kWh;0;87276;0;0;87276;87276
26/12/2024 19:30;26/12/2024 19:45;79;kWh;0;82621;0;0;82621;82621
26/12/2024 19:45;26/12/2024 20:00;80;kWh;0;64553;0;0;64553;64553
26/12/2024 20:00;26/12/2024 20:15;81;kWh;0;52123;0;0;52123;52123
26/12/2024 20:15;26/12/2024 20:30;82;kWh;0;48297;0;0;48297;48297
26/12/2024 20:30;26/12/2024 20:45;83;kWh;0;68351;0;0;68351;68351
26/12/2024 20:45;26/12/2024 21:00;84;kWh;0;80239;0;0;80239;80239
26/12/2024 21:00;26/12/2024 21:15;85;kWh;0;95112;0;0;95112;95112
26/12/2024 21:15;26/12/2024 21:30;86;kWh;0;88375;0;0;88375;88375
26/12/2024 21:30;26/12/2024 21:45;87;kWh;0;73557;0;0;73557;73557
26/12/2024 21:45;26/12/2024 22:00;88;kWh;0;54324;0;0;54324;54324
26/12/2024 22:00;26/12/2024 22:15;89;kWh;0;46512;0;0;46512;46512
26/12/2024 22:15;26/12/2024 22:30;90;kWh;0;74958;0;0;74958;74958
26/12/2024 22:30;26/12/2024 22:45;91;kWh;0;67880;0;0;67880;67880
26/12/2024 22:45;26/12/2024 23:00;92;kWh;0;64154;0;0;64154;64154
26/12/2024 23:00;26/12/2024 23:15;93;kWh;0;49616;0;0;49616;49616
26/12/2024 23:15;26/12/2024 23:30;94;kWh;0;75792;0;0;75792;75792
26/12/2024 23:30;26/12/2024 23:45;95;kWh;0;66717;0;0;66717;66717
26/12/2024 23:45;27/12/2024 00:00;96;kWh;0;36001;0;0;36001;36001
27/12/2024 00:00;27/12/2024 00:15;1;kWh;0;29359;0;0;29359;29359
27/12/2024 00:15;27/12/2024 00:30;2;kWh;0;21715;0;0;21715;21715
27/12/2024 00:30;27/12/2024 00:45;3;kWh;0;17513;0;0;17513;17513
27/12/2024 00:45;27/12/2024 01:00;4;kWh;0;6192;0;0;6192;6192
27/12/2024 01:00;27/12/2024 01:15;5;kWh;0;49120;0;0;49120;49120
27/12/2024 01:15;27/12/2024 01:30;6;kWh;0;42670;0;0;42670;42670
27/12/2024 01:30;27/12/2024 01:45;7;kWh;0;45435;0;0;45435;45435
27/12/2024 01:45;27/12/2024 02:00;8;kWh;0;25261;0;0;25261;25261
27/12/2024 02:00;27/12/2024 02:15;9;kWh;0;26125;0;0;26125;26125
27/12/2024 02:15;27/12/2024 02:30;10;kWh;0;45197;0;0;45197;45197
27/12/2024 02:30;27/12/2024 02:45;11;kWh;0;22859;0;0;22859;22859
27/12/2024 02:45;27/12/2024 03:00;12;kWh;-3225;628;0;0;3853;-2597
27/12/2024 03:00;27/12/2024 03:15;13;kWh;-1399;31309;0;0;32708;29910
27/12/2024 03:15;27/12/2024 03:30;14;kWh;0;27344;0;0;27344;27344
27/12/2024 03:30;27/12/2024 03:45;15;kWh;0;8121;0;0;8121;8121
27/12/2024 03:45;27/12/2024 04:00;16;kWh;0;1526;0;0;1526;1526
27/12/2024 04:00;27/12/2024 04:15;17;kWh;0;27774;0;0;27774;27774
27/12/2024 04:15;27/12/2024 04:30;18;kWh;0;17883;0;0;17883;17883
27/12/2024 04:30;27/12/2024 04:45;19;kWh;0;29780;0;0;29780;29780
27/12/2024 04:45;27/12/2024 05:00;20;kWh;0;15881;0;0;15881;15881
27/12/2024 05:00;27/12/2024 05:15;21;kWh;-1769;6944;0;0;8713;5175
27/12/2024 05:15;27/12/2024 05:30;22;kWh;0;16631;0;0;16631;16631
27/12/2024 05:30;27/12/2024 05:45;23;kWh;0;5634;0;0;5634;5634
27/12/2024 05:45;27/12/2024 06:00;24;kWh;-1720;14958;0;0;16678;13238
27/12/2024 06:00;27/12/2024 06:15;25;kWh;-20048;0;0;0;20048;-20048
27/12/2024 06:15;27/12/2024 06:30;26;kWh;-2429;0;0;0;2429;-2429
27/12/2024 06:30;27/12/2024 06:45;27;kWh;-22986;0;0;0;22986;-22986
27/12/2024 06:45;27/12/2024 07:00;28;kWh;-10776;0;0;0;10776;-10776
27/12/2024 07:00;27/12/2024 07:15;29;kWh;-60586;0;0;0;60586;-60586
27/12/2024 07:15;27/12/2024 07:30;30;kWh;-29133;0;0;0;29133;-29133
27/12/2024 07:30;27/12/2024 07:45;31;kWh;-12480;439;0;0;12919;-12041
27/12/2024 07:45;27/12/2024 08:00;32;kWh;-1761;372;0;0;2133;-1389
27/12/2024 08:00;27/12/2024 08:15;33;kWh;-22162;0;0;0;22162;-22162
27/12/2024 08:15;27/12/2024 08:30;34;kWh;-1149;12;0;0;1161;-1137
27/12/2024 08:30;27/12/2024 08:45;35;kWh;0;15570;0;0;15570;15570
27/12/2024 08:45;27/12/2024 09:00;36;kWh;0;19977;0;0;19977;19977
27/12/2024 09:00;27/12/2024 09:15;37;kWh;0;19446;0;0;19446;19446
27/12/2024 09:15;27/12/2024 09:30;38;kWh;0;3761;0;0;3761;3761
27/12/2024 09:30;27/12/2024 09:45;39;kWh;0;8646;0;0;8646;8646
27/12/2024 09:45;27/12/2024 10:00;40;kWh;-1857;187;0;0;2044;-1670
27/12/2024 10:00;27/12/2024 10:15;41;kWh;-1421;30724;0;0;32145;29303
27/12/2024 10:15;27/12/2024 10:30;42;kWh;-9901;1720;0;0;11621;-8181
27/12/2024 10:30;27/12/2024 10:45;43;kWh;-68854;0;0;0;68854;-68854
27/12/2024 10:45;27/12/2024 11:00;44;kWh;-38891;0;0;0;38891;-38891
27/12/2024 11:00;27/12/2024 11:15;45;kWh;-2740;10954;0;0;13694;8214
27/12/2024 11:15;27/12/2024 11:30;46;kWh;0;29399;0;0;29399;29399
27/12/2024 11:30;27/12/2024 11:45;47;kWh;0;44172;0;0;44172;44172
27/12/2024 11:45;27/12/2024 12:00;48;kWh;0;21280;0;0;21280;21280
27/12/2024 12:00;27/12/2024 12:15;49;kWh;0;47630;0;0;47630;47630
27/12/2024 12:15;27/12/2024 12:30;50;kWh;0;39968;0;0;39968;39968
27/12/2024 12:30;27/12/2024 12:45;51;kWh;0;22206;0;0;22206;22206
27/12/2024 12:45;27/12/2024 13:00;52;kWh;-53;18575;0;0;18628;18522
27/12/2024 13:00;27/12/2024 13:15;53;kWh;-20350;85;0;0;20435;-20265
27/12/2024 13:15;27/12/2024 13:30;54;kWh;-20449;0;0;0;20449;-20449
27/12/2024 13:30;27/12/2024 13:45;55;kWh;-5470;614;0;0;6084;-4856
27/12/2024 13:45;27/12/2024 14:00;56;kWh;0;4802;0;0;4802;4802
27/12/2024 14:00;27/12/2024 14:15;57;kWh;-3504;319;0;0;3823;-3185
27/12/2024 14:15;27/12/2024 14:30;58;kWh;-9650;0;0;0;9650;-9650
27/12/2024 14:30;27/12/2024 14:45;59;kWh;-402;3061;0;0;3463;2659
27/12/2024 14:45;27/12/2024 15:00;60;kWh;0;9543;0;0;9543;9543
27/12/2024 15:00;27/12/2024 15:15;61;kWh;-17122;0;0;0;17122;-17122
27/12/2024 15:15;27/12/2024 15:30;62;kWh;-646;15553;0;0;16199;14907
27/12/2024 15:30;27/12/2024 15:45;63;kWh;0;59754;0;0;59754;59754
27/12/2024 15:45;27/12/2024 16:00;64;kWh;0;84735;0;0;84735;84735
27/12/2024 16:00;27/12/2024 16:15;65;kWh;0;36471;0;0;36471;36471
27/12/2024 16:15;27/12/2024 16:30;66;kWh;0;32141;0;0;32141;32141
27/12/2024 16:30;27/12/2024 16:45;67;kWh;0;31432;0;0;31432;31432
27/12/2024 16:45;27/12/2024 17:00;68;kWh;0;34931;0;0;34931;34931
27/12/2024 17:00;27/12/2024 17:15;69;kWh;0;47239;0;0;47239;47239
27/12/2024 17:15;27/12/2024 17:30;70;kWh;0;52027;0;0;52027;52027
27/12/2024 17:30;27/12/2024 17:45;71;kWh;0;52542;0;0;52542;52542
27/12/2024 17:45;27/12/2024 18:00;72;kWh;0;50451;0;0;50451;50451
27/12/2024 18:00;27/12/2024 18:15;73;kWh;0;31867;0;0;31867;31867
27/12/2024 18:15;27/12/2024 18:30;74;kWh;0;41674;0;0;41674;41674
27/12/2024 18:30;27/12/2024 18:45;75;kWh;0;45228;0;0;45228;45228
27/12/2024 18:45;27/12/2024 19:00;76;kWh;0;41654;0;0;41654;41654
27/12/2024 19:00;27/12/2024 19:15;77;kWh;0;43368;0;0;43368;43368
27/12/2024 19:15;27/12/2024 19:30;78;kWh;0;48647;0;0;48647;48647
27/12/2024 19:30;27/12/2024 19:45;79;kWh;0;45969;0;0;45969;45969
27/12/2024 19:45;27/12/2024 20:00;80;kWh;0;26823;0;0;26823;26823
27/12/2024 20:00;27/12/2024 20:15;81;kWh;0;18957;0;0;18957;18957
27/12/2024 20:15;27/12/2024 20:30;82;kWh;0;26961;0;0;26961;26961
27/12/2024 20:30;27/12/2024 20:45;83;kWh;0;25808;0;0;25808;25808
27/12/2024 20:45;27/12/2024 21:00;84;kWh;0;19332;0;0;19332;19332
27/12/2024 21:00;27/12/2024 21:15;85;kWh;0;39124;0;0;39124;39124
27/12/2024 21:15;27/12/2024 21:30;86;kWh;0;19317;0;0;19317;19317
27/12/2024 21:30;27/12/2024 21:45;87;kWh;0;49;0;0;49;49
27/12/2024 21:45;27/12/2024 22:00;88;kWh;0;364;0;0;364;364
27/12/2024 22:00;27/12/2024 22:15;89;kWh;0;30703;0;0;30703;30703
27/12/2024 22:15;27/12/2024 22:30;90;kWh;0;40355;0;0;40355;40355
27/12/2024 22:30;27/12/2024 22:45;91;kWh;0;42346;0;0;42346;42346
27/12/2024 22:45;27/12/2024 23:00;92;kWh;0;47139;0;0;47139;47139
27/12/2024 23:00;27/12/2024 23:15;93;kWh;0;37317;0;0;37317;37317
27/12/2024 23:15;27/12/2024 23:30;94;kWh;0;34824;0;0;34824;34824
27/12/2024 23:30;27/12/2024 23:45;95;kWh;0;25343;0;0;25343;25343
27/12/2024 23:45;28/12/2024 00:00;96;kWh;0;3305;0;0;3305;3305
28/12/2024 00:00;28/12/2024 00:15;1;kWh;-211;0;0;0;211;-211
28/12/2024 00:15;28/12/2024 00:30;2;kWh;-6788;0;0;0;6788;-6788
28/12/2024 00:30;28/12/2024 00:45;3;kWh;-10983;2079;0;0;13062;-8904
28/12/2024 00:45;28/12/2024 01:00;4;kWh;-3711;4;0;0;3715;-3707
28/12/2024 01:00;28/12/2024 01:15;5;kWh;-1512;30026;0;0;31538;28514
28/12/2024 01:15;28/12/2024 01:30;6;kWh;-1430;6237;0;0;7667;4807
28/12/2024 01:30;28/12/2024 01:45;7;kWh;-2658;50;0;0;2708;-2608
28/12/2024 01:45;28/12/2024 02:00;8;kWh;-4359;0;0;0;4359;-4359
28/12/2024 02:00;28/12/2024 02:15;9;kWh;-408;33519;0;0;33927;33111
28/12/2024 02:15;28/12/2024 02:30;10;kWh;0;13392;0;0;13392;13392
28/12/2024 02:30;28/12/2024 02:45;11;kWh;-147;1613;0;0;1760;1466
28/12/2024 02:45;28/12/2024 03:00;12;kWh;0;1666;0;0;1666;1666
28/12/2024 03:00;28/12/2024 03:15;13;kWh;0;32565;0;0;32565;32565
28/12/2024 03:15;28/12/2024 03:30;14;kWh;0;29507;0;0;29507;29507
28/12/2024 03:30;28/12/2024 03:45;15;kWh;0;1604;0;0;1604;1604
28/12/2024 03:45;28/12/2024 04:00;16;kWh;0;512;0;0;512;512
28/12/2024 04:00;28/12/2024 04:15;17;kWh;0;28;0;0;28;28
28/12/2024 04:15;28/12/2024 04:30;18;kWh;0;0;0;0;0;0
28/12/2024 04:30;28/12/2024 04:45;19;kWh;-18;0;0;0;18;-18
28/12/2024 04:45;28/12/2024 05:00;20;kWh;-545;23;0;0;568;-522
28/12/2024 05:00;28/12/2024 05:15;21;kWh;0;5980;0;0;5980;5980
28/12/2024 05:15;28/12/2024 05:30;22;kWh;0;24994;0;0;24994;24994
28/12/2024 05:30;28/12/2024 05:45;23;kWh;0;55254;0;0;55254;55254
28/12/2024 05:45;28/12/2024 06:00;24;kWh;0;58912;0;0;58912;58912
28/12/2024 06:00;28/12/2024 06:15;25;kWh;0;44853;0;0;44853;44853
28/12/2024 06:15;28/12/2024 06:30;26;kWh;0;39936;0;0;39936;39936
28/12/2024 06:30;28/12/2024 06:45;27;kWh;0;16159;0;0;16159;16159
28/12/2024 06:45;28/12/2024 07:00;28;kWh;0;10171;0;0;10171;10171
28/12/2024 07:00;28/12/2024 07:15;29;kWh;0;12095;0;0;12095;12095
28/12/2024 07:15;28/12/2024 07:30;30;kWh;0;13279;0;0;13279;13279
28/12/2024 07:30;28/12/2024 07:45;31;kWh;0;18396;0;0;18396;18396
28/12/2024 07:45;28/12/2024 08:00;32;kWh;0;21800;0;0;21800;21800
28/12/2024 08:00;28/12/2024 08:15;33;kWh;-1248;405;0;0;1653;-843
28/12/2024 08:15;28/12/2024 08:30;34;kWh;0;5234;0;0;5234;5234
28/12/2024 08:30;28/12/2024 08:45;35;kWh;0;27224;0;0;27224;27224
28/12/2024 08:45;28/12/2024 09:00;36;kWh;0;8919;0;0;8919;8919
28/12/2024 09:00;28/12/2024 09:15;37;kWh;0;0;0;0;0;0
28/12/2024 09:15;28/12/2024 09:30;38;kWh;-1094;0;0;0;1094;-1094
28/12/2024 09:30;28/12/2024 09:45;39;kWh;-14155;0;0;0;14155;-14155
28/12/2024 09:45;28/12/2024 10:00;40;kWh;-70288;0;0;0;70288;-70288
28/12/2024 10:00;28/12/2024 10:15;41;kWh;-68194;0;0;0;68194;-68194
28/12/2024 10:15;28/12/2024 10:30;42;kWh;-70690;0;0;0;70690;-70690
28/12/2024 10:30;28/12/2024 10:45;43;kWh;-73007;0;0;0;73007;-73007
28/12/2024 10:45;28/12/2024 11:00;44;kWh;-63471;0;0;0;63471;-63471
28/12/2024 11:00;28/12/2024 11:15;45;kWh;-17882;325;0;0;18207;-17557
28/12/2024 11:15;28/12/2024 11:30;46;kWh;-1024;0;0;0;1024;-1024
28/12/2024 11:30;28/12/2024 11:45;47;kWh;-158;1250;0;0;1408;1092
28/12/2024 11:45;28/12/2024 12:00;48;kWh;0;3125;0;0;3125;3125
28/12/2024 12:00;28/12/2024 12:15;49;kWh;0;22932;0;0;22932;22932
28/12/2024 12:15;28/12/2024 12:30;50;kWh;0;33690;0;0;33690;33690
28/12/2024 12:30;28/12/2024 12:45;51;kWh;0;50722;0;0;50722;50722
28/12/2024 12:45;28/12/2024 13:00;52;kWh;0;32612;0;0;32612;32612
28/12/2024 13:00;28/12/2024 13:15;53;kWh;-768;1062;0;0;1830;294
28/12/2024 13:15;28/12/2024 13:30;54;kWh;-706;0;0;0;706;-706
28/12/2024 13:30;28/12/2024 13:45;55;kWh;0;16149;0;0;16149;16149
28/12/2024 13:45;28/12/2024 14:00;56;kWh;0;59072;0;0;59072;59072
28/12/2024 14:00;28/12/2024 14:15;57;kWh;0;32871;0;0;32871;32871
28/12/2024 14:15;28/12/2024 14:30;58;kWh;0;9895;0;0;9895;9895
28/12/2024 14:30;28/12/2024 14:45;59;kWh;0;32420;0;0;32420;32420
28/12/2024 14:45;28/12/2024 15:00;60;kWh;0;64508;0;0;64508;64508
28/12/2024 15:00;28/12/2024 15:15;61;kWh;-684;3912;0;0;4596;3228
28/12/2024 15:15;28/12/2024 15:30;62;kWh;-4350;1387;0;0;5737;-2963
28/12/2024 15:30;28/12/2024 15:45;63;kWh;0;13321;0;0;13321;13321
28/12/2024 15:45;28/12/2024 16:00;64;kWh;0;42502;0;0;42502;42502
28/12/2024 16:00;28/12/2024 16:15;65;kWh;-15585;9446;0;0;25031;-6139
28/12/2024 16:15;28/12/2024 16:30;66;kWh;-78976;0;0;0;78976;-78976
28/12/2024 16:30;28/12/2024 16:45;67;kWh;-43625;80;0;0;43705;-43545
28/12/2024 16:45;28/12/2024 17:00;68;kWh;-608;23508;0;0;24116;22900
28/12/2024 17:00;28/12/2024 17:15;69;kWh;0;34869;0;0;34869;34869
28/12/2024 17:15;28/12/2024 17:30;70;kWh;-29612;904;0;0;30516;-28708
28/12/2024 17:30;28/12/2024 17:45;71;kWh;-10247;0;0;0;10247;-10247
28/12/2024 17:45;28/12/2024 18:00;72;kWh;-324;18067;0;0;18391;17743
28/12/2024 18:00;28/12/2024 18:15;73;kWh;0;30048;0;0;30048;30048
28/12/2024 18:15;28/12/2024 18:30;74;kWh;0;42374;0;0;42374;42374
28/12/2024 18:30;28/12/2024 18:45;75;kWh;0;56688;0;0;56688;56688
28/12/2024 18:45;28/12/2024 19:00;76;kWh;0;31505;0;0;31505;31505
28/12/2024 19:00;28/12/2024 19:15;77;kWh;-15;17448;0;0;17463;17433
28/12/2024 19:15;28/12/2024 19:30;78;kWh;-185;25907;0;0;26092;25722
28/12/2024 19:30;28/12/2024 19:45;79;kWh;-3772;10179;0;0;13951;6407
28/12/2024 19:45;28/12/2024 20:00;80;kWh;-13896;0;0;0;13896;-13896
28/12/2024 20:00;28/12/2024 20:15;81;kWh;0;33997;0;0;33997;33997
28/12/2024 20:15;28/12/2024 20:30;82;kWh;0;35106;0;0;35106;35106
28/12/2024 20:30;28/12/2024 20:45;83;kWh;0;24507;0;0;24507;24507
28/12/2024 20:45;28/12/2024 21:00;84;kWh;0;16334;0;0;16334;16334
28/12/2024 21:00;28/12/2024 21:15;85;kWh;0;12660;0;0;12660;12660
28/12/2024 21:15;28/12/2024 21:30;86;kWh;0;12305;0;0;12305;12305
28/12/2024 21:30;28/12/2024 21:45;87;kWh;0;14390;0;0;14390;14390
28/12/2024 21:45;28/12/2024 22:00;88;kWh;-10807;473;0;0;11280;-10334
28/12/2024 22:00;28/12/2024 22:15;89;kWh;-19509;0;0;0;19509;-19509
28/12/2024 22:15;28/12/2024 22:30;90;kWh;-17293;0;0;0;17293;-17293
28/12/2024 22:30;28/12/2024 22:45;91;kWh;-4468;0;0;0;4468;-4468
28/12/2024 22:45;28/12/2024 23:00;92;kWh;-1611;0;0;0;1611;-1611
28/12/2024 23:00;28/12/2024 23:15;93;kWh;-352;27777;0;0;28129;27425
28/12/2024 23:15;28/12/2024 23:30;94;kWh;0;7159;0;0;7159;7159
28/12/2024 23:30;28/12/2024 23:45;95;kWh;-378;9745;0;0;10123;9367
28/12/2024 23:45;29/12/2024 00:00;96;kWh;-4419;9;0;0;4428;-4410
29/12/2024 00:00;29/12/2024 00:15;1;kWh;-11232;945;0;0;12177;-10287
29/12/2024 00:15;29/12/2024 00:30;2;kWh;-18668;1824;0;0;20492;-16844
29/12/2024 00:30;29/12/2024 00:45;3;kWh;-40274;0;0;0;40274;-40274
29/12/2024 00:45;29/12/2024 01:00;4;kWh;-50655;0;0;0;50655;-50655
29/12/2024 01:00;29/12/2024 01:15;5;kWh;-44799;0;0;0;44799;-44799
29/12/2024 01:15;29/12/2024 01:30;6;kWh;-66696;0;0;0;66696;-66696
29/12/2024 01:30;29/12/2024 01:45;7;kWh;-26444;0;0;0;26444;-26444
29/12/2024 01:45;29/12/2024 02:00;8;kWh;-4263;0;0;0;4263;-4263
29/12/2024 02:00;29/12/2024 02:15;9;kWh;-184;38465;0;0;38649;38281
29/12/2024 02:15;29/12/2024 02:30;10;kWh;0;32189;0;0;32189;32189
29/12/2024 02:30;29/12/2024 02:45;11;kWh;0;21841;0;0;21841;21841
29/12/2024 02:45;29/12/2024 03:00;12;kWh;0;22275;0;0;22275;22275
29/12/2024 03:00;29/12/2024 03:15;13;kWh;0;34151;0;0;34151;34151
29/12/2024 03:15;29/12/2024 03:30;14;kWh;0;20762;0;0;20762;20762
29/12/2024 03:30;29/12/2024 03:45;15;kWh;0;22997;0;0;22997;22997
29/12/2024 03:45;29/12/2024 04:00;16;kWh;0;27789;0;0;27789;27789
29/12/2024 04:00;29/12/2024 04:15;17;kWh;0;27836;0;0;27836;27836
29/12/2024 04:15;29/12/2024 04:30;18;kWh;0;46025;0;0;46025;46025
29/12/2024 04:30;29/12/2024 04:45;19;kWh;-302;8395;0;0;8697;8093
29/12/2024 04:45;29/12/2024 05:00;20;kWh;-1301;4176;0;0;5477;2875
29/12/2024 05:00;29/12/2024 05:15;21;kWh;-3753;418;0;0;4171;-3335
29/12/2024 05:15;29/12/2024 05:30;22;kWh;-2791;0;0;0;2791;-2791
29/12/2024 05:30;29/12/2024 05:45;23;kWh;0;2594;0;0;2594;2594
29/12/2024 05:45;29/12/2024 06:00;24;kWh;0;4478;0;0;4478;4478
29/12/2024 06:00;29/12/2024 06:15;25;kWh;0;3670;0;0;3670;3670
29/12/2024 06:15;29/12/2024 06:30;26;kWh;0;15506;0;0;15506;15506
29/12/2024 06:30;29/12/2024 06:45;27;kWh;0;44149;0;0;44149;44149
29/12/2024 06:45;29/12/2024 07:00;28;kWh;0;59663;0;0;59663;59663
29/12/2024 07:00;29/12/2024 07:15;29;kWh;0;79145;0;0;79145;79145
29/12/2024 07:15;29/12/2024 07:30;30;kWh;0;61629;0;0;61629;61629
29/12/2024 07:30;29/12/2024 07:45;31;kWh;0;49677;0;0;49677;49677
29/12/2024 07:45;29/12/2024 08:00;32;kWh;-61;51739;0;0;51800;51678
29/12/2024 08:00;29/12/2024 08:15;33;kWh;-31278;451;0;0;31729;-30827
29/12/2024 08:15;29/12/2024 08:30;34;kWh;-38720;0;0;0;38720;-38720
29/12/2024 08:30;29/12/2024 08:45;35;kWh;-37236;0;0;0;37236;-37236
29/12/2024 08:45;29/12/2024 09:00;36;kWh;-67613;0;0;0;67613;-67613
29/12/2024 09:00;29/12/2024 09:15;37;kWh;-81797;0;0;0;81797;-81797
29/12/2024 09:15;29/12/2024 09:30;38;kWh;-85476;0;0;0;85476;-85476
29/12/2024 09:30;29/12/2024 09:45;39;kWh;-90530;0;0;0;90530;-90530
29/12/2024 09:45;29/12/2024 10:00;40;kWh;-70418;0;0;0;70418;-70418
29/12/2024 10:00;29/12/2024 10:15;41;kWh;-21394;687;0;0;22081;-20707
29/12/2024 10:15;29/12/2024 10:30;42;kWh;-47663;0;0;0;47663;-47663
29/12/2024 10:30;29/12/2024 10:45;43;kWh;-52571;0;0;0;52571;-52571
29/12/2024 10:45;29/12/2024 11:00;44;kWh;-52551;0;0;0;52551;-52551
29/12/2024 11:00;29/12/2024 11:15;45;kWh;-12427;31164;0;0;43591;18737
29/12/2024 11:15;29/12/2024 11:30;46;kWh;0;32401;0;0;32401;32401
29/12/2024 11:30;29/12/2024 11:45;47;kWh;0;34867;0;0;34867;34867
29/12/2024 11:45;29/12/2024 12:00;48;kWh;0;51021;0;0;51021;51021
29/12/2024 12:00;29/12/2024 12:15;49;kWh;0;41585;0;0;41585;41585
29/12/2024 12:15;29/12/2024 12:30;50;kWh;0;3000;0;0;3000;3000
29/12/2024 12:30;29/12/2024 12:45;51;kWh;0;51855;0;0;51855;51855
29/12/2024 12:45;29/12/2024 13:00;52;kWh;0;55686;0;0;55686;55686
29/12/2024 13:00;29/12/2024 13:15;53;kWh;0;46670;0;0;46670;46670
29/12/2024 13:15;29/12/2024 13:30;54;kWh;0;45889;0;0;45889;45889
29/12/2024 13:30;29/12/2024 13:45;55;kWh;0;20116;0;0;20116;20116
29/12/2024 13:45;29/12/2024 14:00;56;kWh;0;2410;0;0;2410;2410
29/12/2024 14:00;29/12/2024 14:15;57;kWh;0;2247;0;0;2247;2247
29/12/2024 14:15;29/12/2024 14:30;58;kWh;0;0;0;0;0;0
29/12/2024 14:30;29/12/2024 14:45;59;kWh;0;0;0;0;0;0
29/12/2024 14:45;29/12/2024 15:00;60;kWh;0;9900;0;0;9900;9900
29/12/2024 15:00;29/12/2024 15:15;61;kWh;-53253;1536;0;0;54789;-51717
29/12/2024 15:15;29/12/2024 15:30;62;kWh;-28003;0;0;0;28003;-28003
29/12/2024 15:30;29/12/2024 15:45;63;kWh;-24424;0;0;0;24424;-24424
29/12/2024 15:45;29/12/2024 16:00;64;kWh;-24666;0;0;0;24666;-24666
29/12/2024 16:00;29/12/2024 16:15;65;kWh;-31660;0;0;0;31660;-31660
29/12/2024 16:15;29/12/2024 16:30;66;kWh;-37811;0;0;0;37811;-37811
29/12/2024 16:30;29/12/2024 16:45;67;kWh;-57145;0;0;0;57145;-57145
29/12/2024 16:45;29/12/2024 17:00;68;kWh;-25597;0;0;0;25597;-25597
29/12/2024 17:00;29/12/2024 17:15;69;kWh;-3859;0;0;0;3859;-3859
29/12/2024 17:15;29/12/2024 17:30;70;kWh;-6010;2;0;0;6012;-6008
29/12/2024 17:30;29/12/2024 17:45;71;kWh;-9;15672;0;0;15681;15663
29/12/2024 17:45;29/12/2024 18:00;72;kWh;-21441;383;0;0;21824;-21058
29/12/2024 18:00;29/12/2024 18:15;73;kWh;-628;63464;0;0;64092;62836
29/12/2024 18:15;29/12/2024 18:30;74;kWh;0;34527;0;0;34527;34527
29/12/2024 18:30;29/12/2024 18:45;75;kWh;-11878;2299;0;0;14177;-9579
29/12/2024 18:45;29/12/2024 19:00;76;kWh;-38060;0;0;0;38060;-38060
29/12/2024 19:00;29/12/2024 19:15;77;kWh;-25404;0;0;0;25404;-25404
29/12/2024 19:15;29/12/2024 19:30;78;kWh;-25700;0;0;0;25700;-25700
29/12/2024 19:30;29/12/2024 19:45;79;kWh;-22889;0;0;0;22889;-22889
29/12/2024 19:45;29/12/2024 20:00;80;kWh;-37060;0;0;0;37060;-37060
29/12/2024 20:00;29/12/2024 20:15;81;kWh;-28786;1308;0;0;30094;-27478
29/12/2024 20:15;29/12/2024 20:30;82;kWh;-906;14492;0;0;15398;13586
29/12/2024 20:30;29/12/2024 20:45;83;kWh;-3920;4049;0;0;7969;129
29/12/2024 20:45;29/12/2024 21:00;84;kWh;0;20691;0;0;20691;20691
29/12/2024 21:00;29/12/2024 21:15;85;kWh;-383;3105;0;0;3488;2722
29/12/2024 21:15;29/12/2024 21:30;86;kWh;0;34921;0;0;34921;34921
29/12/2024 21:30;29/12/2024 21:45;87;kWh;0;30046;0;0;30046;30046
29/12/2024 21:45;29/12/2024 22:00;88;kWh;0;38249;0;0;38249;38249
29/12/2024 22:00;29/12/2024 22:15;89;kWh;0;23724;0;0;23724;23724
29/12/2024 22:15;29/12/2024 22:30;90;kWh;0;54658;0;0;54658;54658
29/12/2024 22:30;29/12/2024 22:45;91;kWh;0;36573;0;0;36573;36573
29/12/2024 22:45;29/12/2024 23:00;92;kWh;0;16300;0;0;16300;16300
29/12/2024 23:00;29/12/2024 23:15;93;kWh;0;10599;0;0;10599;10599
29/12/2024 23:15;29/12/2024 23:30;94;kWh;-666;15869;0;0;16535;15203
29/12/2024 23:30;29/12/2024 23:45;95;kWh;-18240;0;0;0;18240;-18240
29/12/2024 23:45;30/12/2024 00:00;96;kWh;-24560;0;0;0;24560;-24560
30/12/2024 00:00;30/12/2024 00:15;1;kWh;-21183;6506;0;0;27689;-14677
30/12/2024 00:15;30/12/2024 00:30;2;kWh;-5522;34128;0;0;39650;28606
30/12/2024 00:30;30/12/2024 00:45;3;kWh;-21103;0;0;0;21103;-21103
30/12/2024 00:45;30/12/2024 01:00;4;kWh;-23544;0;0;0;23544;-23544
30/12/2024 01:00;30/12/2024 01:15;5;kWh;-25227;0;0;0;25227;-25227
30/12/2024 01:15;30/12/2024 01:30;6;kWh;-27405;0;0;0;27405;-27405
30/12/2024 01:30;30/12/2024 01:45;7;kWh;-27217;0;0;0;27217;-27217
30/12/2024 01:45;30/12/2024 02:00;8;kWh;-16790;0;0;0;16790;-16790
30/12/2024 02:00;30/12/2024 02:15;9;kWh;-6841;29318;0;0;36159;22477
30/12/2024 02:15;30/12/2024 02:30;10;kWh;-986;9880;0;0;10866;8894
30/12/2024 02:30;30/12/2024 02:45;11;kWh;-4316;13468;0;0;17784;9152
30/12/2024 02:45;30/12/2024 03:00;12;kWh;-4704;25945;0;0;30649;21241
30/12/2024 03:00;30/12/2024 03:15;13;kWh;-19808;8263;0;0;28071;-11545
30/12/2024 03:15;30/12/2024 03:30;14;kWh;-4808;14639;0;0;19447;9831
30/12/2024 03:30;30/12/2024 03:45;15;kWh;-25609;0;0;0;25609;-25609
30/12/2024 03:45;30/12/2024 04:00;16;kWh;-7097;0;0;0;7097;-7097
30/12/2024 04:00;30/12/2024 04:15;17;kWh;-17736;1291;0;0;19027;-16445
30/12/2024 04:15;30/12/2024 04:30;18;kWh;-1665;8764;0;0;10429;7099
30/12/2024 04:30;30/12/2024 04:45;19;kWh;-2438;385;0;0;2823;-2053
30/12/2024 04:45;30/12/2024 05:00;20;kWh;-5216;2178;0;0;7394;-3038
30/12/2024 05:00;30/12/2024 05:15;21;kWh;-26532;0;0;0;26532;-26532
30/12/2024 05:15;30/12/2024 05:30;22;kWh;-1744;319;0;0;2063;-1425
30/12/2024 05:30;30/12/2024 05:45;23;kWh;-359;23395;0;0;23754;23036
30/12/2024 05:45;30/12/2024 06:00;24;kWh;0;40754;0;0;40754;40754
30/12/2024 06:00;30/12/2024 06:15;25;kWh;-2749;5404;0;0;8153;2655
30/12/2024 06:15;30/12/2024 06:30;26;kWh;-62;11226;0;0;11288;11164
30/12/2024 06:30;30/12/2024 06:45;27;kWh;0;38905;0;0;38905;38905
30/12/2024 06:45;30/12/2024 07:00;28;kWh;0;40874;0;0;40874;40874
30/12/2024 07:00;30/12/2024 07:15;29;kWh;-1957;5075;0;0;7032;3118
30/12/2024 07:15;30/12/2024 07:30;30;kWh;-215;15742;0;0;15957;15527
30/12/2024 07:30;30/12/2024 07:45;31;kWh;0;19477;0;0;19477;19477
30/12/2024 07:45;30/12/2024 08:00;32;kWh;-148;29667;0;0;29815;29519
30/12/2024 08:00;30/12/2024 08:15;33;kWh;-3544;3634;0;0;7178;90
30/12/2024 08:15;30/12/2024 08:30;34;kWh;0;17267;0;0;17267;17267
30/12/2024 08:30;30/12/2024 08:45;35;kWh;0;9965;0;0;9965;9965
30/12/2024 08:45;30/12/2024 09:00;36;kWh;0;13290;0;0;13290;13290
30/12/2024 09:00;30/12/2024 09:15;37;kWh;0;46457;0;0;46457;46457
30/12/2024 09:15;30/12/2024 09:30;38;kWh;0;42422;0;0;42422;42422
30/12/2024 09:30;30/12/2024 09:45;39;kWh;0;21045;0;0;21045;21045
30/12/2024 09:45;30/12/2024 10:00;40;kWh;0;16466;0;0;16466;16466
30/12/2024 10:00;30/12/2024 10:15;41;kWh;0;57449;0;0;57449;57449
30/12/2024 10:15;30/12/2024 10:30;42;kWh;0;51135;0;0;51135;51135
30/12/2024 10:30;30/12/2024 10:45;43;kWh;0;50014;0;0;50014;50014
30/12/2024 10:45;30/12/2024 11:00;44;kWh;0;38285;0;0;38285;38285
30/12/2024 11:00;30/12/2024 11:15;45;kWh;0;48389;0;0;48389;48389
30/12/2024 11:15;30/12/2024 11:30;46;kWh;0;44427;0;0;44427;44427
30/12/2024 11:30;30/12/2024 11:45;47;kWh;0;32594;0;0;32594;32594
30/12/2024 11:45;30/12/2024 12:00;48;kWh;0;26449;0;0;26449;26449
30/12/2024 12:00;30/12/2024 12:15;49;kWh;0;24851;0;0;24851;24851
30/12/2024 12:15;30/12/2024 12:30;50;kWh;0;35955;0;0;35955;35955
30/12/2024 12:30;30/12/2024 12:45;51;kWh;0;15510;0;0;15510;15510
30/12/2024 12:45;30/12/2024 13:00;52;kWh;0;574;0;0;574;574
30/12/2024 13:00;30/12/2024 13:15;53;kWh;0;3486;0;0;3486;3486
30/12/2024 13:15;30/12/2024 13:30;54;kWh;-5060;47;0;0;5107;-5013
30/12/2024 13:30;30/12/2024 13:45;55;kWh;-24359;208;0;0;24567;-24151
30/12/2024 13:45;30/12/2024 14:00;56;kWh;-222;16337;0;0;16559;16115
30/12/2024 14:00;30/12/2024 14:15;57;kWh;-18462;290;0;0;18752;-18172
30/12/2024 14:15;30/12/2024 14:30;58;kWh;-5869;13643;0;0;19512;7774
30/12/2024 14:30;30/12/2024 14:45;59;kWh;-38480;0;0;0;38480;-38480
30/12/2024 14:45;30/12/2024 15:00;60;kWh;-21537;0;0;0;21537;-21537
30/12/2024 15:00;30/12/2024 15:15;61;kWh;-9795;11914;0;0;21709;2119
30/12/2024 15:15;30/12/2024 15:30;62;kWh;0;22515;0;0;22515;22515
30/12/2024 15:30;30/12/2024 15:45;63;kWh;-1184;1777;0;0;2961;593
30/12/2024 15:45;30/12/2024 16:00;64;kWh;-10432;362;0;0;10794;-10070
30/12/2024 16:00;30/12/2024 16:15;65;kWh;-10579;4730;0;0;15309;-5849
30/12/2024 16:15;30/12/2024 16:30;66;kWh;-30630;1;0;0;30631;-30629
30/12/2024 16:30;30/12/2024 16:45;67;kWh;-1019;74;0;0;1093;-945
30/12/2024 16:45;30/12/2024 17:00;68;kWh;0;16196;0;0;16196;16196
30/12/2024 17:00;30/12/2024 17:15;69;kWh;-671;8987;0;0;9658;8316
30/12/2024 17:15;30/12/2024 17:30;70;kWh;0;34835;0;0;34835;34835
30/12/2024 17:30;30/12/2024 17:45;71;kWh;0;5752;0;0;5752;5752
30/12/2024 17:45;30/12/2024 18:00;72;kWh;0;5207;0;0;5207;5207
30/12/2024 18:00;30/12/2024 18:15;73;kWh;-13162;261;0;0;13423;-12901
30/12/2024 18:15;30/12/2024 18:30;74;kWh;-3218;591;0;0;3809;-2627
30/12/2024 18:30;30/12/2024 18:45;75;kWh;-34930;0;0;0;34930;-34930
30/12/2024 18:45;30/12/2024 19:00;76;kWh;-23327;239;0;0;23566;-23088
30/12/2024 19:00;30/12/2024 19:15;77;kWh;-134;16182;0;0;16316;16048
30/12/2024 19:15;30/12/2024 19:30;78;kWh;-37389;177;0;0;37566;-37212
30/12/2024 19:30;30/12/2024 19:45;79;kWh;-23275;0;0;0;23275;-23275
30/12/2024 19:45;30/12/2024 20:00;80;kWh;-18376;464;0;0;18840;-17912
30/12/2024 20:00;30/12/2024 20:15;81;kWh;-82;34948;0;0;35030;34866
30/12/2024 20:15;30/12/2024 20:30;82;kWh;-45;7629;0;0;7674;7584
30/12/2024 20:30;30/12/2024 20:45;83;kWh;0;41462;0;0;41462;41462
30/12/2024 20:45;30/12/2024 21:00;84;kWh;0;53252;0;0;53252;53252
30/12/2024 21:00;30/12/2024 21:15;85;kWh;0;18436;0;0;18436;18436
30/12/2024 21:15;30/12/2024 21:30;86;kWh;0;25289;0;0;25289;25289
30/12/2024 21:30;30/12/2024 21:45;87;kWh;0;24715;0;0;24715;24715
30/12/2024 21:45;30/12/2024 22:00;88;kWh;0;34019;0;0;34019;34019
30/12/2024 22:00;30/12/2024 22:15;89;kWh;-702;7975;0;0;8677;7273
30/12/2024 22:15;30/12/2024 22:30;90;kWh;0;13833;0;0;13833;13833
30/12/2024 22:30;30/12/2024 22:45;91;kWh;0;41356;0;0;41356;41356
30/12/2024 22:45;30/12/2024 23:00;92;kWh;0;18251;0;0;18251;18251
30/12/2024 23:00;30/12/2024 23:15;93;kWh;-29361;524;0;0;29885;-28837
30/12/2024 23:15;30/12/2024 23:30;94;kWh;-952;25654;0;0;26606;24702
30/12/2024 23:30;30/12/2024 23:45;95;kWh;-12038;17690;0;0;29728;5652
30/12/2024 23:45;31/12/2024 00:00;96;kWh;-1795;49200;0;0;50995;47405
31/12/2024 00:00;31/12/2024 00:15;1;kWh;-2951;47240;0;0;50191;44289
31/12/2024 00:15;31/12/2024 00:30;2;kWh;0;71717;0;0;71717;71717
31/12/2024 00:30;31/12/2024 00:45;3;kWh;0;7790;0;0;7790;7790
31/12/2024 00:45;31/12/2024 01:00;4;kWh;-735;10557;0;0;11292;9822
31/12/2024 01:00;31/12/2024 01:15;5;kWh;-4977;10978;0;0;15955;6001
31/12/2024 01:15;31/12/2024 01:30;6;kWh;-4555;9908;0;0;14463;5353
31/12/2024 01:30;31/12/2024 01:45;7;kWh;-3074;2848;0;0;5922;-226
31/12/2024 01:45;31/12/2024 02:00;8;kWh;-320;10886;0;0;11206;10566
31/12/2024 02:00;31/12/2024 02:15;9;kWh;-14468;108;0;0;14576;-14360
31/12/2024 02:15;31/12/2024 02:30;10;kWh;-391;2970;0;0;3361;2579
31/12/2024 02:30;31/12/2024 02:45;11;kWh;0;16259;0;0;16259;16259
31/12/2024 02:45;31/12/2024 03:00;12;kWh;0;11511;0;0;11511;11511
31/12/2024 03:00;31/12/2024 03:15;13;kWh;-7061;453;0;0;7514;-6608
31/12/2024 03:15;31/12/2024 03:30;14;kWh;-1471;0;0;0;1471;-1471
31/12/2024 03:30;31/12/2024 03:45;15;kWh;-4218;0;0;0;4218;-4218
31/12/2024 03:45;31/12/2024 04:00;16;kWh;-3830;0;0;0;3830;-3830
31/12/2024 04:00;31/12/2024 04:15;17;kWh;-3259;0;0;0;3259;-3259
31/12/2024 04:15;31/12/2024 04:30;18;kWh;-13739;0;0;0;13739;-13739
31/12/2024 04:30;31/12/2024 04:45;19;kWh;-2656;2192;0;0;4848;-464
31/12/2024 04:45;31/12/2024 05:00;20;kWh;-11185;47;0;0;11232;-11138
31/12/2024 05:00;31/12/2024 05:15;21;kWh;-13627;3732;0;0;17359;-9895
31/12/2024 05:15;31/12/2024 05:30;22;kWh;-7079;12103;0;0;19182;5024
31/12/2024 05:30;31/12/2024 05:45;23;kWh;-6234;20324;0;0;26558;14090
31/12/2024 05:45;31/12/2024 06:00;24;kWh;0;42689;0;0;42689;42689
31/12/2024 06:00;31/12/2024 06:15;25;kWh;-7822;3347;0;0;11169;-4475
31/12/2024 06:15;31/12/2024 06:30;26;kWh;-34191;195;0;0;34386;-33996
31/12/2024 06:30;31/12/2024 06:45;27;kWh;-22356;11189;0;0;33545;-11167
31/12/2024 06:45;31/12/2024 07:00;28;kWh;-2059;17522;0;0;19581;15463
31/12/2024 07:00;31/12/2024 07:15;29;kWh;-23134;2266;0;0;25400;-20868
31/12/2024 07:15;31/12/2024 07:30;30;kWh;-609;22404;0;0;23013;21795
31/12/2024 07:30;31/12/2024 07:45;31;kWh;-8795;2685;0;0;11480;-6110
31/12/2024 07:45;31/12/2024 08:00;32;kWh;0;8669;0;0;8669;8669
31/12/2024 08:00;31/12/2024 08:15;33;kWh;-10817;0;0;0;10817;-10817
31/12/2024 08:15;31/12/2024 08:30;34;kWh;-3161;0;0;0;3161;-3161
31/12/2024 08:30;31/12/2024 08:45;35;kWh;-4201;0;0;0;4201;-4201
31/12/2024 08:45;31/12/2024 09:00;36;kWh;-15600;0;0;0;15600;-15600
31/12/2024 09:00;31/12/2024 09:15;37;kWh;-467;35217;0;0;35684;34750
31/12/2024 09:15;31/12/2024 09:30;38;kWh;-144;6153;0;0;6297;6009
31/12/2024 09:30;31/12/2024 09:45;39;kWh;0;23138;0;0;23138;23138
31/12/2024 09:45;31/12/2024 10:00;40;kWh;0;31161;0;0;31161;31161
31/12/2024 10:00;31/12/2024 10:15;41;kWh;0;48738;0;0;48738;48738
31/12/2024 10:15;31/12/2024 10:30;42;kWh;0;30113;0;0;30113;30113
31/12/2024 10:30;31/12/2024 10:45;43;kWh;0;17884;0;0;17884;17884
31/12/2024 10:45;31/12/2024 11:00;44;kWh;-475;325;0;0;800;-150
31/12/2024 11:00;31/12/2024 11:15;45;kWh;0;43193;0;0;43193;43193
31/12/2024 11:15;31/12/2024 11:30;46;kWh;0;50299;0;0;50299;50299
31/12/2024 11:30;31/12/2024 11:45;47;kWh;0;51779;0;0;51779;51779
31/12/2024 11:45;31/12/2024 12:00;48;kWh;0;50228;0;0;50228;50228
31/12/2024 12:00;31/12/2024 12:15;49;kWh;0;71813;0;0;71813;71813
31/12/2024 12:15;31/12/2024 12:30;50;kWh;0;96077;0;0;96077;96077
31/12/2024 12:30;31/12/2024 12:45;51;kWh;0;86394;0;0;86394;86394
31/12/2024 12:45;31/12/2024 13:00;52;kWh;0;75698;0;0;75698;75698
31/12/2024 13:00;31/12/2024 13:15;53;kWh;0;73321;0;0;73321;73321
31/12/2024 13:15;31/12/2024 13:30;54;kWh;0;57051;0;0;57051;57051
31/12/2024 13:30;31/12/2024 13:45;55;kWh;0;51229;0;0;51229;51229
31/12/2024 13:45;31/12/2024 14:00;56;kWh;0;33751;0;0;33751;33751
31/12/2024 14:00;31/12/2024 14:15;57;kWh;-17666;108;0;0;17774;-17558
31/12/2024 14:15;31/12/2024 14:30;58;kWh;-802;25838;0;0;26640;25036
31/12/2024 14:30;31/12/2024 14:45;59;kWh;0;3058;0;0;3058;3058
31/12/2024 14:45;31/12/2024 15:00;60;kWh;0;9720;0;0;9720;9720
31/12/2024 15:00;31/12/2024 15:15;61;kWh;-3648;107;0;0;3755;-3541
31/12/2024 15:15;31/12/2024 15:30;62;kWh;-20438;0;0;0;20438;-20438
31/12/2024 15:30;31/12/2024 15:45;63;kWh;-1129;20;0;0;1149;-1109
31/12/2024 15:45;31/12/2024 16:00;64;kWh;0;509;0;0;509;509
31/12/2024 16:00;31/12/2024 16:15;65;kWh;0;1321;0;0;1321;1321
31/12/2024 16:15;31/12/2024 16:30;66;kWh;0;22792;0;0;22792;22792
31/12/2024 16:30;31/12/2024 16:45;67;kWh;0;37903;0;0;37903;37903
31/12/2024 16:45;31/12/2024 17:00;68;kWh;0;34717;0;0;34717;34717
31/12/2024 17:00;31/12/2024 17:15;69;kWh;0;47555;0;0;47555;47555
31/12/2024 17:15;31/12/2024 17:30;70;kWh;0;24392;0;0;24392;24392
31/12/2024 17:30;31/12/2024 17:45;71;kWh;0;33463;0;0;33463;33463
31/12/2024 17:45;31/12/2024 18:00;72;kWh;0;15399;0;0;15399;15399
31/12/2024 18:00;31/12/2024 18:15;73;kWh;0;34116;0;0;34116;34116
31/12/2024 18:15;31/12/2024 18:30;74;kWh;0;39428;0;0;39428;39428
31/12/2024 18:30;31/12/2024 18:45;75;kWh;-3572;10256;0;0;13828;6684
31/12/2024 18:45;31/12/2024 19:00;76;kWh;-34833;0;0;0;34833;-34833
31/12/2024 19:00;31/12/2024 19:15;77;kWh;-41094;0;0;0;41094;-41094
31/12/2024 19:15;31/12/2024 19:30;78;kWh;-18881;161;0;0;19042;-18720
31/12/2024 19:30;31/12/2024 19:45;79;kWh;-59182;0;0;0;59182;-59182
31/12/2024 19:45;31/12/2024 20:00;80;kWh;-58194;0;0;0;58194;-58194
31/12/2024 20:00;31/12/2024 20:15;81;kWh;-30581;0;0;0;30581;-30581
31/12/2024 20:15;31/12/2024 20:30;82;kWh;-7195;0;0;0;7195;-7195
31/12/2024 20:30;31/12/2024 20:45;83;kWh;-10453;0;0;0;10453;-10453
31/12/2024 20:45;31/12/2024 21:00;84;kWh;-23742;0;0;0;23742;-23742
31/12/2024 21:00;31/12/2024 21:15;85;kWh;-1579;5347;0;0;6926;3768
31/12/2024 21:15;31/12/2024 21:30;86;kWh;-8361;449;0;0;8810;-7912
31/12/2024 21:30;31/12/2024 21:45;87;kWh;-11334;0;0;0;11334;-11334
31/12/2024 21:45;31/12/2024 22:00;88;kWh;-16661;0;0;0;16661;-16661
31/12/2024 22:00;31/12/2024 22:15;89;kWh;-10462;7808;0;0;18270;-2654
31/12/2024 22:15;31/12/2024 22:30;90;kWh;-502;2590;0;0;3092;2088
31/12/2024 22:30;31/12/2024 22:45;91;kWh;-20248;0;0;0;20248;-20248
31/12/2024 22:45;31/12/2024 23:00;92;kWh;-5944;8545;0;0;14489;2601
31/12/2024 23:00;31/12/2024 23:15;93;kWh;0;29158;0;0;29158;29158
31/12/2024 23:15;31/12/2024 23:30;94;kWh;0;39327;0;0;39327;39327
31/12/2024 23:30;31/12/2024 23:45;95;kWh;0;19331;0;0;19331;19331
31/12/2024 23:45;01/01/2025 00:00;96;kWh;-27;6509;0;0;6536;6482
